7 0.0661458328125 0.9444444437499999 0.071875 0.953703703125 0.07552083281250001 0.95 0.0802083328125 0.9518518515625001 0.08125 0.9990740734375001 0.10364583281249999 0.9990740734375001 0.1015625 0.9731481484375 0.1046875 0.9694444437499999 0.11510416718750001 0.975 0.11822916718750001 0.9824074078124999 0.1265625 0.9833333328125 0.14791666718750002 0.99444444375 0.1536458328125 0.9916666671875 0.1546875 0.9833333328125 0.1348958328125 0.790740740625 0.056770832812500005 0.7629629625 0.0432291671875 0.7611111109375 0.0401041671875 0.7638888890625 0.0453125 0.8379629625 0.05625 0.925 0.060416667187499995 0.9416666671874999 0.0661458328125 0.9444444437499999
7 0.3786458328125 0.9925925921875001 0.3765625 0.978703703125 0.3786458328125 0.9231481484374999 0.3760416671875 0.9148148140625001 0.37552083281250004 0.8870370375000001 0.3729166671875 0.878703703125 0.3479166671875 0.871296296875 0.2322916671875 0.8203703703125 0.225 0.8240740734375 0.228125 0.8953703703125001 0.2364583328125 0.9990740734375001 0.3760416671875 0.9990740734375001 0.3786458328125 0.9925925921875001
7 0.5838541671875 0.9888888890624999 0.5052083328125 0.953703703125 0.5010416671875 0.952777778125 0.4947916671875 0.9620370375 0.49427083281249995 0.978703703125 0.49895833281249996 0.9990740734375001 0.5989583328125 0.9990740734375001 0.5838541671875 0.9888888890624999
7 0.40729166718750004 0.7166666671875 0.4135416671875 0.7129629625 0.4203125 0.715740740625 0.4223958328125 0.7509259265625 0.42760416718750005 0.75 0.4359375 0.7416666671875001 0.4380208328125 0.7370370375 0.4369791671875 0.727777778125 0.4421875 0.7231481484375 0.4739583328125 0.7268518515625 0.47447916718750005 0.715740740625 0.46510416718750003 0.6111111109375 0.3885416671875 0.6046296296875 0.3869791671875 0.6074074078125 0.3885416671875 0.63148148125 0.3963541671875 0.7120370375 0.40729166718750004 0.7166666671875
7 0.5151041671875001 0.7398148140624999 0.5255208328125 0.74351851875 0.528125 0.7740740734375 0.5223958328125 0.7870370375 0.5171875 0.790740740625 0.5375 0.7981481484375 0.5541666671875001 0.7981481484375 0.5598958328125 0.79444444375 0.5630208328124999 0.7870370375 0.5744791671875 0.7787037031249999 0.5682291671875 0.76944444375 0.5692708328125 0.7518518515625 0.6010416671875001 0.75555555625 0.5963541671875 0.6453703703125 0.5932291671875001 0.6259259265625 0.5229166671875001 0.61851851875 0.49427083281249995 0.61944444375 0.5041666671875 0.7351851859375 0.5057291671875 0.7379629624999999 0.5135416671875 0.7361111109375 0.5151041671875001 0.7398148140624999
7 0.6734375 0.777777778125 0.6770833328125 0.7759259265625 0.6817708328125 0.7851851859375001 0.6765625 0.8148148140625 0.6708333328125 0.8259259265625 0.6734375 0.8361111109375001 0.7041666671875 0.8444444437499999 0.7125 0.8509259265625 0.7161458328125 0.8462962968750001 0.7291666671875 0.847222221875 0.734375 0.8425925921875 0.7421875 0.8259259265625 0.74375 0.8175925921875 0.7401041671875 0.8111111109375001 0.74375 0.79351851875 0.7515625 0.7916666671875 0.7744791671875 0.7990740734374999 0.7802083328125 0.7990740734374999 0.7828125 0.7953703703125 0.7786458328125 0.6629629625 0.775 0.64351851875 0.709375 0.6361111109375 0.6442708328125 0.634259259375 0.6463541671875 0.6990740734374999 0.6489583328124999 0.7111111109375 0.6494791671875 0.772222221875 0.6734375 0.777777778125
7 0.8567708328125001 0.8296296296874999 0.8661458328125 0.83055555625 0.8838541671875 0.8222222218749999 0.9145833328125 0.8361111109375001 0.9135416671875 0.871296296875 0.9098958328125001 0.88055555625 0.9046875 0.8740740734375001 0.8885416671874999 0.872222221875 0.8848958328125001 0.88055555625 0.8833333328125 0.8925925921875001 0.9338541671874999 0.9101851859375 0.9651041671874999 0.9120370375 0.9744791671874999 0.89351851875 0.9739583328125001 0.8833333328125 0.9625 0.872222221875 0.9671875 0.8453703703125001 0.9859375 0.8481481484375 0.9927083328125 0.8379629625 0.9994791671875 0.8379629625 0.9994791671875 0.66944444375 0.9541666671875 0.6648148140625 0.9510416671874999 0.665740740625 0.953125 0.66944444375 0.9496874999999999 0.6796296296875 0.91875 0.6796296296875 0.9151041671875 0.6777777781250001 0.9088541671874999 0.6620370375 0.8994791671875 0.6583333328125 0.8411458328125001 0.6555555562500001 0.8401041671874999 0.675 0.8453125 0.8175925921875 0.8526041671875 0.8222222218749999 0.8567708328125001 0.8296296296874999
7 0.975 0.6620370375 0.9994791671875 0.6601851859375001 0.9994791671875 0.546296296875 0.9208333328125 0.5453703703125 0.9192708328125001 0.5481481484375 0.9192708328125001 0.5953703703125 0.925 0.65 0.975 0.6620370375
7 0.8078125 0.6296296296875 0.8203125 0.6416666671875 0.8208333328125 0.6620370375 0.8328125 0.6675925921875 0.8348958328125 0.6620370375 0.8338541671874999 0.6546296296875 0.8395833328125001 0.6416666671875 0.8463541671874999 0.64351851875 0.875 0.6379629625 0.8791666671874999 0.5833333328125 0.8755208328125 0.54444444375 0.8296875 0.5398148140625 0.7786458328125 0.5416666671875 0.7786458328125 0.634259259375 0.8026041671874999 0.6388888890625 0.8052083328125 0.6379629625 0.8078125 0.6296296296875
7 0.7088541671875 0.6324074078125 0.76875 0.6324074078125 0.7671875 0.6120370375 0.7572916671875001 0.58148148125 0.7541666671875 0.540740740625 0.7385416671875 0.5370370375 0.6729166671875 0.5370370375 0.6713541671875001 0.55 0.6760416671875 0.6240740734375 0.7036458328124999 0.6268518515625 0.7088541671875 0.6324074078125
7 0.59375 0.621296296875 0.5958333328125 0.634259259375 0.5989583328125 0.6388888890625 0.6052083328125 0.6333333328124999 0.60625 0.61851851875 0.6364583328125 0.61944444375 0.6291666671875 0.5370370375 0.5651041671875 0.5351851859375001 0.5651041671875 0.5527777781250001 0.571875 0.6148148140624999 0.5817708328125 0.6148148140624999 0.59375 0.621296296875
1 0.921875 0.6509259265625 0.9229166671875 0.6453703703125 0.9197916671874999 0.6083333328125 0.9171875 0.5981481484375 0.9119791671874999 0.5898148140624999 0.9078125 0.5851851859375 0.89375 0.58055555625 0.8802083328125001 0.5824074078125 0.8786458328125001 0.5879629625 0.8770833328125001 0.6296296296875 0.8807291671874999 0.647222221875 0.9145833328125 0.652777778125 0.921875 0.6509259265625
1 0.6140625 0.6629629625 0.5994791671875 0.6805555562500001 0.5989583328125 0.7046296296875 0.603125 0.74351851875 0.646875 0.752777778125 0.6473958328125 0.7120370375 0.6421875 0.6601851859375001 0.6338541671875 0.659259259375 0.628125 0.6537037031249999 0.5994791671875 0.6509259265625 0.5989583328125 0.6537037031249999 0.6010416671875001 0.6546296296875 0.6114583328125 0.6546296296875 0.6140625 0.6629629625
1 0.5494791671875 0.9740740734375001 0.584375 0.9879629624999999 0.6015625 0.9990740734375001 0.64375 0.9990740734375001 0.6447916671875 0.9694444437499999 0.6416666671875 0.9611111109375001 0.6427083328125 0.940740740625 0.6385416671875 0.9240740734375 0.6395833328125 0.8981481484374999 0.6375 0.8648148140625 0.6265625 0.8296296296874999 0.6192708328125 0.8231481484375 0.6182291671875 0.8129629625 0.6052083328125 0.8111111109375001 0.6036458328125 0.79444444375 0.6 0.7953703703125 0.5953125 0.7870370375 0.5786458328124999 0.7870370375 0.571875 0.790740740625 0.559375 0.80648148125 0.5489583328125 0.83148148125 0.5432291671875 0.8620370375 0.5416666671875 0.915740740625 0.5385416671875001 0.9388888890624999 0.540625 0.9666666671874999 0.5494791671875 0.9740740734375001
1 0.41822916718750003 0.9231481484374999 0.415625 0.95 0.41875 0.9740740734375001 0.43854166718750004 0.9898148140625 0.45 0.9898148140625 0.4546875 0.9990740734375001 0.478125 0.9990740734375001 0.4875 0.98148148125 0.49322916718750004 0.9601851859374999 0.49895833281249996 0.9509259265625 0.5005208328124999 0.9361111109375001 0.49895833281249996 0.85555555625 0.49635416718750003 0.821296296875 0.4921875 0.7990740734374999 0.48645833281249995 0.7851851859375001 0.47760416718750004 0.7703703703125 0.4635416671875 0.7583333328124999 0.45104166718750005 0.7583333328124999 0.440625 0.76944444375 0.421875 0.8101851859375 0.41510416718750004 0.871296296875 0.41770833281249997 0.8870370375000001 0.4171875 0.902777778125 0.4145833328125 0.9083333328125001 0.41822916718750003 0.9231481484374999
8 0.5109375 0.7509259265625 0.5078125 0.7416666671875001 0.5020833328125 0.740740740625 0.496875 0.74444444375 0.4916666671875 0.7546296296875 0.4916666671875 0.7666666671875 0.5020833328125 0.7666666671875 0.5083333328124999 0.7611111109375 0.5109375 0.7509259265625
8 0.22239583281250003 0.9277777781250001 0.22135416718749998 0.91944444375 0.21510416718749997 0.9120370375 0.209375 0.9111111109375001 0.2010416671875 0.915740740625 0.1989583328125 0.91944444375 0.203125 0.9240740734375 0.2192708328125 0.93148148125 0.22239583281250003 0.9277777781250001