7 0.24322916718749998 0.9277777781250001 0.2510416671875 0.9333333328125001 0.2557291671875 0.9324074078125 0.3302083328125 0.79351851875 0.3348958328125 0.790740740625 0.340625 0.797222221875 0.3458333328125 0.797222221875 0.3916666671875 0.825 0.39895833281250004 0.8231481484375 0.42291666718750004 0.7768518515625 0.4557291671875 0.6981481484375001 0.4505208328125 0.6898148140625 0.40520833281249996 0.6648148140625 0.403125 0.6629629625 0.40520833281249996 0.6537037031249999 0.48333333281249996 0.5101851859375001 0.4869791671875 0.4990740734375 0.4703125 0.2833333328125 0.465625 0.1879629625 0.4604166671875 0.1379629625 0.4578125 0.134259259375 0.44427083281249996 0.1416666671875 0.40729166718750004 0.1768518515625 0.15677083281249998 0.44351851875000003 0.15677083281249998 0.465740740625 0.1744791671875 0.5527777781250001 0.2015625 0.715740740625 0.24322916718749998 0.9277777781250001
7 0.5208333328125 0 0.5197916671875 0.0175925921875 0.5213541671875 0.0268518515625 0.5197916671875 0.0638888890625 0.5208333328125 0.1074074078125 0.5171875 0.1453703703125 0.5364583328125 0.13148148125 0.5432291671875 0.13055555624999998 0.6026041671875 0.1453703703125 0.6151041671875 0.12222222187500001 0.61875 0 0.5208333328125 0
7 0.47552083281249996 0 0.47447916718750005 0.003703703125 0.45416666718750004 0.0148148140625 0.3401041671875 0.1111111109375 0.3385416671875 0.13148148125 0.340625 0.19444444375 0.34375 0.22407407343750002 0.3489583328125 0.23240740781250002 0.3692708328125 0.21574074062499998 0.43854166718750004 0.1453703703125 0.4505208328125 0.1351851859375 0.4546875 0.13703703750000001 0.4578125 0.13333333281249998 0.46197916718750004 0.1361111109375 0.4671875 0.1888888890625 0.4713541671875 0.27870370312500004 0.47447916718750005 0.2898148140625 0.48020833281249997 0.2870370375 0.4838541671875 0.27870370312500004 0.48802083281249997 0.240740740625 0.48541666718750004 0.190740740625 0.4869791671875 0.18148148125000002 0.4947916671875 0.1675925921875 0.5088541671875 0.15370370312499998 0.5098958328125 0.147222221875 0.509375 0.12222222187500001 0.5125 0.1111111109375 0.5135416671875 0 0.47552083281249996 0
7 0 0.58055555625 0.008854167187500001 0.6379629625 0.0109375 0.6398148140625 0.0109375 0.6537037031249999 0.0192708328125 0.6611111109375 0.0234375 0.675 0.0473958328125 0.80648148125 0.05208333281250001 0.8175925921875 0.060416667187499995 0.8231481484375 0.1223958328125 0.759259259375 0.1588541671875 0.7166666671875 0.16354166718750002 0.6916666671875 0.1822916671875 0.66944444375 0.1833333328125 0.6620370375 0.18020833281249998 0.6398148140625 0.1854166671875 0.6296296296875 0.1572916671875 0.48518518593750004 0.1520833328125 0.4509259265625 0.1546875 0.44166666718750003 0.290625 0.2953703703125 0.3098958328125 0.27777777812500004 0.3307291671875 0.2509259265625 0.3390625 0.246296296875 0.3421875 0.2398148140625 0.3411458328125 0.2203703703125 0.334375 0.1888888890625 0.32864583281250004 0.177777778125 0.3229166671875 0.1574074078125 0.31875 0.11851851875 0.3140625 0.11574074062499999 0.3104166671875 0.1231481484375 0.28958333281250004 0.1268518515625 0.2520833328125 0.15370370312499998 0.25 0.1611111109375 0.240625 0.1703703703125 0.2364583328125 0.16851851874999998 0.2328125 0.177777778125 0.2046875 0.1888888890625 0.18802083281249998 0.2018518515625 0.1796875 0.2046296296875 0.178125 0.2101851859375 0.1734375 0.2101851859375 0.1546875 0.23240740781250002 0.14791666718750002 0.23240740781250002 0.1380208328125 0.2388888890625 0.1338541671875 0.2453703703125 0.1213541671875 0.2518518515625 0.1171875 0.25833333281250004 0.0447916671875 0.3138888890625 0.0333333328125 0.3166666671875 0.0265625 0.328703703125 0.0026041671875 0.34351851875 0 0.34629629687499996 0 0.58055555625
7 0 0.88055555625 0.0385416671875 0.8259259265625 0.0463541671875 0.8129629625 0.0473958328125 0.803703703125 0.04375 0.790740740625 0.040625 0.7620370375000001 0.021875 0.6759259265625001 0.0171875 0.659259259375 0.0119791671875 0.6546296296875 0.009375 0.622222221875 0.0041666671875 0.6074074078125 0.0015625 0.5879629625 0 0.5879629625 0 0.88055555625
7 0.1130208328125 0 0.1130208328125 0.00648148125 0.1177083328125 0.0361111109375 0.1203125 0.040740740625 0.1296875 0.0870370375 0.1338541671875 0.1231481484375 0.1369791671875 0.12870370312499999 0.1541666671875 0.1231481484375 0.1625 0.1148148140625 0.19479166718750002 0.0953703703125 0.1963541671875 0.09074074062500001 0.20989583281250002 0.09074074062500001 0.21458333281250003 0.12870370312499999 0.20677083281250003 0.134259259375 0.2088541671875 0.1379629625 0.21354166718749998 0.1379629625 0.2203125 0.13055555624999998 0.21875 0.10092592656249999 0.2208333328125 0.0861111109375 0.2270833328125 0.07962962968750001 0.2296875 0.072222221875 0.2526041671875 0.05648148125 0.2442708328125 0 0.1130208328125 0
7 0 0.21825 0.0497916671875 0.1960203703125 0.053958332812499996 0.2078759265625 0.0164583328125 0.2360324078125 0.0497916671875 0.2552981484375 0.0997916671875 0.21973148125000003 0.073125 0.197502778125 0.065625 0.20491203750000003 0.0714583328125 0.1752740734375 0.1397916671875 0.1456351859375 0.115625 0.0018888890625000001 0 0 0 0.21825
5 0.48802083281249997 0.9990740734375001 0.5135416671875 0.9990740734375001 0.6265625 0.7546296296875 0.6276041671875 0.7398148140624999 0.5588541671875 0.684259259375 0.5515625 0.68148148125 0.3776041671875 0.99351851875 0.3765625 0.9990740734375001 0.48333333281249996 0.9990740734375001 0.4848958328125 0.996296296875 0.48802083281249997 0.9990740734375001
8 0.640625 0.6879629625 0.6489583328124999 0.690740740625 0.6630208328125 0.6879629625 0.6708333328125 0.66851851875 0.6703125 0.6555555562500001 0.6651041671875 0.6416666671875 0.6541666671875 0.628703703125 0.6447916671875 0.6231481484375 0.6348958328125 0.6203703703125 0.6182291671875 0.622222221875 0.609375 0.6296296296875 0.603125 0.6416666671875 0.603125 0.6490740734375 0.6088541671875001 0.6648148140625 0.6244791671875001 0.678703703125 0.640625 0.6879629625
8 0.1760416671875 0.1546296296875 0.178125 0.15 0.1776041671875 0.1416666671875 0.1692708328125 0.1324074078125 0.1614583328125 0.13148148125 0.1536458328125 0.1361111109375 0.1520833328125 0.14444444375 0.1572916671875 0.15555555625 0.1703125 0.1574074078125 0.1760416671875 0.1546296296875
2 0.48802083281249997 0.328703703125 0.48854166718750003 0.353703703125 0.49114583281249996 0.3601851859375 0.49010416718750005 0.36944444375 0.4947916671875 0.3768518515625 0.4973958328125 0.3879629625 0.49583333281249997 0.39444444375 0.4984375 0.43333333281249997 0.49791666718750005 0.478703703125 0.4984375 0.490740740625 0.5005208328124999 0.4953703703125 0.6744791671875 0.5944444437499999 0.6822916671875 0.5962962968750001 0.690625 0.5879629625 0.7104166671875001 0.5490740734374999 0.7213541671875 0.5129629625 0.7255208328125 0.471296296875 0.7380208328125 0.2398148140625 0.7390625 0.21574074062499998 0.7369791671875 0.1888888890625 0.7302083328125 0.18055555625 0.725 0.178703703125 0.6552083328125 0.1629629625 0.6072916671875 0.147222221875 0.5869791671875 0.146296296875 0.5427083328125 0.1324074078125 0.5364583328125 0.1324074078125 0.5270833328125 0.13981481406250001 0.5020833328125 0.1620370375 0.4916666671875 0.17314814843749998 0.48854166718750003 0.18055555625 0.4895833328125 0.2453703703125 0.4921875 0.26574074062499997 0.4921875 0.304321296875 0.48802083281249997 0.328703703125