7 0.5223958328125 0 0.5072916671875001 0.0175925921875 0.4713541671875 0.0629629625 0.46510416718750003 0.07685185156249999 0.44739583281249995 0.0953703703125 0.4067708328125 0.1481481484375 0.3421875 0.2388888890625 0.3072916671875 0.29444444375 0.2833333328125 0.32685185156249996 0.2786458328125 0.33888888906250003 0.2635416671875 0.35555555625 0.2510416671875 0.3759259265625 0.253125 0.4166666671875 0.25729166718749996 0.43518518593750005 0.2791666671875 0.6046296296875 0.2828125 0.621296296875 0.3322916671875 0.9990740734375001 0.55 0.9990740734375001 0.5802083328125 0.79351851875 0.5734375 0.7879629625 0.5171875 0.76944444375 0.5166666671875 0.7648148140625 0.5234375 0.7361111109375 0.5239583328124999 0.722222221875 0.5276041671875 0.7175925921874999 0.5333333328125 0.6944444437499999 0.540625 0.6518518515625 0.5505208328125 0.615740740625 0.571875 0.5166666671875 0.5682291671875 0.4703703703125 0.565625 0.4675925921875 0.5625 0.45185185156249996 0.5614583328125 0.384259259375 0.559375 0.38055555625 0.5619791671875001 0.352777778125 0.5583333328125 0.20555555625 0.5578125 0.1481481484375 0.559375 0.134259259375 0.5557291671875 0.0111111109375 0.5536458328125 0 0.5223958328125 0
7 0.5630208328124999 0 0.5619791671875001 0.004629629687499999 0.5609375 0.025 0.5630208328124999 0.03148148125 0.5640625 0.0620370375 0.5625 0.1379629625 0.5645833328125 0.147222221875 0.5635416671875 0.15370370312499998 0.5723958328125 0.1611111109375 0.5729166671875 0.1851851859375 0.5765625 0.209259259375 0.5760416671875 0.22314814843750003 0.5697916671875001 0.23148148124999998 0.5713541671875 0.2453703703125 0.5703125 0.2629629625 0.5796875 0.28472222187499996 0.5791666671875 0.296296296875 0.575 0.30555555624999997 0.5739583328125 0.3296296296875 0.5770833328125 0.3648148140625 0.5802083328125 0.3768518515625 0.5791666671875 0.3888888890625 0.5854166671875001 0.4824074078125 0.596875 0.4824074078125 0.6041666671875 0.45648148125 0.6088541671875001 0.45185185156249996 0.6130208328125 0.45648148125 0.6494791671875 0.4620370375 0.6541666671875 0.45 0.6640625 0.3888888890625 0.6640625 0.378703703125 0.6260416671875 0.36666666718749996 0.6364583328125 0.3101851859375 0.64375 0.2870370375 0.6526041671875 0.24444444375000002 0.6494791671875 0.15370370312499998 0.6473958328125 0.15 0.646875 0.13055555624999998 0.6442708328125 0.127777778125 0.6432291671875 0.1203703703125 0.6458333328125 0.1148148140625 0.6416666671875 0.109259259375 0.640625 0.09444444375 0.6432291671875 0.0129629625 0.6385416671875 0 0.5630208328124999 0
7 0.64375 0 0.6536458328125 0.23333333281250002 0.6572916671875 0.2398148140625 0.6864583328125 0.24351851875000002 0.6901041671875 0.2398148140625 0.6911458328125 0.23240740781250002 0.6911458328125 0.19537037031249999 0.6864583328125 0.1916666671875 0.6703125 0.1898148140625 0.6682291671875 0.1861111109375 0.66875 0.1425925921875 0.671875 0.1046296296875 0.66875 0.059259259375 0.6692708328125 0 0.64375 0
7 0.6703125 0 0.6697916671875 0.002777778125 0.6703125 0.10833333281249999 0.6895833328125 0.1111111109375 0.6932291671875 0.1046296296875 0.6942708328125 0.08055555625000001 0.6864583328125 0.077777778125 0.6755208328125 0.053703703125 0.6848958328125 0 0.6703125 0
8 0.7369791671875 0.07685185156249999 0.7411458328125 0.0648148140625 0.7375 0.055555556250000006 0.7286458328125 0.0509259265625 0.7151041671875 0.053703703125 0.7083333328125 0.061111110937500004 0.7083333328125 0.06851851875000001 0.7109375 0.072222221875 0.7265625 0.07685185156249999 0.7369791671875 0.07685185156249999
8 0.7208333328125 0.1861111109375 0.7260416671875001 0.1740740734375 0.7244791671875 0.1648148140625 0.7203125 0.15925925937500002 0.7072916671875 0.15370370312499998 0.6864583328125 0.1611111109375 0.6802083328124999 0.1675925921875 0.6786458328125 0.17314814843749998 0.6828125 0.18148148125000002 0.6979166671875 0.1861111109375 0.7208333328125 0.1861111109375
8 0.5526041671875 0.73055555625 0.55625 0.7101851859375 0.5572916671875 0.6824074078125 0.5546875 0.665740740625 0.5447916671875 0.646296296875 0.5239583328124999 0.7370370375 0.5239583328124999 0.74444444375 0.5369791671875 0.7481481484375 0.5484375 0.740740740625 0.5526041671875 0.73055555625
8 0.11927083281249999 0.196296296875 0.12291666718750001 0.1851851859375 0.121875 0.17962962968750001 0.11510416718750001 0.171296296875 0.1010416671875 0.16851851874999998 0.08333333281250001 0.177777778125 0.0760416671875 0.1879629625 0.07552083281250001 0.19351851874999998 0.0791666671875 0.2 0.0994791671875 0.2009259265625 0.11927083281249999 0.196296296875
8 0.2401041671875 0.0888888890625 0.24322916718749998 0.07962962968750001 0.2390625 0.071296296875 0.2244791671875 0.0675925921875 0.2109375 0.07685185156249999 0.20677083281250003 0.08425925937499999 0.20677083281250003 0.0888888890625 0.20989583281250002 0.0925925921875 0.2244791671875 0.0925925921875 0.2401041671875 0.0888888890625
8 0.3229166671875 0.025 0.3223958328125 0.015740740625 0.3161458328125 0.009259259374999999 0.3083333328125 0.0083333328125 0.29739583281250004 0.0148148140625 0.2942708328125 0.0203703703125 0.2942708328125 0.025 0.29739583281250004 0.027777778125000003 0.3229166671875 0.025
7 0.0161458328125 0 0.0161458328125 0.002777778125 0.0369791671875 0.134259259375 0.0453125 0.1361111109375 0.0682291671875 0.12129629687500001 0.0703125 0.1324074078125 0.06875 0.1361111109375 0.0791666671875 0.1453703703125 0.1208333328125 0.15092592656249998 0.153125 0.13055555624999998 0.1598958328125 0.12129629687500001 0.153125 0.11388888906250001 0.11927083281249999 0.10648148125000001 0.115625 0.0925925921875 0.1536458328125 0.06944444375 0.1578125 0.0629629625 0.178125 0.060185185937499996 0.18020833281249998 0.048148148437499996 0.1854166671875 0.04444444375 0.1864583328125 0.0388888890625 0.1838541671875 0 0.0161458328125 0
7 0 0 0 0.1611111109375 0.025 0.1490740734375 0.0369791671875 0.134259259375 0.0166666671875 0 0 0
7 0.1822916671875 0 0.1822916671875 0.00648148125 0.1890625 0.046296296875 0.20833333281250002 0.037037037499999995 0.21197916718749998 0.04444444375 0.2109375 0.0546296296875 0.2125 0.058333332812500006 0.2520833328125 0.0638888890625 0.2802083328125 0.04444444375 0.271875 0.039814814062499995 0.24895833281250002 0.0361111109375 0.24739583281250002 0.019444443750000002 0.2786458328125 0 0.1822916671875 0
5 0.0817708328125 0.4240740734375 0.1078125 0.42222222187499997 0.21354166718749998 0.302777778125 0.2192708328125 0.2916666671875 0.1942708328125 0.27870370312500004 0.171875 0.27777777812500004 0.16354166718750002 0.2888888890625 0.1041666671875 0.34351851875 0.0401041671875 0.409259259375 0.040625 0.4203703703125 0.0484375 0.4268518515625 0.0635416671875 0.43055555625 0.0817708328125 0.4240740734375
5 0 0.5314814812499999 0.025520832812499998 0.502777778125 0.0322916671875 0.48981481406249994 0.0296875 0.48333333281249996 0.0026041671875 0.4731481484375 0 0.4731481484375 0 0.5314814812499999
5 0.2713541671875 0.23333333281250002 0.2744791671875 0.23148148124999998 0.2864583328125 0.2018518515625 0.30416666718749996 0.19351851874999998 0.3104166671875 0.19444444375 0.3338541671875 0.16944444375 0.3192708328125 0.1583333328125 0.3072916671875 0.15555555625 0.290625 0.1574074078125 0.21979166718749998 0.22870370312500002 0.21875 0.2388888890625 0.2270833328125 0.25 0.2588541671875 0.25740740781250004 0.2713541671875 0.23333333281250002
1 0.9145833328125 0 0.9052083328125 0.0268518515625 0.8854166671874999 0.11388888906250001 0.8817708328125 0.13888888906250002 0.8776041671874999 0.146296296875 0.8229166671874999 0.13981481406250001 0.8192708328125 0.13981481406250001 0.8171875 0.14444444375 0.8197916671875 0.1870370375 0.8145833328125001 0.24351851875000002 0.8494791671874999 0.2509259265625 0.8583333328125 0.25833333281250004 0.8651041671874999 0.25833333281250004 0.8854166671874999 0.2453703703125 0.8953125 0.22777777812500002 0.9109375 0.165740740625 0.9354166671874999 0.052777778124999994 0.940625 0 0.9145833328125 0
1 0.8791666671874999 0.4046296296875 0.8885416671874999 0.40092592656250003 0.8921875 0.40555555625000006 0.9161458328125001 0.38703703749999996 0.9302083328125 0.35648148125 0.9729166671874999 0.17314814843749998 0.9822916671874999 0.09351851875 0.9817708328125001 0.0620370375 0.9776041671875 0.05648148125 0.9703125 0.055555556250000006 0.9619791671875 0.0675925921875 0.9520833328125 0.072222221875 0.9447916671875 0.08796296249999999 0.9192708328125001 0.184259259375 0.9098958328125001 0.2370370375 0.9119791671874999 0.2731481484375 0.909375 0.284259259375 0.9020833328125001 0.29722222187499997 0.8973958328125 0.296296296875 0.8859375 0.2731481484375 0.86875 0.259259259375 0.8411458328125001 0.25740740781250004 0.8270833328125 0.2518518515625 0.815625 0.253703703125 0.8166666671874999 0.302777778125 0.8229166671874999 0.3851851859375 0.8692708328125001 0.397222221875 0.8791666671874999 0.4046296296875
1 0.9114583328125001 0.615740740625 0.915625 0.615740740625 0.9223958328125 0.60648148125 0.94375 0.6009259265625 0.9578125 0.5888888890625 0.9677083328125 0.5740740734374999 0.9729166671874999 0.5601851859375 0.9932291671875 0.4861111109375 0.9973958328125001 0.47222222187499996 0.9994791671875 0.471296296875 0.9994791671875 0.1861111109375 0.9932291671875 0.1861111109375 0.9828125 0.1990740734375 0.9708333328125001 0.22407407343750002 0.9619791671875 0.25 0.9348958328125001 0.3611111109375 0.9322916671874999 0.3796296296875 0.9348958328125001 0.40833333281249995 0.9302083328125 0.43055555625 0.9244791671874999 0.44166666718750003 0.9177083328125001 0.44444444375 0.8947916671874999 0.4074074078125 0.8854166671874999 0.409259259375 0.8291666671875 0.396296296875 0.8239583328125001 0.3981481484375 0.8260416671874999 0.48518518593750004 0.8322916671874999 0.5851851859375 0.8822916671875 0.6 0.9114583328125001 0.615740740625
1 0.8479166671874999 0.7675925921875 0.9505208328125001 0.796296296875 0.9546875 0.79444444375 0.959375 0.775 0.9640625 0.772222221875 0.9744791671874999 0.7759259265625 0.9817708328125001 0.7953703703125 0.9833333328125 0.8138888890624999 0.9911458328125 0.8518518515625001 0.9942708328125001 0.8583333328125 0.9994791671875 0.859259259375 0.9994791671875 0.6972222218749999 0.978125 0.6537037031249999 0.9635416671874999 0.6379629625 0.94375 0.628703703125 0.8494791671874999 0.6009259265625 0.8333333328125001 0.5990740734375 0.8333333328125001 0.615740740625 0.8364583328125 0.61851851875 0.8390625 0.6296296296875 0.8479166671874999 0.7675925921875
5 0.9489583328125001 0.978703703125 0.9234375 0.8203703703125 0.9197916671874999 0.8138888890624999 0.865625 0.7833333328125 0.8494791671874999 0.7805555562500001 0.853125 0.8796296296874999 0.8614583328125001 0.9990740734375001 0.9494791671874999 0.9990740734375001 0.9489583328125001 0.978703703125
1 0.2453125 0.322222221875 0.24114583281250002 0.33703703749999997 0.2421875 0.34629629687499996 0.23802083281250003 0.42222222187499997 0.1885416671875 0.4203703703125 0.18125 0.40833333281249995 0.1708333328125 0.4203703703125 0.17135416718750002 0.427777778125 0.1661458328125 0.4361111109375 0.1630208328125 0.43055555625 0.1609375 0.43148148124999997 0.1541666671875 0.44259259218749997 0.1390625 0.4574074078125 0.13229166718750002 0.4675925921875 0.13229166718750002 0.471296296875 0.1416666671875 0.5166666671875 0.1463541671875 0.60555555625 0.1494791671875 0.615740740625 0.1546875 0.6129629624999999 0.15625 0.6175925921875 0.1614583328125 0.61851851875 0.1640625 0.625 0.1588541671875 0.6509259265625 0.1505208328125 0.66944444375 0.1541666671875 0.672222221875 0.1536458328125 0.68148148125 0.1609375 0.6888888890625 0.215625 0.7 0.23072916718749997 0.68148148125 0.2338541671875 0.6898148140625 0.23333333281250002 0.6972222218749999 0.2427083328125 0.7120370375 0.3067708328125 0.89351851875 0.3104166671875 0.8981481484374999 0.315625 0.89351851875 0.31197916718749996 0.8666666671875 0.25833333281250004 0.715740740625 0.25833333281250004 0.703703703125 0.2520833328125 0.6972222218749999 0.2322916671875 0.6425925921875 0.2359375 0.63148148125 0.2515625 0.61944444375 0.25833333281250004 0.60648148125 0.2635416671875 0.5879629625 0.2609375 0.5546296296875 0.2625 0.5009259265625 0.2588541671875 0.4824074078125 0.2494791671875 0.38240740781250004 0.25729166718749996 0.3620370375 0.3057291671875 0.2925925921875 0.3307291671875 0.2518518515625 0.315625 0.2018518515625 0.3083333328125 0.19537037031249999 0.2984375 0.1981481484375 0.2947916671875 0.1879629625 0.2833333328125 0.19351851874999998 0.28072916718749996 0.2166666671875 0.2619791671875 0.2518518515625 0.25 0.2888888890625 0.2453125 0.322222221875
1 0 0.8731481484374999 0.0067708328125 0.878703703125 0.00625 0.8851851859375 0.009375 0.8925925921875001 0.0083333328125 0.9064814812499999 0.0125 0.9231481484374999 0.017708332812499998 0.93148148125 0.021354167187500002 0.9629629625 0.0229166671875 0.9611111109375001 0.0265625 0.9685185187500001 0.0234375 0.98148148125 0.0286458328125 0.9861111109375 0.0276041671875 0.99444444375 0.0296875 0.9990740734375001 0.0453125 0.9990740734375001 0.0453125 0.9712962968750001 0.0421875 0.95555555625 0.0479166671875 0.94351851875 0.0479166671875 0.93148148125 0.0536458328125 0.9296296296875 0.0557291671875 0.9231481484374999 0.0666666671875 0.9111111109375001 0.0666666671875 0.8990740734375 0.0692708328125 0.896296296875 0.07083333281250001 0.884259259375 0.0822916671875 0.8648148140625 0.0895833328125 0.8416666671874999 0.1010416671875 0.7898148140625 0.10364583281249999 0.784259259375 0.1088541671875 0.7814814812499999 0.1244791671875 0.7981481484375 0.1265625 0.8083333328125001 0.1317708328125 0.8138888890624999 0.1385416671875 0.8296296296874999 0.1385416671875 0.840740740625 0.1473958328125 0.8435185187500001 0.14895833281249998 0.865740740625 0.1546875 0.8675925921875001 0.1578125 0.8796296296874999 0.1619791671875 0.8851851859375 0.1697916671875 0.909259259375 0.1755208328125 0.9175925921875001 0.18125 0.9351851859375 0.1921875 0.95648148125 0.2046875 0.9916666671875 0.20989583281250002 0.9990740734375001 0.22239583281250003 0.9990740734375001 0.21614583281250002 0.978703703125 0.1864583328125 0.9101851859375 0.1697916671875 0.8648148140625 0.14010416718750002 0.7990740734374999 0.1317708328125 0.7731481484375 0.1348958328125 0.7666666671875 0.1390625 0.7648148140625 0.1442708328125 0.7518518515625 0.14114583281249998 0.7481481484375 0.14114583281249998 0.73641944375 0.14375 0.728703703125 0.1463541671875 0.728703703125 0.1458333328125 0.7009259265625001 0.1505208328125 0.6925925921875 0.1484375 0.6861111109375 0.14010416718750002 0.5259259265625 0.13229166718750002 0.477777778125 0.12395833281249999 0.4481481484375 0.11875 0.4388888890625 0.10364583281249999 0.4240740734375 0.0791666671875 0.42870370312499995 0.0614583328125 0.4388888890625 0.0411458328125 0.46851851875 0.034375 0.48518518593750004 0.0229166671875 0.497222221875 0.0296875 0.5018518515625 0.0302083328125 0.5138888890625 0.025520832812499998 0.5175925921875 0.0171875 0.5175925921875 0 0.5638888890625 0 0.8731481484374999
1 0.3390625 0.240740740625 0.40260416718750003 0.15092592656249998 0.4067708328125 0.1379629625 0.3932291671875 0.09074074062500001 0.3875 0.0861111109375 0.3729166671875 0.08425925937499999 0.3453125 0.13148148125 0.3401041671875 0.15277777812499999 0.3333333328125 0.2166666671875 0.32864583281250004 0.22407407343750002 0.3328125 0.24444444375000002 0.3390625 0.240740740625
1 0.45625 0.07962962968750001 0.46458333281249997 0.072222221875 0.478125 0.051851851562499995 0.478125 0.037037037499999995 0.475 0.021296296875000002 0.47083333281249995 0.0148148140625 0.459375 0.0166666671875 0.44375 0.048148148437499996 0.43645833281249996 0.072222221875 0.43333333281249997 0.0953703703125 0.43541666718750005 0.1074074078125 0.45104166718750005 0.09074074062500001 0.45625 0.07962962968750001