7 0 0.740740740625 0.0229166671875 0.7370370375 0.146875 0.6851851859375 0.1588541671875 0.6777777781250001 0.1625 0.671296296875 0.1630208328125 0.659259259375 0.1546875 0.5768518515625 0.1458333328125 0.4481481484375 0.1427083328125 0.4361111109375 0.017708332812499998 0.46481481406249997 0 0.46944444374999994 0 0.740740740625
7 0.2619791671875 0.6370370375000001 0.2776041671875 0.627777778125 0.3619791671875 0.5962962968750001 0.36770833281250004 0.590740740625 0.3572916671875 0.3898148140625 0.3390625 0.39074074062499997 0.14895833281249998 0.43240740781250003 0.15677083281249998 0.56851851875 0.1666666671875 0.66944444375 0.2364583328125 0.6425925921875 0.2619791671875 0.6370370375000001
7 0.3723958328125 0.5888888890625 0.48229166718750005 0.5546296296875 0.5239583328124999 0.5361111109375 0.5260416671875 0.5259259265625 0.525 0.3583333328125 0.5057291671875 0.35555555625 0.47552083281249996 0.36666666718749996 0.45520833281249995 0.36666666718749996 0.3635416671875 0.3888888890625 0.3619791671875 0.397222221875 0.3661458328125 0.5370370375 0.3682291671875 0.5722222218749999 0.3723958328125 0.5888888890625
7 0.5369791671875 0.534259259375 0.5989583328125 0.5175925921875 0.6578125 0.49629629687500004 0.6625 0.4879629625 0.6604166671875 0.4675925921875 0.6625 0.3796296296875 0.659375 0.32777777812500003 0.5296875 0.3481481484375 0.5255208328125 0.352777778125 0.5270833328125 0.375 0.5265625 0.47407407343749997 0.5291666671875 0.5324074078125001 0.5369791671875 0.534259259375
7 0.7203125 0.471296296875 0.7604166671875 0.4583333328125 0.7625 0.4546296296875 0.7723958328125 0.3111111109375 0.7713541671875 0.30648148124999997 0.7630208328125 0.30648148124999997 0.6677083328125 0.32592592656249997 0.6630208328125 0.3296296296875 0.6609375 0.371296296875 0.6619791671875 0.48981481406249994 0.7010416671875 0.48425925937500003 0.7026041671875001 0.48055555625 0.7203125 0.471296296875
7 0.9994791671875 0.49259259218749996 0.9411458328125001 0.5305555562500001 0.9411458328125001 0.5648148140625 0.9302083328125 0.759259259375 0.9291666671875 0.8148148140625 0.9317708328125001 0.8194444437499999 0.9994791671875 0.7546296296875 0.9994791671875 0.49259259218749996
7 0.734375 0.722222221875 0.7328125 0.74351851875 0.7380208328125 0.7824074078125001 0.7364583328125 0.7990740734374999 0.7395833328125 0.8166666671874999 0.7380208328125 0.821296296875 0.7385416671875 0.85555555625 0.740625 0.8638888890624999 0.7390625 0.86851851875 0.740625 0.88148148125 0.740625 0.9759259265625 0.7364583328125 0.978703703125 0.7359375 0.9824074078124999 0.7421875 0.9990740734375001 0.7807291671875001 0.9990740734375001 0.7994791671875 0.9824074078124999 0.8276041671875 0.946296296875 0.8401041671874999 0.9370370375 0.8630208328125001 0.909259259375 0.871875 0.902777778125 0.8770833328125001 0.8898148140625001 0.9276041671874999 0.8333333328125001 0.9390625 0.54351851875 0.9375 0.5379629625 0.93125 0.534259259375 0.9145833328125 0.54444444375 0.8953125 0.559259259375 0.8833333328125 0.5638888890625 0.80625 0.6129629624999999 0.7661458328124999 0.64351851875 0.7421875 0.6574074078125001 0.7348958328124999 0.66944444375 0.7364583328125 0.6768518515624999 0.7348958328124999 0.702777778125 0.7322916671875 0.7120370375 0.734375 0.722222221875
7 0.3770833328125 0.9324074078125 0.375 0.9444444437499999 0.38125 0.9990740734375001 0.7255208328125 0.9990740734375001 0.7291666671875 0.9824074078124999 0.725 0.809259259375 0.7239583328125 0.7981481484375 0.721875 0.7953703703125 0.721875 0.6972222218749999 0.7197916671875 0.6611111109375 0.7177083328125 0.6555555562500001 0.6901041671875 0.6574074078125001 0.6848958328125 0.6629629625 0.68125 0.6611111109375 0.6463541671875 0.6824074078125 0.61875 0.6898148140625 0.6166666671875001 0.6953703703125 0.603125 0.696296296875 0.5666666671875 0.7185185187500001 0.4661458328125 0.7601851859375001 0.425 0.7851851859375001 0.40052083281249995 0.79351851875 0.39375 0.803703703125 0.3838541671875 0.8018518515625 0.36875 0.8120370375 0.3682291671875 0.8268518515625001 0.3729166671875 0.859259259375 0.37447916718749996 0.9277777781250001 0.3770833328125 0.9324074078125
7 0.3328125 0.840740740625 0.321875 0.8425925921875 0.2703125 0.8740740734375001 0.23020833281250003 0.8925925921875001 0.0760416671875 0.977777778125 0.0463541671875 0.997222221875 0.3453125 0.9990740734375001 0.34427083281250004 0.9268518515625 0.3401041671875 0.8490740734375001 0.3328125 0.840740740625
8 0.21197916718749998 0.7212962968750001 0.21510416718749997 0.7120370375 0.2140625 0.7 0.20625 0.6916666671875 0.1848958328125 0.6972222218749999 0.1776041671875 0.7074074078125 0.1770833328125 0.7120370375 0.18125 0.7194444437499999 0.196875 0.725 0.21197916718749998 0.7212962968750001
8 0.41197916718750005 0.6583333328125 0.41197916718750005 0.6453703703125 0.40416666718750005 0.6351851859375001 0.3875 0.6370370375000001 0.3817708328125 0.64444444375 0.38229166718749996 0.6537037031249999 0.3932291671875 0.6620370375 0.40625 0.6638888890625 0.41197916718750005 0.6583333328125
8 0.5572916671875 0.5888888890625 0.5625 0.5870370375 0.5645833328125 0.5824074078125 0.5640625 0.5740740734374999 0.55625 0.565740740625 0.5479166671875 0.5648148140625 0.5359375 0.571296296875 0.5333333328125 0.5759259265625001 0.5338541671875 0.5796296296875 0.5432291671875 0.5870370375 0.5572916671875 0.5888888890625
8 0.6770833328125 0.5333333328125 0.6734375 0.5231481484375 0.6671875 0.51944444375 0.6567708328124999 0.5203703703125 0.65 0.5259259265625 0.6526041671875 0.5351851859375001 0.6640625 0.540740740625 0.6744791671875 0.540740740625 0.6770833328125 0.5333333328125
8 0.7567708328125 0.48981481406249994 0.7552083328125 0.4861111109375 0.7411458328125 0.48518518593750004 0.7421875 0.5018518515625 0.75 0.503703703125 0.7552083328125 0.4990740734375 0.7567708328125 0.48981481406249994
8 0.965625 0.9990740734375001 0.965625 0.9861111109375 0.9630208328125001 0.977777778125 0.9458333328125 0.95555555625 0.9270833328125001 0.946296296875 0.9125 0.946296296875 0.9046875 0.9509259265625 0.9010416671874999 0.9546296296874999 0.9046875 0.9712962968750001 0.928125 0.9990740734375001 0.965625 0.9990740734375001