3 0.6958333328124999 0 0.6932291671875 0.0129629625 0.6916666671875 0.1203703703125 0.8203125 0.13333333281249998 0.8020833328125001 0.4509259265625 0.7942708328125 0.4509259265625 0.7875 0.46944444374999994 0.7669270828125 0.503240740625 0.7526041671875 0.5370370375 0.7494791671875001 0.5527777781250001 0.7546875 0.5620370375 0.7598958328125 0.5833333328125 0.7651041671875001 0.5796296296875 0.7802083328125 0.5851851859375 0.8046875 0.6009259265625 0.8223958328125001 0.60648148125 0.8296875 0.6148148140624999 0.8395833328125001 0.61944444375 0.8505208328125 0.6175925921875 0.9994791671875 0.6546296296875 0.9994791671875 0 0.6958333328124999 0
7 0.6135416671875 0.42870370312499995 0.6104166671875 0.44351851875000003 0.5916666671875 0.47222222187499996 0.5869791671875 0.48148148125 0.5875 0.48518518593750004 0.5911458328125 0.48981481406249994 0.6458333328125 0.509259259375 0.6541666671875 0.5111111109375 0.6572916671875 0.5083333328124999 0.6703125 0.48333333281249996 0.6765625 0.475 0.6848958328125 0.4703703703125 0.6901041671875 0.45370370312499997 0.7567708328125 0.475 0.7635416671875 0.47222222187499996 0.7682291671875 0.41944444374999995 0.7807291671875001 0.178703703125 0.7791666671875 0.16388888906250001 0.7052083328125 0.1518518515625 0.525 0.1324074078125 0.5166666671875 0.1324074078125 0.5145833328125 0.1361111109375 0.5145833328125 0.1851851859375 0.5182291671875 0.2509259265625 0.5197916671875 0.3953703703125 0.6135416671875 0.42870370312499995
7 0.3385416671875 0.3333333328125 0.38229166718749996 0.34722222187499996 0.39010416718749996 0.3509259265625 0.396875 0.3601851859375 0.41875 0.36666666718749996 0.4203125 0.375 0.39375 0.4 0.3895833328125 0.4074074078125 0.3916666671875 0.41203703750000004 0.43125 0.42592592656250006 0.43958333281249995 0.425 0.4671875 0.397222221875 0.4770833328125 0.38333333281250004 0.49322916718750004 0.3898148140625 0.5177083328125 0.3888888890625 0.5192708328125 0.36666666718749996 0.5182291671875 0.2833333328125 0.5119791671875 0.1351851859375 0.5135416671875 0.1296296296875 0.5213541671875 0.12870370312499999 0.5213541671875 0.125 0.39010416718749996 0.1074074078125 0.3625 0.1074074078125 0.35885416718749996 0.10370370312499999 0.34427083281250004 0.10185185156250001 0.3375 0.10185185156250001 0.3338541671875 0.1101851859375 0.3333333328125 0.16944444375 0.3395833328125 0.3203703703125 0.3411458328125 0.3240740734375 0.3385416671875 0.3333333328125
7 0 0.20740740781250003 0.0052083328125 0.2296296296875 0.013020832812499999 0.234259259375 0.0916666671875 0.252777778125 0.0869791671875 0.18055555625 0.0770833328125 0.07962962968750001 0.0666666671875 0.071296296875 0.013020832812499999 0.065740740625 0 0.065740740625 0 0.20740740781250003
7 0.2422916671875 0.3545870375 0.2839583328125 0.36940555625 0.31895833281249997 0.3308759265625 0.3397916671875 0.3471768515625 0.3314583328125 0.10710555625 0.1864583328125 0.09111111093749999 0.2047916671875 0.29975555625 0.2797916671875 0.321984259375 0.2422916671875 0.3545870375
7 0.1214583328125 0.310128703125 0.1589583328125 0.320502778125 0.193125 0.295309259375 0.2039583328125 0.2967916671875 0.1897916671875 0.0908046296875 0.0739583328125 0.07444444375 0.08979166718750001 0.252334259375 0.1614583328125 0.28493611093750004 0.1214583328125 0.310128703125
7 0.34322916718749996 0.1 0.384375 0.10555555624999999 0.3875 0.102777778125 0.3848958328125 0.078703703125 0.2421875 0.072222221875 0.2421875 0.09074074062500001 0.24895833281250002 0.09444444375 0.3296875 0.10648148125000001 0.34322916718749996 0.1
8 0.621875 0.5694444437499999 0.6421875 0.5527777781250001 0.6463541671875 0.54444444375 0.6479166671875001 0.5324074078125001 0.6390625 0.5240740734375 0.6265625 0.521296296875 0.6125 0.527777778125 0.6052083328125 0.5425925921875 0.6046875 0.5518518515624999 0.6078125 0.5648148140625 0.6140625 0.5694444437499999 0.621875 0.5694444437499999
8 0.4703125 0.43518518593750005 0.471875 0.4203703703125 0.4703125 0.40833333281249995 0.4578125 0.4074074078125 0.44947916718750003 0.4148148140625 0.44739583281249995 0.41944444374999995 0.453125 0.440740740625 0.4625 0.44259259218749997 0.4703125 0.43518518593750005
8 0.2864583328125 0.4175925921875 0.2927083328125 0.4074074078125 0.2932291671875 0.4018518515625 0.2916666671875 0.396296296875 0.2828125 0.3925925921875 0.2703125 0.396296296875 0.2630208328125 0.40648148125 0.2625 0.4129629625 0.265625 0.425 0.271875 0.427777778125 0.2864583328125 0.4175925921875
8 0.1932291671875 0.33703703749999997 0.19375 0.3296296296875 0.1875 0.3240740734375 0.1760416671875 0.322222221875 0.1666666671875 0.32685185156249996 0.1614583328125 0.3351851859375 0.16354166718750002 0.34722222187499996 0.1703125 0.3490740734375 0.1895833328125 0.340740740625 0.1932291671875 0.33703703749999997
8 0.09635416718749999 0.28611111093749997 0.078125 0.28055555625 0.0692708328125 0.290740740625 0.07083333281250001 0.3018518515625 0.0765625 0.3046296296875 0.0947916671875 0.29444444375 0.09635416718749999 0.28611111093749997
5 0.5994791671875 0.7629629625 0.603125 0.753703703125 0.6244791671875001 0.6898148140625 0.6229166671875 0.678703703125 0.44322916718750005 0.6074074078125 0.4380208328125 0.6111111109375 0.43385416718750003 0.6259259265625 0.41197916718750005 0.6648148140625 0.4114583328125 0.66944444375 0.41875 0.6740740734374999 0.5958333328125 0.7638888890625 0.5994791671875 0.7629629625
1 0.3416666671875 0.9416666671874999 0.3682291671875 0.9546296296874999 0.38125 0.9675925921875 0.3848958328125 0.978703703125 0.3994791671875 0.996296296875 0.4046875 0.9990740734375001 0.5578125 0.9990740734375001 0.5598958328125 0.9953703703125001 0.5677083328125 0.996296296875 0.571875 0.984259259375 0.5791666671875 0.977777778125 0.5802083328125 0.9694444437499999 0.5916666671875 0.9388888890624999 0.5901041671875 0.934259259375 0.5963541671875 0.8888888890625 0.5958333328125 0.85555555625 0.5921875 0.834259259375 0.5802083328125 0.8175925921875 0.5567708328125 0.8074074078125 0.515625 0.7814814812499999 0.5015625 0.7787037031249999 0.49791666718750005 0.771296296875 0.48333333281249996 0.7648148140625 0.46302083281249995 0.7666666671875 0.4546875 0.771296296875 0.45208333281249996 0.777777778125 0.4447916671875 0.775 0.43177083281249995 0.7583333328124999 0.41822916718750003 0.75 0.3958333328125 0.7268518515625 0.3729166671875 0.7129629625 0.3625 0.7101851859375 0.3484375 0.7111111109375 0.3375 0.7166666671875 0.3203125 0.7398148140624999 0.3125 0.76944444375 0.31302083281250004 0.8259259265625 0.3338541671875 0.9370370375 0.3380208328125 0.9361111109375001 0.3416666671875 0.9416666671874999
1 0.2010416671875 0.9324074078125 0.1973958328125 0.9509259265625 0.19479166718750002 0.9990740734375001 0.20208333281250002 0.9990740734375001 0.20572916718749998 0.975 0.2140625 0.86851851875 0.21875 0.8601851859374999 0.2260416671875 0.8731481484374999 0.22916666718749998 0.8879629625 0.2364583328125 0.9 0.2359375 0.9037037031249999 0.23854166718749997 0.9046296296874999 0.24375 0.9148148140625001 0.24375 0.91944444375 0.2515625 0.9305555562500001 0.2515625 0.9351851859375 0.25729166718749996 0.9425925921875 0.2588541671875 0.9509259265625 0.26614583281250004 0.9620370375 0.26614583281250004 0.9666666671874999 0.27291666718749996 0.9740740734375001 0.2786458328125 0.9990740734375001 0.2869791671875 0.9990740734375001 0.2979166671875 0.9120370375 0.30520833281250004 0.8898148140625001 0.3192708328125 0.8703703703125001 0.3135416671875 0.8333333328125001 0.31197916718749996 0.7879629625 0.3125 0.7731481484375 0.3192708328125 0.740740740625 0.33541666718749996 0.7185185187500001 0.3447916671875 0.7111111109375 0.3609375 0.709259259375 0.3713541671875 0.7111111109375 0.3776041671875 0.7166666671875 0.3932291671875 0.7166666671875 0.3859375 0.709259259375 0.3817708328125 0.6768518515624999 0.3572916671875 0.646296296875 0.346875 0.6398148140625 0.3322916671875 0.6398148140625 0.3213541671875 0.6425925921875 0.2984375 0.6564814812499999 0.24739583281250002 0.6981481484375001 0.23958333281250002 0.702777778125 0.2359375 0.7009259265625001 0.23541666718749998 0.690740740625 0.2286458328125 0.68148148125 0.2192708328125 0.64444444375 0.2015625 0.5981481484375 0.19479166718750002 0.5888888890625 0.1932291671875 0.5824074078125 0.1770833328125 0.5601851859375 0.1708333328125 0.54444444375 0.1541666671875 0.5324074078125001 0.1458333328125 0.5398148140625 0.1427083328125 0.5527777781250001 0.1328125 0.5601851859375 0.20729166718749997 0.85648148125 0.2010416671875 0.9324074078125
1 0 0.5740740734374999 0.0057291671875 0.578703703125 0.009375 0.6018518515625 0.0135416671875 0.60555555625 0.0125 0.6111111109375 0.0161458328125 0.63055555625 0.021354167187500002 0.6333333328124999 0.0234375 0.6388888890625 0.03125 0.640740740625 0.0328125 0.6481481484375 0.0359375 0.64351851875 0.040625 0.64351851875 0.051041667187499994 0.6490740734375 0.0625 0.672222221875 0.058854167187499994 0.6777777781250001 0.058333332812500006 0.6851851859375 0.054166667187499996 0.6888888890625 0.0578125 0.69351851875 0.053125 0.747222221875 0.0473958328125 0.9175925921875001 0.0484375 0.9296296296875 0.052604167187499995 0.9305555562500001 0.05625 0.9268518515625 0.056770832812500005 0.9203703703125001 0.0625 0.771296296875 0.0671875 0.7629629625 0.0723958328125 0.7638888890625 0.0791666671875 0.7805555562500001 0.0838541671875 0.7796296296875 0.0890625 0.7731481484375 0.1473958328125 0.8074074078125 0.15 0.8129629625 0.1578125 0.8138888890624999 0.1609375 0.790740740625 0.1661458328125 0.7824074078125001 0.165625 0.7268518515625 0.16875 0.7111111109375 0.1682291671875 0.696296296875 0.140625 0.5601851859375 0.1291666671875 0.5601851859375 0.1234375 0.56851851875 0.11875 0.56851851875 0.1140625 0.5759259265625001 0.1067708328125 0.578703703125 0.103125 0.5675925921875 0.09635416718749999 0.5583333328125 0.0958333328125 0.5518518515624999 0.0880208328125 0.5324074078125001 0.0635416671875 0.4888888890625 0.0229166671875 0.45277777812500003 0.007291667187500001 0.4481481484375 0 0.45 0 0.5740740734374999
2 0.6020833328124999 0.9324074078125 0.6078125 0.9703703703125001 0.6104166671875 0.9768518515625001 0.634375 0.9990740734375001 0.6484375 0.9990740734375001 0.6515625 0.8175925921875 0.65 0.7166666671875 0.6458333328125 0.7203703703125 0.6265625 0.7648148140625 0.6229166671875 0.7787037031249999 0.61875 0.7824074078125001 0.6151041671875 0.7916666671875 0.6140625 0.8222222218749999 0.6072916671875 0.8333333328125001 0.6015625 0.8370370375 0.6020833328124999 0.9324074078125
5 0.2427083328125 0.48703703750000005 0.240625 0.46666666718750005 0.23333333281250002 0.4620370375 0.1546875 0.42592592656250006 0.1421875 0.42870370312499995 0.1385416671875 0.43518518593750005 0.1421875 0.44351851875000003 0.2364583328125 0.4888888890625 0.2427083328125 0.48703703750000005