6 0.93125 0.10555555624999999 0.9630208328125001 0.1 0.9828125 0.09351851875 0.9911458328125 0.0861111109375 0.9963541671874999 0.055555556250000006 0.9994791671875 0.0490740734375 0.9994791671875 0.0111111109375 0.8125 0.06851851875000001 0.8109375 0.072222221875 0.8255208328125001 0.13333333281249998 0.846875 0.13055555624999998 0.93125 0.10555555624999999
6 0.946875 0.29907407343750003 0.9494791671874999 0.2953703703125 0.9515625 0.2833333328125 0.9359375 0.2824074078125 0.9161458328125001 0.28796296250000003 0.909375 0.29351851875 0.9010416671874999 0.2898148140625 0.8765625 0.2925925921875 0.8666666671875 0.29722222187499997 0.8671875 0.30648148124999997 0.8713541671874999 0.3111111109375 0.9270833328125001 0.303703703125 0.946875 0.29907407343750003
6 0.9192708328125001 0.23518518593749999 0.9223958328125 0.22777777812500002 0.9109375 0.225 0.8942708328125001 0.23333333281250002 0.89375 0.23611111093749998 0.896875 0.2398148140625 0.9067708328125 0.2398148140625 0.9192708328125001 0.23518518593749999
6 0.6026041671875 0.29444444375 0.5973958328125 0.2916666671875 0.584375 0.29444444375 0.5838541671875 0.29907407343750003 0.5864583328124999 0.3009259265625 0.5994791671875 0.29907407343750003 0.6026041671875 0.29444444375
6 0.6958333328124999 0.32777777812500003 0.6875 0.325 0.6348958328125 0.33703703749999997 0.634375 0.3416666671875 0.6463541671875 0.34629629687499996 0.7041666671875 0.3379629625 0.6958333328124999 0.32777777812500003
6 0.5255208328125 0.2138888890625 0.5333333328125 0.20833333281250002 0.5291666671875 0.2018518515625 0.48072916718750003 0.16388888906250001 0.47239583281249997 0.16388888906250001 0.4515625 0.17314814843749998 0.3734375 0.19537037031249999 0.371875 0.197222221875 0.3760416671875 0.2009259265625 0.43333333281249997 0.23240740781250002 0.5255208328125 0.2138888890625
6 0.12552083281249998 0.00648148125 0.1286458328125 0 0.0880208328125 0.0009259265625 0.0994791671875 0.0083333328125 0.1140625 0.0101851859375 0.12552083281249998 0.00648148125
9 0.6276041671875 0.0925925921875 0.6265625 0.058333332812500006 0.6203125 0.0388888890625 0.5947916671875 0.002777778125 0.5619791671875001 0 0.49322916718750004 0.037037037499999995 0.4848958328125 0.0546296296875 0.484375 0.0916666671875 0.5244791671875 0.12870370312499999 0.621875 0.10092592656249999 0.6276041671875 0.0925925921875
1 0.625 0.9583333328125001 0.6265625 0.9268518515625 0.6244791671875001 0.9037037031249999 0.6109375 0.8574074078124999 0.6 0.8398148140625 0.5859375 0.8296296296874999 0.5682291671875 0.828703703125 0.55625 0.8370370375 0.5421875 0.8629629624999999 0.5421875 0.9055555562500001 0.5453125 0.9444444437499999 0.6104166671875 0.9583333328125001 0.625 0.9583333328125001
1 0.41979166718750005 0.8120370375 0.40833333281249995 0.83148148125 0.40208333281249997 0.8611111109375 0.4010416671875 0.9120370375 0.42395833281249995 0.91851851875 0.4244791671875 0.8648148140625 0.41979166718750005 0.8120370375
1 0.78125 0.99351851875 0.7854166671875 0.9990740734375001 0.8265625 0.9990740734375001 0.8286458328125 0.99444444375 0.8270833328125 0.946296296875 0.8223958328125001 0.91944444375 0.8145833328125001 0.89444444375 0.8 0.86851851875 0.7838541671875 0.8546296296874999 0.7770833328125 0.853703703125 0.7760416671875 0.8574074078124999 0.7791666671875 0.8601851859374999 0.7765625 0.884259259375 0.78125 0.99351851875
7 0.6307291671875 0.9629629625 0.634375 0.98055555625 0.6765625 0.9851851859374999 0.6880208328124999 0.9898148140625 0.6927083328125 0.996296296875 0.7026041671875001 0.9990740734375001 0.7171875 0.99444444375 0.7296875 0.9990740734375001 0.7796875 0.9990740734375001 0.7807291671875001 0.996296296875 0.7765625 0.8796296296874999 0.7739583328124999 0.86944444375 0.7739583328124999 0.8481481484375 0.7708333328125 0.8416666671874999 0.7609375 0.8370370375 0.684375 0.8259259265625 0.6265625 0.8231481484375 0.625 0.8259259265625 0.6265625 0.8879629625 0.6296875 0.91851851875 0.6307291671875 0.9629629625
7 0.446875 0.946296296875 0.465625 0.9453703703125 0.46979166718750004 0.9546296296874999 0.4682291671875 0.975 0.4546875 0.9833333328125 0.45104166718750005 0.9916666671875 0.44427083281249996 0.99351851875 0.446875 0.9990740734375001 0.5078125 0.9990740734375001 0.5125 0.9861111109375 0.5109375 0.9685185187500001 0.5125 0.9601851859374999 0.5203125 0.9583333328125001 0.5375 0.9648148140625 0.54375 0.9629629625 0.5411458328125 0.878703703125 0.5364583328125 0.8101851859375 0.5107640625000001 0.8120370375 0.48020833281249997 0.8101851859375 0.4635416671875 0.8055555562500001 0.4213541671875 0.80648148125 0.4203125 0.8166666671874999 0.42395833281249995 0.8490740734375001 0.42760416718750005 0.9416666671874999 0.446875 0.946296296875
7 0.29375 0.915740740625 0.296875 0.922222221875 0.2942708328125 0.9444444437499999 0.2755208328125 0.9546296296874999 0.2692708328125 0.9601851859374999 0.2682291671875 0.9666666671874999 0.2760416671875 0.9740740734375001 0.290625 0.9768518515625001 0.2984375 0.9824074078124999 0.30416666718749996 0.975 0.3223958328125 0.9648148140625 0.3369791671875 0.9472222218749999 0.3260416671875 0.9388888890624999 0.3265625 0.9259259265625 0.3515625 0.93148148125 0.3572916671875 0.9296296296875 0.3536458328125 0.803703703125 0.3515625 0.7953703703125 0.2854166671875 0.7861111109375 0.2609375 0.7861111109375 0.2635416671875 0.8833333328125 0.26614583281250004 0.9111111109375001 0.2828125 0.9175925921875001 0.29375 0.915740740625
7 0.56875 0.715740740625 0.5651041671875 0.7009259265625001 0.49375 0.6972222218749999 0.49427083281249995 0.75555555625 0.4973958328125 0.7861111109375 0.5713541671875 0.7888888890625 0.56875 0.715740740625
7 0.6296875 0.7333333328125 0.6348958328125 0.7703703703125 0.6348958328125 0.7916666671875 0.6369791671875 0.796296296875 0.6692708328125 0.7981481484375 0.6734375 0.7861111109375 0.6817708328125 0.7861111109375 0.6854166671875 0.7990740734374999 0.6864583328125 0.796296296875 0.6927083328125 0.8018518515625 0.7166666671875 0.8074074078125 0.7442708328125 0.8055555562500001 0.7333333328125 0.797222221875 0.7333333328125 0.765740740625 0.728125 0.771296296875 0.7234375 0.7638888890625 0.7239583328125 0.7453703703125 0.7328125 0.7398148140624999 0.7322916671875 0.7361111109375 0.7239583328125 0.73055555625 0.7177083328125 0.7046296296875 0.6666666671875 0.7009259265625001 0.6338541671875 0.702777778125 0.6322916671875001 0.7212962968750001 0.6203125 0.73148148125 0.6270833328125 0.7296296296875 0.6296875 0.7333333328125
7 0.8171875 0.8138888890624999 0.8390625 0.8324074078124999 0.8364583328125 0.8583333328125 0.8484375 0.8620370375 0.8588541671875 0.8601851859374999 0.8598958328125 0.8574074078124999 0.8557291671874999 0.8518518515625001 0.8541666671874999 0.8240740734375 0.8552083328125001 0.8138888890624999 0.8635416671874999 0.8055555562500001 0.8776041671874999 0.8129629625 0.8755208328125 0.8222222218749999 0.8979166671875 0.825 0.8973958328125 0.8129629625 0.9005208328125001 0.8101851859375 0.8994791671875 0.80648148125 0.9015625 0.8027777781250001 0.9020833328125001 0.771296296875 0.9 0.73148148125 0.896875 0.7203703703125 0.8411458328125001 0.7148148140624999 0.7901041671875 0.7148148140624999 0.790625 0.771296296875 0.79375 0.8138888890624999 0.8135416671875 0.8175925921875 0.8171875 0.8138888890624999
7 0.9036458328125001 0.727777778125 0.9041666671874999 0.7351851859375 0.9078125 0.734259259375 0.9145833328125 0.740740740625 0.9208333328125 0.7388888890625 0.9213541671875 0.7074074078125 0.9177083328125001 0.6583333328125 0.9015625 0.6555555562500001 0.8380208328125001 0.6564814812499999 0.8375 0.7083333328125 0.8390625 0.7111111109375 0.8979166671875 0.7175925921874999 0.9036458328125001 0.727777778125
7 0.7515625 0.7240740734375 0.7572916671875001 0.7240740734375 0.7635416671875 0.73148148125 0.7645833328125 0.7490740734375 0.7671875 0.752777778125 0.7760416671875 0.7518518515625 0.7744791671875 0.734259259375 0.7765625 0.7259259265625 0.7864583328125 0.7185185187500001 0.7916666671875 0.709259259375 0.8046875 0.7083333328125 0.8036458328125 0.6731481484375 0.796875 0.6620370375 0.759375 0.652777778125 0.7401041671875 0.6537037031249999 0.7338541671875001 0.6574074078125001 0.7328125 0.6740740734374999 0.7317708328125 0.70648148125 0.7338541671875001 0.7240740734375 0.7463541671875 0.728703703125 0.7515625 0.7240740734375
7 0.6979166671875 0.7009259265625001 0.703125 0.6972222218749999 0.6984375 0.659259259375 0.6942708328125 0.652777778125 0.6453125 0.6509259265625 0.6411458328124999 0.6537037031249999 0.6395833328125 0.6601851859375001 0.6375 0.6851851859375 0.6385416671875 0.696296296875 0.640625 0.6981481484375001 0.6979166671875 0.7009259265625001
7 0.5838541671875 0.7351851859375 0.5885416671875 0.7324074078125 0.5885416671875 0.722222221875 0.5958333328125 0.7083333328125 0.603125 0.7074074078125 0.6104166671875 0.7166666671875 0.6151041671875 0.7138888890625 0.6161458328125 0.6925925921875 0.6140625 0.6574074078125001 0.6119791671875 0.65 0.6010416671875001 0.6546296296875 0.5796875 0.652777778125 0.5682291671875 0.6620370375 0.5609375 0.6731481484375 0.5598958328125 0.6944444437499999 0.578125 0.7101851859375 0.5828125 0.722222221875 0.5838541671875 0.7351851859375
7 0.6416666671875 0.65 0.6651041671875 0.6481481484375 0.6625 0.61944444375 0.6166666671875001 0.621296296875 0.6166666671875001 0.6509259265625 0.6192708328125 0.672222221875 0.6364583328125 0.6703703703125 0.6416666671875 0.65
7 0.7046875 0.6925925921875 0.70625 0.69351851875 0.7145833328125 0.6888888890625 0.7192708328124999 0.6944444437499999 0.7265625 0.6916666671875 0.7276041671875 0.6851851859375 0.73125 0.6805555562500001 0.7307291671875 0.6601851859375001 0.7375 0.65 0.74375 0.6509259265625 0.7453125 0.6481481484375 0.74375 0.6296296296875 0.7401041671875 0.6240740734375 0.7104166671875001 0.6231481484375 0.6958333328124999 0.627777778125 0.69375 0.6425925921875 0.6973958328125 0.647222221875 0.7046875 0.6833333328125 0.7046875 0.6925925921875
7 0.8088541671874999 0.684259259375 0.8338541671874999 0.6851851859375 0.8338541671874999 0.675 0.8260416671874999 0.6583333328125 0.8234375 0.6574074078125001 0.8197916671875 0.6449074078125 0.8182291671874999 0.622222221875 0.7609375 0.622222221875 0.7609375 0.65 0.803125 0.652777778125 0.80625 0.6777777781250001 0.8088541671874999 0.684259259375
7 0.90625 0.6509259265625 0.903125 0.622222221875 0.8416666671874999 0.622222221875 0.8416666671874999 0.6481481484375 0.8442708328125 0.6546296296875 0.9052083328125 0.6546296296875 0.90625 0.6509259265625