8 0.4359375 0.4703703703125 0.44322916718750005 0.465740740625 0.4453125 0.44444444375 0.4427083328125 0.43055555625 0.4390625 0.42314814843750004 0.43333333281249997 0.41944444374999995 0.4265625 0.4203703703125 0.421875 0.4240740734375 0.41770833281249997 0.43518518593750005 0.4171875 0.4620370375 0.41875 0.46666666718750005 0.4223958328125 0.4703703703125 0.4359375 0.4703703703125
8 0.4135416671875 0.11574074062499999 0.40833333281249995 0.10833333281249999 0.40260416718750003 0.1120370375 0.40260416718750003 0.1231481484375 0.4109375 0.127777778125 0.4145833328125 0.125 0.4135416671875 0.11574074062499999
8 0.828125 0.3888888890625 0.8270833328125 0.3759259265625 0.8260416671874999 0.3731481484375 0.81875 0.3759259265625 0.7989583328125 0.39351851875 0.7979166671875 0.3990740734375 0.8026041671874999 0.4074074078125 0.8234375 0.4074074078125 0.828125 0.3888888890625
7 0.20677083281250003 0.075 0.2088541671875 0.0953703703125 0.21458333281250003 0.10185185156250001 0.2166666671875 0.1101851859375 0.23177083281250002 0.1111111109375 0.234375 0.1046296296875 0.24375 0.10833333281249999 0.240625 0.0648148140625 0.2479166671875 0.051851851562499995 0.24479166718749998 0.018518518749999997 0.2338541671875 0.015740740625 0.1588541671875 0.019444443750000002 0.1625 0.05648148125 0.16458333281249998 0.061111110937500004 0.20208333281250002 0.061111110937500004 0.20677083281250003 0.075
7 0.36875 0.051851851562499995 0.3713541671875 0.0490740734375 0.3703125 0.022222221875 0.3671875 0.0129629625 0.2864583328125 0.0148148140625 0.284375 0.0166666671875 0.284375 0.0259259265625 0.2869791671875 0.055555556250000006 0.36875 0.051851851562499995
7 0.41510416718750004 0.1074074078125 0.4145833328125 0.10370370312499999 0.4203125 0.10092592656249999 0.4203125 0.0953703703125 0.4166666671875 0.0916666671875 0.4171875 0.08518518593749999 0.42083333281249996 0.08055555625000001 0.41875 0.055555556250000006 0.4251734375 0.045370370312500005 0.4739583328125 0.0425925921875 0.48072916718750003 0.0388888890625 0.4796875 0.015740740625 0.475 0.00648148125 0.4140625 0.00648148125 0.4010416671875 0.0083333328125 0.3973958328125 0.0148148140625 0.4 0.0990740734375 0.4036458328125 0.109259259375 0.4109375 0.1120370375 0.41510416718750004 0.1074074078125
7 0.53125 0 0.5171875 0.002777778125 0.5145833328125 0.0074074078125 0.5140625 0.0379629625 0.5416666671875 0.039814814062499995 0.5447916671875 0.046296296875 0.5442708328125 0.0703703703125 0.5510416671875 0.07685185156249999 0.58125 0.0703703703125 0.5838541671875 0.0648148140625 0.5859375 0.0379629625 0.5953125 0.030555556249999997 0.5947916671875 0 0.53125 0
7 0.653125 0.009259259374999999 0.6484375 0.003703703125 0.6354166671875 0.00555555625 0.6348958328125 0.0129629625 0.6385416671875 0.0175925921875 0.646875 0.0166666671875 0.653125 0.009259259374999999
7 0.6234375 0 0.6197916671875 0.0324074078125 0.7052083328125 0.025 0.7057291671875 0 0.6234375 0
7 0.8572916671874999 0.1231481484375 0.8578125 0.1175925921875 0.8739583328125 0.07962962968750001 0.8671875 0.0731481484375 0.8666666671875 0.0638888890625 0.8697916671874999 0.060185185937499996 0.8708333328125001 0.051851851562499995 0.8635416671874999 0.021296296875000002 0.8578125 0.0175925921875 0.7546875 0.0231481484375 0.7505208328124999 0.025 0.7479166671875 0.0324074078125 0.7484375 0.045370370312500005 0.7447916671875 0.0648148140625 0.7427083328124999 0.1111111109375 0.7421875 0.1351851859375 0.74375 0.13888888906250002 0.853125 0.1268518515625 0.8572916671874999 0.1231481484375
7 0.9375 0.3361111109375 0.9463541671875 0.322222221875 0.9442708328125 0.3138888890625 0.9463541671875 0.2851851859375 0.9520833328125 0.27870370312500004 0.9546875 0.23611111093749998 0.9567708328125001 0.2296296296875 0.9557291671874999 0.221296296875 0.9614583328125 0.17314814843749998 0.9677083328125 0.15370370312499998 0.9692708328125 0.12870370312499999 0.9671875 0.125 0.9609375 0.12407407343750002 0.8765625 0.1268518515625 0.7489583328125 0.1416666671875 0.74375 0.15 0.7348958328124999 0.222222221875 0.7270833328124999 0.3361111109375 0.7265625 0.36851851875 0.7302083328125 0.3740740734375 0.934375 0.353703703125 0.9375 0.3361111109375
7 0.6170140625 0.1416666671875 0.6510416671875 0.14351851875 0.665625 0.13703703750000001 0.6859375 0.1361111109375 0.69375 0.1416666671875 0.6942708328125 0.13333333281249998 0.6973958328125 0.1324074078125 0.7015625 0.1203703703125 0.7057291671875 0.060185185937499996 0.70625 0.0351851859375 0.7046875 0.028703703125 0.6052083328125 0.0351851859375 0.5885416671875 0.0388888890625 0.5859375 0.04351851875 0.584375 0.1046296296875 0.5869791671875 0.147222221875 0.6067708328125 0.146296296875 0.6170140625 0.1416666671875
7 0.4526041671875 0.15370370312499998 0.46302083281249995 0.1574074078125 0.5401041671875 0.15 0.5432291671875 0.052777778124999994 0.5427083328125 0.048148148437499996 0.5375 0.0425925921875 0.421875 0.0490740734375 0.4234375 0.15 0.425 0.1601851859375 0.42760416718750005 0.1629629625 0.4526041671875 0.15370370312499998
7 0.2822916671875 0.16944444375 0.28958333281250004 0.172222221875 0.32484375 0.171296296875 0.33125 0.178703703125 0.3333333328125 0.1888888890625 0.3447916671875 0.19351851874999998 0.3713541671875 0.19351851874999998 0.38229166718749996 0.1851851859375 0.3817708328125 0.1574074078125 0.37552083281250004 0.134259259375 0.3723958328125 0.065740740625 0.3692708328125 0.051851851562499995 0.24479166718749998 0.060185185937499996 0.2427083328125 0.0629629625 0.24322916718749998 0.0916666671875 0.2510416671875 0.1648148140625 0.2536458328125 0.172222221875 0.2822916671875 0.16944444375
7 0.1786458328125 0.177777778125 0.2182291671875 0.17314814843749998 0.2114583328125 0.1601851859375 0.2114583328125 0.12407407343750002 0.20625 0.075 0.203125 0.0629629625 0.0682291671875 0.0675925921875 0.0671875 0.0759259265625 0.071875 0.109259259375 0.0848958328125 0.18055555625 0.1786458328125 0.177777778125
7 0.0875 0.275 0.09427083281250001 0.33055555625 0.09895833281250001 0.3481481484375 0.10364583281249999 0.4074074078125 0.11041666718750001 0.415740740625 0.1125 0.4268518515625 0.16354166718750002 0.425 0.1875 0.4203703703125 0.1885416671875 0.4175925921875 0.1833333328125 0.4138888890625 0.18697916718750002 0.4 0.1838541671875 0.397222221875 0.1848958328125 0.3796296296875 0.2015625 0.378703703125 0.20572916718749998 0.3898148140625 0.20729166718749997 0.38333333281250004 0.2114583328125 0.378703703125 0.2453125 0.3731481484375 0.2723958328125 0.372222221875 0.2791666671875 0.3888888890625 0.28125 0.3888888890625 0.28072916718749996 0.3981481484375 0.2776041671875 0.40092592656250003 0.2770833328125 0.41203703750000004 0.2791666671875 0.4148148140625 0.340625 0.40833333281249995 0.3390625 0.3333333328125 0.328125 0.1879629625 0.325 0.1768518515625 0.2744791671875 0.1759259265625 0.0765625 0.1851851859375 0.0734375 0.1898148140625 0.0765625 0.20277777812500003 0.08125 0.24722222187499998 0.0875 0.275
7 0.42864583281249996 0.334259259375 0.4244791671875 0.35648148125 0.4270833328125 0.3583333328125 0.4265625 0.36944444375 0.43177083281249995 0.38055555625 0.43333333281249997 0.396296296875 0.43541666718750005 0.3990740734375 0.4875 0.39444444375 0.4921875 0.3925925921875 0.4916666671875 0.38703703749999996 0.4947916671875 0.384259259375 0.5052083328125 0.3925925921875 0.5177083328125 0.3916666671875 0.528125 0.3879629625 0.5307291671875001 0.38055555625 0.5302083328125 0.3740740734375 0.5333333328125 0.36944444375 0.5552083328124999 0.365740740625 0.5635416671875 0.3861111109375 0.6390625 0.3796296296875 0.6458333328125 0.375 0.6494791671875 0.3509259265625 0.6567708328124999 0.1879629625 0.6572916671875 0.1546296296875 0.6546875 0.1490740734375 0.4380208328125 0.16388888906250001 0.4296875 0.172222221875 0.42864583281249996 0.2046296296875 0.42760416718750005 0.2629629625 0.4291666671875 0.2888888890625 0.42604166718750003 0.3240740734375 0.42864583281249996 0.334259259375
2 0.1765625 0.98148148125 0.1859375 0.9740740734375001 0.209375 0.9740740734375001 0.21197916718749998 0.9666666671874999 0.2109375 0.9546296296874999 0.2125 0.9509259265625 0.2010416671875 0.8490740734375001 0.1942708328125 0.8268518515625001 0.1854166671875 0.8194444437499999 0.1682291671875 0.8203703703125 0.1692708328125 0.8333333328125001 0.171875 0.8370370375 0.1630208328125 0.853703703125 0.15677083281249998 0.85648148125 0.1552083328125 0.865740740625 0.1453125 0.875 0.1447916671875 0.8916666671875 0.1541666671875 0.9740740734375001 0.1692708328125 0.98148148125 0.1765625 0.98148148125
2 0.42395833281249995 0.8101851859375 0.4296875 0.8444444437499999 0.4291666671875 0.865740740625 0.4322916671875 0.8879629625 0.42760416718750005 0.8916666671875 0.4270833328125 0.8981481484374999 0.4291666671875 0.915740740625 0.4270833328125 0.9231481484374999 0.42864583281249996 0.9379629625 0.43125 0.9425925921875 0.45989583281249996 0.94351851875 0.4703125 0.9361111109375001 0.49010416718750005 0.9351851859375 0.48645833281249995 0.8101851859375 0.4828125 0.7981481484375 0.48072916718750003 0.7546296296875 0.4671875 0.7481481484375 0.4546875 0.7481481484375 0.4359375 0.759259259375 0.434375 0.7629629625 0.4348958328125 0.7787037031249999 0.4322916671875 0.7879629625 0.4234375 0.79351851875 0.42395833281249995 0.8101851859375
2 0.7442708328125 0.8916666671875 0.7463541671875 0.834259259375 0.75 0.8222222218749999 0.7484375 0.8129629625 0.7515625 0.79351851875 0.7479166671875 0.7814814812499999 0.7395833328125 0.7824074078125001 0.7395833328125 0.75 0.7317708328125 0.7296296296875 0.71875 0.727777778125 0.7072916671875 0.734259259375 0.703125 0.76851851875 0.6979166671875 0.871296296875 0.6973958328125 0.9046296296874999 0.7010416671875 0.9111111109375001 0.7463541671875 0.9037037031249999 0.7442708328125 0.8916666671875
2 0.7442708328125 0.702777778125 0.746875 0.696296296875 0.7359375 0.69351851875 0.7182291671875001 0.6972222218749999 0.7182291671875001 0.7083333328125 0.7307291671875 0.7175925921874999 0.734375 0.709259259375 0.7442708328125 0.702777778125
2 0.990625 0.772222221875 0.9927083328125 0.765740740625 0.9994791671875 0.7583333328124999 0.9994791671875 0.671296296875 0.9927083328125 0.671296296875 0.9895833328125001 0.68148148125 0.9885416671874999 0.7 0.9838541671875 0.7194444437499999 0.971875 0.81851851875 0.9692708328125 0.865740740625 0.9994791671875 0.8648148140625 0.9994791671875 0.7870370375 0.990625 0.772222221875
1 0 0.3703703703125 0.0041666671875 0.384259259375 0.0041666671875 0.3925925921875 0.0119791671875 0.415740740625 0.10364583281249999 0.4074074078125 0.08645833281250001 0.2824074078125 0.08072916718749999 0.259259259375 0.0614583328125 0.252777778125 0.0411458328125 0.2546296296875 0.021354167187500002 0.2666666671875 0.009375 0.2824074078125 0 0.29907407343750003 0 0.3703703703125
1 0.7291666671875 0.2509259265625 0.7213541671875 0.2203703703125 0.7052083328125 0.1925925921875 0.69375 0.1824074078125 0.6807291671875 0.1768518515625 0.665625 0.178703703125 0.6578125 0.184259259375 0.659375 0.190740740625 0.6552083328125 0.20833333281250002 0.6489583328124999 0.3574074078125 0.715625 0.352777778125 0.7244791671875 0.3490740734375 0.7291666671875 0.2509259265625
1 0.6802083328124999 0.16388888906250001 0.6755208328125 0.165740740625 0.6895833328125 0.16851851874999998 0.7364583328125 0.1648148140625 0.7385416671875 0.1481481484375 0.7364583328125 0.109259259375 0.7125 0.08425925937499999 0.7046875 0.08518518593749999 0.6984375 0.15277777812499999 0.6916666671875 0.16388888906250001 0.68125 0.1601851859375 0.6802083328124999 0.16388888906250001
1 0.5859375 0.13981481406250001 0.5859375 0.10555555624999999 0.5838541671875 0.1 0.5776041671875001 0.102777778125 0.5682291671875 0.1203703703125 0.5619791671875001 0.1425925921875 0.5609375 0.15 0.5630208328124999 0.15092592656249998 0.5880208328125 0.146296296875 0.5859375 0.13981481406250001
1 0.9994791671875 0.0870370375 0.9932291671875 0.0916666671875 0.9859375 0.1046296296875 0.9791666671874999 0.134259259375 0.9791666671874999 0.17314814843749998 0.9817708328125001 0.1759259265625 0.9994791671875 0.17314814843749998 0.9994791671875 0.0870370375