7 0.1125 0.8740740734375001 0.11875 0.915740740625 0.1364583328125 0.9990740734375001 0.646875 0.9990740734375001 0.65625 0.9203703703125001 0.6588541671875 0.88055555625 0.6578125 0.872222221875 0.6604166671875 0.853703703125 0.659375 0.8370370375 0.6723958328124999 0.7638888890625 0.6729166671875 0.7083333328125 0.6703125 0.6888888890625 0.6609375 0.6888888890625 0.2755208328125 0.753703703125 0.225 0.7666666671875 0.1994791671875 0.7666666671875 0.1734375 0.772222221875 0.1671875 0.7768518515625 0.16458333281249998 0.775 0.1619791671875 0.7796296296875 0.1578125 0.7768518515625 0.1552083328125 0.7805555562500001 0.1109375 0.7824074078125001 0.10364583281249999 0.7861111109375 0.1015625 0.7916666671875 0.0994791671875 0.8101851859375 0.10833333281249999 0.8453703703125001 0.109375 0.865740740625 0.1125 0.8740740734375001
7 0.6734375 0.8370370375 0.6723958328124999 0.8675925921875001 0.6625 0.9740740734375001 0.6588541671875 0.99351851875 0.6598958328125 0.9990740734375001 0.9213541671875 0.9990740734375001 0.9666666671874999 0.9833333328125 0.9697916671875 0.975 0.9802083328125001 0.9694444437499999 0.9994791671875 0.9685185187500001 0.9994791671875 0.6259259265625 0.9760416671875 0.6268518515625 0.9666666671874999 0.6333333328124999 0.9619791671875 0.63148148125 0.9359375 0.6398148140625 0.9041666671874999 0.6425925921875 0.6864583328125 0.6925925921875 0.6864583328125 0.70555555625 0.6822916671875 0.7268518515625 0.6807291671875 0.7648148140625 0.6770833328125 0.79351851875 0.6776041671875 0.809259259375 0.6734375 0.8370370375
7 0.95 0.3425925921875 0.9994791671875 0.32592592656249997 0.9994791671875 0.125 0.959375 0.13148148125 0.9546875 0.1351851859375 0.9484375 0.1740740734375 0.9385416671875 0.2148148140625 0.9390625 0.221296296875 0.9161458328125001 0.340740740625 0.9192708328125001 0.34444444375 0.95 0.3425925921875
7 0.7828125 0.34629629687499996 0.7994791671875 0.34629629687499996 0.8072916671874999 0.340740740625 0.8140625 0.3416666671875 0.828125 0.3296296296875 0.8395833328125001 0.32777777812500003 0.8453125 0.33888888906250003 0.8723958328125001 0.33703703749999997 0.8765625 0.3398148140625 0.9125 0.33055555625 0.9296875 0.2675925921875 0.946875 0.175 0.9489583328125001 0.1546296296875 0.9520833328125 0.140740740625 0.9546875 0.13888888906250002 0.9541666671875 0.1296296296875 0.9369791671875 0.12592592656249998 0.753125 0.14351851875 0.7489583328125 0.15 0.7359375 0.24351851875000002 0.7239583328125 0.34444444375 0.7270833328124999 0.3518518515625 0.771875 0.352777778125 0.7828125 0.34629629687499996
7 0.5859375 0.3648148140625 0.5916666671875 0.3601851859375 0.5822916671875 0.35648148125 0.5770833328125 0.3398148140625 0.6041666671875 0.3333333328125 0.6078125 0.3333333328125 0.6109375 0.33888888906250003 0.6166666671875001 0.3333333328125 0.6354166671875 0.33055555625 0.6401041671875001 0.3361111109375 0.6390625 0.340740740625 0.634375 0.34351851875 0.634375 0.353703703125 0.6390625 0.35648148125 0.6635416671875001 0.3546296296875 0.6703125 0.3574074078125 0.7052083328125 0.34629629687499996 0.709375 0.3398148140625 0.7197916671875 0.23148148124999998 0.7197916671875 0.2101851859375 0.725 0.1703703703125 0.7265625 0.146296296875 0.725 0.1351851859375 0.703125 0.134259259375 0.5197916671875 0.15555555625 0.515625 0.1574074078125 0.5151041671875001 0.17314814843749998 0.5135416671875 0.372222221875 0.5286458328125 0.375 0.5557291671875 0.3731481484375 0.5859375 0.3648148140625
7 0.2921875 0.4 0.2942708328125 0.403703703125 0.3494791671875 0.40555555625000006 0.35208333281250004 0.40092592656250003 0.35989583281250004 0.3981481484375 0.3859375 0.3953703703125 0.40729166718750004 0.3796296296875 0.4114583328125 0.39351851875 0.41510416718750004 0.3898148140625 0.4546875 0.3898148140625 0.45885416718750005 0.3925925921875 0.5067708328125 0.38055555625 0.5078125 0.3240740734375 0.5104166671875 0.302777778125 0.5109375 0.2416666671875 0.5072916671875001 0.1574074078125 0.2786458328125 0.16851851874999998 0.2760416671875 0.171296296875 0.28177083281250004 0.2851851859375 0.2869791671875 0.33148148125 0.2875 0.3574074078125 0.2921875 0.4
7 0.034375 0.2629629625 0.05 0.3324074078125 0.0614583328125 0.3990740734375 0.07291666718749999 0.4046296296875 0.1109375 0.40555555625000006 0.12552083281249998 0.40092592656250003 0.1307291671875 0.3953703703125 0.1973958328125 0.384259259375 0.1984375 0.3981481484375 0.20052083281250002 0.40092592656250003 0.22320625 0.4 0.24375 0.403703703125 0.2838541671875 0.3990740734375 0.2869791671875 0.3953703703125 0.2734375 0.2148148140625 0.2692708328125 0.17314814843749998 0.2666666671875 0.1666666671875 0.0322916671875 0.165740740625 0.025520832812499998 0.16944444375 0.0317708328125 0.24814814843750002 0.034375 0.25 0.034375 0.2629629625
7 0 0.9990740734375001 0.09375 0.9990740734375001 0.0958333328125 0.9851851859374999 0.0921875 0.977777778125 0.0880208328125 0.9416666671874999 0.0817708328125 0.91944444375 0.08125 0.9064814812499999 0.0723958328125 0.8638888890624999 0.0671875 0.85648148125 0.0645833328125 0.83148148125 0.060416667187499995 0.8166666671874999 0.060416667187499995 0.80648148125 0.0536458328125 0.790740740625 0.0098958328125 0.7981481484375 0 0.8009259265625 0 0.9990740734375001
1 0.07552083281250001 0.8675925921875001 0.09635416718749999 0.8675925921875001 0.10729166718750001 0.8629629624999999 0.0973958328125 0.8101851859375 0.0984375 0.79444444375 0.10364583281249999 0.7814814812499999 0.23125 0.759259259375 0.2375 0.7574074078125 0.2401041671875 0.7518518515625 0.23333333281250002 0.6888888890625 0.2260416671875 0.6648148140625 0.2171875 0.6453703703125 0.2015625 0.621296296875 0.184375 0.6046296296875 0.1682291671875 0.5944444437499999 0.1505208328125 0.5898148140624999 0.1130208328125 0.5944444437499999 0.0921875 0.6101851859375 0.0760416671875 0.63055555625 0.0640625 0.6537037031249999 0.0557291671875 0.678703703125 0.05 0.7120370375 0.05 0.7425925921875 0.0546875 0.784259259375 0.0692708328125 0.853703703125 0.07552083281250001 0.8675925921875001
1 0.4916666671875 0.7129629625 0.4916666671875 0.6870370375 0.4875 0.6574074078125001 0.4828125 0.6361111109375 0.47239583281249997 0.6120370375 0.46302083281249995 0.5953703703125 0.4484375 0.5796296296875 0.43541666718750005 0.5703703703125 0.4140625 0.5638888890625 0.4 0.5638888890625 0.3848958328125 0.5703703703125 0.3682291671875 0.58148148125 0.3526041671875 0.5981481484375 0.3328125 0.6351851859375001 0.32760416718749996 0.6537037031249999 0.3255208328125 0.675 0.3260416671875 0.73148148125 0.3333333328125 0.740740740625 0.4760416671875 0.7185185187500001 0.4916666671875 0.7129629625
1 0.7723958328125 0.66851851875 0.775 0.6481481484375 0.7760416671875 0.5944444437499999 0.7713541671875 0.5879629625 0.7703125 0.5796296296875 0.7598958328125 0.5509259265625001 0.74375 0.5240740734375 0.7223958328125 0.515740740625 0.7083333328125 0.5148148140625 0.6869791671875001 0.525 0.6578125 0.5546296296875 0.6432291671875 0.5870370375 0.6317708328125 0.6231481484375 0.6291666671875 0.6898148140625 0.6734375 0.684259259375 0.6817708328125 0.6925925921875 0.7723958328125 0.66851851875
1 0.8760416671875 0.5527777781250001 0.8692708328125001 0.54351851875 0.8651041671874999 0.54351851875 0.8625 0.5490740734374999 0.8572916671874999 0.5518518515624999 0.8572916671874999 0.5574074078125 0.8666666671875 0.5629629625 0.8692708328125001 0.5629629625 0.8760416671875 0.5527777781250001
1 0.7994791671875 0.60555555625 0.7947916671875 0.6379629625 0.7901041671875 0.6518518515625 0.7921875 0.6620370375 0.8119791671875 0.647222221875 0.8145833328125001 0.6333333328124999 0.8434375 0.6333333328124999 0.8421875 0.65 0.8463541671874999 0.6518518515625 0.9375 0.63055555625 0.9421875 0.6148148140624999 0.9463541671875 0.5851851859375 0.94375 0.5629629625 0.9463541671875 0.5518518515624999 0.9520833328125 0.5481481484375 0.9520833328125 0.5287037031249999 0.9557291671874999 0.5129629625 0.9494791671874999 0.5046296296875 0.9447916671875 0.477777778125 0.9359375 0.4546296296875 0.9197916671874999 0.4296296296875 0.9036458328125001 0.41944444374999995 0.8791666671874999 0.415740740625 0.8541666671874999 0.4268518515625 0.8296875 0.45277777812500003 0.8114583328125 0.49259259218749996 0.8036458328125 0.51851851875 0.8036458328125 0.5324074078125001 0.7989583328125 0.5481481484375 0.8005208328125001 0.5611111109375 0.7973958328124999 0.5722222218749999 0.7963541671875001 0.5916666671875 0.7994791671875 0.60555555625
8 0.7223958328125 0.378703703125 0.725 0.372222221875 0.7213541671875 0.3611111109375 0.7088541671875 0.3490740734375 0.6921875 0.35555555625 0.6921875 0.36851851875 0.7026041671875001 0.3768518515625 0.7177083328125 0.38148148125 0.7223958328125 0.378703703125