8 0.4984375 0.8222222218749999 0.5015625 0.8074074078125 0.49114583281249996 0.796296296875 0.48020833281249997 0.797222221875 0.4734375 0.8018518515625 0.4682291671875 0.8148148140625 0.4671875 0.8259259265625 0.4692708328125 0.83148148125 0.4848958328125 0.8361111109375001 0.4984375 0.8222222218749999
8 0.3578125 0.7212962968750001 0.3494791671875 0.7120370375 0.3390625 0.7120370375 0.3317708328125 0.7166666671875 0.3270833328125 0.727777778125 0.3270833328125 0.7416666671875001 0.3390625 0.746296296875 0.3557291671875 0.7324074078125 0.3578125 0.7212962968750001
8 0.1890625 0.622222221875 0.1822916671875 0.6138888890625 0.16875 0.6101851859375 0.1588541671875 0.6129629624999999 0.1541666671875 0.61944444375 0.153125 0.63148148125 0.15625 0.6351851859375001 0.1828125 0.63055555625 0.1890625 0.622222221875
8 0.09427083281250001 0.5481481484375 0.0921875 0.5416666671875 0.0796875 0.5361111109375 0.0682291671875 0.5370370375 0.061979167187499996 0.5453703703125 0.0625 0.5555555562500001 0.0671875 0.5574074078125 0.0822916671875 0.5555555562500001 0.09427083281250001 0.5481481484375
8 0.7072916671875 0.98148148125 0.6932291671875 0.9675925921875 0.6796875 0.9703703703125001 0.6729166671875 0.9861111109375 0.6713541671875001 0.9990740734375001 0.7072916671875 0.9990740734375001 0.7083333328125 0.99444444375 0.7072916671875 0.98148148125
8 0.909375 0.7175925921874999 0.9088541671874999 0.7018518515625 0.9041666671874999 0.6944444437499999 0.8973958328125 0.690740740625 0.8885416671874999 0.69351851875 0.8869791671874999 0.703703703125 0.8927083328125001 0.7148148140624999 0.9010416671874999 0.7194444437499999 0.909375 0.7175925921874999
8 0.7354166671875 0.63055555625 0.7317708328125 0.622222221875 0.725 0.61944444375 0.7177083328125 0.621296296875 0.7145833328125 0.63055555625 0.7145833328125 0.6379629625 0.7203125 0.6425925921875 0.73125 0.640740740625 0.7354166671875 0.63055555625
8 0.5744791671875 0.5703703703125 0.5734375 0.5638888890625 0.5692708328125 0.559259259375 0.5604166671875 0.559259259375 0.55625 0.565740740625 0.5552083328124999 0.5722222218749999 0.5635416671875 0.5796296296875 0.5708333328124999 0.5768518515625 0.5744791671875 0.5703703703125
8 0.4614583328125 0.51851851875 0.4546875 0.509259259375 0.44635416718750004 0.509259259375 0.44322916718750005 0.5129629625 0.44322916718750005 0.521296296875 0.45104166718750005 0.525 0.45520833281249995 0.5259259265625 0.4614583328125 0.51851851875
8 0.3578125 0.4675925921875 0.35104166718749996 0.46481481406249997 0.3458333328125 0.465740740625 0.3421875 0.471296296875 0.3421875 0.478703703125 0.3484375 0.48148148125 0.3609375 0.47407407343749997 0.3578125 0.4675925921875
7 0.69375 0.372222221875 0.690625 0.415740740625 0.6984375 0.41944444374999995 0.703125 0.396296296875 0.7015625 0.3425925921875 0.6427083328125 0.3296296296875 0.6369791671875 0.33148148125 0.6364583328125 0.3453703703125 0.6390625 0.34722222187499996 0.6927083328125 0.3601851859375 0.69375 0.372222221875
7 0.5135416671875 0.40092592656250003 0.5182291671875 0.396296296875 0.5234375 0.32685185156249996 0.5213541671875 0.31851851875000003 0.4984375 0.3120370375 0.4703125 0.3101851859375 0.465625 0.3138888890625 0.4635416671875 0.3324074078125 0.46302083281249995 0.36759259218749996 0.4927083328125 0.378703703125 0.5057291671875 0.4 0.5135416671875 0.40092592656250003
7 0.5984375 0.3379629625 0.5401041671875 0.32592592656249997 0.5369791671875 0.3324074078125 0.534375 0.3611111109375 0.5328125 0.3888888890625 0.5348958328125 0.3916666671875 0.5916666671875 0.40833333281249995 0.5984375 0.3379629625
7 0.6942708328125 0.372222221875 0.6932291671875 0.3601851859375 0.6255208328124999 0.34444444375 0.6229166671875 0.3453703703125 0.6208333328125 0.3638888890625 0.6166666671875001 0.4148148140625 0.6239583328125 0.4240740734375 0.6854166671875 0.4370370375 0.6942708328125 0.372222221875
7 0.7890625 0.475 0.7958333328125 0.4731481484375 0.8052083328125 0.3879629625 0.728125 0.36851851875 0.7244791671875 0.36851851875 0.7203125 0.384259259375 0.7161458328125 0.447222221875 0.746875 0.45555555625000005 0.7708333328125 0.46944444374999994 0.7890625 0.475
7 0.9197916671874999 0.48425925937500003 0.9223958328125 0.4583333328125 0.9223958328125 0.4148148140625 0.8296875 0.3916666671875 0.8270833328125 0.3990740734375 0.8203125 0.4574074078125 0.8192708328125 0.4703703703125 0.8223958328125001 0.4731481484375 0.9109375 0.4981481484375 0.9197916671874999 0.48425925937500003
7 0.8260416671874999 0.6120370375 0.8302083328125001 0.615740740625 0.8260416671874999 0.652777778125 0.88125 0.6703703703125 0.8848958328125001 0.6537037031249999 0.9002604171874999 0.6388888890625 0.9197916671874999 0.6481481484375 0.9302083328125 0.6379629625 0.9369791671875 0.5879629625 0.9432291671874999 0.509259259375 0.8229166671874999 0.475 0.8088541671874999 0.47407407343749997 0.8041666671875 0.4861111109375 0.8026041671874999 0.5083333328124999 0.7916666671875 0.5648148140625 0.7890625 0.5861111109375 0.7895833328124999 0.6111111109375 0.8151041671874999 0.6083333328125 0.8260416671874999 0.6120370375
7 0.6421875 0.5527777781250001 0.6463541671875 0.55 0.653125 0.55648148125 0.6614583328125 0.5555555562500001 0.6697916671875 0.5935185187500001 0.7140625 0.6111111109375 0.7213541671875 0.603703703125 0.725 0.5935185187500001 0.7364583328125 0.5851851859375 0.7520833328125 0.5833333328125 0.7640625 0.4703703703125 0.7578125 0.4620370375 0.7385416671875 0.4546296296875 0.6786458328125 0.4379629625 0.6572916671875 0.4361111109375 0.6546875 0.4601851859375 0.6479166671875001 0.4879629625 0.6359375 0.497222221875 0.6380208328125 0.5 0.6333333328124999 0.5324074078125001 0.6338541671875 0.5481481484375 0.6421875 0.5527777781250001
7 0.5411458328125 0.5370370375 0.5432291671875 0.540740740625 0.5708333328124999 0.553703703125 0.5786458328124999 0.553703703125 0.5916666671875 0.54444444375 0.6026041671875 0.527777778125 0.6114583328125 0.5231481484375 0.6177083328124999 0.48148148125 0.6213541671875 0.425 0.6145833328125 0.415740740625 0.5328125 0.3916666671875 0.5286458328125 0.409259259375 0.5203125 0.4796296296875 0.5208333328125 0.497222221875 0.55 0.5074074078125 0.55 0.5305555562500001 0.5411458328125 0.5370370375
7 0.44322916718750005 0.4861111109375 0.4380208328125 0.48981481406249994 0.4390625 0.4953703703125 0.4703125 0.503703703125 0.4817708328125 0.497222221875 0.49427083281249995 0.4824074078125 0.5015625 0.396296296875 0.5 0.38240740781250004 0.42760416718750005 0.3620370375 0.4244791671875 0.3648148140625 0.41979166718750005 0.4074074078125 0.41875 0.45555555625000005 0.4359375 0.46388888906250003 0.44114583281249997 0.4703703703125 0.44322916718750005 0.4861111109375
7 0.3541666671875 0.46666666718750005 0.3697916671875 0.4675925921875 0.3869791671875 0.4611111109375 0.39375 0.4546296296875 0.3984375 0.40555555625000006 0.396875 0.352777778125 0.3333333328125 0.3351851859375 0.3307291671875 0.3398148140625 0.3302083328125 0.3620370375 0.3291666671875 0.4203703703125 0.3484375 0.43148148124999997 0.3458333328125 0.4574074078125 0.3541666671875 0.46666666718750005
7 0.10729166718750001 0.5166666671875 0.11875 0.5129629625 0.125 0.3888888890625 0.10052083281249999 0.3759259265625 0.06302083281250001 0.36759259218749996 0.0609375 0.372222221875 0.056770832812500005 0.45370370312499997 0.05625 0.4703703703125 0.060416667187499995 0.47592592656250005 0.0692708328125 0.48055555625 0.10729166718750001 0.5166666671875
7 0.221875 0.5611111109375 0.225 0.48981481406249994 0.225 0.45370370312499997 0.221875 0.44259259218749997 0.1536458328125 0.41018518593750003 0.1505208328125 0.4129629625 0.1494791671875 0.4203703703125 0.1484375 0.46944444374999994 0.14791666718750002 0.5120370375000001 0.15 0.522222221875 0.21354166718749998 0.5601851859375 0.221875 0.5611111109375
7 0.3557291671875 0.6268518515625 0.3661458328125 0.5009259265625 0.35625 0.49351851875 0.2677083328125 0.4574074078125 0.2645833328125 0.4703703703125 0.2588541671875 0.5509259265625001 0.2578125 0.58055555625 0.259375 0.584259259375 0.353125 0.6351851859375001 0.3557291671875 0.6268518515625
7 0.43958333281249995 0.7518518515625 0.4401041671875 0.75555555625 0.49322916718750004 0.7898148140625 0.503125 0.7833333328125 0.5208333328125 0.7611111109375 0.5463541671875001 0.759259259375 0.55 0.74444444375 0.5588541671875 0.6351851859375001 0.5614583328125 0.6259259265625 0.5625 0.578703703125 0.4661458328125 0.5314814812499999 0.4458333328125 0.5259259265625 0.4328125 0.5166666671875 0.42760416718750005 0.5175925921875 0.4244791671875 0.54444444375 0.4125 0.68148148125 0.45989583281249996 0.7111111109375 0.465625 0.73055555625 0.43958333281249995 0.7518518515625
7 0.646875 0.827777778125 0.6505208328125 0.8416666671874999 0.6494791671875 0.8490740734375001 0.6447916671875 0.852777778125 0.6338541671875 0.8731481484374999 0.6307291671875 0.88148148125 0.6317708328125 0.8861111109375001 0.7078125 0.9305555562500001 0.7166666671875 0.91944444375 0.7296875 0.88055555625 0.7359375 0.875 0.7598958328125 0.8898148140625001 0.7791666671875 0.89444444375 0.7994791671875 0.7009259265625001 0.7989583328125 0.6805555562500001 0.6119791671875 0.6018518515625 0.6083333328125 0.6046296296875 0.603125 0.6259259265625 0.5890625 0.784259259375 0.5932291671875001 0.796296296875 0.640625 0.821296296875 0.646875 0.827777778125
2 0.8739583328125 0.9824074078124999 0.8901041671875 0.9916666671875 0.8942708328125001 0.9990740734375001 0.9130208328125 0.9990740734375001 0.9208333328125 0.9416666671874999 0.9255208328125001 0.8759259265624999 0.8848958328125001 0.847222221875 0.8770833328125001 0.8638888890624999 0.8770833328125001 0.86851851875 0.8807291671874999 0.8703703703125001 0.8869791671874999 0.909259259375 0.8739583328125 0.9824074078124999
1 0.8552083328125001 0.8824074078124999 0.8619791671874999 0.8731481484374999 0.865625 0.853703703125 0.865625 0.8101851859375 0.8630208328125001 0.7981481484375 0.8536458328125001 0.76944444375 0.8427083328125 0.746296296875 0.8140625 0.7083333328125 0.8020833328125001 0.7046296296875 0.7989583328125 0.709259259375 0.79375 0.7509259265625 0.7796875 0.896296296875 0.840625 0.934259259375 0.853125 0.9351851859375 0.8552083328125001 0.8824074078124999
1 0.5885416671875 0.7814814812499999 0.6010416671875001 0.6638888890625 0.6041666671875 0.621296296875 0.6026041671875 0.6129629624999999 0.5802083328125 0.6101851859375 0.5697916671875001 0.6175925921875 0.5609375 0.6296296296875 0.55 0.7351851859375 0.5515625 0.7379629624999999 0.55 0.7629629625 0.5807291671875 0.7814814812499999 0.5885416671875 0.7814814812499999
1 0.3869791671875 0.571296296875 0.378125 0.5305555562500001 0.3723958328125 0.5175925921875 0.36666666718749996 0.5333333328125 0.3604166671875 0.6268518515625 0.35989583281250004 0.65 0.3885416671875 0.665740740625 0.390625 0.6148148140624999 0.3869791671875 0.571296296875
1 0 0.9990740734375001 0.1776041671875 0.9990740734375001 0.1786458328125 0.99351851875 0.1708333328125 0.9740740734375001 0.1541666671875 0.9546296296874999 0.103125 0.9129629625 0.0901041671875 0.9138888890624999 0.075 0.922222221875 0.0125 0.9703703703125001 0.010416667187500001 0.9824074078124999 0.0041666671875 0.9925925921875001 0 0.9898148140625 0 0.9990740734375001
1 0 0.9361111109375001 0.0135416671875 0.9370370375 0.075 0.8916666671875 0.09895833281250001 0.8879629625 0.0984375 0.884259259375 0.1067708328125 0.8740740734375001 0.11510416718750001 0.875 0.11927083281249999 0.8675925921875001 0.1171875 0.8490740734375001 0.0994791671875 0.8175925921875 0.0791666671875 0.803703703125 0.0765625 0.797222221875 0.0479166671875 0.7879629625 0.017708332812499998 0.8009259265625 0 0.8111111109375001 0 0.9361111109375001
1 0.7145833328125 0.372222221875 0.7020833328125 0.3759259265625 0.7005208328125 0.41944444374999995 0.7166666671875 0.4268518515625 0.721875 0.3768518515625 0.7145833328125 0.372222221875
1 0.2541666671875 0.56851851875 0.25625 0.5555555562500001 0.2604166671875 0.46851851875 0.25052083281250004 0.45555555625000005 0.2322916671875 0.44907407343749994 0.2296875 0.5046296296875 0.228125 0.56851851875 0.23541666718749998 0.577777778125 0.24739583281250002 0.5768518515625 0.2541666671875 0.56851851875