8 0.15546875 0.85078125 0.0609375 0.0671875
8 0.20390625 0.4765625 0.046875 0.0578125
8 0.24375 0.265625 0.03984375 0.03828125
8 0.7 0.26484375 0.02421875 0.04609375
8 0.7515625 0.45234375 0.02734375 0.03828125
7 0.140625 0.21953125 0.06796875 0.2953125
7 0.06484375 0.45703125 0.08984375 0.3546875
7 0.025 0.8078125 0.05 0.38125
7 0.79375 0.79765625 0.11953125 0.4015625
7 0.696875 0.47890625 0.08125 0.27109375
7 0.659375 0.2234375 0.03984375 0.26640625
1 0.34140625 0.38828125 0.1453125 0.28984375
1 0.3140625 0.66328125 0.17109375 0.3234375
1 0.303125 0.90546875 0.20390625 0.1890625
1 0.8625 0.396875 0.16328125 0.26328125
1 0.91796875 0.5953125 0.16328125 0.28828125
1 0.95078125 0.91875 0.09609375 0.16171875