2 0 0.525 0.0026041671875 0.527777778125 0.0098958328125 0.578703703125 0.0307291671875 0.6851851859375 0.0322916671875 0.70555555625 0.0359375 0.715740740625 0.0458333328125 0.7787037031249999 0.0489583328125 0.7814814812499999 0.060416667187499995 0.7759259265625 0.0739583328125 0.7638888890625 0.0744791671875 0.75555555625 0.08125 0.7490740734375 0.090625 0.7509259265625 0.1041666671875 0.7398148140624999 0.1041666671875 0.7240740734375 0.0921875 0.6333333328124999 0.0828125 0.56851851875 0.07864583281250001 0.5518518515624999 0.04375 0.5 0.029166667187500002 0.5018518515625 0.0052083328125 0.5138888890625 0 0.51944444375 0 0.525
2 0.2859375 0.459259259375 0.2911458328125 0.5287037031249999 0.2979166671875 0.5611111109375 0.3015625 0.565740740625 0.3098958328125 0.5629629625 0.3114583328125 0.5601851859375 0.3114583328125 0.5324074078125001 0.303125 0.42222222187499997 0.2989583328125 0.403703703125 0.2911458328125 0.396296296875 0.28177083281250004 0.4 0.28072916718749996 0.4046296296875 0.2776041671875 0.40555555625000006 0.2765625 0.40833333281249995 0.2796875 0.4148148140625 0.278125 0.41944444374999995 0.2859375 0.459259259375
7 0.0557291671875 0 0.06770833281250001 0.0953703703125 0.078125 0.09629629687499999 0.1109375 0.0870370375 0.1140625 0.08425925937499999 0.1130208328125 0.078703703125 0.11510416718750001 0.0740740734375 0.11927083281249999 0.0759259265625 0.1223958328125 0.071296296875 0.13420156249999998 0.065740740625 0.14010416718750002 0.065740740625 0.14895833281249998 0.08333333281250001 0.1578125 0.08425925937499999 0.1604166671875 0.07685185156249999 0.1604166671875 0.0666666671875 0.1536458328125 0 0.0557291671875 0
7 0.2 0 0.20572916718749998 0.06944444375 0.2109375 0.072222221875 0.2390625 0.0638888890625 0.246875 0.0509259265625 0.2765625 0.040740740625 0.27395833281250004 0 0.2 0
7 0.24583333281250003 0.1453703703125 0.2484375 0.15925925937500002 0.25052083281250004 0.20555555625 0.2526041671875 0.21111111093749999 0.25729166718749996 0.21296296250000002 0.2791666671875 0.2009259265625 0.2838541671875 0.22777777812500002 0.29375 0.23611111093749998 0.31302083281250004 0.24351851875000002 0.3322916671875 0.23611111093749998 0.3494791671875 0.22407407343750002 0.334375 0.21944444375 0.3401041671875 0.171296296875 0.35625 0.1648148140625 0.3552083328125 0.04444444375 0.353125 0.0240740734375 0.2578125 0.048148148437499996 0.24375 0.055555556250000006 0.24114583281250002 0.0638888890625 0.24114583281250002 0.07962962968750001 0.2453125 0.0953703703125 0.24583333281250003 0.1453703703125
7 0 0.32777777812500003 0.014583332812499999 0.322222221875 0.0197916671875 0.3148148140625 0.025520832812499998 0.31759259218749997 0.0333333328125 0.3138888890625 0.0463541671875 0.3379629625 0.0447916671875 0.3416666671875 0.0484375 0.35 0.0713541671875 0.36944444375 0.0880208328125 0.36759259218749996 0.1234375 0.3490740734375 0.1427083328125 0.3333333328125 0.14010416718750002 0.325 0.12291666718750001 0.3148148140625 0.128125 0.26944444375 0.1375 0.2638888890625 0.1505208328125 0.2638888890625 0.1552083328125 0.259259259375 0.1494791671875 0.1759259265625 0.1442708328125 0.1458333328125 0.1442708328125 0.1148148140625 0.14114583281249998 0.1 0.14114583281249998 0.09444444375 0.1442708328125 0.09074074062500001 0.1427083328125 0.08796296249999999 0.1223958328125 0.0870370375 0.009375 0.1166666671875 0 0.12129629687500001 0 0.32777777812500003
7 0.4057291671875 0 0.3947916671875 0.00555555625 0.3973958328125 0.13888888906250002 0.4015625 0.140740740625 0.4135416671875 0.1351851859375 0.4145833328125 0.15370370312499998 0.4166666671875 0.1574074078125 0.44166666718750003 0.165740740625 0.4583333328125 0.1629629625 0.47552083281249996 0.1518518515625 0.4765625 0.1490740734375 0.47291666718750003 0.14444444375 0.4515625 0.1379629625 0.4505208328125 0.13055555624999998 0.4505208328125 0.1175925921875 0.4713541671875 0.1074074078125 0.4734375 0.102777778125 0.4739583328125 0 0.4057291671875 0
7 0.5921875 0.5324074078125001 0.6130208328125 0.553703703125 0.6729166671875 0.5935185187500001 0.6786458328125 0.5925925921874999 0.6973958328125 0.578703703125 0.7192708328124999 0.54444444375 0.7213541671875 0.5268518515625 0.7135416671875 0.5083333328124999 0.6731770828125 0.4888888890625 0.6682291671875 0.4768518515625 0.6682291671875 0.4379629625 0.6802083328124999 0.42129629687500003 0.684375 0.41944444374999995 0.696875 0.3981481484375 0.70625 0.3518518515625 0.7088541671875 0.32777777812500003 0.7145833328125 0.30740740781250003 0.7177083328125 0.2546296296875 0.7114583328124999 0.2379629625 0.7125 0.222222221875 0.7057291671875 0.21574074062499998 0.7005208328125 0.2175925921875 0.6953125 0.21111111093749999 0.665625 0.2203703703125 0.5994791671875 0.27870370312500004 0.5895833328125 0.36851851875 0.5734375 0.5333333328125 0.5760416671875 0.54351851875 0.5802083328125 0.5453703703125 0.5921875 0.5324074078125001
7 0.7390625 0.41111111093749997 0.7770833328125 0.427777778125 0.7854166671875 0.427777778125 0.7984375 0.41944444374999995 0.8125 0.3990740734375 0.8145833328125001 0.3898148140625 0.8140625 0.377777778125 0.8041666671875 0.36666666718749996 0.7713541671875 0.35925925937500003 0.76875 0.3509259265625 0.7708333328125 0.3120370375 0.7833333328125 0.29351851875 0.7911458328125 0.2648148140625 0.8015625 0.1648148140625 0.8020833328125001 0.15370370312499998 0.7989583328125 0.13981481406250001 0.803125 0.09444444375 0.7973958328124999 0.0916666671875 0.7817708328124999 0.1046296296875 0.728125 0.15370370312499998 0.7239583328125 0.15925925937500002 0.7223958328125 0.1666666671875 0.7151041671875 0.3129629625 0.7067708328125 0.3768518515625 0.7072916671875 0.3898148140625 0.7390625 0.41111111093749997
7 0.890625 0.2666666671875 0.90625 0.2638888890625 0.9177083328125001 0.24722222187499998 0.9171875 0.240740740625 0.9083333328125001 0.2296296296875 0.9083333328125001 0.22314814843750003 0.9041666671874999 0.21944444375 0.9010416671874999 0.22685185156249998 0.89375 0.22685185156249998 0.878125 0.221296296875 0.8822916671875 0.184259259375 0.8885416671874999 0.1703703703125 0.8947916671874999 0.147222221875 0.90625 0.06944444375 0.9067708328125 0.059259259375 0.903125 0.046296296875 0.90625 0.013888889062500001 0.903125 0.0120370375 0.8963541671874999 0.0166666671875 0.8682291671875 0.04444444375 0.859375 0.059259259375 0.8380208328125001 0.2259259265625 0.8296875 0.24722222187499998 0.8473958328125001 0.25555555625 0.890625 0.2666666671875
1 0.1541666671875 0.5648148140625 0.15677083281249998 0.5666666671875 0.1588541671875 0.5768518515625 0.1619791671875 0.6129629624999999 0.1661458328125 0.6175925921875 0.16458333281249998 0.622222221875 0.1651041671875 0.6379629625 0.1739583328125 0.6611111109375 0.1770833328125 0.6898148140625 0.1885416671875 0.73148148125 0.2010416671875 0.7481481484375 0.2026041671875 0.75555555625 0.1989583328125 0.7675925921875 0.196875 0.7898148140625 0.190625 0.9416666671874999 0.19479166718750002 0.9453703703125 0.2015625 0.9388888890624999 0.20572916718749998 0.8444444437499999 0.21197916718749998 0.83148148125 0.2911458328125 0.8953703703125001 0.2984375 0.896296296875 0.30416666718749996 0.909259259375 0.3072916671875 0.9740740734375001 0.3104166671875 0.9990740734375001 0.3213541671875 0.9990740734375001 0.3125 0.86944444375 0.3083333328125 0.8379629625 0.3015625 0.8148148140625 0.30416666718749996 0.8046296296875 0.3234375 0.8009259265625 0.32083333281250004 0.759259259375 0.3182291671875 0.7509259265625 0.3088541671875 0.7490740734375 0.2838541671875 0.73148148125 0.26875 0.734259259375 0.2645833328125 0.7453703703125 0.2520833328125 0.747222221875 0.246875 0.7296296296875 0.2442708328125 0.6990740734374999 0.2515625 0.6888888890625 0.2671875 0.678703703125 0.2770833328125 0.6648148140625 0.2890625 0.6555555562500001 0.30625 0.634259259375 0.3453125 0.5953703703125 0.3223958328125 0.58148148125 0.31197916718749996 0.58148148125 0.303125 0.5870370375 0.29739583281250004 0.58148148125 0.2927083328125 0.5629629625 0.2947916671875 0.5611111109375 0.2947916671875 0.5546296296875 0.2927083328125 0.55 0.28854166718749996 0.490740740625 0.2802083328125 0.427777778125 0.2708333328125 0.40092592656250003 0.2682291671875 0.38055555625 0.2598958328125 0.3574074078125 0.2510416671875 0.3416666671875 0.2359375 0.32777777812500003 0.22552083281250002 0.3231481484375 0.20833333281250002 0.322222221875 0.190625 0.33148148125 0.175 0.34629629687499996 0.15625 0.38333333281250004 0.1473958328125 0.42222222187499997 0.14375 0.44907407343749994 0.1432291671875 0.4888888890625 0.1453125 0.5129629625 0.1510416671875 0.5351851859375001 0.1541666671875 0.5648148140625
1 0.35885416718749996 0.3240740734375 0.3567708328125 0.3620370375 0.35989583281250004 0.375 0.3807291671875 0.5601851859375 0.390625 0.5509259265625001 0.3916666671875 0.5324074078125001 0.3942708328125 0.5259259265625 0.39895833281250004 0.525 0.40729166718750004 0.5314814812499999 0.4125 0.5314814812499999 0.47864583281249995 0.4675925921875 0.4828125 0.465740740625 0.4859375 0.475 0.490625 0.47407407343749997 0.4973958328125 0.465740740625 0.4994791671875 0.45370370312499997 0.5166666671875 0.43518518593750005 0.5166666671875 0.4296296296875 0.4916666671875 0.4129629625 0.47864583281249995 0.41018518593750003 0.47083333281249995 0.41018518593750003 0.4635416671875 0.415740740625 0.4578125 0.4129629625 0.4536458328125 0.3583333328125 0.4536458328125 0.3166666671875 0.44739583281249995 0.25555555625 0.4380208328125 0.2259259265625 0.4244791671875 0.2 0.40989583281249997 0.190740740625 0.3994791671875 0.190740740625 0.3895833328125 0.196296296875 0.38125 0.2046296296875 0.371875 0.221296296875 0.36666666718749996 0.23333333281250002 0.3619791671875 0.2546296296875 0.35885416718749996 0.2851851859375 0.3536458328125 0.3101851859375 0.3567708328125 0.3138888890625 0.35885416718749996 0.3240740734375
1 0.6666666671875 0.2175925921875 0.6619791671875 0.17314814843749998 0.6510416671875 0.1453703703125 0.6442708328125 0.134259259375 0.6390625 0.13148148125 0.6265625 0.134259259375 0.6166666671875001 0.15 0.6098958328124999 0.17314814843749998 0.6041666671875 0.2148148140625 0.603125 0.25 0.6041666671875 0.26574074062499997 0.60625 0.2703703703125 0.6666666671875 0.2175925921875
1 0.15677083281249998 0.2416666671875 0.2046875 0.2203703703125 0.203125 0.2 0.196875 0.16944444375 0.1901041671875 0.146296296875 0.1828125 0.13333333281249998 0.1677083328125 0.11851851875 0.1583333328125 0.11851851875 0.1463541671875 0.1268518515625 0.1453125 0.15370370312499998 0.1484375 0.1601851859375 0.1515625 0.1833333328125 0.15677083281249998 0.2416666671875
1 0.9776041671875 0.6824074078125 0.96875 0.696296296875 0.9604166671875 0.7203703703125 0.9307291671875 0.85 0.91875 0.9472222218749999 0.9166666671874999 0.9990740734375001 0.9994791671875 0.9990740734375001 0.9994791671875 0.6833333328125 0.9776041671875 0.6824074078125