7 0.1890625 0.38671875 0.3328125 0.5796875
7 0.58125 0.16015625 0.1671875 0.3203125
7 0.05625 0.03984375 0.1125 0.0796875
7 0.79921875 0.0515625 0.08828125 0.10234375
8 0.86484375 0.4 0.065625 0.06484375
8 0.57734375 0.79921875 0.08203125 0.1109375
5 0.41953125 0.8984375 0.2140625 0.20234375
5 0.7375 0.54453125 0.1765625 0.303125
5 0.940625 0.2453125 0.10703125 0.19375
5 0.34453125 0.06484375 0.109375 0.06953125
5 0.0796875 0.20703125 0.159375 0.10234375
8 0.19765625 0.1390625 0.03828125 0.0375
8 0.42578125 0.0265625 0.0375 0.0375
1 0.43515625 0.16484375 0.1125 0.32109375
1 0.93203125 0.85859375 0.134375 0.28203125