7 0.45 0.91944444375 0.459375 0.9111111109375001 0.4614583328125 0.9055555562500001 0.4604166671875 0.8138888890624999 0.45729166718750003 0.8055555562500001 0.4578125 0.7666666671875 0.453125 0.734259259375 0.45208333281249996 0.559259259375 0.4505208328125 0.522222221875 0.44739583281249995 0.5175925921875 0.4380208328125 0.515740740625 0.4078125 0.525 0.365625 0.54351851875 0.2833333328125 0.5722222218749999 0.05625 0.6638888890625 0.0432291671875 0.66944444375 0.0385416671875 0.675 0.0385416671875 0.6944444437499999 0.0625 0.9990740734375001 0.3541666671875 0.9990740734375001 0.45 0.91944444375
7 0.6036458328125 0.7620370375000001 0.6041666671875 0.7666666671875 0.6171875 0.7851851859375001 0.63125 0.7851851859375001 0.665625 0.8138888890624999 0.6984375 0.8333333328125001 0.7130208328125 0.8296296296874999 0.7520833328125 0.7953703703125 0.7583333328124999 0.784259259375 0.7557291671875 0.7768518515625 0.7515625 0.775 0.7447916671875 0.7629629625 0.7359375 0.759259259375 0.7322916671875 0.75 0.725 0.7453703703125 0.7203125 0.746296296875 0.7166666671875 0.7361111109375 0.7119791671875 0.7379629624999999 0.7109375 0.7324074078125 0.7072916671875 0.7296296296875 0.7072916671875 0.7231481484375 0.7708333328125 0.675 0.7791666671875 0.665740740625 0.7796875 0.3953703703125 0.7671875 0.39351851875 0.75625 0.4 0.7046875 0.4148148140625 0.6197916671875 0.447222221875 0.6109375 0.45185185156249996 0.6083333328125 0.4583333328125 0.6119791671875 0.7194444437499999 0.6057291671875 0.7324074078125 0.609375 0.7453703703125 0.6036458328125 0.7620370375000001
7 0.5526041671875 0.43333333281249997 0.5557291671875 0.42222222187499997 0.5640625 0.4361111109375 0.5666666671875 0.43333333281249997 0.5729166671875 0.44166666718750003 0.5802083328125 0.44166666718750003 0.5859375 0.45185185156249996 0.596875 0.45 0.5994791671875 0.4546296296875 0.603125 0.427777778125 0.6140625 0.2824074078125 0.5171875 0.259259259375 0.5067708328125 0.3898148140625 0.50625 0.403703703125 0.5135416671875 0.41018518593750003 0.546875 0.4240740734375 0.5526041671875 0.43333333281249997
7 0.8234375 0.6074074078125 0.8484375 0.622222221875 0.9057291671875 0.64444444375 0.9208333328125 0.6425925921875 0.9390625 0.628703703125 0.9432291671874999 0.622222221875 0.9432291671874999 0.615740740625 0.9203125 0.5981481484375 0.9057291671875 0.5925925921874999 0.9005208328125001 0.5796296296875 0.9067708328125 0.571296296875 0.9473958328125001 0.546296296875 0.9526041671875 0.5388888890625 0.953125 0.3333333328125 0.9416666671874999 0.3333333328125 0.8557291671874999 0.3583333328125 0.85 0.3648148140625 0.8505208328125 0.565740740625 0.8338541671874999 0.5833333328125 0.8286458328125 0.5833333328125 0.8234375 0.6074074078125
4 0.7651041671875001 0.377777778125 0.7697916671875 0.3740740734375 0.7744791671875 0.36296296250000004 0.790625 0.0990740734375 0.790625 0.0731481484375 0.7864583328125 0.0574074078125 0.7734375 0.0351851859375 0.775 0.021296296875000002 0.7734375 0.019444443750000002 0.7630208328125 0.0203703703125 0.7583333328124999 0.039814814062499995 0.7427083328124999 0.061111110937500004 0.7364583328125 0.08333333281250001 0.7244791671875 0.325 0.7239583328125 0.3574074078125 0.7286458328125 0.372222221875 0.740625 0.3768518515625 0.7651041671875001 0.377777778125
4 0.65625 0.2370370375 0.6557291671875001 0.272222221875 0.6536458328125 0.27870370312500004 0.6572916671875 0.2824074078125 0.6578125 0.2870370375 0.6973958328125 0.28796296250000003 0.7052083328125 0.221296296875 0.7026041671875001 0.2046296296875 0.7046875 0.19351851874999998 0.7083333328125 0.1111111109375 0.7067708328125 0.0916666671875 0.7083333328125 0.071296296875 0.70625 0.060185185937499996 0.6958333328124999 0.05 0.6942708328125 0.039814814062499995 0.6885416671875 0.0351851859375 0.665625 0.060185185937499996 0.6619791671875 0.071296296875 0.6588541671875 0.09074074062500001 0.6598958328125 0.0953703703125 0.6572916671875 0.0990740734375 0.6572916671875 0.20740740781250003 0.6536458328125 0.21944444375 0.6489583328124999 0.22407407343750002 0.65625 0.2370370375
2 0.5640625 0.6555555562500001 0.55625 0.6555555562500001 0.5328125 0.6703703703125 0.5296875 0.6796296296875 0.53125 0.7703703703125 0.540625 0.7675925921875 0.5630208328124999 0.7518518515625 0.5640625 0.6555555562500001
5 0.4583333328125 0.5268518515625 0.5166666671875 0.5629629625 0.5369791671875 0.5574074078125 0.5479166671875 0.54444444375 0.44427083281249996 0.48425925937500003 0.42395833281249995 0.47592592656250005 0.42395833281249995 0.50555555625 0.434375 0.5120370375000001 0.4458333328125 0.5129629625 0.4583333328125 0.5268518515625
8 0.5651041671875 0.5648148140625 0.5598958328125 0.5583333328125 0.5515625 0.5546296296875 0.5447916671875 0.55648148125 0.5411458328125 0.5620370375 0.540625 0.5722222218749999 0.54375 0.5796296296875 0.5645833328125 0.5796296296875 0.5651041671875 0.5648148140625
5 0.9401041671874999 0.9370370375 0.9354166671874999 0.9388888890624999 0.8901041671875 0.9925925921875001 0.8869791671874999 0.9990740734375001 0.9994791671875 0.9990740734375001 0.9994791671875 0.9916666671875 0.9401041671874999 0.9370370375
8 0.9994791671875 0.9231481484374999 0.9911458328125 0.9240740734375 0.9838541671875 0.93148148125 0.984375 0.9490740734375 0.9895833328125001 0.9583333328125001 0.9994791671875 0.9675925921875 0.9994791671875 0.9231481484374999