7 0.5260416671875 0.3296296296875 0.5359375 0.340740740625 0.5432291671875 0.3416666671875 0.5463541671875001 0.3361111109375 0.5520833328125 0.3398148140625 0.5541666671875001 0.32685185156249996 0.5614583328125 0.321296296875 0.5692708328125 0.33703703749999997 0.5677083328125 0.353703703125 0.571875 0.3638888890625 0.5708333328124999 0.39074074062499997 0.5255208328125 0.42870370312499995 0.5213541671875 0.43518518593750005 0.5213541671875 0.44444444375 0.5161458328124999 0.4509259265625 0.5192708328125 0.4583333328125 0.5291666671875 0.47222222187499996 0.5640625 0.4981481484375 0.575 0.503703703125 0.5869791671875 0.4990740734375 0.590625 0.5074074078125 0.6 0.509259259375 0.6119791671875 0.4981481484375 0.6265625 0.477777778125 0.6421875 0.44907407343749994 0.6463541671875 0.4388888890625 0.6458333328125 0.434259259375 0.6520833328125 0.40833333281249995 0.665625 0.41111111093749997 0.671875 0.41944444374999995 0.6989583328125 0.4361111109375 0.7052083328125 0.434259259375 0.7078125 0.409259259375 0.7119791671875 0.197222221875 0.7145833328125 0.165740740625 0.7130208328125 0.1611111109375 0.6901041671875 0.1453703703125 0.5875 0.1111111109375 0.5765625 0.1111111109375 0.5010416671875 0.0824074078125 0.4927083328125 0.08425925937499999 0.4921875 0.10648148125000001 0.5088541671875 0.3231481484375 0.5182291671875 0.3296296296875 0.5260416671875 0.3296296296875
7 0.3046875 0.21296296250000002 0.3098958328125 0.25833333281250004 0.2947916671875 0.26851851875 0.2864583328125 0.26574074062499997 0.2713541671875 0.290740740625 0.2703125 0.29814814843750004 0.275 0.290740740625 0.28072916718749996 0.302777778125 0.30625 0.325 0.3223958328125 0.325 0.3489583328125 0.30555555624999997 0.3765625 0.27777777812500004 0.3791666671875 0.272222221875 0.37552083281250004 0.26574074062499997 0.3770833328125 0.25648148125 0.39114583281250004 0.2648148140625 0.39791666718749996 0.2629629625 0.3984375 0.253703703125 0.3692708328125 0.0490740734375 0.2515625 0 0.24895833281250002 0.0101851859375 0.2833333328125 0.1898148140625 0.2875 0.197222221875 0.3046875 0.21296296250000002
7 0.934375 0.5694444437499999 0.9385416671875 0.578703703125 0.9552083328125001 0.5898148140624999 0.9677083328125 0.5870370375 0.9708333328125001 0.5953703703125 0.9755208328125 0.597222221875 0.9765625 0.6083333328125 0.9734375 0.6166666671875001 0.9682291671875 0.6203703703125 0.9625 0.65 0.9609375 0.6611111109375 0.9630208328125001 0.678703703125 0.9619791671875 0.6870370375 0.9526041671875 0.7185185187500001 0.946875 0.73055555625 0.9432291671874999 0.747222221875 0.9385416671875 0.75555555625 0.9484375 0.759259259375 0.9760416671875 0.7879629625 0.9994791671875 0.8046296296875 0.9994791671875 0.63148148125 0.9942708328125001 0.63055555625 0.9927083328125 0.60648148125 0.9994791671875 0.60555555625 0.9994791671875 0.2509259265625 0.9572916671874999 0.240740740625 0.9322916671874999 0.23055555625 0.921875 0.23333333281250002 0.9145833328125 0.2629629625 0.8994791671875 0.4 0.884375 0.546296296875 0.8921875 0.5546296296875 0.9161458328125001 0.5666666671875 0.934375 0.5694444437499999
7 0.8307291671874999 0 0.8291666671875 0.015740740625 0.8270833328125 0.0175925921875 0.8302083328125001 0.025 0.8390625 0.0296296296875 0.8536458328125001 0.0240740734375 0.8583333328125 0.0324074078125 0.8661458328125 0.0333333328125 0.8739583328125 0.028703703125 0.8729166671874999 0.0148148140625 0.8864583328125001 0.0111111109375 0.8927083328125001 0.0120370375 0.8953125 0.021296296875000002 0.8953125 0.040740740625 0.9619791671875 0.053703703125 0.9671875 0.052777778124999994 0.9682291671875 0.045370370312500005 0.9723958328125001 0.0416666671875 0.9994791671875 0.048148148437499996 0.9994791671875 0 0.8307291671874999 0
1 0.12291666718750001 0.6046296296875 0.12291666718750001 0.6101851859375 0.1260416671875 0.6138888890625 0.1270833328125 0.6268518515625 0.1203125 0.6398148140625 0.1109375 0.6453703703125 0.1088541671875 0.6546296296875 0.1109375 0.6629629625 0.121875 0.68148148125 0.1223958328125 0.6888888890625 0.140625 0.75 0.1421875 0.7629629625 0.15 0.772222221875 0.1625 0.7759259265625 0.1651041671875 0.7703703703125 0.2921875 0.6666666671875 0.29739583281250004 0.672222221875 0.3005208328125 0.6703703703125 0.2979166671875 0.6638888890625 0.2947916671875 0.625 0.2822916671875 0.625 0.2791666671875 0.5962962968750001 0.28125 0.5916666671875 0.2796875 0.5796296296875 0.2760416671875 0.5731481484375001 0.2723958328125 0.5546296296875 0.2604166671875 0.5305555562500001 0.2541666671875 0.5231481484375 0.253125 0.5175925921875 0.25833333281250004 0.5138888890625 0.2598958328125 0.5083333328124999 0.2640625 0.5074074078125 0.2671875 0.5 0.27291666718749996 0.497222221875 0.27395833281250004 0.48981481406249994 0.2713541671875 0.44444444375 0.27291666718749996 0.43518518593750005 0.2708333328125 0.42592592656250006 0.271875 0.4166666671875 0.2677083328125 0.4129629625 0.2677083328125 0.40648148125 0.271875 0.40277777812500004 0.2723958328125 0.3861111109375 0.2713541671875 0.38055555625 0.2666666671875 0.3768518515625 0.2635416671875 0.3611111109375 0.2588541671875 0.352777778125 0.2515625 0.3509259265625 0.2348958328125 0.3611111109375 0.2140625 0.38055555625 0.1302083328125 0.43518518593750005 0.121875 0.447222221875 0.11822916718750001 0.4620370375 0.11875 0.4768518515625 0.11041666718750001 0.48981481406249994 0.11927083281249999 0.546296296875 0.0973958328125 0.56851851875 0.1109375 0.5916666671875 0.12291666718750001 0.6046296296875
1 0.8072916671874999 0.26851851875 0.8140625 0.2740740734375 0.8377604171874999 0.2740740734375 0.8432291671875 0.2824074078125 0.8411458328125001 0.3083333328125 0.8416666671874999 0.315740740625 0.84375 0.31759259218749997 0.8453125 0.31759259218749997 0.8484375 0.29907407343750003 0.85625 0.2796296296875 0.8609375 0.28611111093749997 0.8651041671874999 0.284259259375 0.8723958328125001 0.2898148140625 0.8770833328125001 0.2888888890625 0.8979166671875 0.303703703125 0.9026041671874999 0.3101851859375 0.9067708328125 0.309259259375 0.9119791671874999 0.29814814843750004 0.9151041671875 0.25740740781250004 0.9192708328125001 0.2370370375 0.9317708328125001 0.22777777812500002 0.9380208328125 0.22870370312500002 0.9458333328125 0.2148148140625 0.9484375 0.1546296296875 0.9395833328125001 0.1120370375 0.9203125 0.075 0.9072916671875 0.0629629625 0.8947916671874999 0.0574074078125 0.8927083328125001 0.047222221875 0.8866817703125 0.053703703125 0.8692708328125001 0.053703703125 0.8369791671875 0.077777778125 0.8234375 0.102777778125 0.8119791671875 0.1361111109375 0.8052083328125 0.16944444375 0.7979166671875 0.234259259375 0.790625 0.26574074062499997 0.790625 0.272222221875 0.7958333328125 0.271296296875 0.8020833328125001 0.2759259265625 0.8072916671874999 0.26851851875
1 0.8916666671875 0.440740740625 0.8963541671874999 0.42870370312499995 0.9015625 0.3851851859375 0.9005208328125001 0.377777778125 0.8979166671875 0.375 0.8765625 0.36666666718749996 0.8453125 0.3481481484375 0.8411458328125001 0.3425925921875 0.8302083328125001 0.3398148140625 0.8182291671874999 0.3296296296875 0.7869791671875 0.3129629625 0.7744791671875 0.3166666671875 0.7567708328125 0.3351851859375 0.7421875 0.34444444375 0.7354166671875 0.35555555625 0.7364583328125 0.3611111109375 0.7416666671875001 0.3648148140625 0.8875 0.44259259218749997 0.8916666671875 0.440740740625
1 0.6432291671875 0 0.6307291671875 0.009259259374999999 0.6166666671875001 0.039814814062499995 0.609375 0.0731481484375 0.6052083328125 0.102777778125 0.6078125 0.11574074062499999 0.684375 0.1425925921875 0.6958333328124999 0.14444444375 0.6989583328125 0.13888888906250002 0.7 0.09444444375 0.696875 0.0638888890625 0.6864583328125 0.0240740734375 0.671875 0 0.6432291671875 0
5 0 0.9444444437499999 0.0364583328125 0.9074074078125 0.0411458328125 0.8981481484374999 0.0385416671875 0.8851851859375 0.0015625 0.79351851875 0 0.79351851875 0 0.9444444437499999
8 0.0875 0.8231481484375 0.0916666671875 0.827777778125 0.103125 0.827777778125 0.115625 0.81851851875 0.12291666718750001 0.8074074078125 0.1244791671875 0.790740740625 0.11875 0.759259259375 0.1109375 0.7379629624999999 0.10052083281249999 0.7351851859375 0.08072916718749999 0.75 0.07552083281250001 0.759259259375 0.07552083281250001 0.76944444375 0.08333333281250001 0.8138888890624999 0.0875 0.8231481484375
2 0.2822916671875 0.5287037031249999 0.2848958328125 0.5388888890625 0.2838541671875 0.553703703125 0.2859375 0.5740740734374999 0.290625 0.5870370375 0.3026041671875 0.5935185187500001 0.30416666718749996 0.590740740625 0.3114583328125 0.5916666671875 0.3177083328125 0.6101851859375 0.3213541671875 0.609259259375 0.35 0.5796296296875 0.3494791671875 0.5638888890625 0.3427083328125 0.5379629625 0.34427083281250004 0.527777778125 0.353125 0.5166666671875 0.35 0.5018518515625 0.3260416671875 0.41851851875 0.3072916671875 0.40277777812500004 0.30416666718749996 0.4074074078125 0.2994791671875 0.403703703125 0.2984375 0.3990740734375 0.2864583328125 0.40092592656250003 0.2765625 0.40833333281249995 0.2755208328125 0.41203703750000004 0.278125 0.4296296296875 0.2760416671875 0.4453703703125 0.2822916671875 0.5287037031249999
2 0.3567708328125 0.50648148125 0.3614583328125 0.509259259375 0.3817708328125 0.48981481406249994 0.3807291671875 0.46944444374999994 0.3375 0.43055555625 0.3401041671875 0.45 0.3447916671875 0.4675925921875 0.3494791671875 0.475 0.3567708328125 0.50648148125
2 0.440625 0.65 0.4348958328125 0.6537037031249999 0.44361979218750003 0.6555555562500001 0.44739583281249995 0.6601851859375001 0.4505208328125 0.684259259375 0.4447916671875 0.696296296875 0.44375 0.7046296296875 0.4453125 0.7351851859375 0.4479166671875 0.7453703703125 0.4453125 0.7509259265625 0.44635416718750004 0.7787037031249999 0.45416666718750004 0.790740740625 0.4640625 0.79444444375 0.47083333281249995 0.803703703125 0.47291666718750003 0.8138888890624999 0.4838541671875 0.8268518515625001 0.49375 0.8361111109375001 0.49895833281249996 0.8333333328125001 0.503125 0.8203703703125 0.50625 0.8175925921875 0.50625 0.8101851859375 0.509375 0.8009259265625 0.521875 0.7925925921875 0.5260416671875 0.79444444375 0.5536458328125 0.7574074078125 0.5682291671875 0.7324074078125 0.5692708328125 0.66851851875 0.5677083328125 0.6574074078125001 0.5635416671875 0.6509259265625 0.5604166671875 0.6379629625 0.5505208328125 0.622222221875 0.5453125 0.6046296296875 0.540625 0.602777778125 0.5385416671875001 0.60555555625 0.5307291671875001 0.590740740625 0.47552083281249996 0.54444444375 0.4661458328125 0.5481481484375 0.45729166718750003 0.5611111109375 0.4380208328125 0.58055555625 0.4359375 0.5870370375 0.4375 0.6268518515625 0.43958333281249995 0.6370370375000001 0.44322916718750005 0.640740740625 0.440625 0.65
2 0.7541666671875 0.977777778125 0.75625 0.9833333328125 0.7526041671875 0.99351851875 0.7541666671875 0.9990740734375001 0.8359375 0.9990740734375001 0.8380208328125001 0.99444444375 0.8421875 0.99444444375 0.8401041671874999 0.9888888890624999 0.840625 0.9759259265625 0.8453125 0.9703703703125001 0.8458333328125001 0.9620370375 0.8354166671875 0.9453703703125 0.8286458328125 0.9425925921875 0.8197916671875 0.9305555562500001 0.8135416671875 0.9296296296875 0.7885416671875001 0.9037037031249999 0.7869791671875 0.8990740734375 0.7822916671875 0.9 0.7755208328125 0.89444444375 0.771875 0.884259259375 0.7640625 0.88148148125 0.7630208328125 0.8768518515625001 0.7536458328125 0.8740740734375001 0.7505208328124999 0.8796296296874999 0.7479166671875 0.8925925921875001 0.7479166671875 0.928703703125 0.7567708328125 0.959259259375 0.7541666671875 0.977777778125
2 0.7526041671875 0.33888888906250003 0.7729166671875001 0.31759259218749997 0.7817708328124999 0.3129629625 0.7833333328125 0.29722222187499997 0.7875 0.284259259375 0.7895833328124999 0.25833333281250004 0.7947916671875 0.24351851875000002 0.7890625 0.23611111093749998 0.76875 0.2296296296875 0.7614583328125 0.222222221875 0.7546875 0.22685185156249998 0.7473958328125 0.2370370375 0.7458333328125 0.26574074062499997 0.7411458328125 0.29814814843750004 0.74375 0.31851851875000003 0.7416666671875001 0.321296296875 0.7401041671875 0.34444444375 0.7526041671875 0.33888888906250003