7 0.5239583328124999 0.3453703703125 0.571875 0.36944444375 0.571875 0.3731481484375 0.559375 0.384259259375 0.5494791671875 0.3981481484375 0.546875 0.403703703125 0.5484375 0.41111111093749997 0.5802083328125 0.427777778125 0.5911458328125 0.4296296296875 0.6177083328124999 0.41203703750000004 0.6296875 0.4 0.6421875 0.397222221875 0.6421875 0.39074074062499997 0.6463541671875 0.3851851859375 0.6557291671875001 0.22870370312500002 0.6541666671875 0.222222221875 0.6270833328125 0.2166666671875 0.6052083328125 0.20555555625 0.5291666671875 0.18055555625 0.5234375 0.1888888890625 0.5244791671875 0.2731481484375 0.5223958328125 0.31851851875000003 0.5192708328125 0.33703703749999997 0.5239583328124999 0.3453703703125
7 0.665625 0.4129629625 0.71875 0.44166666718750003 0.71875 0.4481481484375 0.703125 0.46944444374999994 0.6958333328124999 0.48518518593750004 0.6958333328124999 0.48981481406249994 0.7203125 0.50648148125 0.7473958328125 0.51944444375 0.7614583328125 0.5138888890625 0.79375 0.48148148125 0.8130208328125 0.490740740625 0.8208333328125 0.48981481406249994 0.8276041671875 0.45555555625000005 0.8421875 0.3398148140625 0.8494791671874999 0.322222221875 0.8484375 0.3166666671875 0.8515625 0.30555555624999997 0.85 0.28796296250000003 0.7677083328125 0.25648148125 0.6848958328125 0.23055555625 0.6802083328124999 0.23240740781250002 0.6791666671875001 0.24814814843750002 0.6739583328125 0.2629629625 0.6744791671875 0.30740740781250003 0.671875 0.3148148140625 0.6619791671875 0.4074074078125 0.665625 0.4129629625
7 0.3973958328125 0.28611111093749997 0.38333333281250004 0.29907407343750003 0.3765625 0.3101851859375 0.39375 0.322222221875 0.409375 0.325 0.44739583281249995 0.3018518515625 0.44739583281249995 0.15277777812499999 0.3859375 0.13055555624999998 0.35625 0.12407407343750002 0.359375 0.259259259375 0.3614583328125 0.2629629625 0.3958333328125 0.2768518515625 0.3973958328125 0.28611111093749997
7 0.7661458328124999 0.1851851859375 0.7677083328125 0.19351851874999998 0.7619791671875 0.2009259265625 0.759375 0.20740740781250003 0.7598958328125 0.21203703749999997 0.7973958328124999 0.2203703703125 0.8098958328125001 0.21203703749999997 0.8223958328125001 0.1925925921875 0.8328125 0.196296296875 0.8375 0.19351851874999998 0.8416666671874999 0.13888888906250002 0.8505208328125 0.072222221875 0.8494791671874999 0.0675925921875 0.7520833328125 0.052777778124999994 0.7458333328125 0.05648148125 0.7432291671875 0.0648148140625 0.7369791671875 0.15 0.7333333328125 0.16944444375 0.7375 0.175 0.7661458328124999 0.1851851859375
7 0.6161458328125 0.15555555625 0.6078125 0.1611111109375 0.6026041671875 0.16944444375 0.6046875 0.17314814843749998 0.6322916671875001 0.178703703125 0.6526041671875 0.1675925921875 0.6520833328125 0.1601851859375 0.6541666671875 0.15555555625 0.6578125 0.1583333328125 0.6697916671875 0.1574074078125 0.675 0.15370370312499998 0.6755208328125 0.1453703703125 0.6708333328125 0.13148148125 0.6760416671875 0.11388888906250001 0.6734375 0.1129629625 0.6708333328125 0.09629629687499999 0.6708333328125 0.0638888890625 0.6723958328124999 0.058333332812500006 0.6703125 0.045370370312500005 0.6036458328125 0.030555556249999997 0.590625 0.030555556249999997 0.5885416671875 0.0333333328125 0.5875 0.051851851562499995 0.584375 0.134259259375 0.5880208328125 0.13888888906250002 0.6166666671875001 0.1490740734375 0.6161458328125 0.15555555625
7 0.9625 0.23148148124999998 0.9619791671875 0.24722222187499998 0.9583333328125001 0.2638888890625 0.9994791671875 0.2759259265625 0.9994791671875 0.0861111109375 0.9442708328125 0.07962962968750001 0.9276041671874999 0.1888888890625 0.9260416671874999 0.20555555625 0.9276041671874999 0.2166666671875 0.9609375 0.22685185156249998 0.9625 0.23148148124999998
7 0 0.9277777781250001 0.0166666671875 0.9601851859374999 0.0276041671875 0.9740740734375001 0.0364583328125 0.972222221875 0.0760416671875 0.940740740625 0.0796875 0.9416666671874999 0.08541666718749999 0.952777778125 0.0916666671875 0.9583333328125001 0.0979166671875 0.9518518515625001 0.0979166671875 0.921296296875 0.11145833281249999 0.9120370375 0.15 0.875 0.1520833328125 0.8675925921875001 0.15 0.852777778125 0.1546875 0.8453703703125001 0.1640625 0.8444444437499999 0.1609375 0.8435185187500001 0.090625 0.75555555625 0.08645833281250001 0.6870370375 0.078125 0.65 0.0020833328125000002 0.5379629625 0 0.5379629625 0 0.7814814812499999 0.0026041671875 0.7824074078125001 0.0296875 0.8388888890624999 0.0307291671875 0.8453703703125001 0 0.8796296296874999 0 0.9277777781250001
7 0.3260416671875 0.9898148140625 0.21614583281250002 0.8379629625 0.20989583281250002 0.8370370375 0.2015625 0.8462962968750001 0.2015625 0.8666666671875 0.2125 0.9990740734375001 0.328125 0.9990740734375001 0.3260416671875 0.9898148140625
5 0.3333333328125 0.46388888906250003 0.3526041671875 0.44351851875000003 0.3614583328125 0.4388888890625 0.3640625 0.4268518515625 0.3614583328125 0.42129629687500003 0.2791666671875 0.36944444375 0.2708333328125 0.372222221875 0.2567708328125 0.384259259375 0.2442708328125 0.4 0.24375 0.403703703125 0.253125 0.41203703750000004 0.3296875 0.46388888906250003 0.3333333328125 0.46388888906250003
5 0.5151041671875001 0.5981481484375 0.5203125 0.5953703703125 0.5380208328125 0.5694444437499999 0.5484375 0.5490740734374999 0.5453125 0.540740740625 0.4291666671875 0.46666666718750005 0.42395833281249995 0.4675925921875 0.3916666671875 0.50555555625 0.390625 0.509259259375 0.3932291671875 0.5138888890625 0.40052083281249995 0.5203703703125 0.5151041671875001 0.5981481484375
5 0.7984375 0.80648148125 0.8182291671874999 0.7638888890625 0.8270833328125 0.7361111109375 0.8260416671874999 0.7268518515625 0.7125 0.6564814812499999 0.6708333328125 0.6268518515625 0.6578125 0.621296296875 0.6473958328125 0.6083333328125 0.646875 0.603703703125 0.6369791671875 0.6101851859375 0.6260416671875 0.628703703125 0.621875 0.6416666671875 0.6078125 0.659259259375 0.6078125 0.66944444375 0.6098958328124999 0.671296296875 0.7671875 0.7870370375 0.7984375 0.80648148125
5 0.8744791671875 0.33703703749999997 0.8807291671874999 0.334259259375 0.9046875 0.334259259375 0.9307291671875 0.3509259265625 0.9552083328125001 0.38333333281250004 0.9921875 0.396296296875 0.9994791671875 0.3916666671875 0.9994791671875 0.3601851859375 0.8776041671874999 0.31944444375000003 0.8645833328125001 0.3203703703125 0.853125 0.3379629625 0.8510416671875 0.3453703703125 0.8572916671874999 0.34722222187499996 0.8734375 0.340740740625 0.8744791671875 0.33703703749999997
8 0.3864583328125 0.4574074078125 0.3875 0.45 0.3802083328125 0.44259259218749997 0.3734375 0.44259259218749997 0.3635416671875 0.44629629687500005 0.3567708328125 0.45648148125 0.3567708328125 0.47407407343749997 0.365625 0.4768518515625 0.3828125 0.46296296249999996 0.3864583328125 0.4574074078125
8 0.5869791671875 0.6 0.5875 0.5944444437499999 0.5848958328125 0.5879629625 0.5791666671875 0.584259259375 0.5682291671875 0.5851851859375 0.55625 0.5944444437499999 0.5510416671875 0.6101851859375 0.5520833328125 0.6240740734375 0.5651041671875 0.63148148125 0.5796875 0.6148148140624999 0.5869791671875 0.6
8 0.8901041671875 0.8675925921875001 0.89375 0.8583333328125 0.8953125 0.8425925921875 0.8958333328125001 0.8138888890624999 0.89375 0.8055555562500001 0.8807291671874999 0.79444444375 0.8677083328125 0.79444444375 0.8645833328125001 0.7981481484375 0.8625 0.8101851859375 0.8598958328125 0.8453703703125001 0.8609375 0.852777778125 0.884375 0.871296296875 0.8901041671875 0.8675925921875001
1 0.2130208328125 0.752777778125 0.2338541671875 0.8583333328125 0.2479166671875 0.88148148125 0.25625 0.88055555625 0.25625 0.8759259265624999 0.265625 0.8611111109375 0.2838541671875 0.884259259375 0.2942708328125 0.9 0.29635416718749996 0.9074074078125 0.3182291671875 0.93148148125 0.32760416718749996 0.9925925921875001 0.33125 0.9990740734375001 0.3401041671875 0.9990740734375001 0.3401041671875 0.9898148140625 0.3369791671875 0.978703703125 0.3421875 0.9675925921875 0.3489583328125 0.972222221875 0.3567708328125 0.984259259375 0.359375 0.9953703703125001 0.3671875 0.9990740734375001 0.38333333281250004 0.9990740734375001 0.39010416718749996 0.9851851859374999 0.3953125 0.98148148125 0.4390625 0.915740740625 0.4578125 0.8953703703125001 0.46458333281249997 0.897222221875 0.46875 0.9148148140625001 0.4692708328125 0.94351851875 0.4661458328125 0.9509259265625 0.4713541671875 0.959259259375 0.471875 0.984259259375 0.47447916718750005 0.9990740734375001 0.4859375 0.990740740625 0.4869791671875 0.98148148125 0.4838541671875 0.978703703125 0.47239583281249997 0.85648148125 0.4770833328125 0.83055555625 0.4765625 0.809259259375 0.4734375 0.7981481484375 0.446875 0.7648148140625 0.44375 0.7574074078125 0.40416666718750005 0.722222221875 0.384375 0.7138888890625 0.3614583328125 0.7240740734375 0.31979166718749996 0.7638888890625 0.3135416671875 0.7546296296875 0.3026041671875 0.7231481484375 0.2802083328125 0.672222221875 0.2588541671875 0.6509259265625 0.2416666671875 0.6268518515625 0.228125 0.615740740625 0.21979166718749998 0.6138888890625 0.20729166718749997 0.622222221875 0.2015625 0.640740740625 0.2010416671875 0.6601851859375001 0.20416666718749998 0.69351851875 0.21197916718749998 0.727777778125 0.2130208328125 0.752777778125
1 0.20052083281250002 0.575 0.20572916718749998 0.584259259375 0.215625 0.5916666671875 0.2171875 0.5962962968750001 0.21614583281250002 0.6111111109375 0.22239583281250003 0.6083333328125 0.22395833281250002 0.5953703703125 0.23177083281250002 0.5861111109375 0.24895833281250002 0.602777778125 0.2598958328125 0.61851851875 0.265625 0.64444444375 0.271875 0.6537037031249999 0.2713541671875 0.6574074078125001 0.2854166671875 0.678703703125 0.28854166718749996 0.6796296296875 0.290625 0.6916666671875 0.29375 0.6944444437499999 0.2953125 0.6925925921875 0.296875 0.665740740625 0.3005208328125 0.6574074078125001 0.3046875 0.6546296296875 0.3109375 0.6629629625 0.3104166671875 0.6537037031249999 0.3153645828125 0.6481481484375 0.3244791671875 0.6453703703125 0.325 0.63055555625 0.3338541671875 0.63055555625 0.3609375 0.647222221875 0.3682291671875 0.64444444375 0.3734375 0.647222221875 0.3765625 0.7 0.3796875 0.709259259375 0.3848958328125 0.709259259375 0.3807291671875 0.64351851875 0.3708333328125 0.577777778125 0.3734375 0.56851851875 0.37552083281250004 0.5398148140625 0.3682291671875 0.5203703703125 0.2416666671875 0.440740740625 0.221875 0.4 0.2130208328125 0.3953703703125 0.20052083281250002 0.3768518515625 0.1921875 0.36944444375 0.1848958328125 0.36759259218749996 0.1755208328125 0.3740740734375 0.1708333328125 0.3916666671875 0.1703125 0.40833333281249995 0.1739583328125 0.44166666718750003 0.196875 0.5601851859375 0.20052083281250002 0.575
1 0.48802083281249997 0.9990740734375001 0.759375 0.9990740734375001 0.7473958328125 0.98148148125 0.7151041671875 0.9518518515625001 0.6770833328125 0.921296296875 0.6380208328125 0.897222221875 0.6182291671875 0.89444444375 0.5958333328125 0.902777778125 0.5625 0.8768518515625001 0.5421875 0.8703703703125001 0.5229166671875001 0.8703703703125001 0.5046875 0.8796296296874999 0.4895833328125 0.9046296296874999 0.48333333281249996 0.9231481484374999 0.48125 0.9388888890624999 0.48020833281249997 0.9583333328125001 0.4848958328125 0.98148148125 0.484375 0.9925925921875001 0.48802083281249997 0.9990740734375001
1 0.9875 0.5574074078125 0.9890625 0.5416666671875 0.9927083328125 0.5370370375 0.9932291671875 0.5175925921875 0.9901041671874999 0.5120370375000001 0.96875 0.497222221875 0.9671875 0.490740740625 0.9703125 0.475 0.96875 0.434259259375 0.9625 0.40648148125 0.9552083328125001 0.3888888890625 0.9432291671874999 0.36851851875 0.9270833328125001 0.3490740734375 0.9192708328125001 0.3481481484375 0.9119791671874999 0.340740740625 0.9010416671874999 0.3361111109375 0.8802083328125001 0.3361111109375 0.8630208328125001 0.3453703703125 0.8494791671874999 0.35925925937500003 0.8401041671874999 0.3740740734375 0.825 0.47407407343749997 0.8244791671874999 0.4824074078125 0.8286458328125 0.4861111109375 0.978125 0.55648148125 0.9875 0.5574074078125
1 0.5171875 0.328703703125 0.5213541671875 0.2518518515625 0.5208333328125 0.20833333281250002 0.5098958328125 0.19537037031249999 0.4953125 0.19351851874999998 0.484375 0.20277777812500003 0.4765625 0.22685185156249998 0.4760416671875 0.2546296296875 0.4817708328125 0.3166666671875 0.5083333328124999 0.3296296296875 0.5171875 0.328703703125
1 0.6729166671875 0.2824074078125 0.6661458328125 0.2675925921875 0.6572916671875 0.2629629625 0.65 0.315740740625 0.6473958328125 0.397222221875 0.6619791671875 0.4046296296875 0.6729166671875 0.29444444375 0.6729166671875 0.2824074078125
2 0.6015625 0.8453703703125001 0.6046875 0.7814814812499999 0.6067708328125 0.775 0.6078125 0.7212962968750001 0.6005208328125 0.709259259375 0.5885416671875 0.6972222218749999 0.5880208328125 0.6740740734374999 0.5911458328125 0.6583333328125 0.603125 0.6620370375 0.6114583328125 0.6481481484375 0.6130208328125 0.5935185187500001 0.6109375 0.5888888890625 0.5791666671875 0.6388888890625 0.5776041671875001 0.646296296875 0.5786458328124999 0.66944444375 0.5734375 0.6805555562500001 0.565625 0.6805555562500001 0.5645833328125 0.7046296296875 0.5635416671875 0.8111111109375001 0.5744791671875 0.8259259265625 0.6 0.847222221875 0.6015625 0.8453703703125001
2 0.42083333281249996 0.665740740625 0.4166666671875 0.571296296875 0.3994791671875 0.55648148125 0.3927083328125 0.5555555562500001 0.396875 0.6629629625 0.40625 0.675 0.41979166718750005 0.6851851859375 0.42083333281249996 0.665740740625
2 0.915625 0.9055555562500001 0.9140625 0.9083333328125001 0.9151041671875 0.91944444375 0.9119791671874999 0.9231481484374999 0.9083333328125001 0.9416666671874999 0.9046875 0.94351851875 0.8453125 0.8981481484374999 0.8416666671874999 0.9129629625 0.8322916671874999 0.9990740734375001 0.9088541671874999 0.9990740734375001 0.9197916671874999 0.9074074078125 0.915625 0.9055555562500001