7 0 0.9990740734375001 0.25625 0.9990740734375001 0.2567708328125 0.9703703703125001 0.24635416718749997 0.809259259375 0.240625 0.7768518515625 0.2427083328125 0.771296296875 0.2427083328125 0.7574074078125 0.2421875 0.7518518515625 0.23697916718749998 0.746296296875 0.0953125 0.8259259265625 0.09322916718749999 0.8370370375 0.084375 0.8425925921875 0.0635416671875 0.8453703703125001 0.0041666671875 0.8833333328125 0 0.8898148140625001 0 0.9990740734375001
7 0.4625 0.9990740734375001 0.4604166671875 0.9888888890624999 0.4614583328125 0.984259259375 0.5604166671875 0.8648148140625 0.5651041671875 0.8416666671874999 0.5630208328124999 0.8127574078125 0.5630208328124999 0.7111111109375 0.5666666671875 0.56851851875 0.5651041671875 0.5370370375 0.5520833328125 0.5398148140625 0.5171875 0.5629629625 0.40052083281249995 0.652777778125 0.3515625 0.6944444437499999 0.3390625 0.7009259265625001 0.271875 0.7574074078125 0.2479166671875 0.7731481484375 0.24479166718749998 0.7787037031249999 0.2479166671875 0.8018518515625 0.2598958328125 0.9990740734375001 0.4625 0.9990740734375001
7 0.6020833328124999 0.8101851859375 0.6078125 0.8083333328125001 0.6447916671875 0.8462962968750001 0.6515625 0.85 0.6989583328125 0.7916666671875 0.6927083328125 0.771296296875 0.6890625 0.7675925921875 0.6859375 0.7703703703125 0.68125 0.76851851875 0.671875 0.7601851859375001 0.6697916671875 0.7546296296875 0.6770833328125 0.7481481484375 0.6744791671875 0.74444444375 0.6739583328125 0.734259259375 0.7286458328125 0.675 0.7338541671875001 0.665740740625 0.7359375 0.6018518515625 0.7479166671875 0.43518518593750005 0.7484375 0.403703703125 0.7359375 0.40555555625000006 0.6505208328125 0.46296296249999996 0.603125 0.4981481484375 0.5692708328125 0.5296296296875 0.5671875 0.5370370375 0.5677083328125 0.602777778125 0.5635416671875 0.7453703703125 0.5635416671875 0.8416666671874999 0.5682291671875 0.8462962968750001 0.5765625 0.840740740625 0.6020833328124999 0.8101851859375
7 0.775 0.65 0.7796875 0.65 0.8192708328125 0.6759259265625001 0.8473958328125001 0.6370370375000001 0.8484375 0.634259259375 0.8432291671875 0.6268518515625 0.8151041671874999 0.6083333328125 0.8182291671874999 0.5990740734375 0.8265625 0.5953703703125 0.8380208328125001 0.5833333328125 0.8427083328125 0.5694444437499999 0.8666666671875 0.5398148140625 0.8833333328125 0.3138888890625 0.8760416671875 0.3129629625 0.85625 0.32592592656249997 0.7682291671875 0.396296296875 0.7557291671875 0.60648148125 0.7552083328125 0.6611111109375 0.7583333328124999 0.665740740625 0.7666666671875 0.6611111109375 0.775 0.65
7 0.0239583328125 0.471296296875 0.03125 0.5361111109375 0.0354166671875 0.547222221875 0.05208333281250001 0.5453703703125 0.1067708328125 0.5231481484375 0.109375 0.5240740734375 0.1171875 0.54351851875 0.1307291671875 0.5638888890625 0.1390625 0.5648148140625 0.1901041671875 0.5379629625 0.1864583328125 0.5268518515625 0.1739583328125 0.5074074078125 0.1807291671875 0.4916666671875 0.1854166671875 0.4916666671875 0.190625 0.4861111109375 0.1973958328125 0.48703703750000005 0.22760416718749998 0.471296296875 0.24583333281250003 0.4675925921875 0.25 0.4601851859375 0.25 0.44351851875000003 0.2421875 0.3620370375 0.2375 0.2666666671875 0.234375 0.2601851859375 0.1979166671875 0.26574074062499997 0.008854167187500001 0.3138888890625 0.0109375 0.3611111109375 0.0140625 0.384259259375 0.017708332812499998 0.38703703749999996 0.0239583328125 0.471296296875
7 0 0.565740740625 0.0317708328125 0.5527777781250001 0.0348958328125 0.5481481484375 0.0322916671875 0.5416666671875 0.0307291671875 0.5120370375000001 0.0244791671875 0.4768518515625 0.015625 0.3953703703125 0.0109375 0.372222221875 0.007291667187500001 0.32592592656249997 0.003125 0.3129629625 0 0.3129629625 0 0.565740740625
7 0.2484375 0.3861111109375 0.2515625 0.44351851875000003 0.2546875 0.4574074078125 0.26614583281250004 0.4583333328125 0.2697916671875 0.45370370312499997 0.303125 0.44351851875000003 0.3078125 0.4546296296875 0.30625 0.4620370375 0.31302083281250004 0.46666666718750005 0.3239583328125 0.4824074078125 0.3385416671875 0.477777778125 0.3447916671875 0.46944444374999994 0.3567708328125 0.4703703703125 0.3682291671875 0.46296296249999996 0.3614583328125 0.45 0.35 0.4388888890625 0.3447916671875 0.4388888890625 0.3463541671875 0.425 0.3526041671875 0.4175925921875 0.3614583328125 0.41944444374999995 0.3625 0.4166666671875 0.3927083328125 0.4074074078125 0.396875 0.3981481484375 0.4046875 0.3953703703125 0.41197916718750005 0.3851851859375 0.4125 0.3768518515625 0.40989583281249997 0.365740740625 0.40989583281249997 0.34629629687499996 0.41197916718750005 0.3379629625 0.41041666718750003 0.32592592656249997 0.41197916718750005 0.322222221875 0.40625 0.21944444375 0.3 0.2379629625 0.23958333281250002 0.252777778125 0.23802083281250003 0.259259259375 0.2421875 0.3453703703125 0.24375 0.365740740625 0.2484375 0.3861111109375
1 0.21770833281250002 0.2518518515625 0.20989583281250002 0.25 0.1703125 0.259259259375 0.1598958328125 0.2675925921875 0.1598958328125 0.2740740734375 0.1625 0.275 0.22135416718749998 0.259259259375 0.21770833281250002 0.2518518515625
1 0.2994791671875 0.21111111093749999 0.28958333281250004 0.1925925921875 0.24739583281250002 0.1981481484375 0.23958333281250002 0.2046296296875 0.23697916718749998 0.21944444375 0.23854166718749997 0.2509259265625 0.3015625 0.23518518593749999 0.2994791671875 0.21111111093749999
8 0.0765625 0.6333333328124999 0.08072916718749999 0.63055555625 0.0838541671875 0.6231481484375 0.08125 0.6074074078125 0.0739583328125 0.5990740734375 0.055208332812500004 0.602777778125 0.0473958328125 0.6111111109375 0.046875 0.615740740625 0.05208333281250001 0.6259259265625 0.0645833328125 0.634259259375 0.0765625 0.6333333328124999
8 0.2791666671875 0.5203703703125 0.2854166671875 0.51851851875 0.2890625 0.5129629625 0.2875 0.4990740734375 0.2786458328125 0.49259259218749996 0.2692708328125 0.49351851875 0.25833333281250004 0.5009259265625 0.2557291671875 0.50555555625 0.25625 0.509259259375 0.2645833328125 0.5175925921875 0.2791666671875 0.5203703703125
8 0.4291666671875 0.44444444375 0.428125 0.43518518593750005 0.42083333281249996 0.4268518515625 0.4140625 0.4268518515625 0.40260416718750003 0.43333333281249997 0.40416666718750005 0.44351851875000003 0.4166666671875 0.4509259265625 0.425 0.4509259265625 0.4291666671875 0.44444444375
8 0.5260416671875 0.38703703749999996 0.5255208328125 0.38055555625 0.5203125 0.3768518515625 0.509375 0.38055555625 0.5088541671875 0.3925925921875 0.5125 0.3990740734375 0.5203125 0.3981481484375 0.5260416671875 0.38703703749999996
8 0.8520833328125 0.5990740734375 0.8557291671874999 0.590740740625 0.8552083328125001 0.5851851859375 0.8494791671874999 0.5759259265625001 0.8416666671874999 0.571296296875 0.8213541671875 0.5953703703125 0.821875 0.5981481484375 0.8395833328125001 0.6018518515625 0.8520833328125 0.5990740734375
8 0.775 0.8138888890624999 0.7791666671875 0.8018518515625 0.7802083328125 0.790740740625 0.7786458328125 0.7814814812499999 0.7723958328125 0.76851851875 0.7588541671875 0.7583333328124999 0.746875 0.7583333328124999 0.7416666671875001 0.7620370375000001 0.7427083328124999 0.7833333328125 0.75 0.8009259265625 0.7630208328125 0.815740740625 0.775 0.8138888890624999
8 0.5557291671875 0.98148148125 0.5411458328125 0.9731481484375 0.5286458328125 0.9768518515625001 0.5197916671875 0.9879629624999999 0.5192708328125 0.9990740734375001 0.5666666671875 0.9990740734375001 0.5640625 0.9916666671875 0.5557291671875 0.98148148125
5 0.8520833328125 0.91944444375 0.8473958328125001 0.91851851875 0.7963541671875001 0.99351851875 0.7947916671875 0.9990740734375001 0.8354166671875 0.9990740734375001 0.8692708328125001 0.9425925921875 0.8520833328125 0.91944444375
5 0 0.7648148140625 0.0671875 0.727777778125 0.06979166718749999 0.7240740734375 0.0703125 0.7046296296875 0.0083333328125 0.7351851859375 0 0.7398148140624999 0 0.7648148140625
5 0.1432291671875 0.6861111109375 0.2802083328125 0.6074074078125 0.2890625 0.590740740625 0.2833333328125 0.5879629625 0.265625 0.5953703703125 0.1265625 0.672222221875 0.125 0.6731481484375 0.1260416671875 0.6805555562500001 0.13333333281249998 0.6888888890625 0.1432291671875 0.6861111109375
5 0.4359375 0.522222221875 0.44635416718750004 0.5129629625 0.4453125 0.5101851859375001 0.44739583281249995 0.50555555625 0.4421875 0.5018518515625 0.3333333328125 0.5611111109375 0.3302083328125 0.5638888890625 0.3322916671875 0.5759259265625001 0.3411458328125 0.5740740734374999 0.4359375 0.522222221875
5 0.5713541671875 0.4370370375 0.5796875 0.4388888890625 0.5817708328125 0.43148148124999997 0.5791666671875 0.427777778125 0.5677083328125 0.43240740781250003 0.48333333281249996 0.477777778125 0.48072916718750003 0.4824074078125 0.48229166718750005 0.4953703703125 0.5666666671875 0.447222221875 0.5713541671875 0.4370370375
7 0.4647916671875 0.3797796296875 0.4414583328125 0.38718888906250004 0.47062499999999996 0.419790740625 0.5014583328125 0.3975620375 0.478125 0.37236944375 0.5389583328125 0.3471768515625 0.5427083328125 0.18555555625 0.410625 0.21973148125000003 0.415625 0.3975620375 0.46645833281250004 0.37236944375 0.4647916671875 0.3797796296875
2 0 0.8453703703125001 0.0052083328125 0.8444444437499999 0.0208333328125 0.865740740625 0.0625 0.8425925921875 0.0744791671875 0.8333333328125001 0.07760416718749999 0.8268518515625001 0.08072916718749999 0.8296296296874999 0.0880208328125 0.8222222218749999 0.07760416718749999 0.79444444375 0.0682291671875 0.777777778125 0.0536458328125 0.7824074078125001 0.0161458328125 0.8046296296875 0.003125 0.8175925921875 0 0.8296296296874999 0 0.8453703703125001
2 0.2416666671875 0.7453703703125 0.24635416718749997 0.7666666671875 0.24895833281250002 0.7675925921875 0.2796875 0.74444444375 0.2953125 0.727777778125 0.2953125 0.7129629625 0.2916666671875 0.6925925921875 0.2859375 0.6879629625 0.2713541671875 0.6648148140625 0.2640625 0.659259259375 0.21979166718749998 0.6833333328125 0.203125 0.6944444437499999 0.1984375 0.7009259265625001 0.19479166718750002 0.7185185187500001 0.2010416671875 0.7611111109375 0.2375 0.7425925921875 0.2416666671875 0.7453703703125
2 0.428125 0.628703703125 0.44635416718750004 0.6111111109375 0.4359375 0.5935185187500001 0.41197916718750005 0.5731481484375001 0.3984375 0.577777778125 0.359375 0.6009259265625 0.3567708328125 0.6074074078125 0.35625 0.6509259265625 0.35885416718749996 0.6777777781250001 0.3609375 0.6805555562500001 0.428125 0.628703703125
2 0.530625 0.556127778125 0.565625 0.5190796296875 0.540625 0.49296296249999993 0.4814583328125 0.529453703125 0.48229166718750005 0.5931759265625 0.530625 0.556127778125
1 0.878125 0.99351851875 0.8770833328125001 0.9990740734375001 0.9994791671875 0.9990740734375001 0.9994791671875 0.9111111109375001 0.959375 0.875 0.9276041671874999 0.8629629624999999 0.9161458328125001 0.8759259265624999 0.8911458328125 0.915740740625 0.8989583328125 0.9277777781250001 0.8973958328125 0.9490740734375 0.8927083328125001 0.9685185187500001 0.878125 0.99351851875