8 0.6770833328125 0.415740740625 0.6739583328125 0.40555555625000006 0.6692708328125 0.403703703125 0.659375 0.40648148125 0.6541666671875 0.41203703750000004 0.6526041671875 0.415740740625 0.6583333328125 0.42129629687500003 0.6723958328124999 0.42222222187499997 0.6770833328125 0.415740740625
8 0.6098958328124999 0.478703703125 0.6083333328125 0.46944444374999994 0.6036458328125 0.46481481406249997 0.5942708328124999 0.465740740625 0.5848958328125 0.47407407343749997 0.5838541671875 0.478703703125 0.5895833328125 0.48333333281249996 0.6041666671875 0.48425925937500003 0.6098958328124999 0.478703703125
8 0.5208333328125 0.5768518515625 0.5197916671875 0.5648148140625 0.5145833328125 0.5583333328125 0.5052083328125 0.5583333328125 0.49375 0.5666666671875 0.49114583281249996 0.5722222218749999 0.4953125 0.5796296296875 0.5135416671875 0.5824074078125 0.5208333328125 0.5768518515625
8 0.3953125 0.68148148125 0.3994791671875 0.6768518515624999 0.4 0.66851851875 0.39375 0.6564814812499999 0.3854166671875 0.6555555562500001 0.36875 0.665740740625 0.3635416671875 0.6731481484375 0.3625 0.6796296296875 0.365625 0.6851851859375 0.3786458328125 0.6861111109375 0.3953125 0.68148148125
8 0.1515625 0.9175925921875001 0.1578125 0.9083333328125001 0.1604166671875 0.8824074078124999 0.1578125 0.872222221875 0.1458333328125 0.871296296875 0.134375 0.8824074078124999 0.1302083328125 0.8916666671875 0.1307291671875 0.9203703703125001 0.1338541671875 0.9240740734375 0.14114583281249998 0.9240740734375 0.1515625 0.9175925921875001
8 0.2416666671875 0.4953703703125 0.23958333281250002 0.4861111109375 0.2364583328125 0.48333333281249996 0.23072916718749997 0.48333333281249996 0.221875 0.4916666671875 0.221875 0.497222221875 0.2260416671875 0.5009259265625 0.2364583328125 0.5009259265625 0.2416666671875 0.4953703703125
8 0.34322916718749996 0.4583333328125 0.3427083328125 0.4509259265625 0.3385416671875 0.4453703703125 0.3291666671875 0.4481481484375 0.3239583328125 0.4546296296875 0.3234375 0.459259259375 0.3270833328125 0.4620370375 0.3375 0.4620370375 0.34322916718749996 0.4583333328125
8 0.425 0.396296296875 0.42083333281249996 0.3879629625 0.4114583328125 0.3898148140625 0.4067708328125 0.396296296875 0.4057291671875 0.4 0.40833333281249995 0.4018518515625 0.4213541671875 0.4018518515625 0.425 0.396296296875
7 0.3802083328125 0.3925925921875 0.3838541671875 0.378703703125 0.4078125 0.3648148140625 0.39895833281250004 0.2888888890625 0.3963541671875 0.2833333328125 0.3385416671875 0.3101851859375 0.3375 0.31944444375000003 0.3395833328125 0.3379629625 0.3489583328125 0.3953703703125 0.3802083328125 0.3925925921875
7 0.290625 0.43518518593750005 0.3260416671875 0.40833333281249995 0.315625 0.3379629625 0.3109375 0.3240740734375 0.240625 0.35555555625 0.24114583281250002 0.36944444375 0.2557291671875 0.44907407343749994 0.2604166671875 0.45 0.290625 0.43518518593750005
7 0.159375 0.50555555625 0.1729166671875 0.490740740625 0.2046875 0.48148148125 0.225 0.46944444374999994 0.2244791671875 0.45648148125 0.20729166718749997 0.371296296875 0.11822916718750001 0.41111111093749997 0.1166666671875 0.4166666671875 0.11875 0.43055555625 0.1375 0.5203703703125 0.159375 0.50555555625
7 0 0.597222221875 0.010416667187500001 0.5935185187500001 0.010416667187500001 0.603703703125 0.0057291671875 0.6148148140624999 0.0125 0.61944444375 0.0416666671875 0.6231481484375 0.0739583328125 0.5953703703125 0.078125 0.5870370375 0.07083333281250001 0.5888888890625 0.0666666671875 0.5861111109375 0.0614583328125 0.577777778125 0.060416667187499995 0.5666666671875 0.09635416718749999 0.540740740625 0.0765625 0.43240740781250003 0.0723958328125 0.43148148124999997 0.0036458328125000003 0.4620370375 0 0.46388888906250003 0 0.597222221875
7 0 0.902777778125 0.09375 0.8296296296874999 0.0947916671875 0.8175925921875 0.0979166671875 0.8120370375 0.1098958328125 0.8138888890624999 0.11822916718750001 0.809259259375 0.1578125 0.775 0.1588541671875 0.7611111109375 0.1541666671875 0.728703703125 0.1296875 0.6 0.1265625 0.5944444437499999 0.1213541671875 0.5935185187500001 0.09635416718749999 0.60648148125 0.06510416718749999 0.6259259265625 0.056770832812500005 0.6398148140625 0.05208333281250001 0.6379629625 0.0489583328125 0.6425925921875 0.0442708328125 0.6398148140625 0.0333333328125 0.646296296875 0.0260416671875 0.6564814812499999 0.015625 0.6564814812499999 0 0.6638888890625 0 0.902777778125
7 0.2203125 0.7166666671875 0.25833333281250004 0.678703703125 0.3348958328125 0.61851851875 0.3390625 0.6111111109375 0.32083333281250004 0.48425925937500003 0.31875 0.48055555625 0.3140625 0.4824074078125 0.309375 0.477777778125 0.30520833281250004 0.48518518593750004 0.278125 0.5046296296875 0.1895833328125 0.5583333328125 0.196875 0.615740740625 0.20208333281250002 0.6268518515625 0.2140625 0.6990740734374999 0.2203125 0.7166666671875
7 0.38333333281250004 0.5888888890625 0.3885416671875 0.5888888890625 0.39791666718749996 0.578703703125 0.40416666718750005 0.5768518515625 0.4078125 0.5694444437499999 0.41197916718750005 0.5694444437499999 0.4135416671875 0.5648148140625 0.4234375 0.5601851859375 0.4296875 0.5481481484375 0.4484375 0.5370370375 0.47239583281249997 0.5129629625 0.45729166718750003 0.3879629625 0.44635416718750004 0.3898148140625 0.38125 0.4361111109375 0.3734375 0.4388888890625 0.365625 0.447222221875 0.3645833328125 0.459259259375 0.36875 0.5648148140625 0.3791666671875 0.5740740734374999 0.38333333281250004 0.5888888890625
7 0.49010416718750005 0.4888888890625 0.4984375 0.48703703750000005 0.509375 0.497222221875 0.5135416671875 0.4953703703125 0.5182291671875 0.4990740734375 0.521875 0.49351851875 0.51875 0.490740740625 0.5177083328125 0.4768518515625 0.5307291671875001 0.4601851859375 0.5557291671875 0.4388888890625 0.5442708328125 0.32685185156249996 0.540625 0.32592592656249997 0.4770833328125 0.36666666718749996 0.4765625 0.3879629625 0.478125 0.3898148140625 0.4875 0.4824074078125 0.49010416718750005 0.4888888890625
7 0.5807291671875 0.4240740734375 0.5911458328125 0.4175925921875 0.5953125 0.40648148125 0.6 0.40648148125 0.6270833328125 0.38055555625 0.615625 0.28148148125 0.609375 0.2824074078125 0.5640625 0.3138888890625 0.5625 0.3166666671875 0.5630208328124999 0.32777777812500003 0.5760416671875 0.42314814843750004 0.5807291671875 0.4240740734375
7 0.9598958328125 0.4074074078125 0.9661458328125001 0.5175925921875 0.96875 0.5361111109375 0.9713541671874999 0.5388888890625 0.9911458328125 0.47222222187499996 0.984375 0.315740740625 0.9817708328125001 0.3138888890625 0.9765625 0.31851851875000003 0.95 0.3731481484375 0.9505208328125001 0.3981481484375 0.9541666671875 0.3953703703125 0.9578125 0.3990740734375 0.9598958328125 0.4074074078125
7 0.9125 0.65 0.9083333328125001 0.6574074078125001 0.9083333328125001 0.671296296875 0.909375 0.6768518515624999 0.9130208328125 0.6805555562500001 0.9119791671874999 0.6851851859375 0.9151041671875 0.6879629625 0.9239583328125001 0.709259259375 0.928125 0.7111111109375 0.934375 0.7074074078125 0.940625 0.7175925921874999 0.9453125 0.70648148125 0.9432291671874999 0.6888888890625 0.9442708328125 0.6731481484375 0.946875 0.66944444375 0.95 0.65 0.9708333328125001 0.584259259375 0.9640625 0.50555555625 0.9583333328125001 0.4 0.9546875 0.397222221875 0.946875 0.40555555625000006 0.9078125 0.490740740625 0.9072916671875 0.5555555562500001 0.9140625 0.63055555625 0.9114583328125001 0.6453703703125 0.9125 0.65
7 0.8010416671874999 0.8629629624999999 0.7984375 0.86851851875 0.796875 0.8824074078124999 0.79375 0.8879629625 0.7953125 0.89351851875 0.7890625 0.9 0.7911458328125 0.9046296296874999 0.7989583328125 0.9046296296874999 0.8026041671874999 0.902777778125 0.8041666671875 0.89444444375 0.8109375 0.89444444375 0.8145833328125001 0.9064814812499999 0.8171875 0.9472222218749999 0.8166666671874999 0.952777778125 0.8114583328125 0.9546296296874999 0.8119791671875 0.9583333328125001 0.8182291671874999 0.9638888890624999 0.8234375 0.9824074078124999 0.8317708328125001 0.9870370375 0.8442708328125 0.9601851859374999 0.9046875 0.771296296875 0.8947916671874999 0.6481481484375 0.8890625 0.540740740625 0.8848958328125001 0.5361111109375 0.8796875 0.5379629625 0.86875 0.5555555562500001 0.796875 0.6972222218749999 0.8109375 0.8546296296874999 0.8052083328125 0.8638888890624999 0.8041666671875 0.8611111109375 0.8010416671874999 0.8629629624999999
7 0.7791666671875 0.8462962968750001 0.7786458328125 0.825 0.7760416671875 0.81851851875 0.771875 0.7814814812499999 0.7588541671875 0.7824074078125001 0.7567708328125 0.7888888890625 0.7536458328125 0.790740740625 0.75625 0.796296296875 0.7442708328125 0.83055555625 0.7390625 0.8379629625 0.7375 0.85 0.728125 0.8648148140625 0.7260416671875001 0.88148148125 0.71875 0.8916666671875 0.7125 0.8953703703125001 0.7130208328125 0.9074074078125 0.7041666671875 0.9203703703125001 0.7020833328125 0.9296296296875 0.7 0.9324074078125 0.69375 0.9324074078125 0.6927083328125 0.9296296296875 0.6854166671875 0.9388888890624999 0.6786458328125 0.959259259375 0.6609375 0.9925925921875001 0.6598958328125 0.9990740734375001 0.7947916671875 0.9990740734375001 0.7947916671875 0.9675925921875 0.7791666671875 0.8462962968750001
8 0.9994791671875 0.8851851859375 0.9994791671875 0.8361111109375001 0.9697916671875 0.8416666671874999 0.9625 0.8490740734375001 0.9619791671875 0.8620370375 0.9666666671874999 0.872222221875 0.9786458328125001 0.88055555625 0.9994791671875 0.8851851859375
8 0.9994791671875 0.6611111109375 0.9994791671875 0.6333333328124999 0.9854166671875 0.6425925921875 0.9848958328125 0.65 0.9869791671874999 0.6537037031249999 0.9921875 0.659259259375 0.9994791671875 0.6611111109375
5 0.5760416671875 0.6240740734375 0.5770833328125 0.6148148140624999 0.5520833328125 0.5990740734375 0.5338541671875 0.6009259265625 0.5229166671875001 0.6101851859375 0.5109375 0.627777778125 0.5041666671875 0.63055555625 0.5010416671875 0.6388888890625 0.4671875 0.6777777781250001 0.4635416671875 0.6888888890625 0.46770833281249996 0.696296296875 0.5020833328125 0.7166666671875 0.5760416671875 0.6240740734375
5 0.3494791671875 0.896296296875 0.4348958328125 0.79351851875 0.440625 0.7833333328125 0.46458333281249997 0.75555555625 0.46510416718750003 0.7518518515625 0.44375 0.7351851859375 0.4234375 0.728703703125 0.3828125 0.771296296875 0.3614583328125 0.8 0.3114583328125 0.8546296296874999 0.3104166671875 0.8629629624999999 0.3177083328125 0.872222221875 0.3453125 0.896296296875 0.3494791671875 0.896296296875
5 0.2557291671875 0.93148148125 0.24635416718749997 0.9268518515625 0.1838541671875 0.9916666671875 0.1822916671875 0.9990740734375001 0.2614583328125 0.9990740734375001 0.2864583328125 0.9638888890624999 0.2557291671875 0.93148148125
5 0.6541666671875 0.5305555562500001 0.6614583328125 0.5166666671875 0.6385416671875 0.5120370375000001 0.6265625 0.5138888890625 0.5776041671875001 0.5675925921875 0.5729166671875 0.5759259265625001 0.5744791671875 0.58148148125 0.6041666671875 0.5898148140624999 0.6541666671875 0.5305555562500001
5 0.7229166671875 0.4509259265625 0.7234375 0.44629629687500005 0.6984375 0.4388888890625 0.6744791671875 0.44351851875000003 0.6578125 0.459259259375 0.6520833328125 0.48333333281249996 0.6479166671875001 0.48981481406249994 0.6473958328125 0.49351851875 0.6510416671875 0.49629629687500004 0.6822916671875 0.5009259265625 0.7229166671875 0.4509259265625
4 0.22916666718749998 0.29444444375 0.23541666718749998 0.3296296296875 0.2390625 0.334259259375 0.2546875 0.3296296296875 0.2567708328125 0.3240740734375 0.2567708328125 0.3138888890625 0.2479166671875 0.22685185156249998 0.23854166718749997 0.19351851874999998 0.24114583281250002 0.1898148140625 0.240625 0.17962962968750001 0.2359375 0.1703703703125 0.2322916671875 0.1703703703125 0.228125 0.17314814843749998 0.2244791671875 0.18148148125000002 0.2260416671875 0.190740740625 0.22135416718749998 0.2175925921875 0.23020833281250003 0.2916666671875 0.22916666718749998 0.29444444375
4 0.2286458328125 0.3018518515625 0.2203125 0.221296296875 0.2166666671875 0.2046296296875 0.209375 0.1916666671875 0.20416666718749998 0.19537037031249999 0.2 0.2046296296875 0.20052083281250002 0.23611111093749998 0.2104166671875 0.3018518515625 0.21614583281250002 0.3046296296875 0.2286458328125 0.3018518515625
1 0.1604166671875 0.7629629625 0.16354166718750002 0.76851851875 0.165625 0.7703703703125 0.1776041671875 0.7620370375000001 0.21458333281250003 0.727777778125 0.20833333281250002 0.6944444437499999 0.20572916718749998 0.6537037031249999 0.20052083281250002 0.6453703703125 0.2026041671875 0.6379629625 0.1932291671875 0.6111111109375 0.1697916671875 0.634259259375 0.153125 0.6675925921875 0.1541666671875 0.6740740734374999 0.15 0.6925925921875 0.1505208328125 0.70648148125 0.1604166671875 0.7629629625
1 0.3416666671875 0.621296296875 0.3640625 0.602777778125 0.3635416671875 0.5620370375 0.35885416718749996 0.5120370375000001 0.35104166718749996 0.49259259218749996 0.3453125 0.4888888890625 0.3333333328125 0.49351851875 0.32760416718749996 0.5083333328124999 0.3270833328125 0.51851851875 0.3317708328125 0.5574074078125 0.3359375 0.5740740734374999 0.3416666671875 0.621296296875
1 0.6130208328125 0.9620370375 0.6182291671875 0.9509259265625 0.6197916671875 0.8574074078124999 0.6171875 0.8009259265625 0.6119791671875 0.7787037031249999 0.6052083328125 0.765740740625 0.5911458328125 0.75555555625 0.5713541671875 0.753703703125 0.5302083328125 0.8138888890624999 0.5125 0.852777778125 0.5109375 0.86851851875 0.5015625 0.897222221875 0.4859375 0.897222221875 0.4734375 0.9083333328125001 0.40729166718750004 0.9861111109375 0.4046875 0.9990740734375001 0.5854166671875001 0.9990740734375001 0.603125 0.972222221875 0.6130208328125 0.9620370375
1 0.5994791671875 0.759259259375 0.603125 0.75648148125 0.6067708328125 0.7638888890625 0.621875 0.7638888890625 0.6260416671875 0.772222221875 0.6234375 0.777777778125 0.625 0.7833333328125 0.6239583328125 0.8009259265625 0.6203125 0.809259259375 0.6229166671875 0.8129629625 0.6229166671875 0.8194444437499999 0.6203125 0.825 0.6203125 0.8425925921875 0.6223958328125 0.85 0.6197916671875 0.8574074078124999 0.6208333328125 0.9037037031249999 0.6182291671875 0.9148148140625001 0.6328125 0.9990740734375001 0.6395833328125 0.9990740734375001 0.640625 0.99351851875 0.6338541671875 0.9518518515625001 0.634375 0.9425925921875 0.6796875 0.8638888890624999 0.6875 0.8462962968750001 0.6947916671875001 0.8509259265625 0.7005208328125 0.8925925921875001 0.7041666671875 0.8916666671875 0.7072916671875 0.8851851859375 0.7010416671875 0.8379629625 0.7 0.8009259265625 0.7046875 0.7953703703125 0.7088541671875 0.775 0.7083333328125 0.74351851875 0.7114583328124999 0.7166666671875 0.7151041671875 0.6333333328124999 0.7140625 0.6101851859375 0.70625 0.5888888890625 0.7046875 0.575 0.696875 0.5666666671875 0.6854166671875 0.5675925921875 0.6760416671875 0.578703703125 0.6619791671875 0.6046296296875 0.6489583328124999 0.6416666671875 0.6416666671875 0.6703703703125 0.6364583328125 0.6990740734374999 0.6354166671875 0.7296296296875 0.6265625 0.728703703125 0.6151041671875 0.7185185187500001 0.5994791671875 0.7185185187500001 0.5916666671875 0.7212962968750001 0.5833333328125 0.7296296296875 0.5770833328125 0.7398148140624999 0.578125 0.7481481484375 0.5869791671875 0.747222221875 0.5994791671875 0.759259259375
1 0.715625 0.6074074078125 0.7166666671875 0.6240740734375 0.7125 0.7166666671875 0.7104166671875001 0.728703703125 0.7109375 0.759259259375 0.73125 0.771296296875 0.7375 0.7833333328125 0.7401041671875 0.8009259265625 0.74375 0.8074074078125 0.7786458328125 0.7324074078125 0.784375 0.7379629624999999 0.7994791671875 0.840740740625 0.8041666671875 0.8416666671874999 0.8041666671875 0.8296296296874999 0.7838541671875 0.6916666671875 0.7932291671875 0.665740740625 0.7927083328125 0.6611111109375 0.7958333328125 0.6555555562500001 0.7973958328124999 0.64351851875 0.803125 0.6379629625 0.80625 0.6268518515625 0.8052083328125 0.6203703703125 0.809375 0.602777778125 0.8098958328125001 0.577777778125 0.8130208328125 0.5666666671875 0.81875 0.5574074078125 0.8182291671874999 0.5481481484375 0.8098958328125001 0.5361111109375 0.809375 0.49351851875 0.8072916671874999 0.4796296296875 0.8010416671874999 0.4731481484375 0.7958333328125 0.4731481484375 0.7911458328125 0.477777778125 0.7838541671875 0.497222221875 0.775 0.5101851859375001 0.7671875 0.5314814812499999 0.7348958328124999 0.5287037031249999 0.725 0.5555555562500001 0.7213541671875 0.5509259265625001 0.7161458328125 0.5509259265625001 0.7088541671875 0.5638888890625 0.7046875 0.5759259265625001 0.7072916671875 0.5796296296875 0.7083333328125 0.5916666671875 0.715625 0.6074074078125
1 0.8125 0.5861111109375 0.8098958328125001 0.6111111109375 0.8145833328125001 0.60648148125 0.8208333328125 0.609259259375 0.8223958328125001 0.622222221875 0.8255208328125001 0.6268518515625 0.8260416671874999 0.6379629625 0.8270833328125 0.621296296875 0.8260416671874999 0.6101851859375 0.8229166671874999 0.60648148125 0.8208333328125 0.5731481484375001 0.828125 0.56851851875 0.8333333328125001 0.559259259375 0.8364583328125 0.5370370375 0.8447916671875 0.4203703703125 0.8442708328125 0.396296296875 0.8416666671874999 0.384259259375 0.8333333328125001 0.384259259375 0.8203125 0.40555555625000006 0.8098958328125001 0.44629629687500005 0.8052083328125 0.47407407343749997 0.809375 0.4916666671875 0.8125 0.5490740734374999 0.8125 0.5861111109375
1 0.7166666671875 0.60648148125 0.7432291671875 0.6138888890625 0.7557291671875 0.6120370375 0.7578125 0.6074074078125 0.7578125 0.5944444437499999 0.765625 0.546296296875 0.7755208328125 0.515740740625 0.7796875 0.5129629625 0.7807291671875001 0.5009259265625 0.7786458328125 0.4990740734375 0.7723958328125 0.5148148140625 0.7640625 0.5268518515625 0.7359375 0.525 0.728125 0.5287037031249999 0.7083333328125 0.5620370375 0.70625 0.5722222218749999 0.709375 0.58055555625 0.7088541671875 0.5879629625 0.7166666671875 0.60648148125