7 0.2338541671875 0.321296296875 0.2401041671875 0.3351851859375 0.2666666671875 0.340740740625 0.2760416671875 0.3398148140625 0.2979166671875 0.325 0.2984375 0.31944444375000003 0.2734375 0.3148148140625 0.2692708328125 0.303703703125 0.3192708328125 0.271296296875 0.3140625 0.11574074062499999 0.24322916718749998 0.1324074078125 0.20572916718749998 0.146296296875 0.20625 0.177777778125 0.21614583281250002 0.29907407343750003 0.221875 0.3240740734375 0.2338541671875 0.321296296875
7 0.0682291671875 0.40833333281249995 0.071875 0.41111111093749997 0.09375 0.4 0.0973958328125 0.3925925921875 0.1078125 0.39074074062499997 0.1130208328125 0.403703703125 0.1109375 0.41203703750000004 0.1140625 0.4148148140625 0.14895833281249998 0.4240740734375 0.18697916718750002 0.4 0.1854166671875 0.39444444375 0.1565973953125 0.384259259375 0.1572916671875 0.371296296875 0.1619791671875 0.36851851875 0.1671875 0.35555555625 0.1739583328125 0.35648148125 0.18125 0.35 0.1942708328125 0.3490740734375 0.2208333328125 0.32592592656249997 0.21458333281250003 0.2953703703125 0.2104166671875 0.23611111093749998 0.2015625 0.1601851859375 0.196875 0.1481481484375 0.1359375 0.1611111109375 0.0385416671875 0.1879629625 0.0369791671875 0.19351851874999998 0.0479166671875 0.29814814843750004 0.06510416718749999 0.4 0.0682291671875 0.40833333281249995
7 0 0.45370370312499997 0.0244791671875 0.4388888890625 0.0369791671875 0.4379629625 0.040625 0.4296296296875 0.05625 0.42129629687500003 0.0645833328125 0.41203703750000004 0.0484375 0.30740740781250003 0.0369791671875 0.19537037031249999 0.0328125 0.19351851874999998 0.003125 0.2009259265625 0 0.2018518515625 0 0.45370370312499997
7 0 0.9990740734375001 0.2296875 0.9990740734375001 0.23072916718749997 0.996296296875 0.2520833328125 0.9990740734375001 0.2791666671875 0.9574074078124999 0.290625 0.9305555562500001 0.29635416718749996 0.9277777781250001 0.32083333281250004 0.884259259375 0.3395833328125 0.8583333328125 0.3651041671875 0.8148148140625 0.3661458328125 0.790740740625 0.3604166671875 0.715740740625 0.3494791671875 0.6268518515625 0.3401041671875 0.5796296296875 0.3375 0.5768518515625 0.3385416671875 0.5675925921875 0.3359375 0.5574074078125 0.33541666718749996 0.5324074078125001 0.3333333328125 0.5268518515625 0.33125 0.4888888890625 0.3291666671875 0.48055555625 0.32760416718749996 0.434259259375 0.321875 0.4018518515625 0.2953125 0.415740740625 0.265625 0.43981481406249995 0.2614583328125 0.4388888890625 0.2427083328125 0.4574074078125 0.23177083281250002 0.46296296249999996 0.221875 0.47592592656250005 0.1979166671875 0.490740740625 0.1744791671875 0.5101851859375001 0.1677083328125 0.509259259375 0.16458333281249998 0.5129629625 0.16458333281249998 0.51851851875 0.11510416718750001 0.5555555562500001 0.1125 0.5611111109375 0.1078125 0.5611111109375 0.1052083328125 0.5666666671875 0.0947916671875 0.5740740734374999 0.0916666671875 0.571296296875 0.075 0.5888888890625 0.059375 0.5953703703125 0.0494791671875 0.60555555625 0.0416666671875 0.60648148125 0.0401041671875 0.615740740625 0.028125 0.627777778125 0 0.646296296875 0 0.9990740734375001
7 0.3541666671875 0.6074074078125 0.3526041671875 0.63055555625 0.3567708328125 0.6453703703125 0.365625 0.777777778125 0.3697916671875 0.809259259375 0.3802083328125 0.8111111109375001 0.40625 0.75648148125 0.4114583328125 0.7546296296875 0.4625 0.771296296875 0.49635416718750003 0.6888888890625 0.45729166718750003 0.6731481484375 0.4532984375 0.661728703125 0.4973958328125 0.56851851875 0.5015625 0.5638888890625 0.5046875 0.5555555562500001 0.5057291671875 0.5416666671875 0.5114583328125 0.5324074078125001 0.50625 0.527777778125 0.5026041671875 0.5101851859375001 0.49791666718750005 0.352777778125 0.4921875 0.2611111109375 0.48854166718750003 0.259259259375 0.4609375 0.2870370375 0.44947916718750003 0.29444444375 0.3828125 0.3601851859375 0.37447916718749996 0.3731481484375 0.3473958328125 0.396296296875 0.3395833328125 0.41111111093749997 0.3385416671875 0.43148148124999997 0.3307291671875 0.44259259218749997 0.3369791671875 0.5287037031249999 0.3395833328125 0.534259259375 0.346875 0.5898148140624999 0.3541666671875 0.6074074078125
7 0.509375 0.5416666671875 0.5140625 0.534259259375 0.5567708328125 0.5425925921875 0.5760416671875 0.5009259265625 0.5760416671875 0.49629629687500004 0.5677083328125 0.4916666671875 0.5645833328125 0.4861111109375 0.5552083328124999 0.4888888890625 0.5463541671875001 0.48518518593750004 0.5458333328125 0.475 0.5609375 0.44166666718750003 0.5765625 0.4166666671875 0.5802083328125 0.4046296296875 0.5791666671875 0.36944444375 0.58125 0.34444444375 0.5796875 0.3416666671875 0.5786458328124999 0.3129629625 0.5776041671875001 0.17962962968750001 0.5723958328125 0.177777778125 0.5505208328125 0.19537037031249999 0.4921875 0.2518518515625 0.49583333281249997 0.26851851875 0.4994791671875 0.415740740625 0.5057291671875 0.5370370375 0.509375 0.5416666671875
7 0.5838541671875 0.39351851875 0.5828125 0.4018518515625 0.6307291671875 0.409259259375 0.6401041671875001 0.38703703749999996 0.640625 0.38055555625 0.6239583328125 0.375 0.6182291671875 0.365740740625 0.6182291671875 0.3611111109375 0.625 0.3518518515625 0.6265625 0.3425925921875 0.6385416671875 0.3166666671875 0.6348958328125 0.1268518515625 0.61875 0.1379629625 0.5953125 0.1620370375 0.5880208328125 0.17314814843749998 0.590625 0.315740740625 0.5880208328125 0.34351851875 0.5880208328125 0.3879629625 0.5838541671875 0.39351851875
8 0.3166666671875 0.3166666671875 0.3161458328125 0.302777778125 0.3026041671875 0.302777778125 0.3015625 0.3083333328125 0.30416666718749996 0.3203703703125 0.3109375 0.321296296875 0.3166666671875 0.3166666671875
8 0.2416666671875 0.3620370375 0.2359375 0.35648148125 0.2260416671875 0.35648148125 0.2171875 0.3611111109375 0.2125 0.36759259218749996 0.2166666671875 0.3768518515625 0.2328125 0.377777778125 0.2427083328125 0.372222221875 0.2416666671875 0.3620370375
8 0.11510416718750001 0.4601851859375 0.11875 0.45555555625000005 0.11927083281249999 0.447222221875 0.11145833281249999 0.4379629625 0.1 0.4370370375 0.0838541671875 0.447222221875 0.0802083328125 0.45277777812500003 0.07864583281250001 0.4583333328125 0.08333333281250001 0.46481481406249997 0.096875 0.46481481406249997 0.11510416718750001 0.4601851859375
8 0.31197916718749996 0.9638888890624999 0.32083333281250004 0.946296296875 0.3229166671875 0.9351851859375 0.321875 0.922222221875 0.3140625 0.9055555562500001 0.3104166671875 0.9055555562500001 0.2786458328125 0.9546296296874999 0.2770833328125 0.9620370375 0.284375 0.9666666671874999 0.3036458328125 0.9685185187500001 0.31197916718749996 0.9638888890624999
8 0.5416666671875 0.6740740734374999 0.5453125 0.66944444375 0.5484375 0.6583333328125 0.546875 0.646296296875 0.5427083328125 0.6388888890625 0.5307291671875001 0.63055555625 0.5083333328124999 0.6333333328124999 0.49635416718750003 0.646296296875 0.49635416718750003 0.6546296296875 0.5010416671875 0.6638888890625 0.5244791671875 0.675 0.5416666671875 0.6740740734374999
8 0.6307291671875 0.49351851875 0.634375 0.48425925937500003 0.6333333328124999 0.471296296875 0.6244791671875001 0.4620370375 0.609375 0.4620370375 0.6020833328124999 0.4675925921875 0.6005208328125 0.475 0.6036458328125 0.4824074078125 0.6177083328124999 0.49351851875 0.6307291671875 0.49351851875
8 0.6369791671875 0.353703703125 0.6333333328124999 0.3481481484375 0.6260416671875 0.3453703703125 0.6171875 0.36296296250000004 0.6151041671875 0.36944444375 0.6322916671875001 0.365740740625 0.6354166671875 0.36296296250000004 0.6369791671875 0.353703703125
5 0.7098958328125 0.54444444375 0.6958333328124999 0.5416666671875 0.6916666671875 0.546296296875 0.6567708328124999 0.6546296296875 0.6515625 0.6777777781250001 0.6697916671875 0.6805555562500001 0.7015625 0.58148148125 0.7098958328125 0.54444444375
1 0.7083333328125 0.6898148140625 0.7208333328125 0.69351851875 0.7239583328125 0.665740740625 0.7286458328125 0.6611111109375 0.7875 0.6861111109375 0.7979166671875 0.703703703125 0.8041666671875 0.7333333328125 0.8046875 0.747222221875 0.8104166671874999 0.7666666671875 0.8130208328125 0.752777778125 0.8125 0.7361111109375 0.8036458328125 0.6953703703125 0.8102432296875 0.6888888890625 0.821875 0.6870370375 0.8276041671875 0.6768518515624999 0.8291666671875 0.652777778125 0.8229166671874999 0.6231481484375 0.8276041671875 0.6074074078125 0.8390625 0.609259259375 0.8479166671874999 0.5518518515624999 0.853125 0.5388888890625 0.8614583328125001 0.5370370375 0.8651041671874999 0.5259259265625 0.8817708328125 0.4240740734375 0.8807291671874999 0.4138888890625 0.8828125 0.384259259375 0.8776041671874999 0.384259259375 0.8765625 0.3888888890625 0.8645833328125001 0.39351851875 0.8598958328125 0.4074074078125 0.8411458328125001 0.50555555625 0.8348958328125 0.55 0.8302083328125001 0.5740740734374999 0.8270833328125 0.5796296296875 0.825 0.578703703125 0.8197916671875 0.5620370375 0.8098958328125001 0.55648148125 0.7354166671875 0.534259259375 0.7296875 0.5453703703125 0.7244791671875 0.5481481484375 0.7171875 0.590740740625 0.7140625 0.5962962968750001 0.7010416671875 0.646296296875 0.7005208328125 0.6731481484375 0.7026041671875001 0.6768518515624999 0.7010416671875 0.68148148125 0.7083333328125 0.6898148140625
1 0.866625 0.8105981484375 0.8657916671875 0.7498388890625 0.8499583328125 0.7409472218750001 0.8316250000000001 0.7557666671875001 0.8091250000000001 0.8194898140625 0.7849583328125 0.9928740734374999 0.7689583328125 0.9977416671875 0.7447916671875 0.9695851859375001 0.6097916671875 0.9088259265625 0.590625 0.9117898140625 0.5666666671875 0.9985185187500001 0.8457916671874999 0.9988018515625001 0.8607916671875 0.9039592593749999 0.866625 0.8105981484375
1 0.781625 0.986947221875 0.7957916671875 0.9158148140625 0.8157916671875001 0.8031879625 0.8349583328125 0.7557666671875001 0.8457916671874999 0.746875 0.875 0.5782620374999999 0.875 0.5278768515625 0.8625 0.53825 0.8550000000000001 0.53825 0.8233333328124999 0.6864425921875 0.8125 0.7560925921874999 0.8091666671875 0.7768398140625 0.8033333328125 0.7753574078125001 0.8 0.7309 0.6875 0.6849601859375001 0.6783333328125 0.7279361109375 0.67 0.71904444375 0.6658333328125 0.6982981484375 0.6566666671875 0.6997796296875001 0.6516666671875 0.7175629625 0.6476666671875 0.892740740625 0.6632916671875 0.875802778125 0.7582916671875 0.92470648125 0.7757916671875 0.986947221875 0.781625 0.986947221875