7 0 0.7324074078125 0.0411458328125 0.7324074078125 0.0427083328125 0.728703703125 0.040625 0.7175925921874999 0.0411458328125 0.6953703703125 0.0375 0.63148148125 0.0239583328125 0.46296296249999996 0.0239583328125 0.447222221875 0.0276041671875 0.4370370375 0.040625 0.4361111109375 0.0421875 0.4296296296875 0.0385416671875 0.415740740625 0.0208333328125 0.41203703750000004 0 0.41203703750000004 0 0.7324074078125
7 0.0416666671875 0.690740740625 0.0416666671875 0.7166666671875 0.0484375 0.7574074078125 0.075 0.7648148140625 0.3614583328125 0.765740740625 0.365625 0.7638888890625 0.36770833281250004 0.7518518515625 0.3729166671875 0.7518518515625 0.3760416671875 0.69351851875 0.37447916718749996 0.64351851875 0.3760416671875 0.5990740734375 0.37447916718749996 0.5935185187500001 0.37447916718749996 0.5638888890625 0.3708333328125 0.5527777781250001 0.371875 0.471296296875 0.3703125 0.46481481406249997 0.2208333328125 0.45 0.0395833328125 0.4379629625 0.0265625 0.43981481406249995 0.0234375 0.44907407343749994 0.0307291671875 0.5518518515624999 0.0338541671875 0.5722222218749999 0.0416666671875 0.690740740625
7 0.3786458328125 0.7453703703125 0.3791666671875 0.7796296296875 0.3807291671875 0.784259259375 0.45208333281249996 0.7833333328125 0.46458333281249997 0.7787037031249999 0.4661458328125 0.7824074078125001 0.4739583328125 0.7851851859375001 0.5057291671875 0.7861111109375 0.5114583328125 0.790740740625 0.5145833328125 0.7990740734374999 0.5271874999999999 0.7861111109375 0.5604166671875 0.7851851859375001 0.5640625 0.7814814812499999 0.6234375 0.7824074078125001 0.6296875 0.7787037031249999 0.64375 0.7833333328125 0.6463541671875 0.7824074078125001 0.646875 0.777777778125 0.6619791671875 0.7787037031249999 0.6697916671875 0.7481481484375 0.6677083328125 0.7361111109375 0.6703125 0.7324074078125 0.6723958328124999 0.625 0.6770833328125 0.602777778125 0.6765625 0.5962962968750001 0.6807291671875 0.590740740625 0.6833333328125 0.5759259265625001 0.6895833328125 0.497222221875 0.6880208328124999 0.4916666671875 0.6677083328125 0.48703703750000005 0.3885416671875 0.47222222187499996 0.3859375 0.4768518515625 0.384375 0.48981481406249994 0.3875 0.5120370375000001 0.3838541671875 0.5361111109375 0.38229166718749996 0.690740740625 0.3786458328125 0.7453703703125
7 0.6776041671875 0.7166666671875 0.6723958328124999 0.73148148125 0.6755208328125 0.7416666671875001 0.6697916671875 0.7666666671875 0.6708333328125 0.7861111109375 0.6734375 0.790740740625 0.7776041671875 0.797222221875 0.7828125 0.803703703125 0.8276041671875 0.7990740734374999 0.9432291671874999 0.80648148125 0.9463541671875 0.8027777781250001 0.9515625 0.75648148125 0.9588541671874999 0.728703703125 0.959375 0.715740740625 0.9625 0.7083333328125 0.9630208328125001 0.6796296296875 0.9708333328125001 0.6120370375 0.9703125 0.5851851859375 0.9796875 0.5203703703125 0.9765625 0.5148148140625 0.9552083328125001 0.509259259375 0.8296875 0.497222221875 0.8072916671874999 0.4990740734375 0.696875 0.48981481406249994 0.6942708328125 0.49351851875 0.6895833328125 0.521296296875 0.690625 0.5509259265625001 0.6880208328124999 0.5638888890625 0.6869791671875001 0.5916666671875 0.6776041671875 0.6564814812499999 0.6760416671875 0.6574074078125001 0.6776041671875 0.6703703703125 0.6755208328125 0.6768518515624999 0.6786458328125 0.690740740625 0.6776041671875 0.7166666671875
7 0.9994791671875 0.8083333328125001 0.9994791671875 0.5518518515624999 0.9942708328125001 0.5546296296875 0.9890625 0.5796296296875 0.9671875 0.727777778125 0.9583333328125001 0.79351851875 0.9588541671874999 0.8018518515625 0.9666666671874999 0.8074074078125 0.9994791671875 0.8083333328125001
7 0.2125 0.38055555625 0.215625 0.3740740734375 0.2114583328125 0.196296296875 0.20989583281250002 0.1925925921875 0.009375 0.165740740625 0.014583332812499999 0.259259259375 0.025 0.3601851859375 0.0286458328125 0.36296296250000004 0.2125 0.38055555625
7 0.2234375 0.33148148125 0.225 0.3731481484375 0.228125 0.378703703125 0.246875 0.3879629625 0.3135416671875 0.40277777812500004 0.3145833328125 0.40555555625000006 0.3161458328125 0.4018518515625 0.31875 0.403703703125 0.3177083328125 0.3981481484375 0.321875 0.3916666671875 0.3260416671875 0.3953703703125 0.3609375 0.403703703125 0.39010416718749996 0.40555555625000006 0.3963541671875 0.40277777812500004 0.39895833281250004 0.372222221875 0.4015625 0.25648148125 0.4 0.22314814843750003 0.24583333281250003 0.1925925921875 0.2260416671875 0.1898148140625 0.22239583281250003 0.1925925921875 0.221875 0.2166666671875 0.2244791671875 0.2379629625 0.225 0.3120370375 0.2234375 0.33148148125
7 0.46979166718750004 0.41111111093749997 0.47447916718750005 0.41018518593750003 0.4796875 0.403703703125 0.4890625 0.41018518593750003 0.4984375 0.409259259375 0.5010416671875 0.41203703750000004 0.5421875 0.4074074078125 0.55 0.415740740625 0.5604166671875 0.415740740625 0.5651041671875 0.3953703703125 0.5682291671875 0.328703703125 0.5755208328125 0.25555555625 0.5744791671875 0.2398148140625 0.44166666718750003 0.2175925921875 0.4078125 0.2166666671875 0.4036458328125 0.221296296875 0.4 0.34722222187499996 0.4 0.3953703703125 0.40208333281249997 0.397222221875 0.453125 0.40277777812500004 0.46979166718750004 0.41111111093749997
7 0.6390625 0.42870370312499995 0.6645833328124999 0.42592592656250006 0.6927083328125 0.43148148124999997 0.7078125 0.43981481406249995 0.7401041671875 0.43981481406249995 0.7416666671875001 0.4296296296875 0.74375 0.427777778125 0.753125 0.3490740734375 0.7526041671875 0.325 0.7583333328124999 0.26574074062499997 0.7520833328125 0.2611111109375 0.5921875 0.2388888890625 0.5880208328125 0.2629629625 0.5786458328124999 0.384259259375 0.5786458328124999 0.41203703750000004 0.5838541671875 0.4175925921875 0.6208333328125 0.42222222187499997 0.6390625 0.42870370312499995
7 0.775 0.44259259218749997 0.8140625 0.45 0.8197916671875 0.4481481484375 0.9 0.4601851859375 0.9026041671874999 0.45555555625000005 0.921875 0.3416666671875 0.9286458328125 0.2870370375 0.7630208328125 0.2611111109375 0.759375 0.2675925921875 0.7526041671875 0.340740740625 0.7536458328125 0.3481481484375 0.7447916671875 0.4166666671875 0.74375 0.43518518593750005 0.7473958328125 0.43981481406249995 0.7546875 0.43333333281249997 0.775 0.44259259218749997
7 0.2125 0.1981481484375 0.215625 0.21296296250000002 0.21770833281250002 0.21203703749999997 0.2171875 0.20740740781250003 0.2203125 0.2009259265625 0.21875 0.1981481484375 0.22421875 0.1870370375 0.2760416671875 0.197222221875 0.290625 0.196296296875 0.28958333281250004 0.09351851875 0.1729166671875 0.07685185156249999 0.1760416671875 0.18148148125000002 0.1776041671875 0.1851851859375 0.20677083281250003 0.1898148140625 0.2125 0.1981481484375
7 0.4125 0.20833333281250002 0.4140625 0.175 0.4114583328125 0.1601851859375 0.41614583281249995 0.12870370312499999 0.41302083281249996 0.1166666671875 0.403125 0.1111111109375 0.3046875 0.09444444375 0.29739583281250004 0.09444444375 0.2953125 0.10092592656249999 0.2958333328125 0.1990740734375 0.3953125 0.21851851875 0.40208333281249997 0.2175925921875 0.4125 0.20833333281250002
7 0.5260416671875 0.22870370312500002 0.5286458328125 0.2259259265625 0.5338541671875 0.140740740625 0.5322916671875 0.1324074078125 0.4265625 0.11574074062499999 0.41979166718750005 0.1166666671875 0.41822916718750003 0.1296296296875 0.4166666671875 0.197222221875 0.4192708328125 0.21296296250000002 0.5119791671875 0.22777777812500002 0.5260416671875 0.22870370312500002
7 0.5791666671875 0.2546296296875 0.5875 0.2546296296875 0.5942708328124999 0.23611111093749998 0.6395833328125 0.2416666671875 0.6453125 0.1703703703125 0.65 0.1620370375 0.65 0.15370370312499998 0.6458333328125 0.146296296875 0.6369791671875 0.1425925921875 0.5359375 0.1296296296875 0.5296875 0.19537037031249999 0.5291666671875 0.22777777812500002 0.5682291671875 0.23518518593749999 0.5770833328125 0.24351851875000002 0.5791666671875 0.2546296296875
7 0.7546875 0.25740740781250004 0.7572916671875001 0.24722222187499998 0.7661458328124999 0.1851851859375 0.7661458328124999 0.171296296875 0.7645833328125 0.165740740625 0.7588541671875 0.1629629625 0.6578125 0.1481481484375 0.6541666671875 0.1574074078125 0.646875 0.2259259265625 0.6463541671875 0.240740740625 0.6489583328124999 0.24444444375000002 0.7520833328125 0.259259259375 0.7546875 0.25740740781250004
7 0.9796875 0.3296296296875 0.9828125 0.3361111109375 0.9994791671875 0.3453703703125 0.9994791671875 0.19444444375 0.9828125 0.1916666671875 0.9776041671875 0.19444444375 0.9614583328125 0.29814814843750004 0.9598958328125 0.3138888890625 0.9777776046875 0.3166666671875 0.9828125 0.32592592656249997 0.9796875 0.3296296296875
7 0.5177083328125 0.1175925921875 0.41197916718750005 0.10555555624999999 0.4109375 0.1101851859375 0.41510416718750004 0.11388888906250001 0.5192708328125 0.1268518515625 0.5177083328125 0.1175925921875
8 0.0645833328125 0.7925925921875 0.0682291671875 0.7861111109375 0.07083333281250001 0.771296296875 0.06875 0.765740740625 0.046875 0.7611111109375 0.0447916671875 0.747222221875 0.029166667187500002 0.7518518515625 0.014583332812499999 0.7675925921875 0.014583332812499999 0.775 0.0208333328125 0.7861111109375 0.0494791671875 0.7981481484375 0.0645833328125 0.7925925921875
8 0.3302083328125 0.91944444375 0.3348958328125 0.909259259375 0.3380208328125 0.8861111109375001 0.3380208328125 0.86944444375 0.33541666718749996 0.859259259375 0.3296875 0.852777778125 0.3171875 0.8518518515625001 0.3083333328125 0.8574074078124999 0.3046875 0.865740740625 0.30416666718749996 0.877777778125 0.3098958328125 0.915740740625 0.3166666671875 0.9231481484374999 0.3302083328125 0.91944444375
8 0.646875 0.8611111109375 0.6510416671875 0.85555555625 0.6546875 0.8444444437499999 0.6546875 0.8324074078124999 0.6463541671875 0.8101851859375 0.634375 0.8018518515625 0.6234375 0.8018518515625 0.6171875 0.8055555562500001 0.6182291671875 0.825 0.63125 0.853703703125 0.6395833328125 0.8611111109375 0.646875 0.8611111109375
8 0.9994791671875 0.9833333328125 0.9994791671875 0.9351851859375 0.9723958328125001 0.9231481484374999 0.9578125 0.9240740734375 0.953125 0.93148148125 0.953125 0.94351851875 0.9588541671874999 0.95555555625 0.9854166671875 0.977777778125 0.9994791671875 0.9833333328125
8 0.1942708328125 0.409259259375 0.1953125 0.403703703125 0.19479166718750002 0.396296296875 0.1854166671875 0.3898148140625 0.1729166671875 0.3990740734375 0.1739583328125 0.4138888890625 0.178125 0.41851851875 0.1890625 0.415740740625 0.1942708328125 0.409259259375
8 0.3885416671875 0.4388888890625 0.39010416718749996 0.42870370312499995 0.3885416671875 0.4203703703125 0.3776041671875 0.415740740625 0.3703125 0.41851851875 0.3703125 0.42870370312499995 0.375 0.4388888890625 0.3791666671875 0.44166666718750003 0.3885416671875 0.4388888890625
8 0.4953125 0.45 0.48645833281249995 0.44444444375 0.47760416718750004 0.4453703703125 0.47864583281249995 0.4675925921875 0.4895833328125 0.4703703703125 0.4921875 0.465740740625 0.4953125 0.45
8 0.7203125 0.477777778125 0.7166666671875 0.4675925921875 0.709375 0.4620370375 0.6994791671875 0.4611111109375 0.6932291671875 0.46481481406249997 0.6942708328125 0.47407407343749997 0.7083333328125 0.4861111109375 0.7171875 0.4861111109375 0.7203125 0.477777778125
3 0.58125 0 0.5770833328125 0.0361111109375 0.5713541671875 0.1296296296875 0.5729166671875 0.1324074078125 0.6421875 0.1416666671875 0.65 0.1490740734375 0.665625 0.146296296875 0.7578125 0.1601851859375 0.7677083328125 0.165740740625 0.76875 0.18148148125000002 0.7947916671875 0.184259259375 0.796875 0.178703703125 0.803125 0.1768518515625 0.80625 0.1703703703125 0.828125 0 0.58125 0