1 0.734375 0.24921875 0.090625 0.13125
1 0.5765625 0.134375 0.0703125 0.1390625
1 0.49375 0.790625 0.16796875 0.35546875
1 0.3390625 0.5640625 0.1515625 0.21796875
1 0.30625 0.43671875 0.12890625 0.1421875
1 0.2 0.37890625 0.09140625 0.19375
1 0.13359375 0.30703125 0.0796875 0.18515625
1 0.05546875 0.9546875 0.1109375 0.090625
1 0.02109375 0.85546875 0.04140625 0.1953125
8 0.0421875 0.68203125 0.0421875 0.0578125
8 0.1703125 0.87734375 0.053125 0.07890625
8 0.659375 0.528125 0.03125 0.05
8 0.4890625 0.42734375 0.028125 0.03984375
8 0.3640625 0.3109375 0.02890625 0.0296875
8 0.28671875 0.2640625 0.0234375 0.0375
8 0.22421875 0.20234375 0.02109375 0.03125
7 0.46171875 0.1296875 0.08046875 0.1265625
7 0.621875 0.3703125 0.12265625 0.221875
7 0.49765625 0.29765625 0.090625 0.17265625
7 0.38984375 0.21328125 0.075 0.16640625
7 0.30546875 0.15234375 0.0640625 0.15625
7 0.23828125 0.1078125 0.05078125 0.13828125
7 0.3359375 0.8390625 0.13125 0.321875
7 0.18984375 0.6578125 0.1078125 0.29921875
7 0.0921875 0.50390625 0.09453125 0.2484375
7 0.025 0.40078125 0.04921875 0.190625
2 0.6171875 0.7328125 0.0390625 0.18515625
2 0.490625 0.58515625 0.02734375 0.1234375