1 0.1588541671875 0.9509259265625 0.1536458328125 0.9231481484374999 0.1494791671875 0.91851851875 0.1505208328125 0.9111111109375001 0.1484375 0.9064814812499999 0.1260416671875 0.8675925921875001 0.115625 0.8583333328125 0.0916666671875 0.85 0.0796875 0.8509259265625 0.0640625 0.8620370375 0.0427083328125 0.8916666671875 0.0276041671875 0.9388888890624999 0.0192708328125 0.9824074078124999 0.0182291671875 0.9990740734375001 0.16354166718750002 0.9990740734375001 0.1640625 0.996296296875 0.1588541671875 0.9509259265625
1 0.4265625 0.9833333328125 0.44322916718750005 0.9879629624999999 0.4505208328125 0.9990740734375001 0.475 0.9990740734375001 0.45989583281249996 0.977777778125 0.44322916718750005 0.9629629625 0.4171875 0.9574074078124999 0.4067708328125 0.9574074078124999 0.3880208328125 0.965740740625 0.3765625 0.9740740734375001 0.3630208328125 0.9925925921875001 0.3604166671875 0.9990740734375001 0.4223958328125 0.9990740734375001 0.42395833281249995 0.9833333328125 0.4265625 0.9833333328125
1 0.5213541671875 0.8 0.5328125 0.79351851875 0.5317708328124999 0.69351851875 0.5291666671875 0.6601851859375001 0.53125 0.6546296296875 0.5380208328125 0.6537037031249999 0.5380208328125 0.65 0.5322916671875 0.6379629625 0.5161458328124999 0.622222221875 0.5078125 0.61944444375 0.49427083281249995 0.622222221875 0.47760416718750004 0.6398148140625 0.4703125 0.6611111109375 0.46197916718750004 0.675 0.4604166671875 0.6833333328125 0.4609375 0.7481481484375 0.46770833281249996 0.7796296296875 0.5213541671875 0.8
1 0.7802083328125 0.8481481484375 0.7796875 0.8194444437499999 0.7729166671875001 0.775 0.7526041671875 0.7324074078125 0.7364583328125 0.7194444437499999 0.7208333328125 0.7129629625 0.7192708328124999 0.715740740625 0.7182291671875001 0.85648148125 0.7625 0.872222221875 0.7776041671875 0.8740740734375001 0.7802083328125 0.8481481484375
1 0.5338541671875 0.559259259375 0.5208333328125 0.5481481484375 0.5078125 0.546296296875 0.5078125 0.60648148125 0.5442708328125 0.6120370375 0.54375 0.5953703703125 0.5338541671875 0.559259259375
7 0.3265625 0.8194444437499999 0.3140625 0.8222222218749999 0.30416666718749996 0.8416666671874999 0.3317708328125 0.85648148125 0.3630208328125 0.8611111109375 0.3770833328125 0.8490740734375001 0.3916666671875 0.8240740734375 0.39010416718749996 0.815740740625 0.3770833328125 0.809259259375 0.3802083328125 0.790740740625 0.39114583281250004 0.7916666671875 0.4213541671875 0.8055555562500001 0.42760416718750005 0.8055555562500001 0.4296875 0.8018518515625 0.4302083328125 0.6740740734374999 0.42864583281249996 0.6379629625 0.42604166718750003 0.6240740734375 0.415625 0.6148148140624999 0.40833333281249995 0.6129629624999999 0.4 0.61851851875 0.3921875 0.6175925921875 0.384375 0.6120370375 0.3458333328125 0.602777778125 0.290625 0.5953703703125 0.2947916671875 0.7629629625 0.321875 0.771296296875 0.3296875 0.8129629625 0.3265625 0.8194444437499999
7 0.5333333328125 0.7981481484375 0.5364583328125 0.834259259375 0.5458333328125 0.8416666671874999 0.5604166671875 0.8435185187500001 0.5666666671875 0.8481481484375 0.5755208328125 0.8481481484375 0.5838541671875 0.8416666671874999 0.5927083328125 0.8453703703125001 0.5932291671875001 0.8546296296874999 0.6026041671875 0.8574074078124999 0.6046875 0.8629629624999999 0.6026041671875 0.8861111109375001 0.5994791671875 0.890740740625 0.5921875 0.8916666671875 0.5833333328125 0.8981481484374999 0.578125 0.9055555562500001 0.575 0.9203703703125001 0.571875 0.91851851875 0.5671875 0.922222221875 0.5640625 0.9351851859375 0.5671875 0.9333333328125001 0.5776041671875001 0.946296296875 0.5942708328124999 0.9546296296874999 0.6427083328125 0.9675925921875 0.6510416671875 0.9583333328125001 0.6609375 0.9120370375 0.6552083328125 0.9074074078125 0.6463541671875 0.9064814812499999 0.6515625 0.8759259265624999 0.6734375 0.88055555625 0.678125 0.8851851859375 0.7067708328125 0.8953703703125001 0.7166666671875 0.89444444375 0.7182291671875001 0.8611111109375 0.7177083328125 0.727777778125 0.7192708328124999 0.7175925921874999 0.7166666671875 0.6972222218749999 0.5963541671875 0.665740740625 0.5296875 0.6555555562500001 0.528125 0.665740740625 0.5317708328124999 0.7518518515625 0.5333333328125 0.75555555625 0.5333333328125 0.7981481484375
7 0.1203125 0.6990740734374999 0.128125 0.7074074078125 0.1291666671875 0.7175925921874999 0.1291666671875 0.740740740625 0.12552083281249998 0.75 0.11145833281249999 0.7518518515625 0.1078125 0.75648148125 0.0994791671875 0.75555555625 0.09427083281250001 0.7638888890625 0.09322916718749999 0.7740740734375 0.11822916718750001 0.7851851859375001 0.1432291671875 0.7833333328125 0.1807291671875 0.75555555625 0.18125 0.7518518515625 0.1770833328125 0.7490740734375 0.18020833281249998 0.7324074078125 0.1979166671875 0.7361111109375 0.2036458328125 0.7324074078125 0.19375 0.5759259265625001 0.10729166718750001 0.5601851859375 0.0838541671875 0.5601851859375 0.0953125 0.7083333328125 0.103125 0.7083333328125 0.11510416718750001 0.715740740625 0.1203125 0.6990740734374999
7 0.3494791671875 0.602777778125 0.3572916671875 0.6018518515625 0.35989583281250004 0.5953703703125 0.35885416718749996 0.5861111109375 0.36328125 0.58055555625 0.390625 0.5861111109375 0.3947916671875 0.5833333328125 0.390625 0.48703703750000005 0.3229166671875 0.478703703125 0.3166666671875 0.48055555625 0.3182291671875 0.5333333328125 0.321875 0.5740740734374999 0.3359375 0.5768518515625 0.3494791671875 0.602777778125
7 0.44375 0.5981481484375 0.4479166671875 0.61944444375 0.4348958328125 0.6259259265625 0.434375 0.63148148125 0.44427083281249996 0.6370370375000001 0.44635416718750004 0.646296296875 0.4703125 0.65 0.4703125 0.6453703703125 0.4859375 0.6268518515625 0.48229166718750005 0.621296296875 0.4875 0.6046296296875 0.50625 0.60648148125 0.5057291671875 0.5083333328124999 0.5036458328125 0.502777778125 0.4546875 0.4953703703125 0.41979166718750005 0.49444444374999996 0.4192708328125 0.497222221875 0.421875 0.5601851859375 0.41770833281249997 0.5870370375 0.42552083281249997 0.5944444437499999 0.44375 0.5981481484375
7 0.5484375 0.61851851875 0.5572916671875 0.6166666671875001 0.5635416671875 0.621296296875 0.5729166671875 0.615740740625 0.5770833328125 0.61851851875 0.5854166671875001 0.6296296296875 0.584375 0.6537037031249999 0.5817708328125 0.6574074078125001 0.5880208328125 0.6620370375 0.5963541671875 0.6629629625 0.6010416671875001 0.6583333328125 0.5994791671875 0.6296296296875 0.603125 0.6231481484375 0.6041666671875 0.6148148140624999 0.6078125 0.6101851859375 0.6114583328125 0.609259259375 0.6166666671875001 0.6138888890625 0.6192708328125 0.628703703125 0.6432291671875 0.6333333328124999 0.6458333328125 0.58055555625 0.6458333328125 0.525 0.6385416671875 0.51851851875 0.5994791671875 0.5129629625 0.5704859375 0.5120370375000001 0.5510416671875 0.5074074078125 0.5463541671875001 0.5120370375000001 0.5447916671875 0.5620370375 0.5463541671875001 0.5740740734374999 0.5458333328125 0.6120370375 0.5484375 0.61851851875
7 0.7166666671875 0.6833333328125 0.7161458328125 0.6888888890625 0.7203125 0.6944444437499999 0.7494791671875001 0.7009259265625001 0.7640625 0.6990740734374999 0.7677083328125 0.6925925921875 0.7671875 0.6888888890625 0.7583333328124999 0.6851851859375 0.7557291671875 0.6805555562500001 0.7572916671875001 0.659259259375 0.7713541671875 0.659259259375 0.775 0.6629629625 0.7854166671875 0.6574074078125001 0.7916666671875 0.6648148140625 0.8 0.665740740625 0.8041666671875 0.6231481484375 0.8052083328125 0.5722222218749999 0.803125 0.54351851875 0.6947916671875001 0.5305555562500001 0.690625 0.5333333328125 0.6880208328124999 0.578703703125 0.6875 0.6425925921875 0.6890625 0.647222221875 0.7098958328125 0.65 0.7166666671875 0.6833333328125
7 0.8088541671874999 0.49444444374999996 0.8088541671874999 0.48425925937500003 0.8067708328125001 0.48055555625 0.7369791671875 0.471296296875 0.7270833328124999 0.47407407343749997 0.7265625 0.5259259265625 0.728125 0.5305555562500001 0.8067708328125001 0.5398148140625 0.8088541671874999 0.49444444374999996
7 0.646875 0.522222221875 0.6567708328124999 0.5601851859375 0.6619791671875 0.559259259375 0.6635416671875001 0.5490740734374999 0.6703125 0.54351851875 0.6755208328125 0.55 0.6859375 0.55 0.6890625 0.527777778125 0.6973958328125 0.525 0.6989583328125 0.521296296875 0.6973958328125 0.46944444374999994 0.634375 0.4601851859375 0.6265625 0.4620370375 0.6255208328124999 0.46944444374999994 0.6255208328124999 0.4990740734375 0.6203125 0.5129629625 0.6385416671875 0.5166666671875 0.646875 0.522222221875
7 0.5473958328124999 0.5074074078125 0.6026041671875 0.5129629625 0.6078125 0.5101851859375001 0.6067708328125 0.4574074078125 0.5411458328125 0.45277777812500003 0.540625 0.50555555625 0.5442708328125 0.525 0.5447916671875 0.5120370375000001 0.5473958328124999 0.5074074078125
7 0.5072916671875001 0.5 0.5052083328125 0.447222221875 0.44947916718750003 0.44166666718750003 0.446875 0.44259259218749997 0.44947916718750003 0.49351851875 0.5052083328125 0.502777778125 0.5072916671875001 0.5
6 0.7989583328125 0 0.7807291671875001 0.00555555625 0.78125 0.0148148140625 0.7885416671875001 0.039814814062499995 0.7953125 0.0425925921875 0.8984375 0.027777778125000003 0.9010416671874999 0.0231481484375 0.9026041671874999 0 0.7989583328125 0
6 0.5666666671875 0.071296296875 0.5765625 0.0675925921875 0.5755208328125 0.0629629625 0.5453125 0.0361111109375 0.4635416671875 0.0490740734375 0.46302083281249995 0.051851851562499995 0.4692708328125 0.058333332812500006 0.4984375 0.077777778125 0.5666666671875 0.071296296875