7 0 0.88148148125 0.0192708328125 0.9111111109375001 0.0260416671875 0.9138888890624999 0.0614583328125 0.88055555625 0.0796875 0.8675925921875001 0.08125 0.8611111109375 0.0796875 0.8453703703125001 0.0760416671875 0.8296296296874999 0.06979166718749999 0.8240740734375 0.06875 0.8166666671874999 0.1276041671875 0.7638888890625 0.13125 0.759259259375 0.13125 0.7546296296875 0.10729166718750001 0.6009259265625 0.103125 0.584259259375 0.014583332812499999 0.6416666671875 0 0.6518518515625 0 0.88148148125
7 0.18020833281249998 0.43333333281249997 0.2 0.42222222187499997 0.2088541671875 0.43333333281249997 0.22291666718749997 0.4361111109375 0.23020833281250003 0.43148148124999997 0.24479166718749998 0.41944444374999995 0.23177083281250002 0.41018518593750003 0.2286458328125 0.403703703125 0.23802083281250003 0.39351851875 0.259375 0.38055555625 0.265625 0.371296296875 0.26510416718749996 0.3490740734375 0.25729166718749996 0.3111111109375 0.2520833328125 0.26574074062499997 0.1619791671875 0.315740740625 0.1609375 0.3231481484375 0.1682291671875 0.372222221875 0.1776041671875 0.42870370312499995 0.18020833281249998 0.43333333281249997
7 0.2921875 0.3731481484375 0.3036458328125 0.375 0.3088541671875 0.372222221875 0.3213541671875 0.3611111109375 0.3072916671875 0.3518518515625 0.3072916671875 0.34629629687499996 0.3260416671875 0.3351851859375 0.3296875 0.32777777812500003 0.3359375 0.32592592656249997 0.3395833328125 0.3203703703125 0.3380208328125 0.28611111093749997 0.3333333328125 0.2675925921875 0.3317708328125 0.2388888890625 0.32864583281250004 0.2259259265625 0.3145833328125 0.2296296296875 0.253125 0.2638888890625 0.2541666671875 0.2870370375 0.2671875 0.3703703703125 0.28072916718749996 0.3620370375 0.2921875 0.3731481484375
7 0.3479166671875 0.3120370375 0.35885416718749996 0.322222221875 0.3708333328125 0.32592592656249997 0.3776041671875 0.3231481484375 0.3895833328125 0.3138888890625 0.3776041671875 0.3046296296875 0.3807291671875 0.29722222187499997 0.4067708328125 0.2768518515625 0.3994791671875 0.1879629625 0.3760416671875 0.197222221875 0.3338541671875 0.22314814843750003 0.3348958328125 0.26851851875 0.3411458328125 0.31759259218749997 0.3447916671875 0.3120370375 0.3479166671875 0.3120370375
7 0.4244791671875 0.28148148125 0.44166666718750003 0.2824074078125 0.4515625 0.2740740734375 0.4427083328125 0.26944444375 0.43958333281249995 0.2601851859375 0.46458333281249997 0.24444444375000002 0.471875 0.23611111093749998 0.46770833281249996 0.234259259375 0.465625 0.22685185156249998 0.46302083281249995 0.1759259265625 0.459375 0.1574074078125 0.40052083281249995 0.184259259375 0.4036458328125 0.2398148140625 0.4078125 0.275 0.42083333281249996 0.2740740734375 0.4244791671875 0.28148148125
7 0.4848958328125 0.24722222187499998 0.49114583281249996 0.24722222187499998 0.5015625 0.2398148140625 0.49635416718750003 0.234259259375 0.49375 0.225 0.5119791671875 0.2138888890625 0.5151041671875001 0.20740740781250003 0.5145833328125 0.13055555624999998 0.5020833328125 0.1324074078125 0.4682291671875 0.15092592656249998 0.4609375 0.1574074078125 0.4661458328125 0.23333333281250002 0.475 0.24444444375000002 0.4848958328125 0.24722222187499998
7 0.34375 0.5388888890625 0.3494791671875 0.55 0.3567708328125 0.5481481484375 0.3723958328125 0.5351851859375001 0.3916666671875 0.5490740734374999 0.39895833281250004 0.5481481484375 0.4203125 0.5259259265625 0.4192708328125 0.51851851875 0.40833333281249995 0.515740740625 0.40260416718750003 0.503703703125 0.44114583281249997 0.46481481406249997 0.4421875 0.43055555625 0.4375 0.384259259375 0.4291666671875 0.3425925921875 0.4135416671875 0.34444444375 0.39895833281250004 0.3583333328125 0.3479166671875 0.39444444375 0.3411458328125 0.4046296296875 0.334375 0.4074074078125 0.3328125 0.4175925921875 0.3322916671875 0.44259259218749997 0.3395833328125 0.4703703703125 0.34375 0.5046296296875 0.34375 0.5388888890625
7 0.4427083328125 0.4388888890625 0.44375 0.44629629687500005 0.44947916718750003 0.4574074078125 0.4614583328125 0.4509259265625 0.48229166718750005 0.46296296249999996 0.4875 0.46296296249999996 0.50625 0.44351851875000003 0.5036458328125 0.4388888890625 0.4927083328125 0.43333333281249997 0.4895833328125 0.4240740734375 0.5234375 0.3925925921875 0.5145833328125 0.29814814843750004 0.5119791671875 0.29444444375 0.5130208328125 0.2870370375 0.5109375 0.27777777812500004 0.49791666718750005 0.28148148125 0.4557291671875 0.3101851859375 0.4348958328125 0.32685185156249996 0.43177083281249995 0.3351851859375 0.43385416718750003 0.372222221875 0.440625 0.397222221875 0.44427083281249996 0.43240740781250003 0.4427083328125 0.4388888890625
7 0.5526041671875 0.3981481484375 0.5671875 0.384259259375 0.5692708328125 0.38055555625 0.5682291671875 0.377777778125 0.5578125 0.3731481484375 0.559375 0.35925925937500003 0.5770833328125 0.3398148140625 0.5822916671875 0.3296296296875 0.5786458328124999 0.30740740781250003 0.5786458328124999 0.25555555625 0.5760416671875 0.22777777812500002 0.5625 0.234259259375 0.521875 0.26851851875 0.5161458328124999 0.27777777812500004 0.5145833328125 0.28611111093749997 0.515625 0.315740740625 0.5234375 0.3916666671875 0.5526041671875 0.3981481484375
7 0.6083333328125 0.3351851859375 0.6171875 0.322222221875 0.6083333328125 0.3138888890625 0.6083333328125 0.30555555624999997 0.6260416671875 0.284259259375 0.6244791671875001 0.1870370375 0.61875 0.1870370375 0.575 0.225 0.578125 0.3083333328125 0.5807291671875 0.3296296296875 0.6010416671875001 0.3379629625 0.6083333328125 0.3351851859375
7 0.6572916671875 0.2870370375 0.665625 0.27870370312500004 0.665625 0.275 0.6598958328125 0.272222221875 0.6578125 0.2601851859375 0.6723958328124999 0.240740740625 0.6713541671875001 0.15 0.66875 0.1481481484375 0.6604166671875 0.15370370312499998 0.6317708328125 0.17962962968750001 0.6302083328125 0.1824074078125 0.6317708328125 0.2796296296875 0.6348958328125 0.284259259375 0.6572916671875 0.2870370375
7 0.6916666671875 0.672222221875 0.6958333328124999 0.66944444375 0.7192708328124999 0.68148148125 0.7239583328125 0.6796296296875 0.7380208328125 0.652777778125 0.7411458328125 0.6416666671875 0.7223958328125 0.63055555625 0.7234375 0.6148148140624999 0.75 0.5694444437499999 0.7515625 0.54444444375 0.7489583328125 0.48055555625 0.75 0.42314814843750004 0.7479166671875 0.4203703703125 0.7401041671875 0.42222222187499997 0.7328125 0.4361111109375 0.7208333328125 0.44444444375 0.7166666671875 0.45370370312499997 0.6901041671875 0.4861111109375 0.6765625 0.5120370375000001 0.675 0.5203703703125 0.6739583328125 0.577777778125 0.6776041671875 0.6861111109375 0.6838541671875 0.6870370375 0.6916666671875 0.672222221875
7 0.7661458328124999 0.553703703125 0.7895833328124999 0.5611111109375 0.8026041671874999 0.5324074078125001 0.7994791671875 0.527777778125 0.7848958328125 0.522222221875 0.7817708328124999 0.5166666671875 0.7901041671875 0.503703703125 0.8057291671875 0.46481481406249997 0.8098958328125001 0.3574074078125 0.8088541671874999 0.3296296296875 0.80625 0.32685185156249996 0.8026041671874999 0.33055555625 0.78125 0.35925925937500003 0.7677083328125 0.384259259375 0.7572916671875001 0.39444444375 0.7536458328125 0.40648148125 0.7536458328125 0.5453703703125 0.7552083328125 0.5620370375 0.7598958328125 0.5629629625 0.7661458328124999 0.553703703125
7 0.8375 0.46944444374999994 0.8479166671874999 0.447222221875 0.8416666671874999 0.4379629625 0.8416666671874999 0.434259259375 0.8390625 0.43333333281249997 0.8364583328125 0.42314814843750004 0.8505208328125 0.3925925921875 0.8489583328125001 0.38333333281250004 0.8510416671875 0.3416666671875 0.8494791671874999 0.259259259375 0.8416666671874999 0.2666666671875 0.8260416671874999 0.290740740625 0.8072916671874999 0.32592592656249997 0.80625 0.3333333328125 0.8088541671874999 0.3379629625 0.809375 0.353703703125 0.80625 0.465740740625 0.8375 0.46944444374999994
7 0.8864583328125001 0.3796296296875 0.8869791671874999 0.3731481484375 0.87734375 0.36944444375 0.875 0.3574074078125 0.8885416671874999 0.33055555625 0.8927083328125001 0.334259259375 0.8953125 0.322222221875 0.8927083328125001 0.2703703703125 0.8963541671874999 0.2101851859375 0.8921875 0.2101851859375 0.8859375 0.21851851875 0.8625 0.25740740781250004 0.8567708328125001 0.32592592656249997 0.8520833328125 0.3453703703125 0.85 0.378703703125 0.8526041671875 0.3879629625 0.8786458328125001 0.39351851875 0.8864583328125001 0.3796296296875
7 0.9197916671874999 0.321296296875 0.9083333328125001 0.3138888890625 0.9067708328125 0.309259259375 0.9192708328125001 0.27870370312500004 0.9302083328125 0.17314814843749998 0.9276041671874999 0.171296296875 0.9213541671875 0.17962962968750001 0.9041666671874999 0.2166666671875 0.8864583328125001 0.3333333328125 0.9125 0.33888888906250003 0.915625 0.3361111109375 0.9197916671874999 0.321296296875
7 0.3885416671875 0.8055555562500001 0.3786458328125 0.8138888890624999 0.24635416718749997 0.99351851875 0.24375 0.9990740734375001 0.4166666671875 0.9990740734375001 0.3927083328125 0.809259259375 0.3885416671875 0.8055555562500001
5 0.8677083328125 0.7398148140624999 0.8755208328125 0.7046296296875 0.8666666671875 0.6944444437499999 0.8380208328125001 0.6805555562500001 0.8036458328125 0.7805555562500001 0.8020833328125001 0.7925925921875 0.8041666671875 0.7981481484375 0.8416666671874999 0.8222222218749999 0.8677083328125 0.7398148140624999
5 0.8901041671875 0.6388888890625 0.9067708328125 0.5833333328125 0.8916666671875 0.571296296875 0.8796875 0.5703703703125 0.8723958328125001 0.5796296296875 0.86875 0.5944444437499999 0.8572916671874999 0.6148148140624999 0.8463541671874999 0.6425925921875 0.8453125 0.6518518515625 0.846875 0.6546296296875 0.8770833328125001 0.66944444375 0.8901041671875 0.6388888890625
5 0.9489583328125001 0.4601851859375 0.9578125 0.41203703750000004 0.9510416671874999 0.40648148125 0.9432291671874999 0.4074074078125 0.9229166671875 0.45370370312499997 0.9239583328125001 0.4620370375 0.9427083328125001 0.4675925921875 0.9463541671875 0.465740740625 0.9489583328125001 0.4601851859375
5 0.4984375 0.54351851875 0.48645833281249995 0.5388888890625 0.4427083328125 0.5879629625 0.44166666718750003 0.5953703703125 0.4302083328125 0.6111111109375 0.4302083328125 0.61944444375 0.45520833281249995 0.6351851859375001 0.5140625 0.5601851859375 0.4984375 0.54351851875
5 0.6583333328125 0.36944444375 0.6739583328125 0.3490740734375 0.6713541671875001 0.33888888906250003 0.6744791671875 0.3333333328125 0.6572916671875 0.3481481484375 0.6348958328125 0.3768518515625 0.6328125 0.38055555625 0.634375 0.3888888890625 0.6385416671875 0.3888888890625 0.6583333328125 0.36944444375
5 0.2677083328125 0.49351851875 0.3083333328125 0.4601851859375 0.3171875 0.4388888890625 0.30625 0.43148148124999997 0.28177083281250004 0.4509259265625 0.25 0.4824074078125 0.2541666671875 0.48981481406249994 0.2609375 0.49444444374999996 0.2677083328125 0.49351851875
8 0.09427083281250001 0.9296296296875 0.1020833328125 0.9203703703125001 0.103125 0.9046296296874999 0.1010416671875 0.896296296875 0.09635416718749999 0.8898148140625001 0.0869791671875 0.8888888890625 0.07552083281250001 0.9 0.0739583328125 0.9037037031249999 0.075 0.9120370375 0.084375 0.9277777781250001 0.09427083281250001 0.9296296296875
8 0.2901041671875 0.3879629625 0.28958333281250004 0.38240740781250004 0.2864583328125 0.378703703125 0.2744791671875 0.38333333281250004 0.2723958328125 0.38703703749999996 0.2734375 0.3925925921875 0.2838541671875 0.3925925921875 0.2901041671875 0.3879629625
8 0.365625 0.3361111109375 0.35989583281250004 0.3351851859375 0.3526041671875 0.340740740625 0.35208333281250004 0.3453703703125 0.35625 0.3481481484375 0.3682291671875 0.3453703703125 0.365625 0.3361111109375
8 0.428125 0.29444444375 0.421875 0.2888888890625 0.4125 0.2953703703125 0.4114583328125 0.29814814843750004 0.4140625 0.3009259265625 0.42395833281249995 0.3009259265625 0.428125 0.29444444375
8 0.475 0.25648148125 0.47083333281249995 0.2546296296875 0.4635416671875 0.259259259375 0.46302083281249995 0.2629629625 0.46666666718750005 0.26574074062499997 0.4770833328125 0.2629629625 0.475 0.25648148125
8 0.5057291671875 0.22685185156249998 0.5057291671875 0.23611111093749998 0.5125 0.234259259375 0.5130208328125 0.22777777812500002 0.5057291671875 0.22685185156249998
8 0.42864583281249996 0.4990740734375 0.42760416718750005 0.49351851875 0.4223958328125 0.4916666671875 0.4145833328125 0.4981481484375 0.415625 0.5120370375000001 0.4192708328125 0.515740740625 0.42552083281249997 0.5111111109375 0.42864583281249996 0.4990740734375
8 0.509375 0.427777778125 0.5088541671875 0.4203703703125 0.5046875 0.415740740625 0.4927083328125 0.42314814843750004 0.4921875 0.427777778125 0.49895833281249996 0.43148148124999997 0.50625 0.43148148124999997 0.509375 0.427777778125
8 0.5901041671875 0.3731481484375 0.5895833328125 0.36666666718749996 0.5864583328124999 0.36296296250000004 0.5744791671875 0.365740740625 0.5723958328125 0.3703703703125 0.5755208328125 0.375 0.584375 0.377777778125 0.5901041671875 0.3731481484375
8 0.6427083328125 0.3101851859375 0.6333333328124999 0.3111111109375 0.6317708328125 0.3148148140625 0.634375 0.321296296875 0.6442708328125 0.321296296875 0.6427083328125 0.3101851859375
8 0.6661458328125 0.25740740781250004 0.6578125 0.259259259375 0.6536458328125 0.2666666671875 0.665625 0.26851851875 0.6697916671875 0.2638888890625 0.6661458328125 0.25740740781250004
8 0.8052083328125 0.6231481484375 0.8052083328125 0.6175925921875 0.8020833328125001 0.6111111109375 0.7942708328125 0.60648148125 0.778125 0.6111111109375 0.7744791671875 0.61851851875 0.7744791671875 0.6268518515625 0.7828125 0.63148148125 0.7989583328125 0.63055555625 0.8052083328125 0.6231481484375
8 0.8067708328125001 0.497222221875 0.8020833328125001 0.49259259218749996 0.7979166671875 0.4916666671875 0.7927083328125 0.4990740734375 0.7880208328125 0.5120370375000001 0.8026041671874999 0.5111111109375 0.8072916671874999 0.5046296296875 0.8067708328125001 0.497222221875
8 0.8578125 0.427777778125 0.8598958328125 0.41944444374999995 0.8557291671874999 0.4138888890625 0.8479166671874999 0.4129629625 0.8411458328125001 0.4166666671875 0.8375 0.42314814843750004 0.8364583328125 0.427777778125 0.8380208328125001 0.43055555625 0.846875 0.43240740781250003 0.8578125 0.427777778125
8 0.8651041671874999 0.40092592656250003 0.8588541671875 0.39351851875 0.853125 0.39444444375 0.85 0.3990740734375 0.8494791671874999 0.41018518593750003 0.8546875 0.4129629625 0.8604166671875 0.41111111093749997 0.8651041671874999 0.40092592656250003
8 0.9390625 0.309259259375 0.9390625 0.30555555624999997 0.9322916671874999 0.3 0.9177083328125001 0.30648148124999997 0.9171875 0.3111111109375 0.9213541671875 0.3148148140625 0.9359375 0.3138888890625 0.9390625 0.309259259375
2 0.1395833328125 0.9620370375 0.1098958328125 0.99351851875 0.10729166718750001 0.9990740734375001 0.1598958328125 0.9990740734375001 0.1604166671875 0.99444444375 0.1395833328125 0.9620370375
2 0.46979166718750004 0.74444444375 0.475 0.7370370375 0.4692708328125 0.715740740625 0.4713541671875 0.6953703703125 0.4770833328125 0.6833333328125 0.5020833328125 0.65 0.5005208328124999 0.622222221875 0.4973958328125 0.622222221875 0.46770833281249996 0.6611111109375 0.4614583328125 0.665740740625 0.45677083281249997 0.6629629625 0.45520833281249995 0.6546296296875 0.45104166718750005 0.6490740734375 0.42760416718750005 0.6351851859375001 0.4244791671875 0.6361111109375 0.42395833281249995 0.6537037031249999 0.4296875 0.7175925921874999 0.44947916718750003 0.7333333328125 0.46979166718750004 0.74444444375
2 0.5442708328125 0.5148148140625 0.5161458328124999 0.54351851875 0.5161458328124999 0.547222221875 0.5375 0.5583333328125 0.559375 0.5324074078125001 0.5442708328125 0.5148148140625
2 0.7885416671875001 0.86851851875 0.7911458328125 0.8370370375 0.7942708328125 0.8296296296874999 0.7791666671875 0.8194444437499999 0.775 0.9037037031249999 0.7755208328125 0.928703703125 0.7802083328125 0.922222221875 0.7895833328124999 0.8879629625 0.7885416671875001 0.86851851875
1 0.8666666671875 0.9990740734375001 0.990625 0.9990740734375001 0.9854166671875 0.95555555625 0.9848958328125 0.91944444375 0.9770833328125 0.8925925921875001 0.9661458328125001 0.8833333328125 0.9239583328125001 0.8620370375 0.8791666671874999 0.8425925921875 0.86875 0.8416666671874999 0.8598958328125 0.8462962968750001 0.8510416671875 0.86851851875 0.8427083328125 0.9277777781250001 0.8427083328125 0.953703703125 0.8484375 0.9740740734375001 0.85625 0.9879629624999999 0.8666666671875 0.9990740734375001
1 0.9609375 0.7481481484375 0.9473958328125001 0.8481481484375 0.9453125 0.872222221875 0.9479166671874999 0.8740740734375001 0.9520833328125 0.86944444375 0.9567708328125001 0.8240740734375 0.9630208328125001 0.7916666671875 0.9854166671875 0.7611111109375 0.9994791671875 0.7638888890625 0.9994791671875 0.646296296875 0.9739583328125001 0.6388888890625 0.9583333328125001 0.6425925921875 0.9510416671874999 0.6601851859375001 0.9447916671875 0.6972222218749999 0.9442708328125 0.7138888890625 0.9473958328125001 0.727777778125 0.9520833328125 0.7379629624999999 0.9609375 0.7481481484375
1 0.9994791671875 0.565740740625 0.9895833328125001 0.5638888890625 0.9791666671874999 0.56851851875 0.9744791671874999 0.5824074078125 0.971875 0.6018518515625 0.9708333328125001 0.63055555625 0.9729166671874999 0.6379629625 0.9994791671875 0.6453703703125 0.9994791671875 0.565740740625
1 0.9994791671875 0.4916666671875 0.9885416671874999 0.49259259218749996 0.984375 0.49629629687500004 0.9796875 0.5074074078125 0.9744791671874999 0.5314814812499999 0.9744791671874999 0.5527777781250001 0.9786458328125001 0.5629629625 0.9994791671875 0.5638888890625 0.9994791671875 0.4916666671875
1 0.9994791671875 0.4916666671875 0.9994791671875 0.4268518515625 0.9864583328125001 0.43148148124999997 0.9833333328125 0.44351851875000003 0.9828125 0.4611111109375 0.9854166671875 0.4861111109375 0.9885416671874999 0.4916666671875 0.9994791671875 0.4916666671875
1 0.7286458328125 0.40555555625000006 0.7354166671875 0.41203703750000004 0.7411458328125 0.4074074078125 0.7447916671875 0.3981481484375 0.7520833328125 0.3990740734375 0.753125 0.3916666671875 0.7635416671875 0.3740740734375 0.7739583328124999 0.302777778125 0.7708333328125 0.28148148125 0.7635416671875 0.28055555625 0.7520833328125 0.29814814843750004 0.7416666671875001 0.3351851859375 0.7354166671875 0.39074074062499997 0.7302083328125 0.3953703703125 0.728125 0.4018518515625 0.7286458328125 0.40555555625000006
1 0.6776041671875 0.49444444374999996 0.6817708328125 0.49444444374999996 0.7177083328125 0.4388888890625 0.7197916671875 0.4240740734375 0.7255208328125 0.41203703750000004 0.728125 0.39351851875 0.7302083328125 0.3620370375 0.7270833328124999 0.3398148140625 0.725 0.3361111109375 0.7166666671875 0.334259259375 0.7036458328124999 0.35 0.69375 0.3759259265625 0.6885416671875 0.3953703703125 0.6901041671875 0.40092592656250003 0.6864583328125 0.40833333281249995 0.684375 0.42592592656250006 0.6864583328125 0.44166666718750003 0.6796875 0.46296296249999996 0.6776041671875 0.49444444374999996
1 0.6244791671875001 0.5879629625 0.6328125 0.5944444437499999 0.6348958328125 0.6009259265625 0.6364583328125 0.5935185187500001 0.6447916671875 0.5796296296875 0.6526041671875 0.5722222218749999 0.659375 0.5583333328125 0.6645833328124999 0.553703703125 0.6697916671875 0.5601851859375 0.6734375 0.5601851859375 0.6692708328125 0.5287037031249999 0.671875 0.503703703125 0.6703125 0.4990740734375 0.6786458328125 0.47222222187499996 0.6796875 0.4481481484375 0.6838541671875 0.427777778125 0.68125 0.3990740734375 0.6786458328125 0.39074074062499997 0.6682291671875 0.3916666671875 0.6536458328125 0.4138888890625 0.6447916671875 0.4388888890625 0.6411458328124999 0.4620370375 0.6411458328124999 0.50555555625 0.6380208328125 0.5398148140625 0.6328125 0.5629629625 0.6265625 0.5675925921875 0.6286458328125 0.5694444437499999 0.6286458328125 0.575 0.6255208328124999 0.5796296296875 0.6244791671875001 0.5879629625
1 0.534375 0.6379629625 0.5442708328125 0.647222221875 0.5557291671875 0.6370370375000001 0.5614583328125 0.60648148125 0.5692708328125 0.5916666671875 0.5942708328124999 0.559259259375 0.6026041671875 0.5648148140625 0.6072916671875 0.6 0.6109375 0.597222221875 0.6171875 0.578703703125 0.6338541671875 0.5518518515624999 0.6359375 0.5425925921875 0.6395833328125 0.48518518593750004 0.6348958328125 0.4574074078125 0.63125 0.45370370312499997 0.6260416671875 0.4546296296875 0.621875 0.46666666718750005 0.6088541671875001 0.48055555625 0.5942708328124999 0.54351851875 0.5770833328125 0.5351851859375001 0.5546875 0.5370370375 0.5338541671875 0.5601851859375 0.5333333328125 0.5740740734374999 0.53125 0.5796296296875 0.5317708328124999 0.5916666671875 0.5302083328125 0.5953703703125 0.5359375 0.6231481484375 0.534375 0.6379629625
1 0.475 0.8648148140625 0.478125 0.865740740625 0.4796875 0.8620370375 0.4760416671875 0.797222221875 0.478125 0.784259259375 0.4994791671875 0.7990740734374999 0.509375 0.8111111109375001 0.5182291671875 0.8148148140625 0.5369791671875 0.8370370375 0.5515625 0.91944444375 0.5541666671875001 0.9277777781250001 0.5572916671875 0.928703703125 0.559375 0.9231481484374999 0.5442708328125 0.840740740625 0.5442708328125 0.828703703125 0.5604166671875 0.8027777781250001 0.5619791671875001 0.79444444375 0.5640625 0.7953703703125 0.5708333328124999 0.7824074078125001 0.5760416671875 0.7787037031249999 0.578125 0.771296296875 0.5885416671875 0.75648148125 0.5942708328124999 0.7666666671875 0.5958333328125 0.7861111109375 0.6026041671875 0.8138888890624999 0.603125 0.825 0.6067708328125 0.83055555625 0.6088541671875001 0.8268518515625001 0.6 0.7787037031249999 0.6 0.7740740734375 0.6072916671875 0.7666666671875 0.6072916671875 0.7509259265625 0.6052083328125 0.7490740734375 0.5973958328125 0.703703703125 0.6041666671875 0.647222221875 0.6041666671875 0.590740740625 0.6 0.5638888890625 0.5958333328125 0.5601851859375 0.5869791671875 0.5675925921875 0.5640625 0.603703703125 0.5619791671875001 0.6231481484375 0.5541666671875001 0.6481481484375 0.5463541671875001 0.6509259265625 0.5260416671875 0.6416666671875 0.5119791671875 0.64351851875 0.4796875 0.6833333328125 0.47083333281249995 0.70555555625 0.4703125 0.7138888890625 0.47291666718750003 0.7259259265625 0.4703125 0.7787037031249999 0.475 0.8648148140625
1 0.315625 0.22407407343750002 0.3098958328125 0.21203703749999997 0.30416666718749996 0.21111111093749999 0.2859375 0.2203703703125 0.28177083281250004 0.2296296296875 0.28177083281250004 0.2416666671875 0.2848958328125 0.24444444375000002 0.3145833328125 0.22870370312500002 0.315625 0.22407407343750002
1 0.33645833281250004 0.21851851875 0.3515625 0.2101851859375 0.3546875 0.2046296296875 0.35208333281250004 0.178703703125 0.3463541671875 0.1675925921875 0.3260416671875 0.1740740734375 0.32083333281250004 0.18055555625 0.32083333281250004 0.20277777812500003 0.3177083328125 0.21296296250000002 0.3182291671875 0.22314814843750003 0.33645833281250004 0.21851851875