7 0.5901041671875 0.440740740625 0.5932291671875001 0.44907407343749994 0.6177083328124999 0.4601851859375 0.64375 0.44907407343749994 0.646875 0.44351851875000003 0.6255208328124999 0.43333333281249997 0.6234375 0.43055555625 0.6239583328125 0.42222222187499997 0.6697916671875 0.4 0.6770833328125 0.2518518515625 0.6161458328125 0.2629629625 0.5755208328125 0.275 0.5734375 0.2796296296875 0.571875 0.32592592656249997 0.571875 0.4138888890625 0.575 0.4361111109375 0.5846354171875 0.4361111109375 0.5901041671875 0.440740740625
7 0.43854166718750004 0.46296296249999996 0.44166666718750003 0.48981481406249994 0.45104166718750005 0.49259259218749996 0.4557291671875 0.48703703750000005 0.4739583328125 0.48148148125 0.4770833328125 0.497222221875 0.48072916718750003 0.5018518515625 0.5005208328124999 0.5148148140625 0.5088541671875 0.5138888890625 0.5380208328125 0.4981481484375 0.5359375 0.49351851875 0.5135416671875 0.477777778125 0.5140625 0.46851851875 0.5557291671875 0.4509259265625 0.571875 0.4361111109375 0.5697916671875001 0.4018518515625 0.5708333328124999 0.34722222187499996 0.56875 0.28148148125 0.5671875 0.27870370312500004 0.5598958328125 0.2768518515625 0.50625 0.2870370375 0.4359375 0.303703703125 0.43385416718750003 0.3101851859375 0.43541666718750005 0.3129629625 0.43541666718750005 0.3861111109375 0.43854166718750004 0.46296296249999996
7 0.3255208328125 0.5555555562500001 0.3270833328125 0.5601851859375 0.3484375 0.5796296296875 0.3557291671875 0.5796296296875 0.39375 0.5611111109375 0.3958333328125 0.5555555562500001 0.3854166671875 0.54444444375 0.3927083328125 0.5203703703125 0.4 0.5101851859375001 0.42760416718750005 0.4990740734375 0.43854166718750004 0.48981481406249994 0.4348958328125 0.321296296875 0.43125 0.3101851859375 0.4145833328125 0.309259259375 0.2666666671875 0.3490740734375 0.2640625 0.352777778125 0.2697916671875 0.4731481484375 0.2776041671875 0.5601851859375 0.2979166671875 0.5518518515624999 0.3255208328125 0.5555555562500001
7 0.0473958328125 0.5990740734375 0.0557291671875 0.6564814812499999 0.071875 0.6546296296875 0.1286458328125 0.628703703125 0.1317708328125 0.6379629625 0.1302083328125 0.6416666671875 0.1328125 0.6537037031249999 0.1536458328125 0.675 0.1578125 0.6759259265625001 0.21510416718749997 0.646296296875 0.21458333281250003 0.6379629625 0.1901041671875 0.6111111109375 0.1875 0.603703703125 0.1890625 0.6018518515625 0.2645833328125 0.56851851875 0.27395833281250004 0.5611111109375 0.275 0.5518518515624999 0.2682291671875 0.4824074078125 0.2640625 0.3981481484375 0.259375 0.35 0.03125 0.4046296296875 0.028125 0.4074074078125 0.028125 0.41203703750000004 0.0322916671875 0.459259259375 0.0473958328125 0.5990740734375
7 0 0.6898148140625 0.0515625 0.6648148140625 0.0244791671875 0.4166666671875 0.021875 0.41203703750000004 0.0057291671875 0.4148148140625 0 0.4166666671875 0 0.6898148140625
7 0 0.9990740734375001 0.2494791671875 0.9990740734375001 0.25052083281250004 0.99444444375 0.23697916718749998 0.8324074078124999 0.2348958328125 0.8175925921875 0.2296875 0.809259259375 0.2203125 0.8111111109375001 0.0390625 0.9240740734375 0.0265625 0.9351851859375 0.0067708328125 0.9444444437499999 0 0.9490740734375 0 0.9990740734375001
7 0.6239583328125 0.9990740734375001 0.6270833328125 0.99444444375 0.6307291671875 0.99444444375 0.6380208328125 0.9824074078124999 0.6369791671875 0.978703703125 0.6427083328125 0.959259259375 0.6427083328125 0.8796296296874999 0.6348958328125 0.752777778125 0.6328125 0.6046296296875 0.63125 0.5870370375 0.6270833328125 0.578703703125 0.615625 0.58055555625 0.6151041671875 0.584259259375 0.6109375 0.5824074078125 0.5927083328125 0.5944444437499999 0.5828125 0.5953703703125 0.5682291671875 0.6083333328125 0.5286458328125 0.6268518515625 0.5010416671875 0.647222221875 0.4859375 0.6537037031249999 0.484375 0.6583333328125 0.47083333281249995 0.6666666671875 0.3817708328125 0.7120370375 0.26875 0.7805555562500001 0.26875 0.8259259265625 0.2796875 0.95555555625 0.2854166671875 0.9990740734375001 0.6239583328125 0.9990740734375001
7 0.6453125 0.775 0.6479166671875001 0.7805555562500001 0.6447916671875 0.8083333328125001 0.6453125 0.8296296296874999 0.6484375 0.8333333328125001 0.6463541671875 0.9472222218749999 0.65 0.9611111109375001 0.6479166671875001 0.9666666671874999 0.6484375 0.98148148125 0.6541666671875 0.9861111109375 0.659375 0.9824074078124999 0.6947916671875001 0.9351851859375 0.7411458328125 0.975 0.7473958328125 0.9796296296874999 0.7515625 0.978703703125 0.7973958328124999 0.9083333328125001 0.7973958328124999 0.9037037031249999 0.7921875 0.8981481484374999 0.7515625 0.865740740625 0.7552083328125 0.8546296296874999 0.8229166671874999 0.7675925921875 0.8297916671875001 0.76804351875 0.8306250000000001 0.7606333328125 0.8314583328125 0.7561879625000001 0.8289583328125 0.7502601859375 0.8297916671875001 0.7650796296875 0.828125 0.7379629624999999 0.8234375 0.728703703125 0.8255208328125001 0.7203703703125 0.8229166671874999 0.7120370375 0.8260416671874999 0.6888888890625 0.8270833328125 0.6583333328125 0.825 0.6379629625 0.8307291671874999 0.50648148125 0.8302083328125001 0.4583333328125 0.8239583328125001 0.4583333328125 0.7833333328125 0.48518518593750004 0.6953125 0.5490740734374999 0.6651041671875 0.5768518515625 0.6567708328124999 0.5796296296875 0.6427083328125 0.5990740734375 0.6416666671875 0.6138888890625 0.640625 0.6925925921875 0.6411458328124999 0.7 0.6432291671875 0.7018518515625 0.6453125 0.775
7 0.8390625 0.73148148125 0.8432291671875 0.740740740625 0.8885416671874999 0.76851851875 0.8921875 0.7675925921875 0.9239583328125001 0.7240740734375 0.9098958328125001 0.7101851859375 0.8817708328125 0.6953703703125 0.8833333328125 0.6870370375 0.8921875 0.6805555562500001 0.8984375 0.66944444375 0.9390625 0.622222221875 0.940625 0.58055555625 0.9432291671874999 0.571296296875 0.9416666671874999 0.5555555562500001 0.9536458328125 0.375 0.9510416671874999 0.3703703703125 0.9390625 0.3740740734375 0.8708333328125001 0.41944444374999995 0.8296875 0.4509259265625 0.8328125 0.46534351875 0.8328125 0.49629629687500004 0.8270833328125 0.7324074078125 0.8390625 0.73148148125
7 0.9552083328125001 0.5851851859375 0.9442708328125 0.5953703703125 0.9421875 0.60555555625 0.9447916671875 0.6111111109375 0.9588541671874999 0.61851851875 0.9994791671875 0.634259259375 0.9994791671875 0.3416666671875 0.984375 0.3518518515625 0.9682291671875 0.36944444375 0.9619791671875 0.515740740625 0.9588541671874999 0.546296296875 0.9598958328125 0.565740740625 0.9552083328125001 0.5851851859375
8 0.9994791671875 0.7398148140624999 0.9994791671875 0.709259259375 0.9885416671874999 0.7009259265625001 0.9739583328125001 0.696296296875 0.9588541671874999 0.7018518515625 0.9604166671875 0.7148148140624999 0.9776041671875 0.7351851859375 0.9895833328125001 0.7416666671875001 0.9994791671875 0.7398148140624999
8 0.8541666671874999 0.9120370375 0.8578125 0.909259259375 0.8630208328125001 0.896296296875 0.8619791671874999 0.884259259375 0.8578125 0.8740740734375001 0.8411458328125001 0.85648148125 0.8151041671874999 0.8518518515625001 0.8026041671874999 0.8629629624999999 0.8046875 0.8759259265624999 0.8104166671874999 0.8851851859375 0.8375 0.9083333328125001 0.8541666671874999 0.9120370375
8 0.6651041671875 0.4388888890625 0.6651041671875 0.43055555625 0.6619791671875 0.427777778125 0.6541666671875 0.42592592656250006 0.65 0.43055555625 0.65 0.44259259218749997 0.653125 0.44629629687500005 0.6619791671875 0.4453703703125 0.6651041671875 0.4388888890625
8 0.5848958328125 0.4879629625 0.5885416671875 0.48425925937500003 0.5880208328125 0.47407407343749997 0.5833333328125 0.46851851875 0.5671875 0.46944444374999994 0.5625 0.47407407343749997 0.5625 0.478703703125 0.5682291671875 0.48518518593750004 0.5848958328125 0.4879629625
8 0.4739583328125 0.5425925921875 0.4765625 0.540740740625 0.478125 0.5333333328125 0.475 0.5240740734375 0.4671875 0.51944444375 0.4614583328125 0.51944444375 0.44947916718750003 0.5268518515625 0.446875 0.5314814812499999 0.44739583281249995 0.5351851859375001 0.4546875 0.5416666671875 0.4739583328125 0.5425925921875
8 0.3171875 0.63055555625 0.3239583328125 0.622222221875 0.3223958328125 0.6101851859375 0.3145833328125 0.6018518515625 0.2989583328125 0.6046296296875 0.2911458328125 0.6129629624999999 0.2901041671875 0.615740740625 0.2932291671875 0.6240740734375 0.3057291671875 0.63055555625 0.3171875 0.63055555625
8 0.1109375 0.70555555625 0.1119791671875 0.6916666671875 0.1067708328125 0.6805555562500001 0.0958333328125 0.6777777781250001 0.0796875 0.6851851859375 0.0703125 0.6972222218749999 0.07083333281250001 0.703703703125 0.0760416671875 0.7101851859375 0.0973958328125 0.7129629625 0.1109375 0.70555555625
5 0 0.8898148140625001 0.0859375 0.8416666671874999 0.09114583281250001 0.8370370375 0.096875 0.821296296875 0.09114583281250001 0.8129629625 0.0635416671875 0.825 0 0.859259259375 0 0.8898148140625001
5 0.1583333328125 0.8027777781250001 0.3114583328125 0.7129629625 0.3270833328125 0.7009259265625001 0.3270833328125 0.6925925921875 0.3229166671875 0.6879629625 0.3125 0.6888888890625 0.1473958328125 0.7805555562500001 0.1453125 0.7824074078125001 0.1473958328125 0.796296296875 0.1505208328125 0.8018518515625 0.1583333328125 0.8027777781250001
5 0.4916666671875 0.602777778125 0.4869791671875 0.6 0.4859375 0.5953703703125 0.3651041671875 0.6611111109375 0.3651041671875 0.6805555562500001 0.3765625 0.6777777781250001 0.48333333281249996 0.6148148140624999 0.4916666671875 0.602777778125
5 0.6130208328125 0.5351851859375001 0.609375 0.5314814812499999 0.5994791671875 0.5324074078125001 0.5223958328125 0.5759259265625001 0.5213541671875 0.5879629625 0.5255208328125 0.5916666671875 0.6072916671875 0.5453703703125 0.6130208328125 0.5351851859375001
5 0.71875 0.48148148125 0.7265625 0.46666666718750005 0.7307291671875 0.46666666718750005 0.7322916671875 0.4620370375 0.6416666671875 0.5083333328124999 0.640625 0.5166666671875 0.6427083328125 0.5240740734375 0.7125 0.4824074078125 0.71875 0.48148148125
1 0.4171875 0.30648148124999997 0.4114583328125 0.2925925921875 0.3723958328125 0.29814814843750004 0.3671875 0.30555555624999997 0.3651041671875 0.315740740625 0.3661458328125 0.3203703703125 0.3994791671875 0.3138888890625 0.4171875 0.30648148124999997