7 0.8317708328125001 0.759259259375 0.8302083328125001 0.7138888890625 0.8317708328125001 0.6916666671875 0.828125 0.6777777781250001 0.8223958328125001 0.671296296875 0.8135416671875 0.671296296875 0.8072916671874999 0.6861111109375 0.7984375 0.6861111109375 0.7833333328125 0.696296296875 0.6546875 0.827777778125 0.5135416671875 0.9629629625 0.4869791671875 0.99351851875 0.484375 0.9990740734375001 0.8255208328125001 0.9990740734375001 0.8286458328125 0.9740740734375001 0.8317708328125001 0.759259259375
7 0.8104166671874999 0.6768518515624999 0.8171875 0.6648148140625 0.8291666671875 0.6768518515624999 0.8291666671875 0.6851851859375 0.8317708328125001 0.6888888890625 0.8317708328125001 0.865740740625 0.8270833328125 0.99351851875 0.8291666671875 0.9990740734375001 0.9145833328125 0.9990740734375001 0.9265625 0.9629629625 0.996875 0.91851851875 0.9994791671875 0.91944444375 0.9994791671875 0.4583333328125 0.98125 0.4703703703125 0.7822916671875 0.6370370375000001 0.7828125 0.6870370375 0.8046875 0.6851851859375 0.8078125 0.6768518515624999 0.8104166671874999 0.6768518515624999
7 0.6125 0.3416666671875 0.6151041671875 0.35 0.6109375 0.35648148125 0.6130208328125 0.3620370375 0.6515625 0.377777778125 0.6760416671875 0.3601851859375 0.6807291671875 0.36666666718749996 0.6833333328125 0.3648148140625 0.684375 0.3509259265625 0.6932291671875 0.33703703749999997 0.675 0.32777777812500003 0.6744791671875 0.30648148124999997 0.6776041671875 0.302777778125 0.678125 0.29814814843750004 0.6760416671875 0.29444444375 0.6776041671875 0.28611111093749997 0.68125 0.2870370375 0.703125 0.2629629625 0.7088541671875 0.25555555625 0.709375 0.24907407343750002 0.7083333328125 0.0824074078125 0.70625 0.040740740625 0.6890625 0.048148148437499996 0.5520833328125 0.13703703750000001 0.565625 0.3620370375 0.5677083328125 0.36851851875 0.5739583328125 0.36851851875 0.6125 0.3416666671875
7 0.3609375 0.497222221875 0.3645833328125 0.5 0.3734375 0.502777778125 0.3848958328125 0.4990740734375 0.3869791671875 0.48981481406249994 0.390625 0.4861111109375 0.41979166718750005 0.46666666718750005 0.4296875 0.4731481484375 0.43854166718750004 0.48981481406249994 0.4447916671875 0.49259259218749996 0.4546875 0.50555555625 0.46197916718750004 0.509259259375 0.4703125 0.50648148125 0.484375 0.4731481484375 0.5026041671875 0.4509259265625 0.4921875 0.440740740625 0.4921875 0.42160462968749995 0.4947916671875 0.40833333281249995 0.5083333328124999 0.3981481484375 0.5161458328124999 0.397222221875 0.5536458328125 0.3620370375 0.5385416671875001 0.14351851875 0.5359375 0.13888888906250002 0.47083333281249995 0.16851851874999998 0.3583333328125 0.23333333281250002 0.3505208328125 0.23518518593749999 0.3322916671875 0.24907407343750002 0.3302083328125 0.2509259265625 0.3302083328125 0.25740740781250004 0.3401041671875 0.34629629687499996 0.3609375 0.497222221875
7 0.0916666671875 0.6518518515625 0.0927083328125 0.6666666671875 0.0994791671875 0.6870370375 0.1046875 0.6870370375 0.1541666671875 0.6564814812499999 0.2692708328125 0.5620370375 0.28854166718749996 0.5481481484375 0.2984375 0.546296296875 0.3229166671875 0.5240740734375 0.3307291671875 0.521296296875 0.346875 0.4981481484375 0.3416666671875 0.45185185156249996 0.3421875 0.39351851875 0.3369791671875 0.3879629625 0.3375 0.3768518515625 0.3322916671875 0.36759259218749996 0.32760416718749996 0.3416666671875 0.3270833328125 0.32685185156249996 0.31979166718749996 0.29444444375 0.3177083328125 0.26574074062499997 0.3140625 0.25833333281250004 0.3104166671875 0.2629629625 0.2609375 0.2824074078125 0.21614583281250002 0.30648148124999997 0.175 0.3351851859375 0.1666666671875 0.33703703749999997 0.1484375 0.3518518515625 0.11875 0.3620370375 0.1135416671875 0.36759259218749996 0.0348958328125 0.41203703750000004 0.0338541671875 0.4203703703125 0.0411458328125 0.4453703703125 0.046875 0.477777778125 0.0916666671875 0.6518518515625
7 0 0.74444444375 0.0098958328125 0.7388888890625 0.017708332812499998 0.7416666671875001 0.090625 0.6805555562500001 0.0546875 0.5240740734375 0.04375 0.4888888890625 0.0421875 0.475 0.0364583328125 0.46296296249999996 0.0265625 0.4203703703125 0.0203125 0.4175925921875 0.0109375 0.42222222187499997 0 0.42870370312499995 0 0.74444444375
7 0 0.42129629687500003 0.0296875 0.41018518593750003 0.051041667187499994 0.396296296875 0.0151041671875 0.24259259218749998 0.009375 0.222222221875 0.0046875 0.2203703703125 0 0.222222221875 0 0.42129629687500003
7 0.05989583281250001 0.38703703749999996 0.0838541671875 0.38055555625 0.12552083281249998 0.3546296296875 0.1354166671875 0.3398148140625 0.1416666671875 0.3351851859375 0.1536458328125 0.3324074078125 0.1578125 0.3351851859375 0.16875 0.33055555625 0.2036458328125 0.3111111109375 0.228125 0.29444444375 0.23020833281250003 0.2898148140625 0.23020833281250003 0.2824074078125 0.21979166718749998 0.26944444375 0.2166666671875 0.22685185156249998 0.21197916718749998 0.225 0.20572916718749998 0.20277777812500003 0.1963541671875 0.1416666671875 0.1932291671875 0.1361111109375 0.0203125 0.2138888890625 0.017708332812499998 0.21574074062499998 0.01875 0.22314814843750003 0.0463541671875 0.33888888906250003 0.05989583281250001 0.38703703749999996
7 0.234375 0.28611111093749997 0.23697916718749998 0.290740740625 0.24479166718749998 0.2898148140625 0.3375 0.2398148140625 0.3713541671875 0.2203703703125 0.3723958328125 0.2166666671875 0.3697916671875 0.1620370375 0.3609375 0.08148148125 0.3578125 0.071296296875 0.3375 0.07685185156249999 0.21354166718749998 0.134259259375 0.21354166718749998 0.1453703703125 0.22291666718749997 0.20740740781250003 0.2322916671875 0.2518518515625 0.234375 0.28611111093749997
7 0.3807291671875 0.2166666671875 0.43177083281249995 0.1888888890625 0.47083333281249995 0.1666666671875 0.4739583328125 0.1611111109375 0.46666666718750005 0.060185185937499996 0.4635416671875 0.0333333328125 0.459375 0.022222221875 0.3604166671875 0.0731481484375 0.3609375 0.09629629687499999 0.3692708328125 0.1583333328125 0.37447916718749996 0.2166666671875 0.3807291671875 0.2166666671875
1 0.6869791671875001 0.6518518515625 0.6854166671875 0.6564814812499999 0.6885416671875 0.6611111109375 0.6890625 0.671296296875 0.6994791671875 0.69351851875 0.6932291671875 0.7129629625 0.6880208328124999 0.747222221875 0.7010416671875 0.746296296875 0.7010416671875 0.7370370375 0.7192708328124999 0.7194444437499999 0.7416666671875001 0.7361111109375 0.7833333328125 0.69351851875 0.7796875 0.678703703125 0.7791666671875 0.6601851859375001 0.7796875 0.6379629625 0.7817708328124999 0.6333333328124999 0.8265625 0.5953703703125 0.8359375 0.5833333328125 0.8296875 0.575 0.8098958328125001 0.5638888890625 0.7864583328125 0.5648148140625 0.7765625 0.5703703703125 0.7697916671875 0.5305555562500001 0.7739583328124999 0.5240740734375 0.7796875 0.5231481484375 0.7817708328124999 0.5138888890625 0.7807291671875001 0.4768518515625 0.775 0.41203703750000004 0.7635416671875 0.36759259218749996 0.7484375 0.34444444375 0.7375 0.33703703749999997 0.7234375 0.3361111109375 0.7036458328124999 0.3453703703125 0.6885416671875 0.36944444375 0.6864583328125 0.38055555625 0.68125 0.3888888890625 0.6734375 0.41111111093749997 0.6723958328124999 0.42314814843750004 0.6697916671875 0.42592592656250006 0.6640625 0.47407407343749997 0.6755208328125 0.6 0.6802083328124999 0.6370370375000001 0.6869791671875001 0.6518518515625
1 0.4682291671875 0.7083333328125 0.471875 0.715740740625 0.47447916718750005 0.7546296296875 0.48072916718750003 0.7805555562500001 0.4838541671875 0.784259259375 0.48802083281249997 0.8101851859375 0.5005208328124999 0.8490740734375001 0.5484375 0.9203703703125001 0.5604166671875 0.915740740625 0.5770833328125 0.9009259265624999 0.6885416671875 0.790740740625 0.69375 0.7824074078125001 0.6932291671875 0.7648148140625 0.6786458328125 0.7398148140624999 0.6697916671875 0.7296296296875 0.6145833328125 0.6824074078125 0.6052083328125 0.6805555562500001 0.5927083328125 0.6861111109375 0.5880208328125 0.6833333328125 0.5833333328125 0.6416666671875 0.5880208328125 0.63148148125 0.5895833328125 0.621296296875 0.5828125 0.58148148125 0.5796875 0.540740740625 0.5739583328125 0.51944444375 0.5739583328125 0.50555555625 0.565625 0.48148148125 0.5557291671875 0.46388888906250003 0.5463541671875001 0.4546296296875 0.5270833328125 0.44629629687500005 0.5015625 0.45 0.49427083281249995 0.46388888906250003 0.478125 0.4824074078125 0.45885416718750005 0.54444444375 0.45520833281249995 0.5833333328125 0.4557291671875 0.652777778125 0.45885416718750005 0.6731481484375 0.4635416671875 0.6824074078125 0.4682291671875 0.7083333328125
1 0.2036458328125 0.8601851859374999 0.20416666718749998 0.88055555625 0.2109375 0.9046296296874999 0.2114583328125 0.91944444375 0.2166666671875 0.9268518515625 0.22135416718749998 0.9648148140625 0.23072916718749997 0.9990740734375001 0.45208333281249996 0.9990740734375001 0.4515625 0.9888888890624999 0.44427083281249996 0.965740740625 0.41614583281249995 0.9129629625 0.3973958328125 0.8824074078124999 0.38125 0.86944444375 0.38125 0.8453703703125001 0.3786458328125 0.8361111109375001 0.3760416671875 0.8009259265625 0.3578125 0.6981481484375001 0.3458333328125 0.6629629625 0.3239583328125 0.6324074078125 0.3140625 0.6240740734375 0.2890625 0.6166666671875001 0.2515625 0.6268518515625 0.2270833328125 0.6574074078125001 0.20989583281250002 0.690740740625 0.20052083281250002 0.7203703703125 0.1927083328125 0.7611111109375 0.1921875 0.7953703703125 0.1953125 0.83055555625 0.1984375 0.8490740734375001 0.2036458328125 0.8601851859374999
1 0 0.9990740734375001 0.16875 0.9990740734375001 0.1677083328125 0.9870370375 0.14010416718750002 0.8759259265624999 0.12291666718750001 0.83055555625 0.1166666671875 0.8203703703125 0.0921875 0.7981481484375 0.06770833281250001 0.7898148140625 0.046875 0.790740740625 0.0171875 0.8027777781250001 0.0140625 0.8083333328125001 0 0.8138888890624999 0 0.9990740734375001
1 0.23541666718749998 0.2870370375 0.23333333281250002 0.2629629625 0.2203125 0.19351851874999998 0.20572916718749998 0.1925925921875 0.20572916718749998 0.2009259265625 0.22395833281250002 0.2953703703125 0.23802083281250003 0.290740740625 0.23541666718749998 0.2870370375
1 0.3526041671875 0.4388888890625 0.3494791671875 0.3879629625 0.3453125 0.3611111109375 0.3401041671875 0.34444444375 0.3348958328125 0.29444444375 0.3296875 0.2870370375 0.3244791671875 0.2898148140625 0.3239583328125 0.3101851859375 0.3390625 0.4 0.3416666671875 0.440740740625 0.3526041671875 0.4388888890625
8 0.13229166718750002 0.73148148125 0.1458333328125 0.7268518515625 0.1520833328125 0.7111111109375 0.15 0.696296296875 0.14010416718750002 0.68148148125 0.1265625 0.684259259375 0.11510416718750001 0.6990740734374999 0.1145833328125 0.7046296296875 0.1177083328125 0.7129629625 0.1234375 0.7231481484375 0.13229166718750002 0.73148148125
8 0.3567708328125 0.48055555625 0.3572916671875 0.4916666671875 0.3619791671875 0.4916666671875 0.3614583328125 0.48148148125 0.3567708328125 0.48055555625
8 0.3848958328125 0.502777778125 0.3875 0.49351851875 0.384375 0.48981481406249994 0.3703125 0.4990740734375 0.3651041671875 0.49351851875 0.3609375 0.4953703703125 0.3604166671875 0.4981481484375 0.36666666718749996 0.50555555625 0.375 0.5074074078125 0.3848958328125 0.502777778125
8 0.5947916671875 0.40648148125 0.5979166671875 0.403703703125 0.6010416671875001 0.3925925921875 0.59375 0.3851851859375 0.5786458328124999 0.38333333281250004 0.5697916671875001 0.3888888890625 0.5651041671875 0.396296296875 0.5635416671875 0.4074074078125 0.565625 0.4129629625 0.5729166671875 0.415740740625 0.5947916671875 0.40648148125
2 0.278125 0.9651388890625 0.26729166718749997 0.9147537031249999 0.220625 0.9518018515625 0.2022916671875 0.8480666671874999 0.1822916671875 0.8651851859375 0.20979166718750003 0.9977416671875 0.2497916671875 0.9977416671875 0.278125 0.9651388890625
2 0.48979166718749995 0.898452778125 0.46979166718750004 0.6924648140625 0.4372916671875 0.6465259265625 0.409375 0.6725925921875 0.4189583328125 0.7398870375000001 0.4464583328125 0.93401851875 0.48979166718749995 0.898452778125
2 0.6639583328125 0.7221037031249999 0.653125 0.5724296296875 0.596875 0.5225925921875 0.610625 0.6761638890625 0.6264583328125 0.68505555625 0.6639583328125 0.7221037031249999