2 0.390625 0.99351851875 0.3807291671875 0.8611111109375 0.3697916671875 0.8453703703125001 0.3458333328125 0.83055555625 0.3375 0.8370370375 0.23958333281250002 0.9796296296874999 0.2401041671875 0.984259259375 0.25625 0.9990740734375001 0.3890625 0.9990740734375001 0.390625 0.99351851875
2 0.4953125 0.8611111109375 0.5 0.8675925921875001 0.5057291671875 0.865740740625 0.5296875 0.8175925921875 0.5255208328125 0.6453703703125 0.5234375 0.627777778125 0.5114583328125 0.61851851875 0.503125 0.6166666671875001 0.4859375 0.6231481484375 0.4369791671875 0.690740740625 0.4369791671875 0.709259259375 0.4796875 0.728703703125 0.49010416718750005 0.7379629624999999 0.4953125 0.8611111109375
2 0.6645833328124999 0.521296296875 0.6651041671875 0.5481481484375 0.6666666671875 0.5481481484375 0.66875 0.5351851859375001 0.678125 0.525 0.6796875 0.396296296875 0.6776041671875 0.384259259375 0.6578125 0.38055555625 0.65625 0.38703703749999996 0.6536458328125 0.41018518593750003 0.6552083328125 0.43055555625 0.665625 0.44444444375 0.6645833328124999 0.521296296875
8 0.1895833328125 0.13888888906250002 0.18697916718750002 0.1351851859375 0.178125 0.1351851859375 0.1739583328125 0.13888888906250002 0.171875 0.1425925921875 0.1739583328125 0.1490740734375 0.1895833328125 0.146296296875 0.1895833328125 0.13888888906250002
8 0.2755208328125 0.69351851875 0.2802083328125 0.6851851859375 0.28072916718749996 0.672222221875 0.2776041671875 0.6601851859375001 0.2708333328125 0.65 0.2557291671875 0.647222221875 0.234375 0.6555555562500001 0.2234375 0.6638888890625 0.2166666671875 0.6703703703125 0.2104166671875 0.6833333328125 0.2114583328125 0.6944444437499999 0.2203125 0.702777778125 0.2541666671875 0.702777778125 0.2755208328125 0.69351851875
8 0.5020833328125 0.4296296296875 0.5072916671875001 0.4268518515625 0.509375 0.4203703703125 0.5067708328125 0.40555555625000006 0.5036458328125 0.4 0.49635416718750003 0.396296296875 0.48072916718750003 0.3990740734375 0.465625 0.4129629625 0.46458333281249997 0.41944444374999995 0.4671875 0.425 0.4770833328125 0.42870370312499995 0.5020833328125 0.4296296296875
8 0.5859375 0.3148148140625 0.5916666671875 0.3101851859375 0.5901041671875 0.296296296875 0.58125 0.2888888890625 0.5625 0.2953703703125 0.55625 0.302777778125 0.5546875 0.30648148124999997 0.5567708328125 0.3111111109375 0.5635416671875 0.3148148140625 0.5859375 0.3148148140625
8 0.6890625 0.2398148140625 0.690625 0.23240740781250002 0.6890625 0.225 0.6833333328125 0.21944444375 0.665625 0.22407407343750002 0.6598958328125 0.23148148124999998 0.659375 0.23611111093749998 0.6619791671875 0.2398148140625 0.6713541671875001 0.240740740625 0.6890625 0.2398148140625
8 0.7338541671875001 0.1824074078125 0.7328125 0.17314814843749998 0.7286458328125 0.16851851874999998 0.7203125 0.1703703703125 0.7114583328124999 0.17962962968750001 0.7098958328125 0.1824074078125 0.7114583328124999 0.1888888890625 0.7234375 0.1888888890625 0.7338541671875001 0.1824074078125
4 0 0 0 0.048148148437499996 0.0036458328125000003 0.0574074078125 0.0125 0.058333332812500006 0.028125 0.052777778124999994 0.0223958328125 0 0 0
7 0 0.1620370375 0.007291667187500001 0.16388888906250001 0.0369791671875 0.15555555625 0.0401041671875 0.1490740734375 0.0484375 0.15 0.052604167187499995 0.1453703703125 0.0536458328125 0.1361111109375 0.0494791671875 0.1166666671875 0.0546875 0.1101851859375 0.06875 0.1046296296875 0.065625 0.060185185937499996 0.060416667187499995 0.048148148437499996 0.0020833328125000002 0.060185185937499996 0 0.061111110937500004 0 0.1620370375
7 0.1661458328125 0.11574074062499999 0.1739583328125 0.11574074062499999 0.1765625 0.1111111109375 0.16354166718750002 0.028703703125 0.0927083328125 0.0425925921875 0.10052083281249999 0.097222221875 0.1578125 0.0861111109375 0.1609375 0.0888888890625 0.1661458328125 0.11574074062499999
7 0.0682291671875 0.25648148125 0.07552083281250001 0.2601851859375 0.0895833328125 0.25833333281250004 0.0958333328125 0.2648148140625 0.0979166671875 0.2731481484375 0.09375 0.27870370312500004 0.1223958328125 0.2833333328125 0.14010416718750002 0.275 0.1520833328125 0.2638888890625 0.1463541671875 0.25833333281250004 0.146875 0.234259259375 0.1546875 0.234259259375 0.1578125 0.22777777812500002 0.1619791671875 0.2296296296875 0.17916666718750002 0.2166666671875 0.1796875 0.20370370312500002 0.1708333328125 0.13888888906250002 0.1630208328125 0.1046296296875 0.1619791671875 0.0870370375 0.1338541671875 0.09074074062500001 0.05208333281250001 0.11388888906250001 0.051041667187499994 0.11851851875 0.05989583281250001 0.2009259265625 0.0671875 0.252777778125 0.0682291671875 0.25648148125
7 0.2078125 0.209259259375 0.20833333281250002 0.21574074062499998 0.2104166671875 0.2138888890625 0.21458333281250003 0.2203703703125 0.2348958328125 0.22407407343750002 0.2442708328125 0.22407407343750002 0.2598958328125 0.21574074062499998 0.265625 0.21111111093749999 0.2744791671875 0.1740740734375 0.2848958328125 0.16851851874999998 0.2828125 0.140740740625 0.2708333328125 0.0574074078125 0.190625 0.077777778125 0.1901041671875 0.08518518593749999 0.2036458328125 0.1879629625 0.2010416671875 0.197222221875 0.2078125 0.209259259375
7 0.3270833328125 0.16944444375 0.3333333328125 0.1703703703125 0.3359375 0.1490740734375 0.3697916671875 0.134259259375 0.3572916671875 0.0351851859375 0.2947916671875 0.052777778124999994 0.3067708328125 0.15092592656249998 0.3098958328125 0.1611111109375 0.3223958328125 0.15555555625 0.3270833328125 0.16944444375
7 0 0.5481481484375 0.0114583328125 0.6111111109375 0.0114583328125 0.6268518515625 0.0182291671875 0.6361111109375 0.0223958328125 0.665740740625 0.0286458328125 0.6805555562500001 0.0411458328125 0.6768518515624999 0.06510416718749999 0.6481481484375 0.0682291671875 0.6509259265625 0.0703125 0.646296296875 0.175 0.5555555562500001 0.1770833328125 0.55648148125 0.18802083281249998 0.5416666671875 0.24114583281250002 0.5018518515625 0.246875 0.4916666671875 0.246875 0.4768518515625 0.23958333281250002 0.42222222187499997 0.2401041671875 0.41018518593750003 0.2359375 0.38703703749999996 0.2328125 0.38333333281250004 0.2270833328125 0.3583333328125 0.21770833281250002 0.2953703703125 0.2166666671875 0.25648148125 0.2130208328125 0.2518518515625 0.19583333281249998 0.26574074062499997 0.1895833328125 0.2638888890625 0.1864583328125 0.28148148125 0.1833333328125 0.284259259375 0.1625 0.2916666671875 0.11927083281249999 0.3166666671875 0.0046875 0.3703703703125 0 0.3731481484375 0 0.5481481484375
7 0.30416666718749996 0.41944444374999995 0.3010416671875 0.4240740734375 0.3005208328125 0.43518518593750005 0.3020833328125 0.4481481484375 0.3067708328125 0.459259259375 0.3145833328125 0.46666666718750005 0.3260416671875 0.47222222187499996 0.3291666671875 0.465740740625 0.3411458328125 0.45648148125 0.346875 0.459259259375 0.3473958328125 0.465740740625 0.359375 0.46388888906250003 0.3692708328125 0.4509259265625 0.36666666718749996 0.42592592656250006 0.36770833281250004 0.41111111093749997 0.3963541671875 0.3861111109375 0.40208333281249997 0.3768518515625 0.4125 0.372222221875 0.4203125 0.3620370375 0.42604166718750003 0.3611111109375 0.43072916718750004 0.352777778125 0.4328125 0.3398148140625 0.4296875 0.3138888890625 0.42552083281249997 0.3009259265625 0.4265625 0.271296296875 0.41979166718750005 0.225 0.415625 0.16944444375 0.41197916718750005 0.1583333328125 0.3848958328125 0.16851851874999998 0.36770833281250004 0.1851851859375 0.353125 0.1851851859375 0.3411458328125 0.20555555625 0.3067708328125 0.22314814843750003 0.2911458328125 0.2175925921875 0.2755208328125 0.2259259265625 0.2755208328125 0.24814814843750002 0.2947916671875 0.397222221875 0.303125 0.4018518515625 0.30416666718749996 0.41944444374999995
7 0.4635416671875 0.21203703749999997 0.46666666718750005 0.2259259265625 0.46510416718750003 0.275 0.46979166718750004 0.3203703703125 0.47447916718750005 0.322222221875 0.4859375 0.3129629625 0.49375 0.3111111109375 0.5020833328125 0.321296296875 0.503125 0.3166666671875 0.5010416671875 0.3120370375 0.5041666671875 0.29814814843750004 0.5458333328125 0.259259259375 0.5473958328124999 0.25 0.5463541671875001 0.2009259265625 0.5380208328125 0.097222221875 0.45416666718750004 0.13981481406250001 0.45416666718750004 0.177777778125 0.45625 0.1861111109375 0.4635416671875 0.19444444375 0.4635416671875 0.21203703749999997
7 0.5786458328124999 0.24814814843750002 0.5791666671875 0.225 0.6072916671875 0.2009259265625 0.6130208328125 0.1925925921875 0.6067708328125 0.0666666671875 0.6046875 0.059259259375 0.5994791671875 0.060185185937499996 0.5473958328124999 0.08796296249999999 0.5557291671875 0.23240740781250002 0.5510416671875 0.25648148125 0.5760416671875 0.2629629625 0.5786458328124999 0.24814814843750002
7 0.6265625 0.2 0.6432291671875 0.20277777812500003 0.6619791671875 0.2 0.6666666671875 0.1925925921875 0.653125 0.1916666671875 0.6510416671875 0.1833333328125 0.6526041671875 0.16944444375 0.6807291671875 0.147222221875 0.6822916671875 0.1425925921875 0.6776041671875 0.027777778125000003 0.6307291671875 0.047222221875 0.6286458328125 0.051851851562499995 0.6338541671875 0.1666666671875 0.6244791671875001 0.1870370375 0.6182291671875 0.19351851874999998 0.6265625 0.2
1 0.9932291671875 0.434259259375 0.9994791671875 0.43240740781250003 0.9994791671875 0.352777778125 0.99375 0.35 0.9005208328125001 0.32777777812500003 0.8963541671874999 0.33055555625 0.884375 0.3509259265625 0.8734375 0.3768518515625 0.8734375 0.3953703703125 0.875 0.397222221875 0.9708333328125001 0.4203703703125 0.9932291671875 0.434259259375
1 0.8703125 0.5111111109375 0.8734375 0.521296296875 0.9609375 0.5527777781250001 0.9859375 0.5675925921875 0.990625 0.565740740625 0.9921875 0.5416666671875 0.9994791671875 0.534259259375 0.9994791671875 0.44166666718750003 0.9791666671874999 0.42592592656250006 0.8729166671874999 0.3981481484375 0.8671875 0.4018518515625 0.8546875 0.42222222187499997 0.8442708328125 0.4481481484375 0.840625 0.4675925921875 0.8458333328125001 0.49259259218749996 0.8526041671875 0.5018518515625 0.8703125 0.5111111109375
1 0.8359375 0.6805555562500001 0.8375 0.696296296875 0.8291666671875 0.715740740625 0.8276041671875 0.73148148125 0.8291666671875 0.7361111109375 0.834375 0.728703703125 0.834375 0.7194444437499999 0.8395833328125001 0.7046296296875 0.8494791671874999 0.6990740734374999 0.915625 0.725 0.9317708328125001 0.725 0.9333333328125001 0.73148148125 0.9578125 0.7481481484375 0.9666666671874999 0.7703703703125 0.9692708328125 0.7648148140625 0.9682291671875 0.7574074078125 0.9739583328125001 0.746296296875 0.9875 0.74351851875 0.9994791671875 0.7490740734375 0.9994791671875 0.5796296296875 0.9833333328125 0.5666666671875 0.8958333328125001 0.5287037031249999 0.8817708328125 0.5268518515625 0.8723958328125001 0.5203703703125 0.853125 0.5203703703125 0.8453125 0.5240740734375 0.8395833328125001 0.5324074078125001 0.821875 0.5694444437499999 0.8057291671875 0.6148148140624999 0.8041666671875 0.63055555625 0.8098958328125001 0.6537037031249999 0.8203125 0.66944444375 0.8359375 0.6805555562500001
1 0.8046875 0.9990740734375001 0.9994791671875 0.9990740734375001 0.9994791671875 0.809259259375 0.9729166671874999 0.79444444375 0.8984375 0.7629629625 0.8541666671874999 0.746296296875 0.8260416671874999 0.7398148140624999 0.8140625 0.7481481484375 0.7994791671875 0.7787037031249999 0.7875 0.83148148125 0.7765625 0.9064814812499999 0.7760416671875 0.9277777781250001 0.7838541671875 0.965740740625 0.7979166671875 0.9916666671875 0.8046875 0.9990740734375001
1 0.2552083328125 0.4953703703125 0.2598958328125 0.5009259265625 0.29635416718749996 0.4703703703125 0.2989583328125 0.465740740625 0.3010416671875 0.45 0.2765625 0.2509259265625 0.275 0.24907407343750002 0.2677083328125 0.2546296296875 0.2619791671875 0.27870370312500004 0.2552083328125 0.28796296250000003 0.24583333281250003 0.32777777812500003 0.24583333281250003 0.3351851859375 0.23541666718749998 0.3509259265625 0.2552083328125 0.4953703703125
1 0.4458333328125 0.284259259375 0.4427083328125 0.322222221875 0.4453125 0.3333333328125 0.45104166718750005 0.3351851859375 0.45989583281249996 0.322222221875 0.4671875 0.31851851875000003 0.4682291671875 0.30740740781250003 0.4635416671875 0.1990740734375 0.4625 0.1925925921875 0.4583333328125 0.1888888890625 0.45520833281249995 0.172222221875 0.45104166718750005 0.18148148125000002 0.446875 0.2046296296875 0.4458333328125 0.234259259375 0.4421875 0.2518518515625 0.4427083328125 0.2703703703125 0.4458333328125 0.284259259375
1 0.021875 0.29444444375 0.0239583328125 0.296296296875 0.0791666671875 0.275 0.08854166718749999 0.2666666671875 0.0838541671875 0.259259259375 0.07760416718749999 0.2638888890625 0.0713541671875 0.26203703749999996 0.065625 0.240740740625 0.06302083281250001 0.2 0.059375 0.1879629625 0.0484375 0.1916666671875 0.0375 0.20555555625 0.0223958328125 0.234259259375 0.021354167187500002 0.24351851875000002 0.0234375 0.25555555625 0.0203125 0.26851851875 0.0229166671875 0.28611111093749997 0.021875 0.29444444375