7 0.309375 0.22407407343750002 0.3145833328125 0.23333333281250002 0.3182291671875 0.2379629625 0.3270833328125 0.2388888890625 0.334375 0.22777777812500002 0.3473958328125 0.11851851875 0.3411458328125 0.10555555624999999 0.3182291671875 0.07962962968750001 0.31302083281250004 0.0990740734375 0.3010416671875 0.19351851874999998 0.3036458328125 0.2046296296875 0.3104166671875 0.2166666671875 0.309375 0.22407407343750002
7 0.403125 0.45370370312499997 0.4109375 0.4824074078125 0.42083333281249996 0.48425925937500003 0.4234375 0.46666666718750005 0.42291666718750004 0.45370370312499997 0.4270833328125 0.4361111109375 0.4375 0.352777778125 0.4447916671875 0.31759259218749997 0.4479166671875 0.2824074078125 0.44635416718750004 0.2759259265625 0.42083333281249996 0.23148148124999998 0.4015625 0.2 0.3963541671875 0.19537037031249999 0.3942708328125 0.197222221875 0.39114583281250004 0.22314814843750003 0.384375 0.3083333328125 0.3770833328125 0.36759259218749996 0.3765625 0.3768518515625 0.3796875 0.3888888890625 0.4 0.4509259265625 0.403125 0.45370370312499997
7 0.35625 0.3296296296875 0.35989583281250004 0.3490740734375 0.3651041671875 0.352777778125 0.3640625 0.3601851859375 0.35885416718749996 0.3648148140625 0.3640625 0.36851851875 0.3729166671875 0.365740740625 0.378125 0.334259259375 0.37447916718749996 0.3138888890625 0.3807291671875 0.30648148124999997 0.3791666671875 0.3046296296875 0.3848958328125 0.272222221875 0.390625 0.196296296875 0.3838541671875 0.1768518515625 0.35208333281250004 0.13148148125 0.3494791671875 0.11851851875 0.3453125 0.13148148125 0.3411458328125 0.1324074078125 0.3375 0.15277777812499999 0.3395833328125 0.1925925921875 0.3359375 0.21296296250000002 0.3328125 0.275 0.35625 0.3296296296875
7 0.5390625 0.7731481484375 0.5427083328125 0.7759259265625 0.5494791671875 0.7731481484375 0.5572916671875 0.7398148140624999 0.5635416671875 0.6879629625 0.5776041671875001 0.615740740625 0.58125 0.5796296296875 0.5864583328124999 0.5611111109375 0.5901041671875 0.527777778125 0.5927083328125 0.5203703703125 0.5921875 0.5101851859375001 0.5953125 0.50555555625 0.5953125 0.48703703750000005 0.49791666718750005 0.3453703703125 0.4927083328125 0.3425925921875 0.4916666671875 0.33703703749999997 0.48541666718750004 0.3296296296875 0.47760416718750004 0.32685185156249996 0.47552083281249996 0.3296296296875 0.4671875 0.4129629625 0.4505208328125 0.5287037031249999 0.4479166671875 0.5574074078125 0.4848958328125 0.6425925921875 0.4994791671875 0.6851851859375 0.5390625 0.7731481484375
7 0.9171875 0.9861111109375 0.9166666671874999 0.9796296296874999 0.9208333328125 0.9694444437499999 0.9270833328125001 0.9629629625 0.9296875 0.9509259265625 0.9265625 0.9398148140625 0.8953125 0.8925925921875001 0.8489583328125001 0.8333333328125001 0.84375 0.83055555625 0.8421875 0.8222222218749999 0.8260416671874999 0.7981481484375 0.8052083328125 0.7731481484375 0.7994791671875 0.7611111109375 0.7473958328125 0.6888888890625 0.728125 0.6675925921875 0.7130208328125 0.640740740625 0.6463541671875 0.547222221875 0.6369791671875 0.5481481484375 0.634375 0.5555555562500001 0.6302083328125 0.5851851859375 0.6260416671875 0.5981481484375 0.6239583328125 0.625 0.6145833328125 0.671296296875 0.6109375 0.6740740734374999 0.6098958328124999 0.6861111109375 0.6057291671875 0.6981481484375001 0.5760416671875 0.847222221875 0.5755208328125 0.8611111109375 0.634375 0.9990740734375001 0.9130208328125 0.9990740734375001 0.9171875 0.9861111109375
7 0.6838541671875 0.2370370375 0.69375 0.1990740734375 0.703125 0.1425925921875 0.678125 0.1268518515625 0.6682291671875 0.12870370312499999 0.65 0.1166666671875 0.6453125 0.1296296296875 0.6333333328124999 0.20648148125 0.6328125 0.21296296250000002 0.6348958328125 0.2166666671875 0.68125 0.2629629625 0.6838541671875 0.2370370375
7 0.7359375 0.3138888890625 0.7427083328124999 0.31851851875000003 0.7458333328125 0.33055555625 0.7442708328125 0.3333333328125 0.7479166671875 0.33703703749999997 0.7598958328125 0.33148148125 0.7744791671875 0.3416666671875 0.7791666671875 0.340740740625 0.7963541671875001 0.24444444375000002 0.7953125 0.23333333281250002 0.7994791671875 0.22407407343750002 0.8015625 0.2046296296875 0.7984375 0.197222221875 0.7916666671875 0.1925925921875 0.7369791671875 0.1611111109375 0.7244791671875 0.1574074078125 0.715625 0.221296296875 0.7072916671875 0.2629629625 0.7057291671875 0.27870370312500004 0.7192708328124999 0.2953703703125 0.7354166671875 0.30648148124999997 0.7359375 0.3138888890625
7 0.8197916671875 0.378703703125 0.8244791671874999 0.3879629625 0.8578125 0.415740740625 0.859375 0.427777778125 0.8578125 0.43240740781250003 0.8609375 0.4509259265625 0.8734375 0.45185185156249996 0.8755208328125 0.4453703703125 0.8802083328125001 0.44444444375 0.8833333328125 0.43518518593750005 0.8927083328125001 0.4361111109375 0.9015625 0.44444444375 0.9020833328125001 0.4509259265625 0.9098958328125001 0.45370370312499997 0.9171875 0.465740740625 0.9432291671874999 0.4861111109375 0.9421875 0.46388888906250003 0.9505208328125001 0.4379629625 0.9510416671874999 0.415740740625 0.9484375 0.41018518593750003 0.9510416671874999 0.4074074078125 0.9442708328125 0.4018518515625 0.9411458328125001 0.3925925921875 0.9411458328125001 0.38240740781250004 0.9432291671874999 0.3731481484375 0.9479166671874999 0.372222221875 0.9447916671875 0.36296296250000004 0.946875 0.3453703703125 0.9625 0.29444444375 0.9598958328125 0.28055555625 0.9354166671874999 0.2638888890625 0.9072916671875 0.252777778125 0.9041666671874999 0.24722222187499998 0.8869791671874999 0.24259259218749998 0.8479166671874999 0.2203703703125 0.8380208328125001 0.21851851875 0.8223958328125001 0.2925925921875 0.8135416671875 0.321296296875 0.8130208328125 0.3351851859375 0.8052083328125 0.3611111109375 0.8072916671874999 0.372222221875 0.8197916671875 0.378703703125
7 0.9213541671875 0.25833333281250004 0.9557291671874999 0.27777777812500004 0.9635416671874999 0.28611111093749997 0.9614583328125 0.29351851875 0.9625 0.29722222187499997 0.971875 0.29444444375 0.9786458328125001 0.27870370312500004 0.9869791671874999 0.23518518593749999 0.9942708328125001 0.22407407343750002 0.99375 0.21944444375 0.9994791671875 0.21296296250000002 0.9963541671874999 0.196296296875 0.9994791671875 0.1759259265625 0.9505208328125001 0.15092592656249998 0.9151041671875 0.13981481406250001 0.909375 0.15648148125 0.8958333328125001 0.23055555625 0.8963541671874999 0.24259259218749998 0.90625 0.2453703703125 0.9192708328125001 0.253703703125 0.9213541671875 0.25833333281250004
1 0.0703125 0.4268518515625 0.0875 0.5453703703125 0.0895833328125 0.5481481484375 0.09114583281250001 0.5675925921875 0.0953125 0.578703703125 0.0973958328125 0.578703703125 0.10260416718750001 0.55648148125 0.10729166718750001 0.5527777781250001 0.1067708328125 0.5361111109375 0.1130208328125 0.50555555625 0.1177083328125 0.497222221875 0.1369791671875 0.48148148125 0.2052083328125 0.475 0.2182291671875 0.48055555625 0.2203125 0.49444444374999996 0.2234375 0.48981481406249994 0.2322916671875 0.4916666671875 0.23854166718749997 0.48425925937500003 0.2442708328125 0.48333333281249996 0.24322916718749998 0.478703703125 0.2375 0.4768518515625 0.23072916718749997 0.45401203749999997 0.23072916718749997 0.39351851875 0.228125 0.3740740734375 0.1473958328125 0.377777778125 0.134375 0.38055555625 0.121875 0.3898148140625 0.1171875 0.38055555625 0.11927083281249999 0.34351851875 0.109375 0.275 0.1057291671875 0.23240740781250002 0.0953125 0.20277777812500003 0.084375 0.19351851874999998 0.078125 0.196296296875 0.0760416671875 0.2175925921875 0.07864583281250001 0.2663583328125 0.0731770828125 0.275 0.06510416718749999 0.27870370312500004 0.06302083281250001 0.2870370375 0.061979167187499996 0.3111111109375 0.0640625 0.372222221875 0.0682291671875 0.3861111109375 0.0703125 0.4268518515625
1 0.1385416671875 0.6166666671875001 0.1427083328125 0.5759259265625001 0.1442708328125 0.5046296296875 0.1583333328125 0.5083333328124999 0.2484375 0.49351851875 0.24322916718749998 0.4768518515625 0.2328125 0.47222222187499996 0.1734375 0.4768518515625 0.1348958328125 0.48425925937500003 0.11822916718750001 0.49629629687500004 0.1109375 0.5129629625 0.10833333281249999 0.540740740625 0.1125 0.5824074078125 0.11875 0.5990740734375 0.1385416671875 0.6166666671875001
1 0 0.8731481484374999 0.0057291671875 0.8888888890625 0.008854167187500001 0.934259259375 0.0161458328125 0.990740740625 0.0182291671875 0.9990740734375001 0.0994791671875 0.9990740734375001 0.103125 0.9925925921875001 0.1078125 0.9953703703125001 0.1098958328125 0.9888888890624999 0.1088541671875 0.9759259265625 0.1067708328125 0.972222221875 0.10729166718750001 0.9620370375 0.0984375 0.9444444437499999 0.0984375 0.91944444375 0.103125 0.884259259375 0.1078125 0.86944444375 0.1130208328125 0.8629629624999999 0.12552083281249998 0.852777778125 0.1385416671875 0.85 0.1442708328125 0.8416666671874999 0.1427083328125 0.7416666671875001 0.1380208328125 0.6898148140625 0.1390625 0.6296296296875 0.1348958328125 0.622222221875 0.128125 0.622222221875 0.12005208281249999 0.6324074078125 0.103125 0.6388888890625 0.08854166718749999 0.65 0.078125 0.6629629625 0.0734375 0.647222221875 0.07083333281250001 0.575 0.058333332812500006 0.4953703703125 0.0463541671875 0.4388888890625 0.0369791671875 0.41203703750000004 0.0265625 0.40833333281249995 0.021354167187500002 0.3990740734375 0.0166666671875 0.397222221875 0.009375 0.40092592656250003 0.0057291671875 0.4074074078125 0.0052083328125 0.4166666671875 0.0119791671875 0.5287037031249999 0.0182291671875 0.584259259375 0.025520832812499998 0.6231481484375 0.015625 0.6416666671875 0.0119791671875 0.6546296296875 0.0083333328125 0.6574074078125001 0.00625 0.6703703703125 0 0.6768518515624999 0 0.8731481484374999
1 0.14114583281249998 0.9138888890624999 0.1270833328125 0.91944444375 0.1166666671875 0.928703703125 0.09895833281250001 0.9611111109375001 0.09427083281250001 0.977777778125 0.09322916718749999 0.9990740734375001 0.1463541671875 0.9990740734375001 0.1447916671875 0.915740740625 0.14114583281249998 0.9138888890624999
1 0.5635416671875 0.4361111109375 0.5661458328125 0.43518518593750005 0.5588541671875 0.41944444374999995 0.5541666671875001 0.397222221875 0.553125 0.3740740734375 0.5453125 0.33703703749999997 0.5265625 0.29722222187499997 0.5135416671875 0.296296296875 0.5088541671875 0.30555555624999997 0.5041666671875 0.3296296296875 0.5036458328125 0.35 0.5052083328125 0.3546296296875 0.5552083328124999 0.42870370312499995 0.5635416671875 0.4361111109375
1 0.46302083281249995 0.3990740734375 0.46666666718750005 0.3925925921875 0.46770833281249996 0.36759259218749996 0.47447916718750005 0.32685185156249996 0.4791666671875 0.322222221875 0.49427083281249995 0.33888888906250003 0.5 0.340740740625 0.5015625 0.29351851875 0.4973958328125 0.26203703749999996 0.49010416718750005 0.23240740781250002 0.4817708328125 0.2166666671875 0.47447916718750005 0.21111111093749999 0.4661458328125 0.209259259375 0.45885416718750005 0.2166666671875 0.453125 0.24351851875000002 0.45208333281249996 0.259259259375 0.4536458328125 0.403703703125 0.4546875 0.40648148125 0.46302083281249995 0.40555555625000006 0.46302083281249995 0.3990740734375
1 0.609375 0.603703703125 0.6229166671875 0.615740740625 0.6265625 0.5944444437499999 0.6229166671875 0.5796296296875 0.603125 0.5527777781250001 0.590625 0.547222221875 0.5875 0.5490740734374999 0.5864583328124999 0.5546296296875 0.5859375 0.5666666671875 0.5973958328125 0.5768518515625 0.6052083328125 0.603703703125 0.609375 0.603703703125
5 0.6588541671875 0.43518518593750005 0.6661458328125 0.43240740781250003 0.6708333328125 0.425 0.6692708328125 0.41944444374999995 0.6552083328125 0.4018518515625 0.6088541671875001 0.3518518515625 0.5989583328125 0.3518518515625 0.5776041671875001 0.35925925937500003 0.5765625 0.3638888890625 0.5807291671875 0.3731481484375 0.6307291671875 0.4388888890625 0.6588541671875 0.43518518593750005
5 0.8067708328125001 0.5638888890625 0.7661458328124999 0.5138888890625 0.7130208328125 0.4574074078125 0.6953125 0.4583333328125 0.6734375 0.46481481406249997 0.675 0.47407407343749997 0.7666666671875 0.5861111109375 0.7947916671875 0.577777778125 0.8067708328125001 0.5638888890625
5 0.8927083328125001 0.75 0.9 0.7648148140625 0.9390625 0.8120370375 0.9432291671874999 0.8129629625 0.9739583328125001 0.8 0.9770833328125 0.79444444375 0.9760416671875 0.790740740625 0.9796875 0.7870370375 0.9744791671874999 0.7814814812499999 0.9661458328125001 0.7620370375000001 0.9604166671875 0.759259259375 0.953125 0.7611111109375 0.95 0.74444444375 0.9390625 0.727777778125 0.840625 0.6148148140624999 0.8333333328125001 0.6129629624999999 0.8203125 0.6231481484375 0.796875 0.6296296296875 0.7994791671875 0.6379629625 0.8171875 0.6620370375 0.884375 0.746296296875 0.8927083328125001 0.75
5 0.1708333328125 0.6851851859375 0.2348958328125 0.6629629625 0.23697916718749998 0.652777778125 0.2338541671875 0.625 0.21510416718749997 0.5018518515625 0.203125 0.5 0.153125 0.5129629625 0.153125 0.665740740625 0.1598958328125 0.6728398140625 0.1619791671875 0.6851851859375 0.1708333328125 0.6851851859375
5 0.18020833281249998 0.990740740625 0.1817708328125 0.9953703703125001 0.1859375 0.9990740734375001 0.2614583328125 0.9990740734375001 0.2625 0.996296296875 0.2713541671875 0.9990740734375001 0.28125 0.9879629624999999 0.2802083328125 0.93148148125 0.2760416671875 0.877777778125 0.27291666718749996 0.8601851859374999 0.2713541671875 0.8138888890624999 0.2692708328125 0.8111111109375001 0.2692708328125 0.790740740625 0.2645833328125 0.740740740625 0.26510416718749996 0.7166666671875 0.2619791671875 0.7 0.2442708328125 0.7018518515625 0.1864583328125 0.7231481484375 0.184375 0.734259259375 0.1807291671875 0.8638888890624999 0.184375 0.884259259375 0.1859375 0.9175925921875001 0.1807291671875 0.9574074078124999 0.18020833281249998 0.990740740625
5 0.1619791671875 0.6379629625 0.1671875 0.6546296296875 0.1697916671875 0.6583333328125 0.1994791671875 0.6537037031249999 0.2046875 0.647222221875 0.20729166718749997 0.6481481484375 0.20833333281250002 0.6537037031249999 0.2166666671875 0.6537037031249999 0.21979166718749998 0.5833333328125 0.2182291671875 0.5768518515625 0.21979166718749998 0.5694444437499999 0.21875 0.5481481484375 0.2166666671875 0.547222221875 0.2166666671875 0.509259259375 0.2114583328125 0.509259259375 0.2078125 0.503703703125 0.2026041671875 0.5074074078125 0.1697916671875 0.509259259375 0.1677083328125 0.5129629625 0.15572916718750002 0.5166666671875 0.1541666671875 0.527777778125 0.1583333328125 0.6111111109375 0.1604166671875 0.6148148140624999 0.1619791671875 0.6379629625
8 0.2552083328125 0.2759259265625 0.2578125 0.271296296875 0.2520833328125 0.26203703749999996 0.2375 0.2546296296875 0.22916666718749998 0.25555555625 0.2244791671875 0.2629629625 0.22395833281250002 0.271296296875 0.23125 0.2768518515625 0.2494791671875 0.27777777812500004 0.2552083328125 0.2759259265625
8 0.2921875 0.38055555625 0.2947916671875 0.3731481484375 0.2864583328125 0.36296296250000004 0.2765625 0.35925925937500003 0.2645833328125 0.35925925937500003 0.2567708328125 0.3703703703125 0.2557291671875 0.38055555625 0.2625 0.3879629625 0.2859375 0.384259259375 0.2921875 0.38055555625
8 0.3708333328125 0.5305555562500001 0.3739583328125 0.521296296875 0.3640625 0.5074074078125 0.35 0.5018518515625 0.3328125 0.5046296296875 0.325 0.51944444375 0.325 0.5324074078125001 0.3359375 0.540740740625 0.3651041671875 0.5351851859375001 0.3708333328125 0.5305555562500001
8 0.4 0.8796296296874999 0.4328125 0.877777778125 0.44322916718750005 0.8675925921875001 0.44635416718750004 0.8574074078124999 0.4447916671875 0.8416666671874999 0.440625 0.8333333328125001 0.4234375 0.821296296875 0.403125 0.8138888890624999 0.39114583281250004 0.8138888890624999 0.38333333281250004 0.81851851875 0.3760416671875 0.8296296296874999 0.3723958328125 0.8462962968750001 0.371875 0.85648148125 0.3786458328125 0.871296296875 0.3859375 0.8768518515625001 0.4 0.8796296296874999
8 0.6588541671875 0.2824074078125 0.6421875 0.26851851875 0.634375 0.272222221875 0.6322916671875001 0.2824074078125 0.6359375 0.28611111093749997 0.6552083328125 0.28796296250000003 0.6588541671875 0.2824074078125
8 0.7380208328125 0.3731481484375 0.7348958328124999 0.36296296250000004 0.7239583328125 0.353703703125 0.7125 0.3518518515625 0.7067708328125 0.35925925937500003 0.7057291671875 0.36851851875 0.709375 0.372222221875 0.725 0.3759259265625 0.7380208328125 0.3731481484375
8 0.9052083328125 0.534259259375 0.9119791671874999 0.525 0.9041666671874999 0.5111111109375 0.8921875 0.5046296296875 0.8817708328125 0.50555555625 0.8739583328125 0.5203703703125 0.8734375 0.525 0.8760416671875 0.5296296296875 0.8885416671874999 0.5370370375 0.9052083328125 0.534259259375
5 0.9994791671875 0.4129629625 0.9552083328125001 0.38148148125 0.9536458328125 0.3851851859375 0.953125 0.396296296875 0.9557291671874999 0.4129629625 0.9994791671875 0.44259259218749997 0.9994791671875 0.4129629625