7 0 0.19444444375 0.0026041671875 0.196296296875 0.0046875 0.20740740781250003 0.01875 0.3148148140625 0.0229166671875 0.3240740734375 0.0369791671875 0.32685185156249996 0.0447916671875 0.322222221875 0.046875 0.3148148140625 0.0760416671875 0.3101851859375 0.0760416671875 0.3018518515625 0.08072916718749999 0.296296296875 0.09635416718749999 0.2833333328125 0.10729166718750001 0.27870370312500004 0.1098958328125 0.275 0.11041666718750001 0.26574074062499997 0.11875 0.26944444375 0.1427083328125 0.2518518515625 0.1338541671875 0.1768518515625 0.1265625 0.1481481484375 0.12552083281249998 0.12129629687500001 0.11875 0.09074074062500001 0.0984375 0.0925925921875 0.0067708328125 0.1268518515625 0 0.1296296296875 0 0.19444444375
7 0.2485677078125 0.1879629625 0.2520833328125 0.1981481484375 0.2557291671875 0.1981481484375 0.2630208328125 0.17962962968750001 0.2979166671875 0.1546296296875 0.2921875 0.0490740734375 0.2890625 0.025 0.22291666718749997 0.048148148437499996 0.2208333328125 0.051851851562499995 0.22291666718749997 0.09629629687499999 0.2364583328125 0.1861111109375 0.2485677078125 0.1879629625
7 0.1458333328125 0.24907407343750002 0.1526041671875 0.24814814843750002 0.1703125 0.2370370375 0.1776041671875 0.2370370375 0.20208333281250002 0.21851851875 0.2348958328125 0.2009259265625 0.24375 0.1888888890625 0.23697916718749998 0.1870370375 0.234375 0.1759259265625 0.2348958328125 0.16944444375 0.21614583281250002 0.051851851562499995 0.2078125 0.051851851562499995 0.1260416671875 0.078703703125 0.1197916671875 0.0870370375 0.1291666671875 0.15370370312499998 0.1348958328125 0.18055555625 0.14010416718750002 0.2296296296875 0.1458333328125 0.24907407343750002
7 0.5541666671875001 0.146296296875 0.5479166671875 0.0083333328125 0.5447916671875 0.003703703125 0.540625 0.00648148125 0.5239583328124999 0.0259259265625 0.5276041671875 0.13703703750000001 0.5369791671875 0.184259259375 0.5421875 0.177777778125 0.5541666671875001 0.146296296875
7 0.4927083328125 0.2398148140625 0.4947916671875 0.2416666671875 0.49791666718750005 0.2398148140625 0.5015625 0.22407407343750002 0.5140625 0.209259259375 0.5223958328125 0.190740740625 0.5171875 0.0333333328125 0.509375 0.0361111109375 0.4828125 0.0638888890625 0.48020833281249997 0.072222221875 0.48229166718750005 0.0824074078125 0.49114583281249996 0.22777777812500002 0.4927083328125 0.2398148140625
7 0.44895833281249997 0.3648148140625 0.4546875 0.365740740625 0.4583333328125 0.3611111109375 0.4614583328125 0.34444444375 0.4671875 0.3333333328125 0.46770833281249996 0.32592592656249997 0.4713541671875 0.322222221875 0.49010416718750005 0.2759259265625 0.496875 0.2518518515625 0.49375 0.24722222187499998 0.49375 0.2398148140625 0.49114583281249996 0.23333333281250002 0.48072916718750003 0.072222221875 0.47864583281249995 0.0703703703125 0.4682291671875 0.07962962968750001 0.4302083328125 0.12592592656249998 0.4359375 0.2101851859375 0.4359375 0.2675925921875 0.4458333328125 0.3574074078125 0.44895833281249997 0.3648148140625
7 0.3489583328125 0.5129629625 0.3541666671875 0.5138888890625 0.3692708328125 0.497222221875 0.3765625 0.4824074078125 0.3807291671875 0.48055555625 0.4458333328125 0.3648148140625 0.44322916718750005 0.3379629625 0.43854166718750004 0.3166666671875 0.4359375 0.27870370312500004 0.42604166718750003 0.2259259265625 0.42604166718750003 0.21296296250000002 0.41770833281249997 0.14444444375 0.41510416718750004 0.13333333281249998 0.4109375 0.13148148125 0.3020833328125 0.2101851859375 0.3026041671875 0.23333333281250002 0.325 0.3574074078125 0.3390625 0.4620370375 0.3489583328125 0.5129629625
7 0.0848958328125 0.48981481406249994 0.140625 0.7851851859375001 0.14375 0.7916666671875 0.15 0.8259259265625 0.15572916718750002 0.8324074078124999 0.1572916671875 0.8435185187500001 0.165625 0.8416666671874999 0.3380208328125 0.5324074078125001 0.3291666671875 0.46666666718750005 0.328125 0.44166666718750003 0.3255208328125 0.43518518593750005 0.3213541671875 0.40555555625000006 0.3213541671875 0.3638888890625 0.2984375 0.22777777812500002 0.2854166671875 0.23240740781250002 0.07552083281250001 0.415740740625 0.0739583328125 0.4203703703125 0.07760416718749999 0.45 0.08541666718749999 0.48333333281249996 0.0848958328125 0.48981481406249994
7 0.9140625 0 0.9072916671875 0.053703703125 0.9041666671874999 0.10092592656249999 0.9041666671874999 0.12407407343750002 0.9109375 0.11944444375 0.9244791671874999 0.1231481484375 0.9348958328125001 0 0.9140625 0
7 0.9364583328125 0 0.9260416671874999 0.10185185156250001 0.9260416671874999 0.15 0.9302083328125 0.1611111109375 0.9484375 0.1824074078125 0.946875 0.2046296296875 0.9552083328125001 0.225 0.9572916671874999 0.1296296296875 0.9609375 0.08518518593749999 0.9619791671875 0.0388888890625 0.9692708328125 0.021296296875000002 0.9744791671874999 0.018518518749999997 0.9802083328125001 0.028703703125 0.9869791671874999 0.0296296296875 0.9890625 0.025 0.9875 0.0175925921875 0.9614583328125 0 0.9364583328125 0
7 0.9729166671874999 0.2509259265625 0.9848958328125 0.25833333281250004 0.996875 0.27870370312500004 0.9994791671875 0.27870370312500004 0.9994791671875 0.04444444375 0.9833333328125 0.03148148125 0.9682291671875 0.027777778125000003 0.9666666671874999 0.0231481484375 0.9625 0.0351851859375 0.9572916671874999 0.165740740625 0.9578125 0.2138888890625 0.95625 0.22407407343750002 0.9578125 0.22870370312500002 0.9729166671874999 0.2509259265625
8 0.5661458328125 0.23611111093749998 0.5640625 0.22777777812500002 0.5583333328125 0.22407407343750002 0.5489583328125 0.2259259265625 0.5421875 0.23333333281250002 0.54375 0.240740740625 0.5520833328125 0.24444444375000002 0.5625 0.24444444375000002 0.5661458328125 0.23611111093749998
8 0.5244791671875 0.32592592656249997 0.5270833328125 0.31851851875000003 0.525 0.309259259375 0.5177083328125 0.303703703125 0.49791666718750005 0.3120370375 0.49427083281249995 0.31944444375000003 0.5 0.32777777812500003 0.5208333328125 0.32777777812500003 0.5244791671875 0.32592592656249997
8 0.428125 0.4361111109375 0.4291666671875 0.42592592656250006 0.4244791671875 0.4175925921875 0.4192708328125 0.4148148140625 0.4015625 0.43981481406249995 0.40052083281249995 0.44351851875000003 0.403125 0.4453703703125 0.4234375 0.44259259218749997 0.428125 0.4361111109375
8 0.3140625 0.6564814812499999 0.3177083328125 0.6481481484375 0.3192708328125 0.6138888890625 0.3151041671875 0.60648148125 0.3020833328125 0.60555555625 0.2869791671875 0.627777778125 0.2932291671875 0.6564814812499999 0.2979166671875 0.6620370375 0.30625 0.6620370375 0.3140625 0.6564814812499999
8 0.2989583328125 0.1759259265625 0.28854166718749996 0.177777778125 0.290625 0.1898148140625 0.2958333328125 0.190740740625 0.3005208328125 0.1870370375 0.2989583328125 0.1759259265625
8 0.25729166718749996 0.22314814843750003 0.253125 0.2148148140625 0.2453125 0.2138888890625 0.2338541671875 0.22407407343750002 0.23541666718749998 0.23055555625 0.24739583281250002 0.23055555625 0.25625 0.22777777812500002 0.25729166718749996 0.22314814843750003
8 0.17916666718750002 0.28611111093749997 0.18697916718750002 0.28055555625 0.1848958328125 0.271296296875 0.1786458328125 0.2675925921875 0.1729166671875 0.2675925921875 0.1619791671875 0.275 0.1578125 0.2824074078125 0.1578125 0.28611111093749997 0.1609375 0.2888888890625 0.17916666718750002 0.28611111093749997
8 0.0828125 0.372222221875 0.0869791671875 0.36759259218749996 0.0869791671875 0.3638888890625 0.0859375 0.3574074078125 0.0822916671875 0.353703703125 0.0713541671875 0.3518518515625 0.056770832812500005 0.3601851859375 0.05208333281250001 0.36759259218749996 0.0515625 0.372222221875 0.0546875 0.3768518515625 0.0671875 0.3768518515625 0.0828125 0.372222221875
5 0.4578125 0.9481481484375 0.4828125 0.95648148125 0.49010416718750005 0.9518518515625001 0.49375 0.9240740734375 0.496875 0.91944444375 0.5 0.896296296875 0.5203125 0.8083333328125001 0.5203125 0.8 0.5234375 0.79444444375 0.5276041671875 0.7629629625 0.5385416671875001 0.7166666671875 0.540625 0.6898148140625 0.49427083281249995 0.6666666671875 0.48229166718750005 0.6648148140625 0.45520833281249995 0.7398148140624999 0.40625 0.9037037031249999 0.40416666718750005 0.9277777781250001 0.4078125 0.9324074078125 0.44322916718750005 0.9388888890624999 0.4578125 0.9481481484375
1 0.8375 0.8490740734375001 0.8401041671874999 0.7268518515625 0.8380208328125001 0.678703703125 0.8338541671874999 0.6481481484375 0.8260416671874999 0.6333333328124999 0.8125 0.63055555625 0.8010416671874999 0.646296296875 0.7942708328125 0.6490740734375 0.784375 0.66944444375 0.7692708328125 0.7240740734375 0.7692708328125 0.74351851875 0.7557291671875 0.834259259375 0.7541666671875 0.8740740734375001 0.7578125 0.9148148140625001 0.7541666671875 0.928703703125 0.7453125 0.9425925921875 0.7385416671875 0.94351851875 0.7364583328125 0.9277777781250001 0.7270833328124999 0.9111111109375001 0.7083333328125 0.8990740734375 0.6619791671875 0.884259259375 0.6453125 0.8740740734375001 0.6213541671875 0.8731481484374999 0.6161458328125 0.86851851875 0.6161458328125 0.8611111109375 0.6010416671875001 0.8629629624999999 0.6005208328125 0.8574074078124999 0.5979166671875 0.85648148125 0.5901041671875 0.859259259375 0.5796875 0.85648148125 0.5744791671875 0.8601851859374999 0.5609375 0.859259259375 0.553125 0.8675925921875001 0.55 0.8768518515625001 0.5338541671875 0.972222221875 0.53125 0.9990740734375001 0.8197916671875 0.9990740734375001 0.8322916671874999 0.9074074078125 0.8375 0.8490740734375001
1 0.5635416671875 0.6731481484375 0.56875 0.665740740625 0.5760416671875 0.665740740625 0.5776041671875001 0.66944444375 0.5776041671875001 0.7120370375 0.5640625 0.790740740625 0.6145833328125 0.8018518515625 0.6078125 0.8611111109375 0.6088541671875001 0.8648148140625 0.6591145828125 0.8768518515625001 0.6692708328125 0.8861111109375001 0.6765625 0.8851851859375 0.6786458328125 0.80648148125 0.6833333328125 0.8 0.6901041671875 0.7990740734374999 0.6963541671875 0.825 0.7041666671875 0.8435185187500001 0.7119791671875 0.8796296296874999 0.71875 0.88148148125 0.7197916671875 0.8740740734375001 0.6979166671875 0.7879629625 0.696875 0.7759259265625 0.7005208328125 0.7620370375000001 0.7052083328125 0.7138888890625 0.7098958328125 0.6888888890625 0.7239583328125 0.55648148125 0.7270833328124999 0.49351851875 0.7239583328125 0.4148148140625 0.7208333328125 0.4148148140625 0.7166666671875 0.4074074078125 0.6973958328125 0.45370370312499997 0.6953125 0.5111111109375 0.6932291671875 0.5166666671875 0.6890625 0.5138888890625 0.6869791671875001 0.5268518515625 0.6828125 0.5314814812499999 0.6791666671875001 0.5759259265625001 0.6828125 0.577777778125 0.6802083328124999 0.5981481484375 0.6828125 0.61851851875 0.6828125 0.64444444375 0.6807291671875 0.6490740734375 0.675 0.6518518515625 0.6723958328124999 0.647222221875 0.6708333328125 0.6324074078125 0.6671875 0.6259259265625 0.6489583328124999 0.6129629624999999 0.5901041671875 0.6046296296875 0.5614583328125 0.6046296296875 0.5447916671875 0.609259259375 0.5364583328125 0.6175925921875 0.5296875 0.6333333328124999 0.5229166671875001 0.6638888890625 0.5234375 0.6731481484375 0.5510416671875 0.678703703125 0.5640625 0.6777777781250001 0.5635416671875 0.6731481484375
1 0.6369791671875 0.6120370375 0.6578125 0.6111111109375 0.6713541671875001 0.6046296296875 0.6791666671875001 0.5898148140624999 0.68125 0.578703703125 0.6755208328125 0.578703703125 0.6739583328125 0.5694444437499999 0.6755208328125 0.5583333328125 0.6682291671875 0.54351851875 0.6734375 0.5259259265625 0.6796875 0.527777778125 0.6838541671875 0.5333333328125 0.6869791671875001 0.5259259265625 0.6890625 0.5009259265625 0.696875 0.4546296296875 0.6963541671875 0.44629629687500005 0.7020833328125 0.43148148124999997 0.7026041671875001 0.4175925921875 0.7052083328125 0.41111111093749997 0.7104166671875001 0.34722222187499996 0.7119791671875 0.3148148140625 0.7104166671875001 0.30648148124999997 0.7046875 0.3 0.703125 0.31759259218749997 0.6921875 0.3351851859375 0.6848958328125 0.3796296296875 0.68125 0.425 0.6760416671875 0.45 0.675 0.475 0.6703125 0.48425925937500003 0.665625 0.47592592656250005 0.625 0.471296296875 0.5651041671875 0.47222222187499996 0.5583333328125 0.4768518515625 0.5557291671875 0.4824074078125 0.5536458328125 0.5101851859375001 0.5557291671875 0.602777778125 0.5798364578124999 0.602777778125 0.6369791671875 0.6120370375
1 0.6401041671875001 0.4703703703125 0.6421875 0.46666666718750005 0.6463541671875 0.4703703703125 0.6552083328125 0.465740740625 0.6671875 0.47407407343749997 0.6697916671875 0.4703703703125 0.66875 0.459259259375 0.6802083328124999 0.43333333281249997 0.6828125 0.3879629625 0.68125 0.38148148125 0.6760416671875 0.3759259265625 0.6677083328125 0.372222221875 0.646875 0.3740740734375 0.6078125 0.3703703703125 0.5953125 0.372222221875 0.5901041671875 0.3768518515625 0.5895833328125 0.4379629625 0.5916666671875 0.46944444374999994 0.6171875 0.4675925921875 0.6401041671875001 0.4703703703125
1 0.7125 0.302777778125 0.7166666671875 0.2703703703125 0.7182291671875001 0.21574074062499998 0.7244791671875 0.1898148140625 0.7223958328125 0.1824074078125 0.7223958328125 0.1574074078125 0.7203125 0.15648148125 0.7114583328124999 0.1703703703125 0.6947916671875001 0.284259259375 0.6890625 0.28796296250000003 0.628125 0.2851851859375 0.6125 0.3416666671875 0.6130208328125 0.3648148140625 0.6177083328124999 0.36759259218749996 0.6854166671875 0.3611111109375 0.7125 0.302777778125
2 0.8994791671875 0.7990740734374999 0.8979166671875 0.8046296296875 0.8927083328125001 0.8055555562500001 0.9036458328125001 0.8138888890624999 0.9072916671875 0.8129629625 0.9104166671874999 0.821296296875 0.9114583328125001 0.8416666671874999 0.9213541671875 0.8898148140625001 0.9734375 0.9018518515625 0.9822916671874999 0.9 0.9833333328125 0.8916666671875 0.9619791671875 0.8481481484375 0.9546875 0.8027777781250001 0.9557291671874999 0.7129629625 0.9640625 0.678703703125 0.9692708328125 0.6379629625 0.9677083328125 0.634259259375 0.953125 0.6425925921875 0.9510416671874999 0.6481481484375 0.946875 0.6481481484375 0.9354166671874999 0.6370370375000001 0.925 0.6398148140625 0.9229166671875 0.64351851875 0.9239583328125001 0.6583333328125 0.921875 0.6851851859375 0.9197916671874999 0.6879629625 0.9140625 0.7194444437499999 0.8994791671875 0.7611111109375 0.9005208328125001 0.7703703703125 0.9083333328125001 0.7731481484375 0.9098958328125001 0.7925925921875 0.8994791671875 0.7990740734374999
2 0.9671875 0.840740740625 0.975 0.8611111109375 0.9817708328125001 0.872222221875 0.9875 0.8740740734375001 0.9994791671875 0.8444444437499999 0.9994791671875 0.6768518515624999 0.996875 0.675 0.9817708328125001 0.6259259265625 0.9776041671875 0.6296296296875 0.9666666671874999 0.696296296875 0.9619791671875 0.7601851859375001 0.9614583328125 0.7953703703125 0.9635416671874999 0.8259259265625 0.9661458328125001 0.828703703125 0.9671875 0.840740740625