8 0.7755208328125 0.7083333328125 0.7770833328125 0.7009259265625001 0.7671875 0.6870370375 0.7578125 0.6879629625 0.7489583328125 0.6981481484375001 0.7494791671875001 0.7129629625 0.75625 0.7175925921874999 0.7703125 0.7138888890625 0.7755208328125 0.7083333328125
7 0.99375 0.44629629687500005 0.9994791671875 0.44351851875000003 0.9994791671875 0.35648148125 0.9041666671874999 0.36296296250000004 0.8947916671874999 0.3648148140625 0.8927083328125001 0.36851851875 0.89375 0.3925925921875 0.8911458328125 0.42222222187499997 0.8927083328125001 0.447222221875 0.99375 0.44629629687500005
7 0.95625 0.6851851859375 0.9567708328125001 0.6740740734374999 0.9505208328125001 0.6638888890625 0.9364583328125 0.6629629625 0.9276041671874999 0.6666666671875 0.9260416671874999 0.66944444375 0.9296875 0.6777777781250001 0.9401041671874999 0.6851851859375 0.95625 0.6851851859375
7 0.8083333328125001 0.4601851859375 0.8208333328125 0.45370370312499997 0.8885416671874999 0.4481481484375 0.8911458328125 0.44259259218749997 0.8921875 0.38055555625 0.8911458328125 0.3703703703125 0.8885416671874999 0.36666666718749996 0.7822916671875 0.3768518515625 0.7796875 0.38055555625 0.7791666671875 0.39444444375 0.7786458328125 0.43148148124999997 0.7796875 0.4583333328125 0.78125 0.4601851859375 0.8083333328125001 0.4601851859375
7 0.7770833328125 0.38055555625 0.775 0.377777778125 0.6677083328125 0.38703703749999996 0.6635416671875001 0.39074074062499997 0.6640625 0.47407407343749997 0.7723958328125 0.46296296249999996 0.7770833328125 0.4583333328125 0.7770833328125 0.38055555625
7 0.6166666671875001 0.5259259265625 0.6171875 0.48425925937500003 0.6260416671875 0.4796296296875 0.6552083328125 0.4768518515625 0.6630208328125 0.47222222187499996 0.6619791671875 0.3898148140625 0.5552083328124999 0.3990740734375 0.5447916671875 0.40277777812500004 0.5458333328125 0.525 0.5489583328125 0.5379629625 0.6109375 0.5305555562500001 0.6166666671875001 0.5259259265625
7 0.6192708328125 0.6148148140624999 0.6203125 0.68148148125 0.6229166671875 0.6944444437499999 0.6307291671875 0.6990740734374999 0.6505208328125 0.69351851875 0.6546875 0.6990740734374999 0.7177083328125 0.6898148140625 0.7526041671875 0.6805555562500001 0.7635416671875 0.6824074078125 0.7932291671875 0.6768518515624999 0.8104166671874999 0.66944444375 0.8109375 0.6490740734375 0.8057291671875 0.6361111109375 0.8041666671875 0.603703703125 0.80625 0.571296296875 0.8036458328125 0.5574074078125 0.8052083328125 0.5333333328125 0.8041666671875 0.471296296875 0.8020833328125001 0.46388888906250003 0.6276041671875 0.4824074078125 0.6208333328125 0.4861111109375 0.6197916671875 0.49351851875 0.6223958328125 0.5120370375000001 0.6213541671875 0.5268518515625 0.61875 0.5333333328125 0.6192708328125 0.6148148140624999
7 0.8182291671874999 0.634259259375 0.8208333328125 0.6453703703125 0.8666666671875 0.640740740625 0.9119791671874999 0.6425925921875 0.946875 0.634259259375 0.9822916671874999 0.634259259375 0.9901041671874999 0.63055555625 0.99375 0.6231481484375 0.9916666671875 0.5416666671875 0.9869791671874999 0.5231481484375 0.9921875 0.4981481484375 0.9916666671875 0.46388888906250003 0.9885416671874999 0.45370370312499997 0.971875 0.4481481484375 0.8755208328125 0.45277777812500003 0.8213541671875 0.45648148125 0.8151041671874999 0.46388888906250003 0.8145833328125001 0.5490740734374999 0.8151041671874999 0.5638888890625 0.8171875 0.56851851875 0.8182291671874999 0.634259259375
7 0.1796875 0.7481481484375 0.20989583281250002 0.747222221875 0.2140625 0.74351851875 0.2833333328125 0.7398148140624999 0.28958333281250004 0.734259259375 0.2901041671875 0.6768518515624999 0.2854166671875 0.6351851859375001 0.2864583328125 0.5759259265625001 0.2828125 0.5555555562500001 0.2822916671875 0.5333333328125 0.2802083328125 0.5305555562500001 0.1640625 0.5370370375 0.054166667187499996 0.55 0.0625 0.725 0.0645833328125 0.75555555625 0.0682291671875 0.7666666671875 0.1796875 0.7481481484375
7 0 0.79351851875 0.00625 0.79351851875 0.0075520828124999995 0.777777778125 0.05625 0.771296296875 0.0645833328125 0.7629629625 0.053125 0.5601851859375 0.0489583328125 0.55 0.025 0.5509259265625001 0 0.5546296296875 0 0.79351851875
7 0.2880208328125 0.5333333328125 0.28854166718749996 0.55 0.290625 0.553703703125 0.3109375 0.5527777781250001 0.3135416671875 0.5490740734374999 0.3151041671875 0.5120370375000001 0.309375 0.42314814843750004 0.2203125 0.4268518515625 0.1697916671875 0.434259259375 0.1734375 0.5240740734375 0.1770833328125 0.5324074078125001 0.2848958328125 0.525 0.2880208328125 0.5333333328125
7 0 0.44259259218749997 0.0114583328125 0.4388888890625 0.01875 0.44629629687500005 0.021875 0.4583333328125 0.0192708328125 0.4703703703125 0.021354167187500002 0.49629629687500004 0.0203125 0.51944444375 0.021875 0.54351851875 0.0244791671875 0.547222221875 0.1625 0.534259259375 0.1692708328125 0.5333333328125 0.171875 0.5296296296875 0.1677083328125 0.434259259375 0.165625 0.43148148124999997 0.065625 0.4388888890625 0.0119791671875 0.4379629625 0 0.4388888890625 0 0.44259259218749997
7 0 0.5509259265625001 0.0208333328125 0.546296296875 0.0171875 0.45370370312499997 0.0140625 0.447222221875 0.009375 0.447222221875 0 0.4481481484375 0 0.5509259265625001
3 0.2697916671875 0.42314814843750004 0.3890625 0.440740740625 0.4203125 0.4388888890625 0.44166666718750003 0.43333333281249997 0.459375 0.43518518593750005 0.4614583328125 0.43240740781250003 0.46302083281249995 0.41111111093749997 0.4583333328125 0.172222221875 0.45729166718750003 0.15 0.45520833281249995 0.146296296875 0.3010416671875 0.1490740734375 0.296875 0.15277777812499999 0.1796875 0.15648148125 0.17916666718750002 0.175 0.1932291671875 0.40833333281249995 0.1989583328125 0.4268518515625 0.2697916671875 0.42314814843750004
7 0 0.9990740734375001 0.21458333281250003 0.9990740734375001 0.21614583281250002 0.99351851875 0.2130208328125 0.95 0.2104166671875 0.8453703703125001 0.20677083281250003 0.8379629625 0.1666666671875 0.8425925921875 0.0036458328125000003 0.875 0 0.8759259265624999 0 0.9990740734375001
5 0.7145833328125 0.8703703703125001 0.725 0.875 0.7354166671875 0.8888888890625 0.86875 0.8620370375 0.8822916671875 0.8509259265625 0.8729166671874999 0.828703703125 0.8630208328125001 0.8166666671874999 0.859375 0.8055555562500001 0.8484375 0.796296296875 0.8338541671874999 0.790740740625 0.7973958328124999 0.797222221875 0.778125 0.8046296296875 0.7479166671875 0.8055555562500001 0.7083333328125 0.8138888890624999 0.7015625 0.8222222218749999 0.7026041671875001 0.8259259265625 0.6984375 0.8435185187500001 0.6994791671875 0.8583333328125 0.7057291671875 0.8601851859374999 0.7130208328125 0.8731481484374999 0.7145833328125 0.8703703703125001
1 0.975 0.8518518515625001 0.9666666671874999 0.8444444437499999 0.9494791671874999 0.8370370375 0.9229166671875 0.8370370375 0.9 0.8453703703125001 0.8786458328125001 0.8601851859374999 0.85625 0.8925925921875001 0.84375 0.9240740734375 0.8354166671875 0.95555555625 0.83125 0.98148148125 0.8307291671874999 0.9990740734375001 0.9994791671875 0.9990740734375001 0.9994791671875 0.8824074078124999 0.975 0.8518518515625001