7 0.6869791671875001 0 0.6932291671875 0.077777778125 0.6979166671875 0.102777778125 0.6953125 0.11388888906250001 0.6833333328125 0.12592592656249998 0.6822916671875 0.13148148125 0.7317708328125 0.1268518515625 0.746875 0.1111111109375 0.7536458328125 0.0990740734375 0.7489583328125 0.09351851875 0.7296875 0.0888888890625 0.725 0.08055555625000001 0.7520833328125 0.052777778124999994 0.7536458328125 0.04444444375 0.753125 0 0.6869791671875001 0
7 0.5760416671875 0 0.5796875 0.0675925921875 0.5880208328125 0.15555555625 0.5869791671875 0.1601851859375 0.5927083328125 0.2009259265625 0.6109375 0.21851851875 0.6140625 0.21851851875 0.6395833328125 0.2138888890625 0.6578125 0.2148148140625 0.6708333328125 0.197222221875 0.6703125 0.1888888890625 0.6651041671875 0.1888888890625 0.6630208328125 0.1851851859375 0.6359375 0.1861111109375 0.6328125 0.17314814843749998 0.6932291671875 0.1129629625 0.6947916671875001 0.10092592656249999 0.6890625 0.0574074078125 0.6859375 0 0.5760416671875 0
7 0.3994791671875 0 0.42760416718750005 0.290740740625 0.43333333281249997 0.302777778125 0.4369791671875 0.32777777812500003 0.43645833281249996 0.3379629625 0.44114583281249997 0.34722222187499996 0.4453125 0.34722222187499996 0.4583333328125 0.33703703749999997 0.46302083281249995 0.3398148140625 0.4661458328125 0.35 0.5286458328125 0.352777778125 0.5661458328125 0.309259259375 0.5651041671875 0.3009259265625 0.5333333328125 0.29722222187499997 0.5322916671875 0.2666666671875 0.5604166671875 0.2398148140625 0.5708333328124999 0.2259259265625 0.5755208328125 0.22407407343750002 0.58125 0.21111111093749999 0.5859375 0.20833333281250002 0.5869791671875 0.2018518515625 0.5744791671875 0 0.3994791671875 0
7 0.1515625 0.4509259265625 0.1505208328125 0.45648148125 0.1536458328125 0.4620370375 0.1541666671875 0.478703703125 0.159375 0.4861111109375 0.1583333328125 0.48981481406249994 0.17135416718750002 0.5509259265625001 0.1729166671875 0.575 0.1765625 0.578703703125 0.1828125 0.60648148125 0.18802083281249998 0.6148148140624999 0.2515625 0.553703703125 0.259375 0.5694444437499999 0.2635416671875 0.571296296875 0.3260416671875 0.5833333328125 0.3375 0.5824074078125 0.396875 0.50555555625 0.3953125 0.4981481484375 0.3869791671875 0.49259259218749996 0.3375 0.48333333281249996 0.334375 0.46851851875 0.3385416671875 0.46666666718750005 0.3453125 0.45370370312499997 0.35625 0.4453703703125 0.37552083281250004 0.42222222187499997 0.3885416671875 0.4138888890625 0.390625 0.40648148125 0.4046875 0.3925925921875 0.4135416671875 0.377777778125 0.4223958328125 0.372222221875 0.4348958328125 0.3574074078125 0.4046875 0.127777778125 0.396875 0.0898148140625 0.3885416671875 0.0148148140625 0.3838541671875 0.0101851859375 0.3609375 0.0148148140625 0.08541666718749999 0.1231481484375 0.084375 0.1379629625 0.1421875 0.41944444374999995 0.1473958328125 0.42592592656250006 0.1515625 0.4509259265625
7 0 0.83055555625 0.1833333328125 0.63055555625 0.1817708328125 0.60648148125 0.1786458328125 0.5944444437499999 0.1729166671875 0.5898148140624999 0.1729166671875 0.5824074078125 0.1682291671875 0.5694444437499999 0.1614583328125 0.5333333328125 0.159375 0.5101851859375001 0.1494791671875 0.48055555625 0.1427083328125 0.434259259375 0.1317708328125 0.3990740734375 0.1307291671875 0.352777778125 0.1286458328125 0.35 0.1015625 0.22685185156249998 0.0979166671875 0.197222221875 0.0953125 0.1898148140625 0.09427083281250001 0.19444444375 0.0875 0.1916666671875 0.084375 0.1740740734375 0.0869791671875 0.1453703703125 0.0838541671875 0.1361111109375 0.0838541671875 0.12870370312499999 0.08125 0.12870370312499999 0 0.1620370375 0 0.83055555625
7 0 0.9990740734375001 0.014583332812499999 0.9990740734375001 0.0713541671875 0.9259259265625 0.0822916671875 0.9074074078125 0.08333333281250001 0.9 0.078125 0.8916666671875 0.0020833328125000002 0.85 0 0.85 0 0.9990740734375001
8 0.2604166671875 0.6833333328125 0.2776041671875 0.6731481484375 0.2869791671875 0.6629629625 0.28958333281250004 0.6574074078125001 0.2901041671875 0.6361111109375 0.2869791671875 0.6268518515625 0.2770833328125 0.61851851875 0.25625 0.61851851875 0.24375 0.6259259265625 0.22760416718749998 0.6416666671875 0.215625 0.6601851859375001 0.2125 0.66944444375 0.2114583328125 0.6777777781250001 0.2192708328125 0.6888888890625 0.2244791671875 0.6916666671875 0.2604166671875 0.6833333328125
8 0.5380208328125 0.41851851875 0.5411458328125 0.4129629625 0.5421875 0.3981481484375 0.534375 0.3861111109375 0.5161458328124999 0.38240740781250004 0.49427083281249995 0.396296296875 0.4848958328125 0.41111111093749997 0.484375 0.41944444374999995 0.4895833328125 0.427777778125 0.51875 0.4268518515625 0.5380208328125 0.41851851875
8 0.6473958328125 0.253703703125 0.6520833328125 0.24722222187499998 0.6526041671875 0.2388888890625 0.6505208328125 0.23240740781250002 0.6453125 0.22777777812500002 0.6328125 0.22685185156249998 0.6213541671875 0.23333333281250002 0.6083333328125 0.24814814843750002 0.6072916671875 0.25555555625 0.6098958328124999 0.2611111109375 0.6208333328125 0.26203703749999996 0.6473958328125 0.253703703125
8 0.7223958328125 0.1601851859375 0.7260416671875001 0.1490740734375 0.7203125 0.13981481406250001 0.7083333328125 0.1379629625 0.6890625 0.15370370312499998 0.6875 0.15648148125 0.6890625 0.1648148140625 0.7026041671875001 0.165740740625 0.7223958328125 0.1601851859375
8 0.7640625 0.0981481484375 0.7651041671875001 0.08333333281250001 0.7630208328125 0.07962962968750001 0.746875 0.08333333281250001 0.7427083328124999 0.0888888890625 0.7479166671875 0.102777778125 0.7578125 0.102777778125 0.7640625 0.0981481484375
5 0.3296875 0.9370370375 0.3416666671875 0.921296296875 0.3463541671875 0.9074074078125 0.3557291671875 0.8953703703125001 0.3578125 0.8879629625 0.3546875 0.877777778125 0.3567708328125 0.872222221875 0.3552083328125 0.86851851875 0.3494791671875 0.86851851875 0.3453125 0.8740740734375001 0.275 0.9851851859374999 0.2682291671875 0.9990740734375001 0.296875 0.9990740734375001 0.3260416671875 0.95 0.3296875 0.9370370375
5 0.5723958328125 0.5453703703125 0.584375 0.51851851875 0.5723958328125 0.51851851875 0.4302083328125 0.74351851875 0.4291666671875 0.7481481484375 0.43177083281249995 0.7648148140625 0.43541666718750005 0.772222221875 0.5723958328125 0.5453703703125
5 0.790625 0.3481481484375 0.7932291671875 0.33703703749999997 0.7671875 0.328703703125 0.7354166671875 0.325 0.728125 0.33148148125 0.6973958328125 0.38703703749999996 0.6927083328125 0.3916666671875 0.6614583328125 0.4509259265625 0.6614583328125 0.4620370375 0.6692708328125 0.4731481484375 0.7265625 0.4879629625 0.790625 0.3481481484375
5 0.8421875 0.222222221875 0.8442708328125 0.20833333281250002 0.8109375 0.2 0.7927083328125 0.2 0.7541666671875 0.259259259375 0.7453125 0.27777777812500004 0.7447916671875 0.284259259375 0.7479166671875 0.29444444375 0.8020833328125001 0.29814814843750004 0.8421875 0.222222221875
5 0.83125 0.12222222187500001 0.8375 0.1166666671875 0.8385416671874999 0.10370370312499999 0.8203125 0.12592592656249998 0.8010416671874999 0.1583333328125 0.8 0.165740740625 0.8026041671874999 0.1675925921875 0.8166666671874999 0.1481481484375 0.83125 0.12222222187500001
2 0.6692708328125 0.7509259265625 0.6760416671875 0.7398148140624999 0.6875 0.7083333328125 0.6911458328125 0.6916666671875 0.6901041671875 0.6425925921875 0.6828125 0.5175925921875 0.6703125 0.509259259375 0.6302083328125 0.5 0.6296875 0.5287037031249999 0.6427083328125 0.740740740625 0.6463541671875 0.746296296875 0.6692708328125 0.7509259265625
2 0.5130208328125 0.777777778125 0.5223958328125 0.7814814812499999 0.5265625 0.7925925921875 0.5291666671875 0.8296296296874999 0.5369791671875 0.8768518515625001 0.5484375 0.9990740734375001 0.5765625 0.9990740734375001 0.5859375 0.9740740734375001 0.590625 0.9388888890624999 0.578125 0.7833333328125 0.571875 0.7203703703125 0.5682291671875 0.7018518515625 0.5604166671875 0.6916666671875 0.5458333328125 0.6888888890625 0.5375 0.6916666671875 0.5119791671875 0.7398148140624999 0.5067708328125 0.75555555625 0.49375 0.7731481484375 0.49322916718750004 0.7787037031249999 0.496875 0.7805555562500001 0.5098958328125 0.7731481484375 0.5130208328125 0.777777778125
2 0.778125 0.5296296296875 0.778125 0.4703703703125 0.775 0.459259259375 0.7677083328125 0.47222222187499996 0.7401041671875 0.540740740625 0.7411458328125 0.5666666671875 0.7609375 0.5703703703125 0.7661458328124999 0.5648148140625 0.778125 0.5296296296875
2 0.8104166671874999 0.3703703703125 0.80625 0.38055555625 0.80625 0.3861111109375 0.8026041671874999 0.3916666671875 0.8026041671874999 0.434259259375 0.8067708328125001 0.4388888890625 0.8375 0.44351851875000003 0.8432291671875 0.4074074078125 0.8411458328125001 0.3361111109375 0.84375 0.29814814843750004 0.8369791671875 0.29814814843750004 0.8375 0.3018518515625 0.8260416671874999 0.3324074078125 0.8130208328125 0.3490740734375 0.8151041671874999 0.352777778125 0.815625 0.36666666718749996 0.8125 0.372222221875 0.8104166671874999 0.3703703703125
1 0.9354166671874999 0.3398148140625 0.9635416671874999 0.33055555625 0.9994791671875 0.3333333328125 0.9994791671875 0.22870370312500002 0.9567708328125001 0.22870370312500002 0.9192708328125001 0.23518518593749999 0.9109375 0.24351851875000002 0.9052083328125 0.2731481484375 0.9046875 0.315740740625 0.9088541671874999 0.328703703125 0.9145833328125 0.3351851859375 0.9354166671874999 0.3398148140625
1 0.9229166671875 0.56851851875 0.9255208328125001 0.5638888890625 0.9244791671874999 0.559259259375 0.9270833328125001 0.5490740734374999 0.9255208328125001 0.5425925921875 0.9302083328125 0.4879629625 0.9541666671875 0.497222221875 0.959375 0.497222221875 0.9703125 0.4888888890625 0.9828125 0.4888888890625 0.9994791671875 0.49444444374999996 0.9994791671875 0.3379629625 0.9614583328125 0.3333333328125 0.9447916671875 0.3416666671875 0.9380208328125 0.35 0.9270833328125001 0.3768518515625 0.9182291671874999 0.403703703125 0.9145833328125 0.42314814843750004 0.9145833328125 0.4509259265625 0.921875 0.48425925937500003 0.91875 0.5675925921875 0.9229166671875 0.56851851875
1 0.9270833328125001 0.75 0.9276041671874999 0.7648148140625 0.9395833328125001 0.7620370375000001 0.9625 0.777777778125 0.9838541671875 0.772222221875 0.9994791671875 0.7731481484375 0.9994791671875 0.5314814812499999 0.9703125 0.5296296296875 0.9416666671874999 0.54444444375 0.9234375 0.5935185187500001 0.9140625 0.63055555625 0.909375 0.6611111109375 0.9088541671874999 0.6833333328125 0.9114583328125001 0.703703703125 0.9197916671874999 0.7333333328125 0.9270833328125001 0.75
1 0.9276041671874999 0.79444444375 0.8958333328125001 0.7870370375 0.878125 0.7879629625 0.8567708328125001 0.7981481484375 0.8453125 0.8101851859375 0.834375 0.8324074078124999 0.803125 0.9453703703125 0.7953125 0.9861111109375 0.7953125 0.9990740734375001 0.9994791671875 0.9990740734375001 0.9994791671875 0.821296296875 0.9276041671874999 0.79444444375