7 0.5567708328125 0.2953703703125 0.5625 0.2870370375 0.5760416671875 0.2796296296875 0.5963541671875 0.25555555625 0.6088541671875001 0.08148148125 0.6015625 0.07962962968750001 0.5802083328125 0.08796296249999999 0.5557291671875 0.10092592656249999 0.5458333328125 0.1111111109375 0.5411458328125 0.16388888906250001 0.5447916671875 0.284259259375 0.5458333328125 0.28796296250000003 0.5567708328125 0.2953703703125
7 0.4447916671875 0.1740740734375 0.4421875 0.2453703703125 0.4427083328125 0.3851851859375 0.4453125 0.40648148125 0.45208333281249996 0.40833333281249995 0.4635416671875 0.403703703125 0.48645833281249995 0.3759259265625 0.5427083328125 0.321296296875 0.5453125 0.302777778125 0.5395833328124999 0.1148148140625 0.5380208328125 0.1101851859375 0.53125 0.109259259375 0.4484375 0.13981481406250001 0.43854166718750004 0.146296296875 0.43854166718750004 0.15277777812499999 0.43385416718750003 0.15370370312499998 0.44427083281249996 0.1574074078125 0.4447916671875 0.1740740734375
7 0.2854166671875 0.3231481484375 0.2859375 0.371296296875 0.284375 0.3768518515625 0.2864583328125 0.3851851859375 0.2869791671875 0.40555555625000006 0.2864583328125 0.41851851875 0.2828125 0.4240740734375 0.2864583328125 0.43240740781250003 0.2901041671875 0.534259259375 0.2942708328125 0.5601851859375 0.29739583281250004 0.546296296875 0.3447916671875 0.4981481484375 0.3453125 0.49259259218749996 0.3494791671875 0.49259259218749996 0.3604166671875 0.4824074078125 0.384375 0.4546296296875 0.39114583281250004 0.4509259265625 0.40833333281249995 0.4296296296875 0.4401041671875 0.3990740734375 0.44427083281249996 0.178703703125 0.4427083328125 0.15648148125 0.43072916718750004 0.15555555625 0.3385416671875 0.197222221875 0.2786458328125 0.2296296296875 0.2786458328125 0.302777778125 0.2791666671875 0.3083333328125 0.284375 0.3148148140625 0.2854166671875 0.3231481484375
7 0 0.8759259265624999 0.0036458328125000003 0.8768518515625001 0.007291667187500001 0.890740740625 0.013020832812499999 0.8888888890625 0.06510416718749999 0.827777778125 0.0973958328125 0.7953703703125 0.1057291671875 0.7814814812499999 0.1317708328125 0.75555555625 0.1416666671875 0.7398148140624999 0.271875 0.5935185187500001 0.2854166671875 0.5759259265625001 0.2911458328125 0.5611111109375 0.2864583328125 0.5361111109375 0.2859375 0.509259259375 0.2822916671875 0.490740740625 0.2630208328125 0.23148148124999998 0.2453125 0.234259259375 0.0838541671875 0.3101851859375 0.056770832812500005 0.31944444375000003 0.0359375 0.3324074078125 0.010416667187500001 0.3416666671875 0 0.3490740734375 0 0.8759259265624999
5 0.5302083328125 0.8333333328125001 0.5166666671875 0.821296296875 0.4625 0.7888888890625 0.3583333328125 0.99351851875 0.3578125 0.9990740734375001 0.46875 0.9990740734375001 0.5296875 0.8416666671874999 0.5302083328125 0.8333333328125001
5 0.6 0.6601851859375001 0.6223958328125 0.5953703703125 0.5828125 0.571296296875 0.56875 0.56851851875 0.5026041671875 0.7074074078125 0.5020833328125 0.7175925921874999 0.50625 0.7268518515625 0.5604166671875 0.7601851859375001 0.6 0.6601851859375001
1 0.21458333281250003 0.23611111093749998 0.20989583281250002 0.1703703703125 0.20729166718749997 0.16851851874999998 0.2036458328125 0.15555555625 0.1979166671875 0.1490740734375 0.1510416671875 0.15925925937500002 0.1463541671875 0.1666666671875 0.1442708328125 0.1851851859375 0.1463541671875 0.2125 0.1442708328125 0.222222221875 0.1385416671875 0.22870370312500002 0.1375 0.2509259265625 0.1416666671875 0.2759259265625 0.2130208328125 0.24444444375000002 0.21458333281250003 0.23611111093749998
1 0.1328125 0.27870370312500004 0.1302083328125 0.2638888890625 0.1265625 0.259259259375 0.12552083281249998 0.24814814843750002 0.11614583281249999 0.23055555625 0.103125 0.23148148124999998 0.060416667187499995 0.24814814843750002 0.0557291671875 0.2518518515625 0.052604167187499995 0.26203703749999996 0.051041667187499994 0.27777777812500004 0.058333332812500006 0.315740740625 0.1197916671875 0.2888888890625 0.1328125 0.27870370312500004
1 0.8197916671875 0.621296296875 0.825 0.6481481484375 0.8234375 0.6611111109375 0.8291666671875 0.66851851875 0.8520833328125 0.8129629625 0.8541666671874999 0.8175925921875 0.8588541671875 0.8175925921875 0.859375 0.809259259375 0.8447916671875 0.7268518515625 0.8442708328125 0.7185185187500001 0.8473958328125001 0.7129629625 0.846875 0.70555555625 0.834375 0.61851851875 0.8348958328125 0.609259259375 0.8494791671874999 0.6 0.8567708328125001 0.5879629625 0.8713541671874999 0.5296296296875 0.89375 0.39444444375 0.896875 0.3546296296875 0.8958333328125001 0.33055555625 0.8932291671874999 0.32592592656249997 0.8864583328125001 0.325 0.878125 0.334259259375 0.8734375 0.3351851859375 0.8661458328125 0.3453703703125 0.8609375 0.3601851859375 0.8494791671874999 0.409259259375 0.8416666671874999 0.4546296296875 0.8401041671874999 0.46851851875 0.8416666671874999 0.497222221875 0.8380208328125001 0.509259259375 0.8359375 0.5120370375000001 0.8296875 0.5101851859375001 0.8265625 0.5 0.8182291671874999 0.49259259218749996 0.784375 0.48333333281249996 0.775 0.475 0.75625 0.5638888890625 0.7541666671875 0.5888888890625 0.8057291671875 0.6046296296875 0.8140625 0.6111111109375 0.8197916671875 0.621296296875
1 0.7291666671875 0.9990740734375001 0.73125 0.99444444375 0.7307291671875 0.9861111109375 0.7177083328125 0.91944444375 0.709375 0.8601851859374999 0.74375 0.8416666671874999 0.7473958328125 0.859259259375 0.7515625 0.8611111109375 0.7536458328125 0.85648148125 0.728125 0.6925925921875 0.7322916671875 0.66851851875 0.7390625 0.6509259265625 0.7536458328125 0.5870370375 0.765625 0.5129629625 0.778125 0.4583333328125 0.7786458328125 0.415740740625 0.7765625 0.41203703750000004 0.759375 0.4268518515625 0.7453125 0.47407407343749997 0.7338541671875001 0.534259259375 0.7302083328125 0.5425925921875 0.7192708328124999 0.54351851875 0.7171875 0.5388888890625 0.7125 0.5398148140625 0.7125 0.5453703703125 0.71875 0.54444444375 0.7177083328125 0.55648148125 0.7223958328125 0.5638888890625 0.7192708328124999 0.571296296875 0.7177083328125 0.590740740625 0.7203125 0.5944444437499999 0.71875 0.60648148125 0.721875 0.609259259375 0.721875 0.6138888890625 0.7161458328125 0.6546296296875 0.7171875 0.6728398140625 0.7151041671875 0.6851851859375 0.7114583328124999 0.6888888890625 0.6921875 0.7824074078125001 0.690625 0.8083333328125001 0.6947916671875001 0.8222222218749999 0.7234375 0.99444444375 0.7291666671875 0.9990740734375001
1 0.6369791671875 0.5888888890625 0.6354166671875 0.61851851875 0.6067708328125 0.7009259265625001 0.6015625 0.7240740734375 0.6098958328124999 0.7324074078125 0.61875 0.7333333328125 0.6239583328125 0.7175925921874999 0.6265625 0.7175925921874999 0.6541666671875 0.7333333328125 0.6640625 0.6824074078125 0.6744791671875 0.6611111109375 0.6880208328124999 0.5833333328125 0.6791666671875001 0.5759259265625001 0.6255208328124999 0.55648148125 0.6036458328125 0.559259259375 0.5953125 0.5703703703125 0.5953125 0.5759259265625001 0.621875 0.5870370375 0.6307291671875 0.5768518515625 0.6369791671875 0.5888888890625
1 0.5369791671875 0.9694444437499999 0.540625 0.972222221875 0.5447916671875 0.9703703703125001 0.546875 0.946296296875 0.55 0.940740740625 0.5526041671875 0.9416666671874999 0.5807291671875 0.9601851859374999 0.590625 0.9731481484375 0.6015625 0.9990740734375001 0.6114583328125 0.9990740734375001 0.60625 0.9759259265625 0.6114583328125 0.9712962968750001 0.6244791671875001 0.9731481484375 0.6270833328125 0.9675925921875 0.6265625 0.953703703125 0.6479166671875001 0.8425925921875 0.6536458328125 0.8379629625 0.6526041671875 0.8333333328125001 0.6546875 0.821296296875 0.653125 0.8166666671874999 0.6572916671875 0.7990740734374999 0.6640625 0.79444444375 0.6755208328125 0.79351851875 0.6807291671875 0.7768518515625 0.684375 0.7398148140624999 0.6895833328125 0.7203703703125 0.6994791671875 0.7148148140624999 0.7046875 0.7166666671875 0.7088541671875 0.703703703125 0.7161458328125 0.6398148140625 0.7192708328124999 0.627777778125 0.7182291671875001 0.6231481484375 0.7208333328125 0.6148148140624999 0.7192708328124999 0.5824074078125 0.7223958328125 0.5722222218749999 0.7239583328125 0.5481481484375 0.7125 0.5453703703125 0.7078125 0.5527777781250001 0.7010416671875 0.5555555562500001 0.69375 0.5722222218749999 0.690625 0.5861111109375 0.6833333328125 0.5990740734375 0.6671875 0.675 0.6604166671875 0.6972222218749999 0.6510416671875 0.752777778125 0.6421875 0.75 0.61875 0.7333333328125 0.596875 0.73055555625 0.56875 0.8129629625 0.5557291671875 0.827777778125 0.5505208328125 0.8629629624999999 0.5307291671875001 0.9203703703125001 0.5307291671875001 0.928703703125 0.5380208328125 0.9351851859375 0.5354166671875 0.9638888890624999 0.5369791671875 0.9694444437499999
1 0.6755208328125 0.934259259375 0.6786458328125 0.9240740734375 0.6885416671875 0.834259259375 0.6890625 0.7898148140625 0.6854166671875 0.7824074078125001 0.6739583328125 0.7805555562500001 0.6729166671875 0.7898148140625 0.6578125 0.797222221875 0.646875 0.8453703703125001 0.6229166671875 0.9898148140625 0.6223958328125 0.9990740734375001 0.665625 0.9990740734375001 0.6677083328125 0.99444444375 0.6755208328125 0.934259259375
0 0.9390625 0.9481481484375 0.9479166671874999 0.95 0.9557291671874999 0.9388888890624999 0.9677083328125 0.93148148125 0.9765625 0.9203703703125001 0.9786458328125001 0.9129629625 0.9776041671875 0.884259259375 0.9838541671875 0.8074074078125 0.9828125 0.7879629625 0.9802083328125001 0.775 0.9666666671874999 0.75 0.965625 0.771296296875 0.9625 0.7870370375 0.953125 0.8018518515625 0.95 0.81851851875 0.940625 0.8296296296874999 0.9375 0.85555555625 0.94375 0.871296296875 0.9369791671875 0.9111111109375001 0.9348958328125001 0.94351851875 0.9390625 0.9481481484375
0 0.99375 0.93148148125 0.9963541671874999 0.9324074078125 0.9994791671875 0.922222221875 0.9994791671875 0.74351851875 0.9973958328125001 0.747222221875 0.9942708328125001 0.7833333328125 0.996875 0.8046296296875 0.9963541671874999 0.8509259265625 0.9911458328125 0.9148148140625001 0.99375 0.93148148125
0 0.9817708328125001 0.7111111109375 0.9666666671874999 0.7203703703125 0.9645833328125001 0.728703703125 0.9864583328125001 0.753703703125 0.9911458328125 0.7138888890625 0.9817708328125001 0.7111111109375
0 0.9864583328125001 0.9703703703125001 0.9875 0.9574074078124999 0.9822916671874999 0.9361111109375001 0.978125 0.934259259375 0.9708333328125001 0.9388888890624999 0.9661458328125001 0.9481481484375 0.9572916671874999 0.9546296296874999 0.9708333328125001 0.9648148140625 0.9864583328125001 0.9703703703125001
8 0.0416666671875 0.9666666671874999 0.06510416718749999 0.9666666671874999 0.0875 0.9620370375 0.1052083328125 0.9518518515625001 0.11614583281249999 0.9388888890624999 0.11927083281249999 0.9083333328125001 0.11510416718750001 0.896296296875 0.1057291671875 0.8879629625 0.08854166718749999 0.884259259375 0.07864583281250001 0.8861111109375001 0.05989583281250001 0.8953703703125001 0.0453125 0.9074074078125 0.0348958328125 0.922222221875 0.029166667187500002 0.9379629625 0.0276041671875 0.9472222218749999 0.0296875 0.9546296296874999 0.0348958328125 0.9629629625 0.0416666671875 0.9666666671874999
8 0.3848958328125 0.6601851859375001 0.39010416718749996 0.6537037031249999 0.3921875 0.6425925921875 0.3921875 0.6361111109375 0.3885416671875 0.6268518515625 0.3723958328125 0.615740740625 0.35885416718749996 0.6166666671875001 0.346875 0.622222221875 0.3411458328125 0.6268518515625 0.3348958328125 0.6388888890625 0.33541666718749996 0.6481481484375 0.3411458328125 0.6583333328125 0.36666666718749996 0.6629629625 0.3848958328125 0.6601851859375001
8 0.49635416718750003 0.4703703703125 0.5 0.465740740625 0.5010416671875 0.459259259375 0.49791666718750005 0.447222221875 0.48645833281249995 0.43981481406249995 0.47239583281249997 0.44259259218749997 0.45885416718750005 0.4546296296875 0.4583333328125 0.46296296249999996 0.46197916718750004 0.4703703703125 0.4661458328125 0.47222222187499996 0.49635416718750003 0.4703703703125
8 0.5651041671875 0.3731481484375 0.5697916671875001 0.365740740625 0.5671875 0.3546296296875 0.5588541671875 0.3481481484375 0.5453125 0.35 0.5354166671875 0.3583333328125 0.534375 0.3611111109375 0.5380208328125 0.36851851875 0.5484375 0.372222221875 0.5651041671875 0.3731481484375
8 0.603125 0.3101851859375 0.6046875 0.30740740781250003 0.6057291671875 0.29351851875 0.6041666671875 0.2898148140625 0.5963541671875 0.28611111093749997 0.5901041671875 0.2888888890625 0.5875 0.290740740625 0.5901041671875 0.30648148124999997 0.59375 0.3101851859375 0.603125 0.3101851859375