1 0.5677083328125 0.6805555562500001 0.5630208328124999 0.6972222218749999 0.5526041671875 0.80648148125 0.55625 0.8101851859375 0.5583333328125 0.80648148125 0.5645833328125 0.7425925921875 0.56875 0.7203703703125 0.575 0.7203703703125 0.5953125 0.7324074078125 0.6052083328125 0.734259259375 0.6098958328124999 0.74351851875 0.6072916671875 0.759259259375 0.6203125 0.7549379625 0.6244791671875001 0.8462962968750001 0.6265625 0.853703703125 0.6307291671875 0.852777778125 0.6270833328125 0.7629629625 0.621875 0.7 0.6268229171875 0.69351851875 0.6390625 0.69351851875 0.6411458328124999 0.6898148140625 0.6421875 0.61851851875 0.6390625 0.6129629624999999 0.6140625 0.6101851859375 0.6119791671875 0.6074074078125 0.6098958328124999 0.5861111109375 0.6130208328125 0.571296296875 0.6119791671875 0.5481481484375 0.6151041671875 0.54444444375 0.6125 0.5370370375 0.6125 0.5287037031249999 0.6020833328124999 0.48703703750000005 0.5875 0.4620370375 0.571875 0.4601851859375 0.5661458328125 0.4675925921875 0.5541666671875001 0.502777778125 0.5536458328125 0.525 0.55 0.5361111109375 0.5489583328125 0.5481481484375 0.5546875 0.5944444437499999 0.5583333328125 0.6509259265625 0.5677083328125 0.6805555562500001
1 0.7 0.5 0.7015625 0.49351851875 0.6989583328125 0.48055555625 0.7 0.47222222187499996 0.6953125 0.447222221875 0.6854166671875 0.4268518515625 0.6786458328125 0.4203703703125 0.6645833328124999 0.4203703703125 0.6515625 0.4453703703125 0.6479166671875001 0.4601851859375 0.6479166671875001 0.4953703703125 0.6536458328125 0.553703703125 0.7005208328125 0.525 0.7 0.5
1 0.3453125 0.7101851859375 0.3473958328125 0.7083333328125 0.3473958328125 0.7009259265625001 0.3453125 0.6740740734374999 0.3380208328125 0.6324074078125 0.3260416671875 0.6 0.3223958328125 0.5935185187500001 0.31197916718749996 0.5861111109375 0.3104166671875 0.5870370375 0.3114583328125 0.7240740734375 0.3140625 0.727777778125 0.3453125 0.7101851859375
1 0 0.8675925921875001 0.0161458328125 0.8648148140625 0.0489583328125 0.8444444437499999 0.0927083328125 0.8231481484375 0.0880208328125 0.66851851875 0.090625 0.6555555562500001 0.09375 0.6537037031249999 0.0838541671875 0.640740740625 0.06979166718749999 0.6370370375000001 0.0333333328125 0.64351851875 0.0286458328125 0.6388888890625 0.0098958328125 0.6629629625 0.0041666671875 0.665740740625 0 0.675 0 0.8675925921875001
1 0.3453125 0.5601851859375 0.34375 0.5694444437499999 0.3453125 0.5851851859375 0.35208333281250004 0.5898148140624999 0.35885416718749996 0.6009259265625 0.3572916671875 0.622222221875 0.3552083328125 0.6268518515625 0.3567708328125 0.6351851859375001 0.3546875 0.6509259265625 0.3567708328125 0.6601851859375001 0.3567708328125 0.6379629625 0.3609375 0.625 0.36875 0.6138888890625 0.3708333328125 0.56851851875 0.36875 0.553703703125 0.3734375 0.5481481484375 0.3729166671875 0.5416666671875 0.3765625 0.5314814812499999 0.3765625 0.5166666671875 0.3713541671875 0.50555555625 0.3713541671875 0.49629629687500004 0.3984375 0.4861111109375 0.4067708328125 0.475 0.4067708328125 0.4703703703125 0.39791666718749996 0.43518518593750005 0.3817708328125 0.42129629687500003 0.3729166671875 0.42129629687500003 0.3567708328125 0.4370370375 0.3515625 0.44629629687500005 0.3463541671875 0.48518518593750004 0.3479166671875 0.525 0.3515625 0.5398148140625 0.35104166718749996 0.5555555562500001 0.3453125 0.5601851859375
1 0.2427083328125 0.43240740781250003 0.2401041671875 0.43981481406249995 0.2442708328125 0.4675925921875 0.2515625 0.4675925921875 0.2666666671875 0.43518518593750005 0.2734375 0.43055555625 0.27395833281250004 0.4166666671875 0.26614583281250004 0.3898148140625 0.2630208328125 0.384259259375 0.2494791671875 0.3768518515625 0.2479166671875 0.371296296875 0.24322916718749998 0.3731481484375 0.2401041671875 0.38148148125 0.2359375 0.38240740781250004 0.228125 0.396296296875 0.2244791671875 0.4046296296875 0.2244791671875 0.41203703750000004 0.2421875 0.4166666671875 0.2427083328125 0.43240740781250003
1 0.1692708328125 0.40555555625000006 0.1760416671875 0.4046296296875 0.18125 0.3990740734375 0.1901041671875 0.40092592656250003 0.203125 0.3953703703125 0.1984375 0.3731481484375 0.1822916671875 0.35925925937500003 0.1692708328125 0.3638888890625 0.1614583328125 0.3740740734375 0.1583333328125 0.384259259375 0.1546875 0.4 0.1609375 0.4166666671875 0.1640625 0.415740740625 0.1692708328125 0.40555555625000006
1 0.1276041671875 0.54351851875 0.1197916671875 0.4953703703125 0.11510416718750001 0.48703703750000005 0.0979166671875 0.47407407343749997 0.0796875 0.47592592656250005 0.0765625 0.48425925937500003 0.0770833328125 0.5370370375 0.0744791671875 0.5509259265625001 0.0661458328125 0.5601851859375 0.0557291671875 0.5638888890625 0.054166667187499996 0.584259259375 0.05625 0.5870370375 0.1265625 0.5638888890625 0.1276041671875 0.54351851875
7 0.165625 0.3490740734375 0.1671875 0.3398148140625 0.165625 0.30648148124999997 0.1125 0.3129629625 0.11145833281249999 0.3296296296875 0.1145833328125 0.36851851875 0.1348958328125 0.3648148140625 0.165625 0.3490740734375
7 0.1989583328125 0.3490740734375 0.20052083281250002 0.325 0.2260416671875 0.31851851875000003 0.2260416671875 0.3 0.22395833281250002 0.29722222187499997 0.17916666718750002 0.3046296296875 0.18020833281249998 0.34722222187499996 0.1817708328125 0.353703703125 0.1854166671875 0.35648148125 0.1989583328125 0.3490740734375
7 0.2854166671875 0.2898148140625 0.24479166718749998 0.296296296875 0.2453125 0.3138888890625 0.246875 0.315740740625 0.2864583328125 0.3083333328125 0.2854166671875 0.2898148140625
7 0.3239583328125 0.325 0.3302083328125 0.32685185156249996 0.33125 0.33055555625 0.3375 0.33148148125 0.3390625 0.328703703125 0.3395833328125 0.28796296250000003 0.3380208328125 0.284259259375 0.303125 0.28796296250000003 0.3026041671875 0.30740740781250003 0.31197916718749996 0.30648148124999997 0.3192708328125 0.3129629625 0.3239583328125 0.325
7 0.3859375 0.2898148140625 0.3859375 0.27870370312500004 0.3807291671875 0.2768518515625 0.35208333281250004 0.2824074078125 0.3515625 0.29814814843750004 0.3536458328125 0.3 0.384375 0.296296296875 0.3859375 0.2898148140625
7 0.4359375 0.3148148140625 0.434375 0.3111111109375 0.434375 0.290740740625 0.43177083281249995 0.2888888890625 0.4 0.29444444375 0.3984375 0.29814814843750004 0.39791666718749996 0.322222221875 0.4 0.3240740734375 0.4328125 0.31944444375000003 0.4359375 0.3148148140625
7 0.4458333328125 0.34444444375 0.4515625 0.3453703703125 0.4546875 0.3416666671875 0.45885416718750005 0.321296296875 0.4682291671875 0.3111111109375 0.48333333281249996 0.30648148124999997 0.48333333281249996 0.28796296250000003 0.48020833281249997 0.2824074078125 0.4526041671875 0.28611111093749997 0.44947916718750003 0.2898148140625 0.44739583281249995 0.31944444375000003 0.4453125 0.328703703125 0.44166666718750003 0.3296296296875 0.4458333328125 0.34444444375
7 0.3645833328125 0.3481481484375 0.3697916671875 0.3490740734375 0.3729166671875 0.35555555625 0.3765625 0.3509259265625 0.3791666671875 0.3333333328125 0.384375 0.32592592656249997 0.3848958328125 0.3203703703125 0.384375 0.3138888890625 0.3802083328125 0.3111111109375 0.34375 0.31851851875000003 0.34375 0.3333333328125 0.3541666671875 0.33148148125 0.35989583281250004 0.33703703749999997 0.3645833328125 0.3481481484375
7 0.2859375 0.371296296875 0.29375 0.3703703703125 0.296875 0.3481481484375 0.2994791671875 0.3425925921875 0.3203125 0.33703703749999997 0.3229166671875 0.3333333328125 0.31979166718749996 0.3101851859375 0.309375 0.30740740781250003 0.275 0.3166666671875 0.2703125 0.34444444375 0.2708333328125 0.35648148125 0.275 0.3648148140625 0.2776041671875 0.3638888890625 0.2859375 0.371296296875
7 0.215625 0.377777778125 0.225 0.38148148125 0.240625 0.371296296875 0.24375 0.3740740734375 0.2567708328125 0.35925925937500003 0.25833333281250004 0.353703703125 0.2552083328125 0.3351851859375 0.24548593749999997 0.33148148125 0.23333333281250002 0.321296296875 0.2104166671875 0.32592592656249997 0.2104166671875 0.33888888906250003 0.20208333281250002 0.34444444375 0.20208333281250002 0.3740740734375 0.2046875 0.38333333281250004 0.20833333281250002 0.3861111109375 0.215625 0.377777778125
7 0.3125 0.41944444374999995 0.3177083328125 0.40555555625000006 0.3234375 0.41944444374999995 0.3317708328125 0.42222222187499997 0.3348958328125 0.4361111109375 0.3416666671875 0.4388888890625 0.3421875 0.4166666671875 0.3494791671875 0.4074074078125 0.3572916671875 0.40833333281249995 0.3614583328125 0.403703703125 0.359375 0.370678703125 0.3625 0.35555555625 0.3583333328125 0.334259259375 0.3244791671875 0.3379629625 0.2984375 0.3453703703125 0.2979166671875 0.4148148140625 0.2994791671875 0.42314814843750004 0.3026041671875 0.425 0.3125 0.41944444374999995
7 0.3875 0.403703703125 0.3890625 0.3953703703125 0.40052083281249995 0.3981481484375 0.40729166718750004 0.40277777812500004 0.40729166718750004 0.41203703750000004 0.4109375 0.41944444374999995 0.41510416718750004 0.41851851875 0.41770833281249997 0.4129629625 0.4171875 0.3990740734375 0.4203125 0.39074074062499997 0.43177083281249995 0.38055555625 0.43541666718750005 0.3240740734375 0.4192708328125 0.322222221875 0.38229166718749996 0.3296296296875 0.3802083328125 0.3351851859375 0.3770833328125 0.38055555625 0.3723958328125 0.38703703749999996 0.3708333328125 0.40092592656250003 0.3729166671875 0.4074074078125 0.3770833328125 0.40277777812500004 0.3875 0.403703703125
7 0.5041666671875 0.3120370375 0.5020833328125 0.30740740781250003 0.49635416718750003 0.30740740781250003 0.4625 0.3129629625 0.45885416718750005 0.3166666671875 0.45729166718750003 0.3296296296875 0.4546875 0.36851851875 0.5 0.3583333328125 0.5036458328125 0.3379629625 0.5041666671875 0.3120370375
7 0.5572916671875 0.3324074078125 0.5588541671875 0.322222221875 0.5578125 0.30648148124999997 0.5552083328124999 0.29907407343750003 0.540625 0.29907407343750003 0.5166666671875 0.30648148124999997 0.5161458328124999 0.352777778125 0.5536458328125 0.3425925921875 0.5588541671875 0.3379629625 0.5572916671875 0.3324074078125
7 0.5833333328125 0.3546296296875 0.6072916671875 0.3296296296875 0.6088541671875001 0.3018518515625 0.6072916671875 0.2898148140625 0.571875 0.29351851875 0.5682291671875 0.3046296296875 0.5671875 0.33055555625 0.56875 0.33703703749999997 0.5770833328125 0.3398148140625 0.5833333328125 0.3546296296875
7 0.6052083328125 0.3990740734375 0.6088541671875001 0.40648148125 0.6166666671875001 0.409259259375 0.61875 0.425 0.6229166671875 0.42870370312499995 0.625 0.42592592656250006 0.6234375 0.415740740625 0.6255208328124999 0.4046296296875 0.6302083328125 0.3916666671875 0.6359375 0.3879629625 0.6380208328125 0.36851851875 0.6432291671875 0.35648148125 0.64375 0.3296296296875 0.6375 0.325 0.5989583328125 0.3351851859375 0.5963541671875 0.3379629625 0.59375 0.3601851859375 0.59375 0.41203703750000004 0.5989583328125 0.41203703750000004 0.6020833328124999 0.40092592656250003 0.6052083328125 0.3990740734375
7 0.696875 0.3120370375 0.6604166671875 0.31759259218749997 0.6572916671875 0.321296296875 0.6567708328124999 0.3296296296875 0.6541666671875 0.39444444375 0.6583333328125 0.396296296875 0.6942708328125 0.38055555625 0.696875 0.3120370375
7 0.7364583328125 0.3888888890625 0.7338541671875001 0.36944444375 0.7380208328125 0.365740740625 0.7401041671875 0.3583333328125 0.7411458328125 0.29907407343750003 0.7088541671875 0.30555555624999997 0.7067708328125 0.309259259375 0.7046875 0.377777778125 0.7217015625000001 0.372222221875 0.7286458328125 0.39074074062499997 0.7364583328125 0.3888888890625
7 0.5338541671875 0.42870370312499995 0.5369791671875 0.43333333281249997 0.5411458328125 0.43148148124999997 0.5416666671875 0.4268518515625 0.5536458328125 0.4175925921875 0.5604166671875 0.41944444374999995 0.5609375 0.4148148140625 0.5661458328125 0.41203703750000004 0.5697916671875001 0.3879629625 0.5697916671875001 0.36759259218749996 0.5755208328125 0.352777778125 0.5739583328125 0.34351851875 0.5640625 0.340740740625 0.5166666671875 0.352777778125 0.5135416671875 0.3916666671875 0.5088541671875 0.40833333281249995 0.509375 0.4388888890625 0.5125 0.4453703703125 0.5286458328125 0.4388888890625 0.5338541671875 0.42870370312499995
7 0.4348958328125 0.47407407343749997 0.48645833281249995 0.4546296296875 0.4869791671875 0.4509259265625 0.49375 0.4509259265625 0.49895833281249996 0.4453703703125 0.5026041671875 0.4268518515625 0.503125 0.3796296296875 0.5005208328124999 0.372222221875 0.5005208328124999 0.3638888890625 0.49895833281249996 0.3601851859375 0.4947916671875 0.3601851859375 0.4390625 0.375 0.4369791671875 0.378703703125 0.4375 0.3888888890625 0.43333333281249997 0.415740740625 0.43125 0.447222221875 0.4328125 0.45277777812500003 0.43177083281249995 0.46666666718750005 0.4348958328125 0.47407407343749997
7 0.734375 0.5009259265625 0.7322916671875 0.5379629625 0.740625 0.5379629625 0.7645833328125 0.5203703703125 0.7729166671875001 0.5361111109375 0.771875 0.540740740625 0.775 0.5527777781250001 0.7859375 0.553703703125 0.7875 0.5481481484375 0.7854166671875 0.5333333328125 0.78125 0.5268518515625 0.7796875 0.5120370375000001 0.7880208328125 0.5046296296875 0.7947916671875 0.490740740625 0.8026041671874999 0.4861111109375 0.8057291671875 0.4703703703125 0.7979166671875 0.46296296249999996 0.8010416671874999 0.409259259375 0.7984375 0.3916666671875 0.7895833328124999 0.3916666671875 0.7510416671875 0.409259259375 0.7328125 0.4268518515625 0.73828125 0.42870370312499995 0.7427083328124999 0.440277778125 0.7427083328124999 0.44629629687500005 0.734375 0.5009259265625
7 0.8255208328125001 0.4370370375 0.8291666671875 0.45185185156249996 0.8375 0.4583333328125 0.8432291671875 0.4574074078125 0.8484375 0.4388888890625 0.8536458328125001 0.4046296296875 0.8557291671874999 0.3648148140625 0.8380208328125001 0.365740740625 0.8067708328125001 0.3796296296875 0.7973958328124999 0.3879629625 0.8020833328125001 0.4148148140625 0.8020833328125001 0.43333333281249997 0.8255208328125001 0.4370370375
7 0.8875 0.46666666718750005 0.8921875 0.471296296875 0.8958333328125001 0.4703703703125 0.896875 0.4546296296875 0.8932291671874999 0.4379629625 0.8989583328125 0.41203703750000004 0.9020833328125001 0.40648148125 0.903125 0.3851851859375 0.9083333328125001 0.38055555625 0.9098958328125001 0.3416666671875 0.9083333328125001 0.3379629625 0.8921875 0.3416666671875 0.8703125 0.353703703125 0.8578125 0.4379629625 0.8567708328125001 0.4546296296875 0.8791666671874999 0.44259259218749997 0.8838541671875 0.4453703703125 0.8875 0.46666666718750005
7 0.9161458328125001 0.425 0.9317708328125001 0.415740740625 0.9359375 0.42222222187499997 0.9375 0.4361111109375 0.9427083328125001 0.43981481406249995 0.9432291671874999 0.44351851875000003 0.9479166671874999 0.44351851875000003 0.946875 0.42222222187499997 0.9635416671874999 0.3416666671875 0.9640625 0.3240740734375 0.9515625 0.3203703703125 0.9239583328125001 0.33148148125 0.9208333328125 0.3379629625 0.915625 0.36851851875 0.9145833328125 0.3990740734375 0.9083333328125001 0.4148148140625 0.9114583328125001 0.4240740734375 0.9161458328125001 0.425
7 0.40260416718750003 0.7231481484375 0.41302083281249996 0.7203703703125 0.4203125 0.7120370375 0.42395833281249995 0.7138888890625 0.4401041671875 0.7046296296875 0.44322916718750005 0.6981481484375001 0.44375 0.6861111109375 0.446875 0.6833333328125 0.45677083281249997 0.6805555562500001 0.4614583328125 0.69351851875 0.4604166671875 0.7009259265625001 0.4635416671875 0.7018518515625 0.4640625 0.690740740625 0.4713541671875 0.6851851859375 0.4739583328125 0.6768518515624999 0.47760416718750004 0.6805555562500001 0.49375 0.6777777781250001 0.5052083328125 0.66851851875 0.5072916671875001 0.6620370375 0.5104166671875 0.6148148140624999 0.5088541671875 0.6111111109375 0.5135416671875 0.5916666671875 0.5114583328125 0.584259259375 0.5130208328125 0.571296296875 0.5098958328125 0.5509259265625001 0.5109375 0.5203703703125 0.5088541671875 0.503703703125 0.50625 0.5009259265625 0.49427083281249995 0.5018518515625 0.47552083281249996 0.5138888890625 0.45989583281249996 0.5175925921875 0.4505208328125 0.5240740734375 0.4171875 0.5314814812499999 0.3770833328125 0.547222221875 0.3734375 0.55648148125 0.3734375 0.5925925921874999 0.3713541671875 0.5953703703125 0.3708333328125 0.6148148140624999 0.3708333328125 0.7398148140624999 0.3729166671875 0.7425925921875 0.3947916671875 0.73148148125 0.40260416718750003 0.7231481484375
7 0.2520833328125 0.8166666671874999 0.2625 0.8074074078125 0.2677083328125 0.8074074078125 0.3067708328125 0.784259259375 0.3098958328125 0.7796296296875 0.3098958328125 0.7370370375 0.31302083281250004 0.725 0.3114583328125 0.5981481484375 0.3098958328125 0.5833333328125 0.3072916671875 0.5796296296875 0.296875 0.5796296296875 0.2822916671875 0.5870370375 0.2786458328125 0.5925925921874999 0.2520833328125 0.5962962968750001 0.2416666671875 0.6074074078125 0.2270833328125 0.6101851859375 0.2026041671875 0.622222221875 0.1817708328125 0.6259259265625 0.1697916671875 0.634259259375 0.14375 0.6416666671875 0.1244791671875 0.6518518515625 0.1015625 0.6564814812499999 0.0880208328125 0.6648148140625 0.0947916671875 0.8490740734375001 0.0973958328125 0.8981481484374999 0.10052083281249999 0.9055555562500001 0.2520833328125 0.8166666671874999
7 0.1625 0.5287037031249999 0.2182291671875 0.5138888890625 0.22395833281250002 0.51944444375 0.22395833281250002 0.525 0.22760416718749998 0.5296296296875 0.2364583328125 0.5296296296875 0.2416666671875 0.5240740734375 0.24375 0.475 0.2416666671875 0.44351851875000003 0.2484375 0.43518518593750005 0.2479166671875 0.4175925921875 0.2359375 0.4138888890625 0.1526041671875 0.4296296296875 0.12291666718750001 0.4388888890625 0.121875 0.44907407343749994 0.1244791671875 0.5074074078125 0.1260416671875 0.5175925921875 0.13229166718750002 0.5305555562500001 0.1625 0.5287037031249999
7 0 0.578703703125 0.021354167187500002 0.575 0.052604167187499995 0.5629629625 0.0682291671875 0.5490740734374999 0.0744791671875 0.5379629625 0.0770833328125 0.5148148140625 0.075 0.48703703750000005 0.0760416671875 0.45 0.06770833281250001 0.44629629687500005 0.0364583328125 0.4546296296875 0 0.459259259375 0 0.578703703125
7 0 0.4611111109375 0.06770833281250001 0.44629629687500005 0.0828125 0.45 0.084375 0.427777778125 0.08854166718749999 0.4203703703125 0.08854166718749999 0.403703703125 0.08125 0.3740740734375 0.0744791671875 0.371296296875 0.009375 0.38148148125 0 0.384259259375 0 0.4611111109375
8 0.7145833328125 0.5740740734374999 0.7119791671875 0.5675925921875 0.6989583328125 0.55648148125 0.6916666671875 0.5555555562500001 0.6859375 0.5620370375 0.6854166671875 0.5722222218749999 0.6890625 0.5759259265625001 0.7114583328124999 0.5796296296875 0.7145833328125 0.5740740734374999
8 0.42083333281249996 0.48981481406249994 0.4171875 0.4824074078125 0.40833333281249995 0.477777778125 0.4010416671875 0.48333333281249996 0.4 0.48981481406249994 0.403125 0.49351851875 0.4166666671875 0.49444444374999996 0.42083333281249996 0.48981481406249994
8 0.1604166671875 0.5722222218749999 0.1583333328125 0.5574074078125 0.14375 0.5620370375 0.1421875 0.5694444437499999 0.1432291671875 0.5796296296875 0.1526041671875 0.5796296296875 0.1604166671875 0.5722222218749999
8 0.209375 0.88055555625 0.2114583328125 0.875 0.20989583281250002 0.859259259375 0.20572916718749998 0.8462962968750001 0.1902776046875 0.867284259375 0.18802083281249998 0.871296296875 0.1895833328125 0.8851851859375 0.2036458328125 0.884259259375 0.209375 0.88055555625
8 0.3802083328125 0.40833333281249995 0.3729166671875 0.41111111093749997 0.3739583328125 0.41851851875 0.3807291671875 0.4203703703125 0.3859375 0.415740740625 0.3802083328125 0.40833333281249995
8 0.3015625 0.42870370312499995 0.2984375 0.425 0.2942708328125 0.42314814843750004 0.28958333281250004 0.4268518515625 0.28854166718749996 0.43148148124999997 0.290625 0.43518518593750005 0.3020833328125 0.4361111109375 0.3015625 0.42870370312499995
2 0.5317708328124999 0.690740740625 0.5328125 0.69351851875 0.5447916671875 0.6851851859375 0.5536458328125 0.6703703703125 0.5552083328124999 0.6611111109375 0.5515625 0.6240740734375 0.5526041671875 0.578703703125 0.5489583328125 0.565740740625 0.55 0.559259259375 0.5411458328125 0.5518518515624999 0.5328125 0.5527777781250001 0.5286458328125 0.571296296875 0.5135416671875 0.578703703125 0.5213541671875 0.5768518515625 0.5291666671875 0.5953703703125 0.5291666671875 0.6537037031249999 0.5317708328124999 0.690740740625
2 0.3260416671875 0.5731481484375001 0.33125 0.56851851875 0.334375 0.5601851859375 0.3411458328125 0.5240740734375 0.3385416671875 0.51851851875 0.3135416671875 0.5120370375000001 0.309375 0.5175925921875 0.3104166671875 0.5240740734375 0.3088541671875 0.5296296296875 0.309375 0.5638888890625 0.3151041671875 0.5611111109375 0.3203125 0.571296296875 0.3260416671875 0.5731481484375001
2 0.3395833328125 0.5916666671875 0.3385416671875 0.58055555625 0.3338541671875 0.5796296296875 0.3322916671875 0.5861111109375 0.328125 0.5898148140624999 0.3270833328125 0.5953703703125 0.33125 0.60648148125 0.3369791671875 0.6083333328125 0.3395833328125 0.5916666671875