7 0.471875 0.34351851875 0.46666666718750005 0.35 0.46197916718750004 0.3481481484375 0.4557291671875 0.3518518515625 0.4526041671875 0.35648148125 0.4536458328125 0.3583333328125 0.4671875 0.36944444375 0.47447916718750005 0.371296296875 0.49583333281249997 0.3574074078125 0.5041666671875 0.3611111109375 0.5078125 0.3574074078125 0.515625 0.25648148125 0.5145833328125 0.23240740781250002 0.4458333328125 0.19537037031249999 0.43541666718750005 0.1925925921875 0.43333333281249997 0.26574074062499997 0.43333333281249997 0.3120370375 0.4515625 0.32777777812500003 0.471875 0.3398148140625 0.471875 0.34351851875
7 0.5473958328124999 0.4074074078125 0.5359375 0.4138888890625 0.5307291671875001 0.42129629687500003 0.5541666671875001 0.43981481406249995 0.5833333328125 0.425 0.5994791671875 0.43055555625 0.6036458328125 0.4166666671875 0.6057291671875 0.36296296250000004 0.6114583328125 0.29444444375 0.6104166671875 0.2870370375 0.6036458328125 0.28055555625 0.5208333328125 0.23518518593749999 0.5171875 0.234259259375 0.5145833328125 0.240740740625 0.5067708328125 0.3620370375 0.509375 0.36851851875 0.5479166671875 0.3981481484375 0.5473958328124999 0.4074074078125
7 0.6322916671875001 0.45370370312499997 0.6369791671875 0.46296296249999996 0.6463541671875 0.4703703703125 0.6484375 0.48055555625 0.6307291671875 0.4953703703125 0.6302083328125 0.5009259265625 0.6619791671875 0.525 0.6817708328125 0.5101851859375001 0.6932291671875 0.49629629687500004 0.7 0.4990740734375 0.7046875 0.50648148125 0.7166666671875 0.5101851859375001 0.725 0.4129629625 0.7328125 0.3611111109375 0.7046875 0.34351851875 0.6947916671875001 0.3416666671875 0.6880208328124999 0.334259259375 0.6223958328125 0.296296296875 0.6104166671875 0.29722222187499997 0.6088541671875001 0.315740740625 0.603125 0.4296296296875 0.6072916671875 0.43981481406249995 0.6130208328125 0.4379629625 0.6322916671875001 0.45370370312499997
7 0.7192708328124999 0.497222221875 0.7138020828125 0.5148148140625 0.7046875 0.5129629625 0.775 0.5666666671875 0.7755208328125 0.5768518515625 0.7552083328125 0.5990740734375 0.7822916671875 0.622222221875 0.7989583328125 0.6333333328124999 0.8276041671875 0.60555555625 0.8651041671874999 0.6333333328124999 0.8729166671874999 0.6351851859375001 0.8921875 0.5425925921875 0.903125 0.459259259375 0.90625 0.4546296296875 0.90625 0.4481481484375 0.7494791671875001 0.35925925937500003 0.7395833328125 0.3574074078125 0.7338541671875001 0.3648148140625 0.7317708328125 0.3898148140625 0.7296875 0.3925925921875 0.7265625 0.4138888890625 0.7192708328124999 0.497222221875
7 0.934375 0.7379629624999999 0.9328125 0.7425925921875 0.934375 0.7481481484375 0.9875 0.7916666671875 0.9942708328125001 0.79444444375 0.9994791671875 0.7870370375 0.9994791671875 0.5120370375000001 0.9104166671874999 0.4620370375 0.9052083328125 0.4620370375 0.9015625 0.47407407343749997 0.89375 0.5370370375 0.8786458328125001 0.6231481484375 0.8770833328125001 0.646296296875 0.9520833328125 0.703703703125 0.9494791671874999 0.7166666671875 0.934375 0.7379629624999999
7 0.7442708328125 0.3546296296875 0.7635416671875 0.36666666718749996 0.7671875 0.365740740625 0.7697916671875 0.33055555625 0.7661458328124999 0.32685185156249996 0.6604166671875 0.2796296296875 0.6421875 0.2768518515625 0.6395833328125 0.2851851859375 0.6244791671875001 0.2916666671875 0.6229166671875 0.29444444375 0.628125 0.29907407343750003 0.7317708328125 0.35925925937500003 0.7442708328125 0.3546296296875
7 0.1515625 0.425 0.1744791671875 0.45370370312499997 0.1755208328125 0.4611111109375 0.1588541671875 0.46944444374999994 0.1546875 0.475 0.17239583281249998 0.4990740734375 0.1963541671875 0.4888888890625 0.2088541671875 0.4953703703125 0.21197916718749998 0.4768518515625 0.2078125 0.4601851859375 0.20833333281250002 0.44444444375 0.19375 0.33703703749999997 0.1385416671875 0.275 0.1302083328125 0.2703703703125 0.1270833328125 0.271296296875 0.1270833328125 0.2796296296875 0.1447916671875 0.41203703750000004 0.1515625 0.425
7 0.23854166718749997 0.5361111109375 0.24322916718749998 0.5601851859375 0.23177083281250002 0.5666666671875 0.2270833328125 0.565740740625 0.22552083281250002 0.5722222218749999 0.2401041671875 0.602777778125 0.2677083328125 0.5925925921874999 0.27395833281250004 0.6083333328125 0.2796875 0.6101851859375 0.2833333328125 0.5731481484375001 0.2770833328125 0.553703703125 0.2770833328125 0.5370370375 0.2723958328125 0.5111111109375 0.2692708328125 0.471296296875 0.2677083328125 0.43148148124999997 0.2645833328125 0.4296296296875 0.2609375 0.42314814843750004 0.2614583328125 0.41944444374999995 0.22552083281250002 0.3601851859375 0.2182291671875 0.353703703125 0.2130208328125 0.3425925921875 0.20677083281250003 0.34444444375 0.2140625 0.45555555625000005 0.2171875 0.46666666718750005 0.21875 0.4953703703125 0.23854166718749997 0.5361111109375
7 0.3229166671875 0.6796296296875 0.31302083281250004 0.684259259375 0.3 0.6972222218749999 0.31197916718749996 0.7240740734375 0.325 0.74351851875 0.35208333281250004 0.7268518515625 0.3729166671875 0.75648148125 0.378125 0.7574074078125 0.3807291671875 0.7453703703125 0.3796875 0.690740740625 0.38125 0.6833333328125 0.3786458328125 0.671296296875 0.3765625 0.6388888890625 0.3765625 0.5861111109375 0.3791666671875 0.5583333328125 0.38125 0.55648148125 0.378125 0.54444444375 0.3109375 0.4546296296875 0.290625 0.43148148124999997 0.2791666671875 0.42314814843750004 0.2848958328125 0.6009259265625 0.28854166718749996 0.6138888890625 0.3234375 0.671296296875 0.3229166671875 0.6796296296875
7 0.41614583281249995 0.890740740625 0.4166666671875 0.8990740734375 0.45104166718750005 0.9648148140625 0.4546875 0.9648148140625 0.4817708328125 0.9398148140625 0.49427083281249995 0.953703703125 0.51875 0.9990740734375001 0.5286458328125 0.9953703703125001 0.5291666671875 0.9851851859374999 0.5239583328124999 0.9685185187500001 0.5239583328124999 0.953703703125 0.53125 0.8055555562500001 0.5354166671875 0.7629629625 0.5338541671875 0.75555555625 0.5171875 0.7212962968750001 0.5140625 0.7203703703125 0.5057291671875 0.7046296296875 0.471875 0.659259259375 0.4614583328125 0.6379629625 0.4359375 0.609259259375 0.4046875 0.5629629625 0.3963541671875 0.5638888890625 0.3942708328125 0.571296296875 0.3932291671875 0.6453703703125 0.3927083328125 0.76944444375 0.44375 0.8629629624999999 0.4375 0.8731481484374999 0.41614583281249995 0.890740740625
7 0.5291666671875 0.99351851875 0.5328125 0.997222221875 0.7067708328125 0.9990740734375001 0.7036458328124999 0.9916666671875 0.6411458328124999 0.9037037031249999 0.6197916671875 0.878703703125 0.5947916671875 0.840740740625 0.5604166671875 0.796296296875 0.5510416671875 0.7898148140625 0.5484375 0.7861111109375 0.5484375 0.7787037031249999 0.540625 0.76944444375 0.5359375 0.775 0.5385416671875001 0.7824074078125001 0.5375 0.8 0.5328125 0.8009259265625 0.5328125 0.8703703703125001 0.5291666671875 0.884259259375 0.53125 0.8916666671875 0.5286458328125 0.9 0.5286458328125 0.9629629625 0.53125 0.9648148140625 0.5317708328124999 0.9768518515625001 0.5291666671875 0.99351851875
8 0.48072916718750003 0.977777778125 0.46666666718750005 0.9731481484375 0.45885416718750005 0.98055555625 0.4536458328125 0.99351851875 0.453125 0.9990740734375001 0.48229166718750005 0.9990740734375001 0.4848958328125 0.9861111109375 0.48072916718750003 0.977777778125
8 0.2864583328125 0.7509259265625 0.3072916671875 0.7379629624999999 0.3114583328125 0.73148148125 0.31197916718749996 0.7240740734375 0.3067708328125 0.7148148140624999 0.2932291671875 0.7138888890625 0.2833333328125 0.7194444437499999 0.2770833328125 0.728703703125 0.275 0.7361111109375 0.2770833328125 0.746296296875 0.2796875 0.75 0.2864583328125 0.7509259265625
8 0.2828125 0.6296296296875 0.2864583328125 0.61851851875 0.27291666718749996 0.6111111109375 0.2625 0.6175925921875 0.2588541671875 0.625 0.2588541671875 0.6351851859375001 0.2625 0.6425925921875 0.2692708328125 0.6425925921875 0.2828125 0.6296296296875
8 0.2125 0.503703703125 0.21197916718749998 0.4990740734375 0.20208333281250002 0.4916666671875 0.1932291671875 0.49259259218749996 0.1848958328125 0.5 0.184375 0.5101851859375001 0.1895833328125 0.515740740625 0.2088541671875 0.509259259375 0.2125 0.503703703125
8 0.5046875 0.3888888890625 0.5041666671875 0.384259259375 0.4953125 0.3796296296875 0.48854166718750003 0.38333333281250004 0.4875 0.3916666671875 0.4895833328125 0.397222221875 0.4973958328125 0.397222221875 0.5046875 0.3888888890625
8 0.5885416671875 0.4620370375 0.5859375 0.4546296296875 0.5760416671875 0.45 0.5677083328125 0.45277777812500003 0.5651041671875 0.4583333328125 0.565625 0.46666666718750005 0.56875 0.4703703703125 0.5796875 0.46944444374999994 0.5885416671875 0.4620370375
8 0.678125 0.5611111109375 0.6734375 0.553703703125 0.6677083328125 0.5527777781250001 0.6614583328125 0.553703703125 0.6583333328125 0.5583333328125 0.6578125 0.5740740734374999 0.6635416671875001 0.58055555625 0.6723958328124999 0.5768518515625 0.678125 0.5611111109375
8 0.8296875 0.6398148140625 0.8286458328125 0.63055555625 0.821875 0.6240740734375 0.8109375 0.625 0.8109375 0.65 0.8171875 0.6564814812499999 0.8255208328125001 0.6555555562500001 0.8296875 0.6398148140625
8 0.9802083328125001 0.83055555625 0.9895833328125001 0.8175925921875 0.9869791671874999 0.8083333328125001 0.9723958328125001 0.796296296875 0.9609375 0.797222221875 0.9536458328125 0.80648148125 0.9546875 0.8259259265625 0.9630208328125001 0.834259259375 0.9708333328125001 0.8351851859374999 0.9802083328125001 0.83055555625
5 0.946875 0.978703703125 0.95 0.9731481484375 0.965625 0.9296296296875 0.9651041671874999 0.9231481484374999 0.9588541671874999 0.915740740625 0.8182291671874999 0.7990740734374999 0.8098958328125001 0.796296296875 0.7911458328125 0.83055555625 0.790625 0.834259259375 0.796875 0.8416666671874999 0.9427083328125001 0.978703703125 0.946875 0.978703703125
5 0.7447916671875 0.7731481484375 0.7588541671875 0.75648148125 0.765625 0.74351851875 0.7651041671875001 0.7361111109375 0.7583333328124999 0.728703703125 0.7463541671875 0.7203703703125 0.7416666671875001 0.7129629625 0.6630208328125 0.6416666671875 0.6578125 0.6416666671875 0.6369791671875 0.6675925921875 0.6364583328125 0.6731481484375 0.6385416671875 0.6777777781250001 0.7375 0.775 0.7447916671875 0.7731481484375
5 0.6041666671875 0.640740740625 0.6255208328124999 0.61851851875 0.6234375 0.609259259375 0.5447916671875 0.54444444375 0.525 0.5620370375 0.525 0.5675925921875 0.540625 0.584259259375 0.5989583328125 0.640740740625 0.6041666671875 0.640740740625
5 0.24583333281250003 0.91851851875 0.24583333281250003 0.9120370375 0.2401041671875 0.8981481484374999 0.2348958328125 0.8990740734375 0.2265625 0.89444444375 0.2260416671875 0.88055555625 0.21197916718749998 0.85 0.2114583328125 0.8444444437499999 0.2140625 0.8416666671874999 0.2046875 0.8222222218749999 0.20208333281250002 0.821296296875 0.1864583328125 0.7824074078125001 0.1796875 0.7796296296875 0.17239583281249998 0.7814814812499999 0.16875 0.7888888890625 0.1552083328125 0.796296296875 0.1416666671875 0.8101851859375 0.1395833328125 0.8138888890624999 0.1427083328125 0.825 0.20052083281250002 0.965740740625 0.24583333281250003 0.91851851875
1 0.3473958328125 0.49259259218749996 0.3494791671875 0.477777778125 0.3583333328125 0.4675925921875 0.3619791671875 0.471296296875 0.378125 0.4981481484375 0.3927083328125 0.5518518515624999 0.4078125 0.5601851859375 0.4328125 0.5509259265625001 0.4380208328125 0.5416666671875 0.43645833281249996 0.5175925921875 0.4291666671875 0.50555555625 0.41875 0.49629629687500004 0.3963541671875 0.48425925937500003 0.37447916718749996 0.48981481406249994 0.3708333328125 0.4703703703125 0.3604166671875 0.44351851875000003 0.3390625 0.415740740625 0.32760416718749996 0.41203703750000004 0.3223958328125 0.415740740625 0.3171875 0.42870370312499995 0.3161458328125 0.45277777812500003 0.3182291671875 0.4620370375 0.34375 0.49259259218749996 0.3473958328125 0.49259259218749996
1 0.4057291671875 0.5620370375 0.43854166718750004 0.609259259375 0.4583333328125 0.63148148125 0.4671875 0.63148148125 0.471875 0.6259259265625 0.4734375 0.6083333328125 0.4713541671875 0.5916666671875 0.46302083281249995 0.577777778125 0.44895833281249997 0.5611111109375 0.43541666718750005 0.5518518515624999 0.40729166718750004 0.5601851859375 0.4057291671875 0.5481481484375 0.40260416718750003 0.5509259265625001 0.40208333281249997 0.5481481484375 0.3916666671875 0.546296296875 0.378125 0.4981481484375 0.3682291671875 0.48518518593750004 0.3645833328125 0.4731481484375 0.359375 0.4675925921875 0.3494791671875 0.4703703703125 0.3494791671875 0.48518518593750004 0.35625 0.4953703703125 0.3796875 0.547222221875 0.4057291671875 0.5620370375
1 0.5072916671875001 0.7046296296875 0.5171875 0.7166666671875 0.5192708328125 0.7148148140624999 0.5208333328125 0.7046296296875 0.5177083328125 0.68148148125 0.509375 0.6666666671875 0.48072916718750003 0.6333333328124999 0.46666666718750005 0.634259259375 0.46770833281249996 0.6370370375000001 0.465625 0.6425925921875 0.4713541671875 0.6537037031249999 0.5072916671875001 0.7046296296875
1 0.5947916671875 0.8175925921875 0.6119791671875 0.8481481484375 0.6239583328125 0.8611111109375 0.6265625 0.8675925921875001 0.640625 0.88148148125 0.6682291671875 0.9203703703125001 0.68125 0.93148148125 0.7229166671875 0.9046296296874999 0.7322916671875 0.8861111109375001 0.7380208328125 0.85555555625 0.7380208328125 0.8444444437499999 0.7322916671875 0.8231481484375 0.7166666671875 0.7953703703125 0.6734375 0.752777778125 0.6453125 0.7601851859375001 0.6385416671875 0.7481481484375 0.6234375 0.703703703125 0.603125 0.6731481484375 0.5921875 0.6703703703125 0.5911458328125 0.665740740625 0.5875 0.665740740625 0.5796875 0.678703703125 0.578125 0.6870370375 0.5755208328125 0.7194444437499999 0.5776041671875001 0.7861111109375 0.5875 0.8111111109375001 0.5947916671875 0.8175925921875
1 0.8661458328125 0.9990740734375001 0.8640625 0.9861111109375 0.8364583328125 0.9277777781250001 0.8302083328125001 0.9240740734375 0.825 0.9120370375 0.8067708328125001 0.89444444375 0.7770833328125 0.8833333328125 0.7598958328125 0.8851851859375 0.7463541671875 0.8990740734375 0.7333333328125 0.93148148125 0.7333333328125 0.95648148125 0.7307291671875 0.9703703703125001 0.7296875 0.9990740734375001 0.8661458328125 0.9990740734375001
1 0.0296875 0.9351851859375 0.0390625 0.9759259265625 0.0411458328125 0.9990740734375001 0.19479166718750002 0.9990740734375001 0.1875 0.975 0.1604166671875 0.9083333328125001 0.1541666671875 0.8981481484374999 0.146875 0.9046296296874999 0.1348958328125 0.9083333328125001 0.12291666718750001 0.9203703703125001 0.1135416671875 0.9231481484374999 0.0848958328125 0.946296296875 0.0822916671875 0.953703703125 0.08072916718749999 0.9768518515625001 0.07552083281250001 0.977777778125 0.065625 0.91944444375 0.061979167187499996 0.9120370375 0.061979167187499996 0.9037037031249999 0.040625 0.827777778125 0.0369791671875 0.821296296875 0.0276041671875 0.8194444437499999 0.021875 0.8129629625 0.0135416671875 0.8138888890624999 0.0125 0.8175925921875 0.0161458328125 0.8648148140625 0.0234375 0.9037037031249999 0.0296875 0.9231481484374999 0.0296875 0.9351851859375
1 0 0.7638888890625 0.0302083328125 0.7509259265625 0.0479166671875 0.753703703125 0.05625 0.7629629625 0.06510416718749999 0.75555555625 0.0703125 0.75555555625 0.07083333281250001 0.7490740734375 0.0671875 0.73148148125 0.0739583328125 0.7018518515625 0.0739583328125 0.690740740625 0.0692708328125 0.6388888890625 0.0645833328125 0.63055555625 0.058854167187499994 0.6268518515625 0.0203125 0.6324074078125 0 0.64444444375 0 0.7638888890625
1 0 0.9472222218749999 0.029166667187500002 0.93148148125 0.0260416671875 0.909259259375 0.021875 0.9037037031249999 0.0166666671875 0.8638888890624999 0.0119791671875 0.8490740734375001 0.009375 0.8231481484375 0.0109375 0.815740740625 0.025 0.8074074078125 0.0364583328125 0.8203703703125 0.040625 0.8296296296874999 0.0463541671875 0.852777778125 0.0494791671875 0.85648148125 0.051041667187499994 0.872222221875 0.0546875 0.8759259265624999 0.0578125 0.8953703703125001 0.0666666671875 0.9083333328125001 0.0661458328125 0.915740740625 0.07291666718749999 0.9166666671874999 0.08333333281250001 0.9379629625 0.09427083281250001 0.9296296296875 0.0953125 0.9351851859375 0.0994791671875 0.9305555562500001 0.09375 0.8916666671875 0.1020833328125 0.86851851875 0.1041666671875 0.8361111109375001 0.096875 0.76851851875 0.090625 0.7601851859375001 0.08125 0.75648148125 0.055208332812500004 0.7629629625 0 0.7898148140625 0 0.9472222218749999
1 0.8755208328125 0.403703703125 0.8807291671874999 0.365740740625 0.8802083328125001 0.35555555625 0.7864583328125 0.3333333328125 0.7822916671875 0.36296296250000004 0.7817708328124999 0.3740740734375 0.7833333328125 0.3768518515625 0.8770833328125001 0.427777778125 0.8755208328125 0.403703703125
2 0.6765625 0.284259259375 0.6734375 0.272222221875 0.6546875 0.2611111109375 0.603125 0.27777777812500004 0.621875 0.2925925921875 0.6385416671875 0.2870370375 0.6421875 0.2759259265625 0.6765625 0.284259259375