1 0.5135416671875 0.99444444375 0.5072916671875001 0.9601851859374999 0.4869791671875 0.9129629625 0.47864583281249995 0.8990740734375 0.45104166718750005 0.86851851875 0.425 0.8601851859374999 0.3994791671875 0.8648148140625 0.3760416671875 0.884259259375 0.3557291671875 0.9203703703125001 0.3421875 0.977777778125 0.3401041671875 0.99351851875 0.3411458328125 0.9990740734375001 0.5130208328125 0.9990740734375001 0.5135416671875 0.99444444375
1 0.1760416671875 0.9379629625 0.17135416718750002 0.8703703703125001 0.1729166671875 0.8611111109375 0.1572916671875 0.8101851859375 0.1526041671875 0.8009259265625 0.1364583328125 0.7768518515625 0.1166666671875 0.759259259375 0.08645833281250001 0.75555555625 0.0635416671875 0.775 0.051041667187499994 0.7981481484375 0.0411458328125 0.8296296296874999 0.0307291671875 0.884259259375 0.0307291671875 0.9833333328125 0.0338541671875 0.9990740734375001 0.1744791671875 0.9990740734375001 0.1760416671875 0.9379629625
1 0.4703125 0.6944444437499999 0.5244791671875 0.7120370375 0.5348958328125 0.709259259375 0.5369791671875 0.7046296296875 0.5369791671875 0.6481481484375 0.5333333328125 0.571296296875 0.5369791671875 0.5601851859375 0.5328125 0.5518518515624999 0.5171875 0.5388888890625 0.5026041671875 0.5370370375 0.496875 0.5398148140625 0.4828125 0.55648148125 0.46510416718750003 0.5962962968750001 0.46770833281249996 0.622222221875 0.46510416718750003 0.6268518515625 0.4661458328125 0.659259259375 0.4703125 0.6944444437499999
1 0.78125 0.73148148125 0.7734375 0.6888888890625 0.765625 0.66944444375 0.7567708328125 0.65 0.725 0.628703703125 0.7213541671875 0.63055555625 0.7229166671875 0.6518518515625 0.7208333328125 0.6620370375 0.7208333328125 0.7703703703125 0.7776041671875 0.7870370375 0.7807291671875001 0.76944444375 0.78125 0.73148148125
1 0.5385416671875001 0.48333333281249996 0.5328125 0.47407407343749997 0.5213541671875 0.465740740625 0.5104166671875 0.46388888906250003 0.5109375 0.525 0.5442708328125 0.5305555562500001 0.5458333328125 0.5129629625 0.5385416671875001 0.48333333281249996
1 0.7286458328125 0.447222221875 0.7130208328125 0.4268518515625 0.7041666671875 0.425 0.7020833328125 0.4296296296875 0.7010416671875 0.44351851875000003 0.7026041671875001 0.44629629687500005 0.7203125 0.45 0.7286458328125 0.447222221875
7 0.3260416671875 0.6833333328125 0.3171875 0.7166666671875 0.3140625 0.7194444437499999 0.31302083281250004 0.7324074078125 0.3067708328125 0.74351851875 0.3072916671875 0.746296296875 0.3109375 0.753703703125 0.3411458328125 0.7675925921875 0.3651041671875 0.7703703703125 0.3770833328125 0.7638888890625 0.3796875 0.772222221875 0.37552083281250004 0.7814814812499999 0.3765625 0.796296296875 0.3807291671875 0.771296296875 0.41302083281249996 0.7111111109375 0.42604166718750003 0.7166666671875 0.43125 0.7166666671875 0.43333333281249997 0.7120370375 0.4322916671875 0.5509259265625001 0.43072916718750004 0.5388888890625 0.4078125 0.51944444375 0.40625 0.5268518515625 0.3953125 0.5296296296875 0.3651041671875 0.522222221875 0.3541666671875 0.5148148140625 0.30625 0.5074074078125 0.2953125 0.509259259375 0.3 0.6703703703125 0.30625 0.6768518515624999 0.3140625 0.675 0.3260416671875 0.6833333328125
7 0.5489583328125 0.7518518515625 0.584375 0.7583333328124999 0.5958333328125 0.7981481484375 0.5807291671875 0.8120370375 0.5770833328125 0.8259259265625 0.5682291671875 0.834259259375 0.5677083328125 0.8453703703125001 0.5723958328125 0.8425925921875 0.578125 0.853703703125 0.590625 0.8611111109375 0.6265625 0.8740740734375001 0.64375 0.875 0.6463541671875 0.88148148125 0.6541666671875 0.8629629624999999 0.6625 0.83055555625 0.6552083328125 0.8138888890624999 0.646875 0.8120370375 0.6484375 0.784259259375 0.6640625 0.7870370375 0.6671875 0.790740740625 0.7098958328125 0.8055555562500001 0.7182291671875001 0.803703703125 0.7229166671875 0.63055555625 0.7213541671875 0.6175925921875 0.7166666671875 0.6074074078125 0.5942708328124999 0.577777778125 0.534375 0.5675925921875 0.5317708328124999 0.5759259265625001 0.5359375 0.6166666671875001 0.5401041671875 0.7453703703125 0.5489583328125 0.7518518515625
7 0.1140625 0.622222221875 0.11145833281249999 0.6759259265625001 0.1057291671875 0.678703703125 0.10625 0.684259259375 0.1265625 0.6925925921875 0.14114583281249998 0.69351851875 0.1661458328125 0.68148148125 0.1848958328125 0.665740740625 0.1901041671875 0.64351851875 0.2088541671875 0.64444444375 0.2088541671875 0.61851851875 0.1984375 0.4879629625 0.1088541671875 0.4703703703125 0.0895833328125 0.46944444374999994 0.0880208328125 0.475 0.0994791671875 0.6009259265625 0.10364583281249999 0.61851851875 0.1140625 0.622222221875
7 0.3505208328125 0.5129629625 0.3552083328125 0.515740740625 0.3625 0.5138888890625 0.3625 0.503703703125 0.36770833281250004 0.497222221875 0.3895833328125 0.5018518515625 0.39791666718749996 0.5 0.39375 0.4046296296875 0.3338541671875 0.396296296875 0.3192708328125 0.397222221875 0.3229166671875 0.4824074078125 0.325 0.490740740625 0.3479166671875 0.49351851875 0.3505208328125 0.5129629625
7 0.4546875 0.515740740625 0.45625 0.51944444375 0.4526041671875 0.5351851859375001 0.43854166718750004 0.5416666671875 0.43645833281249996 0.54351851875 0.4369791671875 0.5490740734374999 0.44635416718750004 0.553703703125 0.4734375 0.55648148125 0.48333333281249996 0.55 0.4859375 0.54444444375 0.48541666718750004 0.540740740625 0.4765625 0.5361111109375 0.47864583281249995 0.51944444375 0.5 0.525 0.5098958328125 0.5240740734375 0.5104166671875 0.48148148125 0.5078125 0.44166666718750003 0.509375 0.43518518593750005 0.5072916671875001 0.42129629687500003 0.43072916718750004 0.41111111093749997 0.4234375 0.41111111093749997 0.4223958328125 0.4148148140625 0.4244791671875 0.478703703125 0.41979166718750005 0.50555555625 0.42760416718750005 0.5120370375000001 0.4546875 0.515740740625
7 0.56875 0.5388888890625 0.5703125 0.5324074078125001 0.584375 0.5416666671875 0.5864583328124999 0.546296296875 0.584375 0.5722222218749999 0.5869791671875 0.575 0.6078125 0.5796296296875 0.6052083328125 0.5768518515625 0.6036458328125 0.5648148140625 0.603125 0.5527777781250001 0.6052083328125 0.54444444375 0.6223958328125 0.55 0.6260416671875 0.546296296875 0.6421875 0.553703703125 0.6473958328125 0.5518518515624999 0.65 0.44351851875000003 0.646875 0.4388888890625 0.5520833328125 0.4296296296875 0.55 0.43148148124999997 0.5484375 0.47407407343749997 0.5479166671875 0.5324074078125001 0.5510416671875 0.5370370375 0.5609375 0.5388888890625 0.56875 0.5388888890625
7 0.7005208328125 0.5675925921875 0.7234375 0.6120370375 0.7635416671875 0.621296296875 0.7666666671875 0.61851851875 0.7692708328125 0.60648148125 0.7541666671875 0.5888888890625 0.7541666671875 0.5796296296875 0.7572916671875001 0.575 0.7588541671875 0.5620370375 0.7796875 0.5611111109375 0.7854166671875 0.5648148140625 0.7864583328125 0.571296296875 0.790625 0.5768518515625 0.7984375 0.5768518515625 0.803125 0.5722222218749999 0.80625 0.5555555562500001 0.8104166671874999 0.465740740625 0.7911458328125 0.459259259375 0.6958333328124999 0.447222221875 0.6927083328125 0.4509259265625 0.6932291671875 0.48055555625 0.690625 0.5009259265625 0.6901041671875 0.5601851859375 0.6927083328125 0.5666666671875 0.6963541671875 0.5694444437499999 0.7005208328125 0.5675925921875
7 0.8135416671875 0.403703703125 0.8109375 0.4 0.734375 0.3925925921875 0.7317708328125 0.396296296875 0.73125 0.41018518593750003 0.7317708328125 0.44907407343749994 0.80625 0.4601851859375 0.8119791671875 0.4574074078125 0.8135416671875 0.403703703125
7 0.6552083328125 0.4731481484375 0.6552083328125 0.4824074078125 0.6526041671875 0.4861111109375 0.6567708328124999 0.48981481406249994 0.66875 0.48981481406249994 0.66875 0.47808611093750003 0.6729166671875 0.46944444374999994 0.6890625 0.47222222187499996 0.6901041671875 0.45648148125 0.6932291671875 0.4481481484375 0.7020833328125 0.44259259218749997 0.7015625 0.3898148140625 0.6364583328125 0.38055555625 0.6307291671875 0.38148148125 0.6291666671875 0.3898148140625 0.6270833328125 0.43055555625 0.6317708328125 0.43518518593750005 0.6463541671875 0.4370370375 0.6552083328125 0.4731481484375
7 0.5510416671875 0.42592592656250006 0.6109375 0.4296296296875 0.6114583328125 0.38333333281250004 0.6098958328124999 0.3768518515625 0.5442708328125 0.372222221875 0.5447916671875 0.44444444375 0.5473958328124999 0.44259259218749997 0.5458333328125 0.43148148124999997 0.5510416671875 0.42592592656250006
7 0.5088541671875 0.36851851875 0.4505208328125 0.3611111109375 0.45208333281249996 0.41111111093749997 0.49895833281249996 0.4166666671875 0.509375 0.425 0.5088541671875 0.36851851875
2 0.2557291671875 0.9990740734375001 0.2791666671875 0.9990740734375001 0.2828125 0.972222221875 0.2947916671875 0.9620370375 0.3151041671875 0.9694444437499999 0.3177083328125 0.9731481484375 0.315625 0.98148148125 0.3255208328125 0.9851851859374999 0.3333333328125 0.9990740734375001 0.3369791671875 0.9833333328125 0.3411458328125 0.9768518515625001 0.3427083328125 0.9574074078124999 0.3489583328125 0.9416666671874999 0.35104166718749996 0.9240740734375 0.3546875 0.9129629625 0.3541666671875 0.9018518515625 0.3619791671875 0.872222221875 0.3421875 0.8518518515625001 0.325 0.8453703703125001 0.3171875 0.8453703703125001 0.3104166671875 0.8583333328125 0.2994791671875 0.8583333328125 0.2958333328125 0.8518518515625001 0.2979166671875 0.8379629625 0.29375 0.8370370375 0.2822916671875 0.8490740734375001 0.2822916671875 0.85648148125 0.2869791671875 0.85648148125 0.2890625 0.8675925921875001 0.2854166671875 0.872222221875 0.2557291671875 0.8740740734375001 0.253125 0.877777778125 0.2536458328125 0.922222221875 0.2630208328125 0.9694444437499999 0.2557291671875 0.9861111109375 0.2557291671875 0.9990740734375001