3 0.53125 0 0.5307291671875001 0.1379629625 0.5328125 0.140740740625 0.5953125 0.13981481406250001 0.6005208328125 0.14444444375 0.6036458328125 0.1620370375 0.60625 0.1425925921875 0.6109375 0.13981481406250001 0.703125 0.1379629625 0.709375 0.1416666671875 0.709375 0.17314814843749998 0.7114583328124999 0.175 0.740625 0.1740740734375 0.7515625 0.16388888906250001 0.7598958328125 0 0.53125 0
7 0.1963541671875 0.2148148140625 0.2010416671875 0.272222221875 0.20625 0.271296296875 0.2078125 0.2601851859375 0.2036458328125 0.20833333281250002 0.2114583328125 0.20277777812500003 0.2635416671875 0.20370370312500002 0.265625 0.2009259265625 0.2640625 0.15 0.2625 0.1481481484375 0.15572916718750002 0.15 0.1536458328125 0.15370370312499998 0.15572916718750002 0.19444444375 0.1583333328125 0.20555555625 0.1904296875 0.20648148125 0.1963541671875 0.2148148140625
7 0.3671875 0.2046296296875 0.3791666671875 0.196296296875 0.3828125 0.1768518515625 0.3828125 0.15 0.3786458328125 0.146296296875 0.2708333328125 0.147222221875 0.26875 0.15 0.2692708328125 0.197222221875 0.2703125 0.2018518515625 0.275 0.2046296296875 0.3671875 0.2046296296875
7 0.4869791671875 0.197222221875 0.4916666671875 0.19351851874999998 0.4927083328125 0.1490740734375 0.49114583281249996 0.146296296875 0.48072916718750003 0.146296296875 0.47864583281249995 0.1425925921875 0.46770833281249996 0.1453703703125 0.3895833328125 0.146296296875 0.384375 0.15277777812499999 0.38333333281250004 0.18148148125000002 0.384375 0.19351851874999998 0.3828125 0.196296296875 0.3864583328125 0.1981481484375 0.4869791671875 0.197222221875
7 0.5274307296875 0.196296296875 0.5328125 0.20370370312500002 0.5322916671875 0.24814814843750002 0.534375 0.25648148125 0.5416666671875 0.25740740781250004 0.54375 0.253703703125 0.5442708328125 0.20277777812500003 0.5498958328125 0.19351851874999998 0.5963541671875 0.1916666671875 0.5989583328125 0.1888888890625 0.5994791671875 0.18055555625 0.6036458328125 0.177777778125 0.6036458328125 0.1601851859375 0.5979166671875 0.1416666671875 0.49427083281249995 0.14351851875 0.4927083328125 0.146296296875 0.49322916718750004 0.19444444375 0.4994791671875 0.197222221875 0.5274307296875 0.196296296875
7 0.7067708328125 0.184259259375 0.7083333328125 0.1416666671875 0.7010416671875 0.13888888906250002 0.609375 0.1416666671875 0.60625 0.1601851859375 0.6052083328125 0.184259259375 0.6072916671875 0.1925925921875 0.6973958328125 0.190740740625 0.7067708328125 0.184259259375
7 0.021875 0.32777777812500003 0.05598958281250001 0.32685185156249996 0.061979167187499996 0.33148148125 0.0609375 0.33703703749999997 0.0635416671875 0.33888888906250003 0.1979166671875 0.33055555625 0.203125 0.32777777812500003 0.1963541671875 0.2203703703125 0.19375 0.209259259375 0.0098958328125 0.21203703749999997 0.0114583328125 0.25555555625 0.0140625 0.2629629625 0.0171875 0.3148148140625 0.021875 0.32777777812500003
7 0.3505208328125 0.322222221875 0.3557291671875 0.32592592656249997 0.3578125 0.34629629687499996 0.3567708328125 0.353703703125 0.3583333328125 0.3583333328125 0.3619791671875 0.35925925937500003 0.3635416671875 0.3574074078125 0.3619791671875 0.3453703703125 0.3635416671875 0.32777777812500003 0.3760416671875 0.322222221875 0.3729166671875 0.21203703749999997 0.3692708328125 0.20648148125 0.2078125 0.20555555625 0.203125 0.20833333281250002 0.2109375 0.31944444375000003 0.20989583281250002 0.32685185156249996 0.23854166718749997 0.328703703125 0.3505208328125 0.322222221875
7 0.3791666671875 0.322222221875 0.42864583281249996 0.322222221875 0.5260416671875 0.3138888890625 0.53125 0.3101851859375 0.5317708328124999 0.2101851859375 0.5296875 0.1990740734375 0.3760416671875 0.2018518515625 0.3729166671875 0.2046296296875 0.3729166671875 0.2138888890625 0.3760416671875 0.3129629625 0.3791666671875 0.322222221875
7 0.6296875 0.3083333328125 0.6404515625 0.3046296296875 0.6895833328125 0.3018518515625 0.6984375 0.29814814843750004 0.696875 0.275 0.7015625 0.1981481484375 0.6994791671875 0.1925925921875 0.5625 0.19444444375 0.546875 0.19537037031249999 0.5453125 0.1981481484375 0.5432291671875 0.26944444375 0.5442708328125 0.3083333328125 0.5458333328125 0.3120370375 0.6296875 0.3083333328125
7 0.846875 0.2851851859375 0.853125 0.1888888890625 0.7078125 0.1888888890625 0.7026041671875001 0.196296296875 0.7 0.2416666671875 0.6989583328125 0.2953703703125 0.7005208328125 0.3 0.8432291671875 0.290740740625 0.846875 0.2851851859375
7 0.0791666671875 0.6398148140625 0.1276041671875 0.640740740625 0.1520833328125 0.6351851859375001 0.19184010468749998 0.6351851859375001 0.1963541671875 0.6416666671875 0.1822916671875 0.69351851875 0.1854166671875 0.7018518515625 0.1927083328125 0.7018518515625 0.2630208328125 0.6916666671875 0.2671875 0.6833333328125 0.2723958328125 0.6333333328124999 0.27734375 0.625 0.2921875 0.6231481484375 0.2958333328125 0.6175925921875 0.3020833328125 0.615740740625 0.3640625 0.6083333328125 0.3671875 0.60648148125 0.3692708328125 0.6 0.3651041671875 0.590740740625 0.365625 0.5796296296875 0.3619791671875 0.5740740734374999 0.3604166671875 0.55444444375 0.3515625 0.32685185156249996 0.32760416718749996 0.325 0.2114583328125 0.33148148125 0.051041667187499994 0.34444444375 0.052604167187499995 0.3916666671875 0.059375 0.46666666718750005 0.0770833328125 0.6361111109375 0.0791666671875 0.6398148140625
7 0.4546875 0.6111111109375 0.45989583281249996 0.6166666671875001 0.4635416671875 0.646296296875 0.4713541671875 0.6731481484375 0.478125 0.6768518515624999 0.5442708328125 0.6648148140625 0.5458333328125 0.6564814812499999 0.53125 0.6138888890625 0.5302083328125 0.6083333328125 0.5328125 0.6046296296875 0.5796875 0.6018518515625 0.6151041671875 0.5953703703125 0.6260416671875 0.5916666671875 0.6291666671875 0.5851851859375 0.6270833328125 0.5314814812499999 0.6286458328125 0.42129629687500003 0.63125 0.3768518515625 0.6307291671875 0.3129629625 0.6098958328124999 0.3111111109375 0.5005208328124999 0.31759259218749997 0.3932291671875 0.32592592656249997 0.3671875 0.33148148125 0.36666666718749996 0.403703703125 0.37447916718749996 0.6175925921875 0.384375 0.61944444375 0.4546875 0.6111111109375
7 0.6432291671875 0.584259259375 0.6541666671875 0.5870370375 0.6640625 0.5833333328125 0.6703125 0.5879629625 0.69375 0.58148148125 0.7 0.5898148140624999 0.7036458328124999 0.60648148125 0.7239583328125 0.6388888890625 0.7286458328125 0.6453703703125 0.7364583328125 0.6453703703125 0.7953125 0.6379629625 0.7979166671875 0.6296296296875 0.7942708328125 0.6231481484375 0.7947916671875 0.6111111109375 0.8057291671875 0.5759259265625001 0.8286458328125 0.5759259265625001 0.83125 0.5703703703125 0.84375 0.5722222218749999 0.8661458328125 0.565740740625 0.8692708328125001 0.56851851875 0.8770833328125001 0.5601851859375 0.875 0.5333333328125 0.8770833328125001 0.427777778125 0.878125 0.39444444375 0.8817708328125 0.3620370375 0.884375 0.30648148124999997 0.8833333328125 0.29444444375 0.8260416671874999 0.29444444375 0.6661458328125 0.30555555624999997 0.640625 0.3083333328125 0.6338541671875 0.3138888890625 0.6333333328124999 0.5759259265625001 0.6348958328125 0.584259259375 0.6380208328125 0.5870370375 0.6432291671875 0.584259259375
7 0.9363541671875 0.5555555562500001 0.9390625 0.5648148140625 0.9380208328125 0.5759259265625001 0.9536458328125 0.5916666671875 0.9822916671874999 0.6166666671875001 0.9994791671875 0.6166666671875001 0.9994791671875 0.284259259375 0.9182291671874999 0.2888888890625 0.9 0.29351851875 0.8927083328125001 0.51851851875 0.8921875 0.5370370375 0.8942708328125001 0.5518518515624999 0.8979166671875 0.5574074078125 0.9363541671875 0.5555555562500001
7 0.9192708328125001 0.2638888890625 0.934375 0.26944444375 0.9588541671874999 0.2666666671875 0.9604166671875 0.2638888890625 0.9588541671874999 0.26203703749999996 0.9451390625 0.259259259375 0.940625 0.252777778125 0.9411458328125001 0.24907407343750002 0.9526041671875 0.24259259218749998 0.9994791671875 0.2370370375 0.9994791671875 0.12592592656249998 0.9072916671875 0.12870370312499999 0.9046875 0.1324074078125 0.9020833328125001 0.1611111109375 0.8973958328125 0.24351851875000002 0.9177083328125001 0.24444444375000002 0.9203125 0.25740740781250004 0.9192708328125001 0.2638888890625
7 0 0.6425925921875 0.021354167187500002 0.6453703703125 0.0276041671875 0.640740740625 0.0302083328125 0.6453703703125 0.0369791671875 0.646296296875 0.0484375 0.6453703703125 0.0546875 0.640740740625 0.07552083281250001 0.6416666671875 0.071875 0.6231481484375 0.0734375 0.597222221875 0.058854167187499994 0.475 0.0489583328125 0.3574074078125 0.0489583328125 0.34444444375 0.05989583281250001 0.3379629625 0.060416667187499995 0.3333333328125 0.055208332812500004 0.3296296296875 0.0067708328125 0.3333333328125 0 0.334259259375 0 0.6425925921875
5 0.3166666671875 0.8444444437499999 0.3192708328125 0.8240740734375 0.3171875 0.8148148140625 0.3083333328125 0.8138888890624999 0.0994791671875 0.8416666671874999 0.0880208328125 0.8453703703125001 0.0859375 0.853703703125 0.0796875 0.8583333328125 0.0765625 0.86944444375 0.0760416671875 0.8796296296874999 0.0994791671875 0.878703703125 0.3057291671875 0.847222221875 0.3166666671875 0.8444444437499999
5 0.409375 0.8925925921875001 0.41510416718750004 0.9379629625 0.4270833328125 0.9388888890624999 0.47057291718750005 0.9296296296875 0.5359375 0.9231481484374999 0.5572916671875 0.91944444375 0.5598958328125 0.9148148140625001 0.565625 0.9175925921875001 0.63125 0.9083333328125001 0.6359375 0.9074074078125 0.6375 0.9037037031249999 0.6359375 0.8990740734375 0.6385416671875 0.896296296875 0.6234375 0.825 0.6197916671875 0.8203703703125 0.5364583328125 0.834259259375 0.5213541671875 0.8425925921875 0.5166666671875 0.8361111109375001 0.4067708328125 0.8546296296874999 0.4067708328125 0.8731481484374999 0.40989583281249997 0.878703703125 0.4109375 0.8870370375000001 0.409375 0.8925925921875001
5 0.734375 0.896296296875 0.7390625 0.9111111109375001 0.74375 0.9148148140625001 0.9552083328125001 0.8759259265624999 0.9520833328125 0.859259259375 0.9447916671875 0.8453703703125001 0.9375 0.8416666671874999 0.9364583328125 0.8296296296874999 0.928125 0.8231481484375 0.9270833328125001 0.81851851875 0.9234375 0.81851851875 0.91875 0.8009259265625 0.8692708328125001 0.8055555562500001 0.7239583328125 0.83148148125 0.71875 0.8351851859374999 0.7177083328125 0.8416666671874999 0.721875 0.8648148140625 0.734375 0.8898148140625001 0.734375 0.896296296875
8 0.09635416718749999 0.6768518515624999 0.0979166671875 0.659259259375 0.0916666671875 0.6490740734375 0.075 0.6453703703125 0.0578125 0.6537037031249999 0.0479166671875 0.665740740625 0.046875 0.66944444375 0.0557291671875 0.68148148125 0.0848958328125 0.684259259375 0.09635416718749999 0.6768518515624999
8 0.3338541671875 0.727777778125 0.3416666671875 0.715740740625 0.3416666671875 0.6888888890625 0.3380208328125 0.68148148125 0.3244791671875 0.6805555562500001 0.3145833328125 0.6851851859375 0.31197916718749996 0.6898148140625 0.3114583328125 0.6972222218749999 0.3161458328125 0.7203703703125 0.3213541671875 0.727777778125 0.3338541671875 0.727777778125
8 0.6182291671875 0.6518518515625 0.621875 0.6416666671875 0.6213541671875 0.625 0.6140625 0.6148148140624999 0.5994791671875 0.6120370375 0.5885416671875 0.6175925921875 0.5911458328125 0.6361111109375 0.603125 0.6509259265625 0.6151041671875 0.6537037031249999 0.6182291671875 0.6518518515625
8 0.9359375 0.6833333328125 0.9411458328125001 0.671296296875 0.9395833328125001 0.6611111109375 0.9364583328125 0.6564814812499999 0.9182291671874999 0.64351851875 0.8994791671875 0.64351851875 0.8859375 0.6518518515625 0.8848958328125001 0.6583333328125 0.890625 0.6703703703125 0.9140625 0.68148148125 0.9359375 0.6833333328125
8 0.3494791671875 0.9 0.2864583328125 0.9083333328125001 0.28125 0.9333333328125001 0.2734375 0.9990740734375001 0.3541666671875 0.9990740734375001 0.35208333281250004 0.922222221875 0.3494791671875 0.9
1 0.5453125 0.9648148140625 0.5197916671875 0.965740740625 0.49791666718750005 0.9712962968750001 0.4614583328125 0.99351851875 0.45729166718750003 0.9990740734375001 0.5994791671875 0.9990740734375001 0.5838541671875 0.98055555625 0.5453125 0.9648148140625
1 0.9875 0.8824074078124999 0.9296875 0.8953703703125001 0.8932291671874999 0.91944444375 0.8604166671875 0.953703703125 0.7515625 0.9740740734375001 0.7385416671875 0.977777778125 0.7338541671875001 0.9870370375 0.7333333328125 0.9990740734375001 0.9994791671875 0.9990740734375001 0.9994791671875 0.8861111109375001 0.9875 0.8824074078124999
2 0 0.9990740734375001 0.03125 0.9990740734375001 0.025 0.94351851875 0.0140625 0.9425925921875 0.010416667187500001 0.9472222218749999 0 0.9675925921875 0 0.9990740734375001
1 0.8953125 0.5583333328125 0.8911458328125 0.5453703703125 0.890625 0.5324074078125001 0.890625 0.4703703703125 0.8807291671874999 0.4574074078125 0.8776041671874999 0.4583333328125 0.8760416671875 0.5333333328125 0.8729166671874999 0.553703703125 0.86875 0.5527777781250001 0.8588541671875 0.5620370375 0.8526041671875 0.5601851859375 0.8473958328125001 0.565740740625 0.8380208328125001 0.5629629625 0.81875 0.5694444437499999 0.7791666671875 0.5722222218749999 0.7791666671875 0.5796296296875 0.7875 0.58055555625 0.89375 0.5694444437499999 0.8953125 0.5583333328125
8 0.365625 0.39444444375 0.35625 0.39351851875 0.3567708328125 0.4129629625 0.3651041671875 0.4148148140625 0.36666666718749996 0.41203703750000004 0.365625 0.39444444375