6 0.3984375 0.10370370312499999 0.3927083328125 0.09629629687499999 0.3739583328125 0.0925925921875 0.3567708328125 0.09444444375 0.3536458328125 0.0981481484375 0.3614583328125 0.10648148125000001 0.3729166671875 0.1111111109375 0.3880208328125 0.1111111109375 0.3984375 0.10370370312499999
6 0.9140625 0.147222221875 0.91875 0.1379629625 0.8947916671874999 0.1351851859375 0.8786458328125001 0.1425925921875 0.878125 0.146296296875 0.8822916671875 0.1518518515625 0.9005208328125001 0.15277777812499999 0.9140625 0.147222221875
6 0.7369791671875 0.21574074062499998 0.7333333328125 0.21203703749999997 0.7208333328125 0.2101851859375 0.6526041671875 0.20648148125 0.6239583328125 0.21944444375 0.6244791671875001 0.22314814843750003 0.6489583328124999 0.2259259265625 0.7046875 0.22777777812500002 0.7369791671875 0.21574074062499998
6 0.40729166718750004 0.21111111093749999 0.4171875 0.19351851874999998 0.30520833281250004 0.184259259375 0.3067708328125 0.197222221875 0.3098958328125 0.20277777812500003 0.3765625 0.2101851859375 0.40729166718750004 0.21111111093749999
6 0 0.17962962968750001 0.040625 0.184259259375 0.053125 0.1824074078125 0.0270833328125 0.16388888906250001 0.0020833328125000002 0.15277777812499999 0 0.15277777812499999 0 0.17962962968750001
7 0 0.9231481484374999 0.014583332812499999 0.91944444375 0.021354167187500002 0.9296296296875 0.0135416671875 0.9453703703125 0.010416667187500001 0.9638888890624999 0.01875 0.9666666671874999 0.0557291671875 0.9620370375 0.0645833328125 0.952777778125 0.0765625 0.9333333328125001 0.0802083328125 0.9175925921875001 0.08645833281250001 0.9138888890624999 0.1 0.915740740625 0.1015625 0.9101851859375 0.103125 0.7870370375 0.0020833328125000002 0.7888888890625 0 0.7898148140625 0 0.9231481484374999
7 0.4869791671875 0.9231481484374999 0.509375 0.922222221875 0.5260416671875 0.915740740625 0.5213541671875 0.8898148140625001 0.5322916671875 0.878703703125 0.5515625 0.8768518515625001 0.5552083328124999 0.872222221875 0.559375 0.8444444437499999 0.5541666671875001 0.75555555625 0.5328125 0.7546296296875 0.4583333328125 0.7620370375000001 0.44947916718750003 0.765740740625 0.4505208328125 0.8898148140625001 0.46770833281249996 0.8888888890625 0.478125 0.9111111109375001 0.4869791671875 0.9231481484374999
7 0.6354166671875 0.8666666671875 0.640625 0.871296296875 0.6489583328124999 0.8888888890625 0.6604166671875 0.9009259265624999 0.6744791671875 0.9018518515625 0.6963541671875 0.8953703703125001 0.6885416671875 0.8740740734375001 0.6904515625000001 0.8620370375 0.7203125 0.859259259375 0.7223958328125 0.85648148125 0.7223958328125 0.7638888890625 0.7171875 0.7425925921875 0.6244791671875001 0.7490740734375 0.6229166671875 0.7518518515625 0.6229166671875 0.7990740734374999 0.6255208328124999 0.8666666671875 0.6354166671875 0.8666666671875
7 0.8291666671875 0.884259259375 0.8541666671874999 0.884259259375 0.8604166671875 0.8796296296874999 0.85625 0.86851851875 0.8479166671874999 0.8583333328125 0.8515625 0.8490740734375001 0.8854166671874999 0.8453703703125001 0.8838541671875 0.7509259265625 0.8817708328125 0.7324074078125 0.7916666671875 0.734259259375 0.7890625 0.7370370375 0.7901041671875 0.85 0.7994791671875 0.8518518515625001 0.80625 0.865740740625 0.8291666671875 0.884259259375
7 0.7447916671875 0.75555555625 0.7453125 0.7481481484375 0.7385416671875 0.74351851875 0.7369791671875 0.7351851859375 0.74375 0.6620370375 0.7119791671875 0.634259259375 0.7078125 0.634259259375 0.7067708328125 0.6416666671875 0.7010416671875 0.7138888890625 0.7182291671875001 0.7351851859375 0.7244791671875 0.759259259375 0.7447916671875 0.75555555625
4 0.8125 0.6620370375 0.8119791671875 0.6009259265625 0.8140625 0.547222221875 0.8104166671874999 0.5120370375000001 0.8057291671875 0.5129629625 0.7947916671875 0.5287037031249999 0.7901041671875 0.5425925921875 0.7890625 0.565740740625 0.7880208328125 0.6638888890625 0.7963541671875001 0.6703703703125 0.8104166671874999 0.671296296875 0.8125 0.6620370375
4 0.84375 0.73055555625 0.8463541671874999 0.725 0.8541666671874999 0.5240740734375 0.8494791671874999 0.50555555625 0.8375 0.50555555625 0.8265625 0.51851851875 0.8255208328125001 0.5259259265625 0.8302083328125001 0.525 0.8322916671874999 0.5287037031249999 0.8307291671874999 0.5388888890625 0.825 0.5453703703125 0.81875 0.5601851859375 0.8151041671874999 0.6574074078125001 0.8145833328125001 0.7009259265625001 0.8166666671874999 0.7231481484375 0.8286458328125 0.73148148125 0.84375 0.73055555625
9 0.7203125 0.196296296875 0.7651041671875001 0.17314814843749998 0.7692708328125 0.1611111109375 0.7697916671875 0.13888888906250002 0.7671875 0.12870370312499999 0.7583333328124999 0.1231481484375 0.753125 0.1296296296875 0.7494791671875001 0.140740740625 0.74375 0.13055555624999998 0.7421875 0.1175925921875 0.7322916671875 0.1148148140625 0.7119791671875 0.1166666671875 0.6979166671875 0.1231481484375 0.665625 0.1129629625 0.653125 0.1148148140625 0.6291666671875 0.1351851859375 0.6223958328125 0.1574074078125 0.6203125 0.1824074078125 0.6286458328125 0.1925925921875 0.6536458328125 0.197222221875 0.7203125 0.196296296875
5 0.6354166671875 0.98148148125 0.6380208328125 0.9990740734375001 0.7609375 0.9990740734375001 0.7489583328125 0.9731481484375 0.6354166671875 0.98148148125
5 0.8854166671874999 0.9990740734375001 0.9546875 0.9898148140625 0.9432291671874999 0.9712962968750001 0.9291666671875 0.95555555625 0.825 0.9629629625 0.8239583328125001 0.9675925921875 0.8270833328125 0.977777778125 0.840625 0.9990740734375001 0.8854166671874999 0.9990740734375001
8 0.7973958328124999 0.99444444375 0.7911458328125 0.9870370375 0.790625 0.9824074078124999 0.7734375 0.9833333328125 0.7729166671875001 0.990740740625 0.7755208328125 0.9990740734375001 0.7973958328124999 0.9990740734375001 0.7973958328124999 0.99444444375
8 0.9625 0.9583333328125001 0.9510416671874999 0.9638888890624999 0.9510416671874999 0.9731481484375 0.9604166671875 0.9898148140625 0.9864583328125001 0.9870370375 0.9625 0.9583333328125001
1 0.6239583328125 0.8620370375 0.6239583328125 0.853703703125 0.6197916671875 0.8453703703125001 0.6140625 0.8379629625 0.6072916671875 0.8361111109375001 0.5604166671875 0.8416666671874999 0.5557291671875 0.85555555625 0.5546875 0.8648148140625 0.5567708328125 0.8703703703125001 0.621875 0.8648148140625 0.6239583328125 0.8620370375
1 0.5354166671875 0.7268518515625 0.5333333328125 0.7351851859375 0.5338541671875 0.7546296296875 0.5536458328125 0.752777778125 0.540625 0.725 0.5354166671875 0.7268518515625