7 0.23958333281250002 0 0.24375 0.034259259375000004 0.2421875 0.045370370312500005 0.265625 0.25555555625 0.2682291671875 0.26574074062499997 0.2671875 0.271296296875 0.2692708328125 0.272222221875 0.2708333328125 0.2851851859375 0.2828125 0.28796296250000003 0.28958333281250004 0.284259259375 0.2927083328125 0.296296296875 0.2984375 0.302777778125 0.3609375 0.33055555625 0.3692708328125 0.3296296296875 0.3770833328125 0.3203703703125 0.3927083328125 0.3166666671875 0.42395833281249995 0.29444444375 0.42552083281249997 0.290740740625 0.4234375 0.284259259375 0.40052083281249995 0.2629629625 0.3848958328125 0.25555555625 0.3885416671875 0.2398148140625 0.39791666718749996 0.22777777812500002 0.45104166718750005 0.2009259265625 0.4557291671875 0.19351851874999998 0.45677083281249997 0.1888888890625 0.44947916718750003 0.1416666671875 0.45104166718750005 0.1351851859375 0.44895833281249997 0.12592592656249998 0.45 0.10555555624999999 0.446875 0.07685185156249999 0.44635416718750004 0.019444443750000002 0.44427083281249996 0 0.23958333281250002 0
7 0.5473958328124999 0 0.5458333328125 0.0083333328125 0.5489583328125 0.1379629625 0.5515625 0.15370370312499998 0.5447916671875 0.165740740625 0.5473958328124999 0.16944444375 0.5708333328124999 0.177777778125 0.6052083328125 0.1861111109375 0.6145833328125 0.1851851859375 0.6463541671875 0.165740740625 0.6463541671875 0.1601851859375 0.64375 0.1574074078125 0.61875 0.1425925921875 0.6119791671875 0.13395092656250002 0.6119791671875 0.12407407343750002 0.6182291671875 0.11574074062499999 0.6645833328124999 0.0953703703125 0.6635416671875001 0 0.5473958328124999 0
7 0.7229166671875 0 0.7229166671875 0.051851851562499995 0.7182291671875001 0.06944444375 0.7098958328125 0.078703703125 0.709375 0.08425925937499999 0.7260416671875001 0.09074074062500001 0.76875 0.09444444375 0.7869791671875 0.08796296249999999 0.7947916671875 0.07962962968750001 0.7869791671875 0.0361111109375 0.8057291671875 0.025 0.80625 0 0.7229166671875 0
5 0.35208333281250004 0.6 0.3625 0.6074074078125 0.5526041671875 0.459259259375 0.5760416671875 0.4388888890625 0.5765625 0.43333333281249997 0.5609375 0.415740740625 0.5203125 0.38333333281250004 0.49635416718750003 0.4018518515625 0.48125 0.4074074078125 0.4557291671875 0.4240740734375 0.3104166671875 0.525 0.309375 0.5333333328125 0.3161458328125 0.55 0.3270833328125 0.5620370375 0.35208333281250004 0.6
5 0.69375 0.372222221875 0.8005208328125001 0.2833333328125 0.8104166671874999 0.2740740734375 0.8119791671875 0.2675925921875 0.7630208328125 0.23518518593749999 0.7552083328125 0.23518518593749999 0.634375 0.31851851875000003 0.634375 0.3240740734375 0.6411458328124999 0.3361111109375 0.6895833328125 0.372222221875 0.69375 0.372222221875
5 0.9473958328125001 0.15648148125 0.9223958328125 0.140740740625 0.8953125 0.13333333281249998 0.81875 0.1861111109375 0.8171875 0.19351851874999998 0.8223958328125001 0.2018518515625 0.8666666671875 0.221296296875 0.9473958328125001 0.15648148125
8 0.8255208328125001 0.26203703749999996 0.8348958328125 0.253703703125 0.8369791671875 0.24722222187499998 0.8348958328125 0.234259259375 0.8182291671874999 0.22407407343750002 0.7989583328125 0.2259259265625 0.7895833328124999 0.23518518593749999 0.7895833328124999 0.24444444375000002 0.7947916671875 0.24907407343750002 0.8208333328125 0.26203703749999996 0.8255208328125001 0.26203703749999996
8 0.9546875 0.15277777812499999 0.9583333328125001 0.146296296875 0.9552083328125001 0.134259259375 0.9463541671875 0.12870370312499999 0.9270833328125001 0.12870370312499999 0.9192708328125001 0.134259259375 0.9166666671874999 0.1379629625 0.9385416671875 0.1481481484375 0.9463541671875 0.15555555625 0.9546875 0.15277777812499999
8 0.6119791671875 0.4046296296875 0.61875 0.3981481484375 0.6203125 0.3925925921875 0.6203125 0.3796296296875 0.6177083328124999 0.3703703703125 0.6104166671875 0.3583333328125 0.5994791671875 0.3546296296875 0.5802083328125 0.3546296296875 0.5682291671875 0.3648148140625 0.5677083328125 0.3731481484375 0.571875 0.38240740781250004 0.5984375 0.403703703125 0.6119791671875 0.4046296296875
1 0.9994791671875 0.9388888890624999 0.9869791671874999 0.9259259265625 0.9864583328125001 0.91944444375 0.9588541671874999 0.8861111109375001 0.9473958328125001 0.878703703125 0.9432291671874999 0.8824074078124999 0.9385416671875 0.877777778125 0.9354166671874999 0.8888888890625 0.8958333328125001 0.853703703125 0.8703125 0.825 0.8567708328125001 0.815740740625 0.8067708328125001 0.76944444375 0.7776041671875 0.75648148125 0.7635416671875 0.75648148125 0.753125 0.7611111109375 0.7203125 0.797222221875 0.6536458328125 0.890740740625 0.6395833328125 0.91944444375 0.6354166671875 0.9370370375 0.6364583328125 0.978703703125 0.6416666671875 0.9990740734375001 0.9994791671875 0.9990740734375001 0.9994791671875 0.9388888890624999
1 0.8932291671874999 0.7129629625 0.8765625 0.73148148125 0.86875 0.75555555625 0.8609375 0.809259259375 0.8640625 0.8175925921875 0.8729166671874999 0.821296296875 0.884375 0.7509259265625 0.8916666671875 0.7370370375 0.8989583328125 0.734259259375 0.9208333328125 0.7398148140624999 0.946875 0.7638888890625 0.9401041671874999 0.8203703703125 0.9401041671874999 0.8259259265625 0.9432291671874999 0.83055555625 0.9505208328125001 0.8268518515625001 0.9583333328125001 0.7740740734375 0.9994791671875 0.8074074078125 0.9994791671875 0.5379629625 0.9859375 0.5324074078125001 0.9682291671875 0.5305555562500001 0.95625 0.5361111109375 0.9364583328125 0.5527777781250001 0.9005208328125001 0.5916666671875 0.88125 0.621296296875 0.878125 0.6333333328124999 0.8791666671874999 0.6777777781250001 0.8838541671875 0.69351851875 0.890625 0.703703703125 0.8932291671874999 0.7129629625
2 0.4270833328125 0.6925925921875 0.4302083328125 0.6981481484375001 0.4895833328125 0.7648148140625 0.49791666718750005 0.7703703703125 0.5380208328125 0.727777778125 0.5447916671875 0.709259259375 0.5463541671875001 0.6898148140625 0.5447916671875 0.6824074078125 0.5479166671875 0.6518518515625 0.5484375 0.5518518515624999 0.540625 0.5370370375 0.5333333328125 0.5379629625 0.41822916718750003 0.6379629625 0.41822916718750003 0.6564814812499999 0.43125 0.6731481484375 0.43177083281249995 0.6833333328125 0.4270833328125 0.6925925921875
2 0.6479166671875001 0.44444444375 0.6625 0.4574074078125 0.6651041671875 0.465740740625 0.6598958328125 0.477777778125 0.6588541671875 0.4861111109375 0.6567708328124999 0.5333333328125 0.6619791671875 0.540740740625 0.6859375 0.5555555562500001 0.7098958328125 0.5305555562500001 0.7171875 0.5129629625 0.7213541671875 0.4824074078125 0.7229166671875 0.43240740781250003 0.7260416671875001 0.403703703125 0.7161458328125 0.4074074078125 0.6895833328125 0.43148148124999997 0.684375 0.43148148124999997 0.6796875 0.425 0.6822916671875 0.3953703703125 0.6567708328124999 0.38055555625 0.6583333328125 0.3888888890625 0.65625 0.427777778125 0.653125 0.4379629625 0.6479166671875001 0.44444444375
2 0.6296875 0.384259259375 0.6385416671875 0.3879629625 0.6390625 0.38333333281250004 0.6479166671875001 0.3768518515625 0.6473958328125 0.3731481484375 0.6307291671875 0.35925925937500003 0.6140625 0.3518518515625 0.6151041671875 0.3611111109375 0.6239583328125 0.3601851859375 0.6260416671875 0.38055555625 0.6296875 0.384259259375
2 0.846875 0.403703703125 0.8520833328125 0.3731481484375 0.8614583328125001 0.2740740734375 0.8130208328125 0.322222221875 0.8078125 0.34629629687499996 0.803125 0.4018518515625 0.8036458328125 0.4148148140625 0.8239583328125001 0.425 0.8338541671874999 0.41944444374999995 0.846875 0.403703703125
8 0.5145833328125 0.10370370312499999 0.5109375 0.09444444375 0.5005208328124999 0.09351851875 0.496875 0.097222221875 0.49635416718750003 0.10555555624999999 0.5005208328124999 0.109259259375 0.509375 0.1101851859375 0.5145833328125 0.10370370312499999