7 0 0.9990740734375001 0.0447916671875 0.9990740734375001 0.2125 0.797222221875 0.21458333281250003 0.7870370375 0.196875 0.6537037031249999 0.1854166671875 0.5324074078125001 0.18125 0.5101851859375001 0.1796875 0.48055555625 0.175 0.44259259218749997 0.17239583281249998 0.43518518593750005 0.16458333281249998 0.36296296250000004 0.1625 0.3583333328125 0.10052083281249999 0.3861111109375 0.04375 0.4166666671875 0.0286458328125 0.42870370312499995 0.0083333328125 0.4361111109375 0 0.440740740625 0 0.9990740734375001
7 0.1979166671875 0.5018518515625 0.1989583328125 0.527777778125 0.2015625 0.5416666671875 0.2 0.5648148140625 0.2036458328125 0.5759259265625001 0.2010416671875 0.5796296296875 0.2052083328125 0.6046296296875 0.2078125 0.65 0.2182291671875 0.747222221875 0.22395833281250002 0.7824074078125001 0.2328125 0.784259259375 0.23697916718749998 0.7805555562500001 0.2692708328125 0.7370370375 0.2838541671875 0.725 0.35 0.7509259265625 0.3994791671875 0.6768518515624999 0.4015625 0.66944444375 0.3984375 0.6648148140625 0.3625 0.6518518515625 0.3494791671875 0.64444444375 0.346875 0.6379629625 0.4296875 0.5287037031249999 0.42083333281249996 0.3601851859375 0.4166666671875 0.3231481484375 0.41197916718750005 0.23611111093749998 0.40833333281249995 0.2203703703125 0.3458333328125 0.25 0.3260416671875 0.2648148140625 0.30625 0.272222221875 0.2994791671875 0.27870370312500004 0.2901041671875 0.2796296296875 0.22135416718749998 0.3240740734375 0.21614583281250002 0.321296296875 0.1973958328125 0.3379629625 0.1927083328125 0.33703703749999997 0.1822916671875 0.34444444375 0.1765625 0.3518518515625 0.1755208328125 0.36296296250000004 0.18020833281249998 0.41944444374999995 0.1890625 0.47407407343749997 0.1979166671875 0.5018518515625
7 0.4192708328125 0.3768518515625 0.42083333281249996 0.40092592656250003 0.42291666718750004 0.41851851875 0.42552083281249997 0.4240740734375 0.42552083281249997 0.45555555625000005 0.4322916671875 0.527777778125 0.43958333281249995 0.5296296296875 0.4536458328125 0.5166666671875 0.48020833281249997 0.525 0.5057291671875 0.5240740734375 0.5255208328125 0.49351851875 0.5265625 0.4861111109375 0.5171875 0.4879629625 0.5109375 0.48055555625 0.5005208328124999 0.4796296296875 0.490625 0.4611111109375 0.5333333328125 0.40277777812500004 0.5395833328124999 0.3898148140625 0.5239583328124999 0.15370370312499998 0.5203125 0.15092592656249998 0.49375 0.1648148140625 0.41041666718750003 0.2203703703125 0.41979166718750005 0.3398148140625 0.4192708328125 0.3611111109375 0.421875 0.372222221875 0.4192708328125 0.3768518515625
7 0.5635416671875 0.3990740734375 0.5953125 0.40092592656250003 0.6072916671875 0.38333333281250004 0.6088541671875001 0.3759259265625 0.5947916671875 0.3740740734375 0.5921875 0.36851851875 0.5791666671875 0.36759259218749996 0.578125 0.3648148140625 0.5822916671875 0.3509259265625 0.6088541671875001 0.31851851875000003 0.6140625 0.30555555624999997 0.6140625 0.1101851859375 0.6098958328124999 0.10833333281249999 0.5963541671875 0.1148148140625 0.5432291671875 0.1481481484375 0.5432291671875 0.3416666671875 0.5453125 0.371296296875 0.54375 0.3916666671875 0.5635416671875 0.3990740734375
7 0.659375 0.3138888890625 0.6546875 0.30555555624999997 0.6390625 0.3083333328125 0.6411458328124999 0.2888888890625 0.6619791671875 0.253703703125 0.6682291671875 0.08333333281250001 0.6625 0.0824074078125 0.6479166671875001 0.0916666671875 0.6307291671875 0.1046296296875 0.6239583328125 0.1148148140625 0.621875 0.19351851874999998 0.6104166671875 0.321296296875 0.6536458328125 0.32592592656249997 0.659375 0.3138888890625
7 0.275 0.25740740781250004 0.2802083328125 0.27870370312500004 0.2869791671875 0.2796296296875 0.2869791671875 0.2509259265625 0.3333333328125 0.22407407343750002 0.32083333281250004 0.07962962968750001 0.309375 0.07962962968750001 0.23177083281250002 0.0990740734375 0.2322916671875 0.1203703703125 0.2479166671875 0.2648148140625 0.2557291671875 0.2666666671875 0.275 0.25740740781250004
7 0 0.396296296875 0.0057291671875 0.39444444375 0.0135416671875 0.38240740781250004 0.1098958328125 0.33148148125 0.1125 0.32592592656249997 0.1015625 0.23055555625 0.0947916671875 0.19537037031249999 0.0901041671875 0.1351851859375 0.0682291671875 0.13703703750000001 0.0026041671875 0.1546296296875 0 0.15555555625 0 0.396296296875
7 0 0.1546296296875 0.11510416718750001 0.1231481484375 0.1125 0.08333333281250001 0.11145833281249999 0.0759259265625 0.1088541671875 0.0731481484375 0.0114583328125 0.08796296249999999 0 0.09074074062500001 0 0.1546296296875
7 0.14895833281249998 0.3308759265625 0.1397916671875 0.33976759218749997 0.1739583328125 0.3471768515625 0.2147916671875 0.31902037031249997 0.1764583328125 0.31309259218749996 0.18145833281249998 0.3012370375 0.2372916671875 0.2627074078125 0.21729166718749998 0.1041416671875 0.088125 0.1322981484375 0.12395833281249999 0.33383981406249996 0.1514583328125 0.320502778125 0.14895833281249998 0.3308759265625
8 0.2989583328125 0.9694444437499999 0.315625 0.9620370375 0.3270833328125 0.9509259265625 0.3302083328125 0.94351851875 0.3328125 0.921296296875 0.3302083328125 0.9111111109375001 0.32083333281250004 0.8990740734375 0.30625 0.89351851875 0.2911458328125 0.896296296875 0.27395833281250004 0.9055555562500001 0.2635416671875 0.915740740625 0.2526041671875 0.93148148125 0.24895833281250002 0.946296296875 0.2494791671875 0.9629629625 0.2588541671875 0.9740740734375001 0.2703125 0.9759259265625 0.2989583328125 0.9694444437499999
8 0.4223958328125 0.615740740625 0.42552083281249997 0.6074074078125 0.42604166718750003 0.597222221875 0.4213541671875 0.5879629625 0.41510416718750004 0.5833333328125 0.39895833281250004 0.5824074078125 0.3895833328125 0.5861111109375 0.3729166671875 0.60555555625 0.3723958328125 0.6166666671875001 0.3786458328125 0.6259259265625 0.3953125 0.6268518515625 0.4223958328125 0.615740740625
8 0.5526041671875 0.45555555625000005 0.5546875 0.44259259218749997 0.5479166671875 0.43333333281249997 0.5369791671875 0.43148148124999997 0.525 0.4379629625 0.5161458328124999 0.44907407343749994 0.515625 0.45648148125 0.5192708328125 0.46296296249999996 0.5322916671875 0.46481481406249997 0.5526041671875 0.45555555625000005
8 0.5682291671875 0.41851851875 0.5692708328125 0.41111111093749997 0.5630208328124999 0.40092592656250003 0.5479166671875 0.4046296296875 0.5427083328125 0.41203703750000004 0.54375 0.42870370312499995 0.5526041671875 0.43333333281249997 0.5635416671875 0.4268518515625 0.5682291671875 0.41851851875
8 0.6901041671875 0.290740740625 0.6880208328124999 0.2824074078125 0.68125 0.27777777812500004 0.6729166671875 0.27870370312500004 0.6619791671875 0.28796296250000003 0.6614583328125 0.29444444375 0.6651041671875 0.29907407343750003 0.6859375 0.29722222187499997 0.6901041671875 0.290740740625
8 0.3291666671875 0.253703703125 0.3255208328125 0.24722222187499998 0.3171875 0.2453703703125 0.30520833281250004 0.25555555625 0.30520833281250004 0.2611111109375 0.3114583328125 0.2629629625 0.325 0.2601851859375 0.3291666671875 0.253703703125
5 0.4770833328125 0.996296296875 0.5296875 0.9990740734375001 0.5390625 0.98148148125 0.5416666671875 0.9675925921875 0.5901041671875 0.83148148125 0.6083333328125 0.7703703703125 0.6083333328125 0.75555555625 0.5614583328125 0.728703703125 0.5484375 0.734259259375 0.5458333328125 0.74351851875 0.5369791671875 0.7518518515625 0.5307291671875001 0.775 0.5161458328124999 0.7981481484375 0.5166666671875 0.8074074078125 0.5145833328125 0.8138888890624999 0.47291666718750003 0.8925925921875001 0.46666666718750005 0.921296296875 0.45885416718750005 0.9268518515625 0.4515625 0.9583333328125001 0.4526041671875 0.975 0.45885416718750005 0.9861111109375 0.4770833328125 0.996296296875
5 0.6932291671875 0.5120370375000001 0.696875 0.50555555625 0.7130208328125 0.4361111109375 0.7125 0.4240740734375 0.69375 0.4166666671875 0.6890625 0.41944444374999995 0.6833333328125 0.4361111109375 0.6734375 0.4509259265625 0.659375 0.4824074078125 0.6546875 0.4981481484375 0.6541666671875 0.5111111109375 0.6557291671875001 0.5074074078125 0.6619791671875 0.50648148125 0.6932291671875 0.5120370375000001
1 0.93125 0.98055555625 0.9421875 0.9851851859374999 0.9447916671875 0.9990740734375001 0.9994791671875 0.9990740734375001 0.9994791671875 0.6953703703125 0.99375 0.6916666671875 0.9921875 0.696296296875 0.9864583328125001 0.6981481484375001 0.9765625 0.7240740734375 0.9692708328125 0.73148148125 0.9677083328125 0.7546296296875 0.9619791671875 0.765740740625 0.9598958328125 0.7861111109375 0.9541666671875 0.79351851875 0.9510416671874999 0.8046296296875 0.9494791671874999 0.8259259265625 0.94375 0.8453703703125001 0.9395833328125001 0.877777778125 0.940625 0.909259259375 0.9375 0.9138888890624999 0.9395833328125001 0.94351851875 0.9348958328125001 0.946296296875 0.93125 0.9620370375 0.9244791671874999 0.965740740625 0.9192708328125001 0.946296296875 0.9151041671875 0.9398148140625 0.9135416671875 0.9277777781250001 0.9052083328125 0.9111111109375001 0.8671875 0.8916666671875 0.8557291671874999 0.8898148140625001 0.8307291671874999 0.8768518515625001 0.8104166671874999 0.872222221875 0.7828125 0.859259259375 0.7557291671875 0.8518518515625001 0.7369791671875 0.8518518515625001 0.7244791671875 0.8574074078124999 0.7130208328125 0.8768518515625001 0.7046875 0.91944444375 0.696875 0.9796296296874999 0.6953125 0.9990740734375001 0.9333333328125001 0.9990740734375001 0.9302083328125 0.9879629624999999 0.93125 0.98055555625
1 0.8296875 0.8740740734375001 0.9015625 0.9083333328125001 0.9130208328125 0.9231481484374999 0.9182291671874999 0.9425925921875 0.9234375 0.9472222218749999 0.9229166671875 0.9583333328125001 0.9255208328125001 0.959259259375 0.9291666671875 0.9546296296874999 0.9265625 0.9444444437499999 0.9317708328125001 0.9351851859375 0.9354166671874999 0.9370370375 0.9375 0.925 0.9364583328125 0.9138888890624999 0.9328125 0.9101851859375 0.9328125 0.9 0.9276041671874999 0.8731481484374999 0.9296875 0.8416666671874999 0.9291666671875 0.79444444375 0.9510416671874999 0.79351851875 0.9526041671875 0.7833333328125 0.95625 0.7787037031249999 0.98125 0.7018518515625 0.9890625 0.690740740625 0.9994791671875 0.6851851859375 0.9994791671875 0.49259259218749996 0.978125 0.5129629625 0.9697916671875 0.5287037031249999 0.9598958328125 0.5601851859375 0.9411458328125001 0.6537037031249999 0.9375 0.68148148125 0.940625 0.7324074078125 0.9317708328125001 0.7509259265625 0.9265625 0.75555555625 0.921875 0.7546296296875 0.9119791671874999 0.727777778125 0.9041666671874999 0.7175925921874999 0.8302083328125001 0.6972222218749999 0.8119791671875 0.6888888890625 0.7697916671875 0.6805555562500001 0.7583333328124999 0.6870370375 0.7515625 0.6981481484375001 0.7479166671875 0.7120370375 0.7432291671875 0.7601851859375001 0.7421875 0.8175925921875 0.7479166671875 0.8425925921875 0.7515625 0.8481481484375 0.8296875 0.8740740734375001
1 0.7588541671875 0.6805555562500001 0.7786458328125 0.678703703125 0.796875 0.6824074078125 0.9078125 0.7185185187500001 0.9114583328125001 0.7166666671875 0.915625 0.7120370375 0.9239583328125001 0.690740740625 0.9296875 0.6574074078125001 0.9286458328125 0.6537037031249999 0.93125 0.6509259265625 0.9546875 0.5259259265625 0.95625 0.5018518515625 0.9588541671874999 0.49444444374999996 0.9645833328125001 0.447222221875 0.965625 0.40833333281249995 0.9625 0.3851851859375 0.9369791671875 0.396296296875 0.9385416671875 0.41944444374999995 0.9286458328125 0.42222222187499997 0.9260416671874999 0.434259259375 0.9208333328125 0.440740740625 0.9213541671875 0.465740740625 0.915625 0.47407407343749997 0.9130208328125 0.48518518593750004 0.9005208328125001 0.55648148125 0.8880208328125001 0.5870370375 0.8729166671874999 0.5768518515625 0.8375 0.5731481484375001 0.8307291671874999 0.5694444437499999 0.8255208328125001 0.5703703703125 0.8229166671874999 0.5768518515625 0.8182291671874999 0.577777778125 0.8135416671875 0.5740740734374999 0.8125 0.5629629625 0.7932291671875 0.5629629625 0.7796875 0.55648148125 0.7682291671875 0.55648148125 0.7625 0.559259259375 0.7557291671875 0.571296296875 0.7546875 0.5833333328125 0.7484375 0.60648148125 0.7453125 0.63055555625 0.7473958328125 0.6629629625 0.7520833328125 0.6740740734374999 0.7588541671875 0.6805555562500001
1 0.79375 0.5546296296875 0.8223958328125001 0.5638888890625 0.8734375 0.571296296875 0.8765625 0.5768518515625 0.8838541671875 0.578703703125 0.896875 0.5722222218749999 0.9026041671874999 0.5638888890625 0.9 0.5509259265625001 0.8989583328125 0.4990740734375 0.9083333328125001 0.4990740734375 0.9109375 0.49351851875 0.9192708328125001 0.4546296296875 0.9182291671874999 0.4509259265625 0.9208333328125 0.4453703703125 0.9213541671875 0.43333333281249997 0.928125 0.41944444374999995 0.9354166671874999 0.39444444375 0.9380208328125 0.3546296296875 0.9354166671874999 0.30555555624999997 0.93125 0.2953703703125 0.9234375 0.29351851875 0.9213541671875 0.3018518515625 0.9078125 0.309259259375 0.8994791671875 0.32685185156249996 0.8921875 0.3546296296875 0.8786458328125001 0.43333333281249997 0.8791666671874999 0.4509259265625 0.8822916671875 0.4611111109375 0.8791666671874999 0.48148148125 0.8755208328125 0.48425925937500003 0.8578125 0.4675925921875 0.7828125 0.4583333328125 0.7651041671875001 0.4611111109375 0.7578125 0.4731481484375 0.7557291671875 0.5018518515625 0.7604166671875 0.54444444375 0.7640625 0.5527777781250001 0.79375 0.5546296296875
1 0.1895833328125 0.5824074078125 0.2088541671875 0.7453703703125 0.21354166718749998 0.75 0.2182291671875 0.7398148140624999 0.21614583281250002 0.73055555625 0.2166666671875 0.7046296296875 0.20572916718749998 0.628703703125 0.20833333281250002 0.61851851875 0.1973958328125 0.5046296296875 0.1822916671875 0.41944444374999995 0.1765625 0.41203703750000004 0.1770833328125 0.4074074078125 0.1734375 0.4046296296875 0.1734375 0.43518518593750005 0.1807291671875 0.477777778125 0.18020833281249998 0.490740740625 0.1895833328125 0.5824074078125
1 0.2619791671875 0.2675925921875 0.2557291671875 0.26851851875 0.2479166671875 0.259259259375 0.2442708328125 0.22314814843750003 0.23802083281250003 0.22407407343750002 0.2322916671875 0.23055555625 0.23541666718749998 0.26574074062499997 0.234375 0.2731481484375 0.21458333281250003 0.28796296250000003 0.2125 0.29351851875 0.2125 0.3018518515625 0.2286458328125 0.2953703703125 0.259375 0.27870370312500004 0.2619791671875 0.2675925921875