7 0.1609375 0.5833333328125 0.1692708328125 0.64351851875 0.17239583281249998 0.647222221875 0.1734375 0.6620370375 0.184375 0.715740740625 0.22552083281250002 0.7259259265625 0.22916666718749998 0.7370370375 0.228125 0.7490740734375 0.24375 0.777777778125 0.22916666718749998 0.796296296875 0.21614583281250002 0.8027777781250001 0.2114583328125 0.8222222218749999 0.1895833328125 0.872222221875 0.1875 0.88148148125 0.1807291671875 0.8916666671875 0.1734375 0.9203703703125001 0.178125 0.91944444375 0.1807291671875 0.9046296296874999 0.18802083281249998 0.8888888890625 0.1932291671875 0.8870370375000001 0.196875 0.8675925921875001 0.20052083281250002 0.859259259375 0.203125 0.859259259375 0.2192708328125 0.8740740734375001 0.27005208281250004 0.8898148140625001 0.2755208328125 0.89444444375 0.2671875 0.9148148140625001 0.265625 0.9240740734375 0.26510416718749996 0.9388888890624999 0.2677083328125 0.9444444437499999 0.27291666718749996 0.9101851859375 0.2796875 0.8916666671875 0.2984375 0.8851851859375 0.3265625 0.8259259265625 0.3333333328125 0.809259259375 0.3416666671875 0.7740740734375 0.340625 0.7666666671875 0.3447916671875 0.7574074078125 0.37552083281250004 0.7675925921875 0.3927083328125 0.7675925921875 0.39375 0.74351851875 0.3817708328125 0.6416666671875 0.3770833328125 0.6203703703125 0.3776041671875 0.60555555625 0.371875 0.54351851875 0.3661458328125 0.5166666671875 0.209375 0.49351851875 0.1973958328125 0.49444444374999996 0.1890625 0.48981481406249994 0.1708333328125 0.48981481406249994 0.16354166718750002 0.4861111109375 0.1463541671875 0.48518518593750004 0.1427083328125 0.4879629625 0.1421875 0.497222221875 0.15572916718750002 0.5518518515624999 0.1578125 0.5759259265625001 0.1609375 0.5833333328125
7 0 0.7324074078125 0.0239583328125 0.7018518515625 0.0270833328125 0.6953703703125 0.0276041671875 0.6870370375 0.040625 0.690740740625 0.0447916671875 0.6888888890625 0.0479166671875 0.6824074078125 0.0015625 0.50648148125 0 0.50648148125 0 0.7324074078125
7 0.5557291671875 0.8194444437499999 0.6234375 0.8351851859374999 0.628125 0.8444444437499999 0.6244791671875001 0.8611111109375 0.6260416671875 0.8861111109375001 0.6229166671875 0.9009259265624999 0.6270833328125 0.9120370375 0.6265625 0.93148148125 0.6161458328125 0.9990740734375001 0.7854166671875 0.9990740734375001 0.7869791671875 0.98148148125 0.784375 0.9740740734375001 0.7848958328125 0.8840740734375 0.7895833328124999 0.8731481484374999 0.7989583328125 0.8740740734375001 0.8026041671874999 0.86851851875 0.8067708328125001 0.8768518515625001 0.8432291671875 0.8851851859375 0.8494791671874999 0.8833333328125 0.8723958328125001 0.60555555625 0.8723958328125001 0.5962962968750001 0.8697916671874999 0.5888888890625 0.8546875 0.584259259375 0.8421875 0.5851851859375 0.6666666671875 0.5611111109375 0.6208333328125 0.5611111109375 0.6125 0.5574074078125 0.5572916671875 0.5518518515624999 0.5484375 0.553703703125 0.546875 0.559259259375 0.5463541671875001 0.6138888890625 0.5494791671875 0.6425925921875 0.55 0.702777778125 0.5557291671875 0.8194444437499999
7 0.69375 0.3296296296875 0.6958333328124999 0.321296296875 0.7010416671875 0.3148148140625 0.7046875 0.32592592656249997 0.7166666671875 0.33055555625 0.7223958328125 0.3398148140625 0.721875 0.3601851859375 0.71875 0.3648148140625 0.7348958328124999 0.36759259218749996 0.7442708328125 0.36666666718749996 0.7442708328125 0.3425925921875 0.7463541671875 0.3333333328125 0.7515625 0.33055555625 0.775 0.3361111109375 0.7786458328125 0.3324074078125 0.7973958328124999 0.3361111109375 0.8072916671874999 0.3361111109375 0.8088541671874999 0.3333333328125 0.8114583328125 0.322222221875 0.8151041671874999 0.2740740734375 0.8145833328125001 0.23240740781250002 0.8177083328125001 0.1916666671875 0.8161458328125001 0.178703703125 0.6796875 0.177777778125 0.6666666671875 0.178703703125 0.6640625 0.1824074078125 0.6635416671875001 0.290740740625 0.6640625 0.32592592656249997 0.665625 0.328703703125 0.69375 0.3296296296875
7 0.4984375 0.321296296875 0.5010416671875 0.325 0.5015625 0.3416666671875 0.5192708328125 0.33888888906250003 0.5197916671875 0.32592592656249997 0.525 0.322222221875 0.5447916671875 0.32685185156249996 0.5744791671875 0.325 0.5729166671875 0.2166666671875 0.571875 0.19537037031249999 0.56875 0.18148148125000002 0.5171875 0.177777778125 0.44427083281249996 0.1833333328125 0.4536458328125 0.31759259218749997 0.47291666718750003 0.3203703703125 0.48854166718750003 0.31759259218749997 0.4984375 0.321296296875
7 0.3015625 0.3046296296875 0.3140625 0.31851851875000003 0.3244791671875 0.321296296875 0.328125 0.321296296875 0.3296875 0.3129629625 0.334375 0.3111111109375 0.3661458328125 0.315740740625 0.3765625 0.3138888890625 0.3765625 0.29444444375 0.365625 0.18055555625 0.2598958328125 0.1768518515625 0.2619791671875 0.20833333281250002 0.275 0.30648148124999997 0.2979166671875 0.3083333328125 0.3015625 0.3046296296875
7 0.4921875 0.1620370375 0.496875 0.1574074078125 0.5010416671875 0.1611111109375 0.5057291671875 0.1583333328125 0.5223958328125 0.1620370375 0.5536458328125 0.15925925937500002 0.5515625 0.0981481484375 0.5526041671875 0.0740740734375 0.5484375 0.0638888890625 0.4703125 0.06851851875000001 0.46875 0.071296296875 0.4692708328125 0.0916666671875 0.47447916718750005 0.1620370375 0.4921875 0.1620370375
7 0.6333333328124999 0.1620370375 0.6557291671875001 0.16388888906250001 0.6567708328124999 0.175 0.6552083328125 0.1824074078125 0.6578125 0.196296296875 0.6614583328125 0.190740740625 0.6630208328125 0.17962962968750001 0.6703125 0.17314814843749998 0.6697916671875 0.1666666671875 0.671875 0.1620370375 0.703125 0.1620370375 0.7072916671875 0.15555555625 0.7135416671875 0.15370370312499998 0.7109375 0.0953703703125 0.7041666671875 0.0888888890625 0.7046875 0.08333333281250001 0.7010416671875 0.072222221875 0.6567708328124999 0.06944444375 0.6223958328125 0.078703703125 0.6208333328125 0.08518518593749999 0.6197916671875 0.1074074078125 0.6244791671875001 0.15370370312499998 0.63125 0.1546296296875 0.6333333328124999 0.1620370375
7 0.8177083328125001 0.1620370375 0.8223958328125001 0.1703703703125 0.821875 0.1981481484375 0.834375 0.1990740734375 0.8401041671874999 0.19351851874999998 0.8364583328125 0.1898148140625 0.8359375 0.1851851859375 0.8411458328125001 0.1620370375 0.8869791671874999 0.1620370375 0.8895833328125 0.15925925937500002 0.8921875 0.1111111109375 0.8890625 0.1 0.8927083328125001 0.061111110937500004 0.8927083328125001 0.055555556250000006 0.8901041671875 0.051851851562499995 0.7979166671875 0.055555556250000006 0.790625 0.058333332812500006 0.7828125 0.0675925921875 0.7786458328125 0.1490740734375 0.7796875 0.1574074078125 0.7828125 0.1611111109375 0.8177083328125001 0.1620370375
7 0.8276041671875 0 0.8145833328125001 0.003703703125 0.80625 0.0111111109375 0.8036458328125 0.0351851859375 0.8046875 0.051851851562499995 0.8828125 0.048148148437499996 0.8848958328125001 0 0.8276041671875 0
7 0.7244791671875 0.07685185156249999 0.7296875 0.08796296249999999 0.7286458328125 0.09629629687499999 0.7317708328125 0.1 0.7359375 0.0990740734375 0.7359375 0.0888888890625 0.7411458328125 0.08055555625000001 0.7432291671875 0.071296296875 0.7515625 0.078703703125 0.7666666671875 0.075 0.7703125 0.052777778124999994 0.771875 0.0083333328125 0.7666666671875 0.002777778125 0.7489583328125 0 0.7161458328125 0.00555555625 0.7046875 0.003703703125 0.7010416671875 0.013888889062500001 0.6994791671875 0.0324074078125 0.6989583328125 0.051851851562499995 0.7140625 0.0574074078125 0.7151041671875 0.0675925921875 0.7244791671875 0.07685185156249999
7 0.6177083328124999 0.08333333281250001 0.6192708328125 0.0666666671875 0.6244791671875001 0.058333332812500006 0.665625 0.0546296296875 0.6666666671875 0.019444443750000002 0.6630208328125 0.009259259374999999 0.659375 0.0120370375 0.6541666671875 0.009259259374999999 0.64921875 0.0148148140625 0.6286458328125 0.0129629625 0.6166666671875001 0.018518518749999997 0.6036458328125 0.0166666671875 0.6005208328125 0.039814814062499995 0.6 0.0620370375 0.6036458328125 0.08333333281250001 0.615625 0.08518518593749999 0.6177083328124999 0.08333333281250001
7 0.553125 0.06851851875000001 0.5557291671875 0.07685185156249999 0.5640625 0.08333333281250001 0.5760416671875 0.08055555625000001 0.5770833328125 0.051851851562499995 0.5739583328125 0.013888889062500001 0.5546875 0.0129629625 0.5145833328125 0.018518518749999997 0.5151041671875001 0.0509259265625 0.5171875 0.0629629625 0.5468005203125 0.0620370375 0.553125 0.06851851875000001
1 0.6213541671875 0.1574074078125 0.61875 0.10370370312499999 0.6135416671875 0.09351851875 0.6072916671875 0.08796296249999999 0.5989583328125 0.0870370375 0.5864583328124999 0.0925925921875 0.5760416671875 0.1101851859375 0.5703125 0.134259259375 0.5692708328125 0.15277777812499999 0.5713541671875 0.1611111109375 0.61875 0.1620370375 0.6213541671875 0.1574074078125
1 0.6182291671875 0.3111111109375 0.61875 0.2675925921875 0.6171875 0.2518518515625 0.6109375 0.22870370312500002 0.5994791671875 0.20740740781250003 0.5864583328124999 0.197222221875 0.5739583328125 0.19444444375 0.5723958328125 0.19537037031249999 0.5729166671875 0.24351851875000002 0.5760416671875 0.3083333328125 0.6182291671875 0.3111111109375
1 0.4427083328125 0.1990740734375 0.43958333281249995 0.19444444375 0.4296875 0.1879629625 0.4171875 0.1870370375 0.40416666718750005 0.19537037031249999 0.3927083328125 0.2175925921875 0.3880208328125 0.24351851875000002 0.3890625 0.29444444375 0.45104166718750005 0.29814814843750004 0.4453125 0.21296296250000002 0.4427083328125 0.1990740734375
1 0.7973958328124999 0.575 0.8 0.5722222218749999 0.8036458328125 0.4861111109375 0.7973958328124999 0.4388888890625 0.7916666671875 0.42222222187499997 0.7776041671875 0.3953703703125 0.7614583328125 0.375 0.7515625 0.36944444375 0.7442708328125 0.3438268515625 0.7463541671875 0.3166666671875 0.74375 0.3120370375 0.728125 0.3101851859375 0.7229166671875 0.3138888890625 0.7223958328125 0.3490740734375 0.7192708328124999 0.3583333328125 0.7052083328125 0.3611111109375 0.7010416671875 0.3740740734375 0.6776041671875 0.41111111093749997 0.6651041671875 0.4546296296875 0.6604166671875 0.502777778125 0.6609375 0.55648148125 0.6640625 0.559259259375 0.7791666671875 0.5740740734374999 0.7973958328124999 0.575
1 0.4671875 0.540740740625 0.47239583281249997 0.5314814812499999 0.48229166718750005 0.534259259375 0.4848958328125 0.5314814812499999 0.5035807296875 0.5314814812499999 0.5078125 0.534259259375 0.5088541671875 0.5453703703125 0.5130208328125 0.55648148125 0.5140625 0.5370370375 0.5166666671875 0.5333333328125 0.534375 0.5388888890625 0.5479166671875 0.5481481484375 0.5734375 0.5481481484375 0.5765625 0.5074074078125 0.5755208328125 0.4574074078125 0.571875 0.415740740625 0.5588541671875 0.377777778125 0.5385416671875001 0.3481481484375 0.515625 0.3379629625 0.5057291671875 0.3379629625 0.496875 0.3425925921875 0.478125 0.36296296250000004 0.4703125 0.3851851859375 0.4635416671875 0.42592592656250006 0.46302083281249995 0.48425925937500003 0.4614583328125 0.48981481406249994 0.4609375 0.5305555562500001 0.4614583328125 0.5370370375 0.46458333281249997 0.540740740625 0.4671875 0.540740740625
1 0.4791666671875 0.6805555562500001 0.5005208328124999 0.69351851875 0.5171875 0.696296296875 0.5177083328125 0.6925925921875 0.5223958328125 0.6916666671875 0.5260416671875 0.696296296875 0.5385416671875001 0.7009259265625001 0.5489583328125 0.7009259265625001 0.5479166671875 0.6351851859375001 0.5463541671875001 0.609259259375 0.5442708328125 0.6046296296875 0.4760416671875 0.5796296296875 0.46197916718750004 0.5768518515625 0.4536458328125 0.58148148125 0.409375 0.65 0.40833333281249995 0.6537037031249999 0.4125 0.6574074078125001 0.43541666718750005 0.6629629625 0.4791666671875 0.6805555562500001
1 0.28958333281250004 0.5018518515625 0.3630208328125 0.5129629625 0.36770833281250004 0.5101851859375001 0.3661458328125 0.4296296296875 0.3625 0.3981481484375 0.3494791671875 0.3546296296875 0.33541666718749996 0.3296296296875 0.3255208328125 0.322222221875 0.3255208328125 0.29814814843750004 0.31302083281250004 0.29814814843750004 0.3140625 0.3148148140625 0.3114583328125 0.31944444375000003 0.2984375 0.325 0.2869791671875 0.3398148140625 0.2791666671875 0.3620370375 0.2755208328125 0.3925925921875 0.2744791671875 0.4203703703125 0.2791666671875 0.4824074078125 0.2822916671875 0.4981481484375 0.28958333281250004 0.5018518515625
2 0.4583333328125 0.5648148140625 0.45989583281249996 0.5518518515624999 0.45885416718750005 0.5009259265625 0.4458333328125 0.5046296296875 0.4291666671875 0.5009259265625 0.421875 0.5138888890625 0.4234375 0.5833333328125 0.42760416718750005 0.61851851875 0.4614583328125 0.5759259265625001 0.4583333328125 0.5648148140625
2 0.9953125 0.2870370375 0.9994791671875 0.2833333328125 0.9994791671875 0.172222221875 0.9932291671875 0.16944444375 0.9932291671875 0.19537037031249999 0.9838541671875 0.2796296296875 0.9859375 0.28611111093749997 0.9953125 0.2870370375
2 0.2776041671875 0.46944444374999994 0.2682291671875 0.465740740625 0.259375 0.4675925921875 0.2614583328125 0.497222221875 0.2765625 0.5 0.2822916671875 0.497222221875 0.2776041671875 0.46944444374999994
2 0.6630208328125 0.48703703750000005 0.6614583328125 0.478703703125 0.6494791671875 0.478703703125 0.6416666671875 0.4888888890625 0.6307291671875 0.5388888890625 0.6302083328125 0.5527777781250001 0.6322916671875001 0.5555555562500001 0.6588541671875 0.5555555562500001 0.6630208328125 0.48703703750000005