1 0.20833333281250002 0.6759259265625001 0.2078125 0.6888888890625 0.22135416718749998 0.74351851875 0.2203125 0.7481481484375 0.2234375 0.7574074078125 0.22395833281250002 0.76851851875 0.23020833281250003 0.7833333328125 0.23697916718749998 0.8333333328125001 0.24739583281250002 0.85648148125 0.25729166718749996 0.86851851875 0.2598958328125 0.8824074078124999 0.2552083328125 0.9009259265624999 0.2479166671875 0.9990740734375001 0.3828125 0.9990740734375001 0.3807291671875 0.98055555625 0.3729166671875 0.95648148125 0.3807291671875 0.9472222218749999 0.39010416718749996 0.9481481484375 0.4088541671875 0.9416666671874999 0.4135416671875 0.9351851859375 0.41302083281249996 0.93148148125 0.3848958328125 0.9074074078125 0.3802083328125 0.9074074078125 0.3708333328125 0.89444444375 0.3609375 0.8879629625 0.35885416718749996 0.8953703703125001 0.3453125 0.8888888890625 0.34322916718749996 0.8925925921875001 0.34427083281250004 0.9037037031249999 0.3401041671875 0.9074074078125 0.3296875 0.9064814812499999 0.3270833328125 0.9009259265624999 0.3239583328125 0.8796296296874999 0.3229166671875 0.853703703125 0.4427083328125 0.7046296296875 0.3838541671875 0.6731481484375 0.3708333328125 0.672222221875 0.3614583328125 0.6768518515624999 0.3557291671875 0.671296296875 0.346875 0.5601851859375 0.3385416671875 0.4990740734375 0.325 0.447222221875 0.3203125 0.440740740625 0.31875 0.42870370312499995 0.31197916718749996 0.415740740625 0.3005208328125 0.40277777812500004 0.2838541671875 0.39444444375 0.2598958328125 0.396296296875 0.22760416718749998 0.4268518515625 0.225 0.4361111109375 0.2203125 0.4361111109375 0.2026041671875 0.49351851875 0.19583333281249998 0.540740740625 0.196875 0.6231481484375 0.20572916718749998 0.6370370375000001 0.2052083328125 0.659259259375 0.20833333281250002 0.6759259265625001
1 0.41979166718750005 0.4240740734375 0.4265625 0.48148148125 0.4270833328125 0.50648148125 0.4390625 0.5740740734374999 0.4505208328125 0.590740740625 0.44375 0.6129629624999999 0.4322916671875 0.69351851875 0.43958333281249995 0.69351851875 0.4447916671875 0.6638888890625 0.44895833281249997 0.6611111109375 0.465625 0.66944444375 0.4661458328125 0.665740740625 0.45 0.6546296296875 0.44895833281249997 0.6490740734375 0.48072916718750003 0.6148148140624999 0.490625 0.615740740625 0.5052083328125 0.6259259265625 0.5088541671875 0.625 0.5677083328125 0.553703703125 0.5796875 0.5611111109375 0.5848958328125 0.559259259375 0.584375 0.540740740625 0.5942708328124999 0.5287037031249999 0.5958333328125 0.5129629625 0.6005208328125 0.509259259375 0.5947916671875 0.502777778125 0.5953125 0.4981481484375 0.5447916671875 0.46944444374999994 0.5359375 0.4675925921875 0.5229166671875001 0.4768518515625 0.5177083328125 0.46851851875 0.5177083328125 0.44166666718750003 0.5151041671875001 0.43333333281249997 0.5171875 0.396296296875 0.515625 0.3453703703125 0.50625 0.290740740625 0.49427083281249995 0.25648148125 0.4859375 0.24351851875000002 0.4734375 0.23518518593749999 0.4614583328125 0.23518518593749999 0.44375 0.24907407343750002 0.4375 0.259259259375 0.42552083281249997 0.2898148140625 0.42291666718750004 0.3009259265625 0.4223958328125 0.31851851875000003 0.4171875 0.3416666671875 0.41875 0.3740740734375 0.415625 0.396296296875 0.42083333281249996 0.41018518593750003 0.41979166718750005 0.4240740734375
1 0.7161458328125 0.3574074078125 0.740625 0.328703703125 0.7416666671875001 0.26944444375 0.7359375 0.20740740781250003 0.7223958328125 0.17314814843749998 0.7145833328125 0.1648148140625 0.7010416671875 0.16851851874999998 0.6927083328125 0.18148148125000002 0.6854166671875 0.20555555625 0.6791666671875001 0.24907407343750002 0.6776041671875 0.3138888890625 0.6817708328125 0.4046296296875 0.6854166671875 0.4138888890625 0.7161458328125 0.3574074078125
1 0.24479166718749998 0.2675925921875 0.23802083281250003 0.2370370375 0.2348958328125 0.2101851859375 0.2286458328125 0.1851851859375 0.2203125 0.165740740625 0.20677083281250003 0.15 0.2015625 0.1481481484375 0.1901041671875 0.15277777812499999 0.1916666671875 0.15555555625 0.1890625 0.16388888906250001 0.1890625 0.1861111109375 0.2010416671875 0.2870370375 0.2052083328125 0.28796296250000003 0.24479166718749998 0.2675925921875
7 0 0.2768518515625 0.0067708328125 0.2851851859375 0.0067708328125 0.29351851875 0.013020832812499999 0.321296296875 0.0166666671875 0.3601851859375 0.025 0.403703703125 0.0322916671875 0.403703703125 0.0489583328125 0.3925925921875 0.0640625 0.3879629625 0.08645833281250001 0.372222221875 0.0984375 0.36944444375 0.0994791671875 0.3916666671875 0.0953125 0.3916666671875 0.0927083328125 0.3990740734375 0.0822916671875 0.40648148125 0.08125 0.41203703750000004 0.1020833328125 0.4370370375 0.115625 0.44444444375 0.1520833328125 0.4296296296875 0.1770833328125 0.4129629625 0.1890625 0.40092592656250003 0.18697916718750002 0.39074074062499997 0.1619791671875 0.3759259265625 0.1677083328125 0.3296296296875 0.1776041671875 0.32685185156249996 0.1807291671875 0.31944444375000003 0.1901041671875 0.3240740734375 0.2010416671875 0.315740740625 0.1984375 0.24722222187499998 0.1875 0.1611111109375 0.18697916718750002 0.13703703750000001 0.1822916671875 0.1268518515625 0.17239583281249998 0.12592592656249998 0.0036458328125000003 0.18148148125000002 0 0.1833333328125 0 0.2768518515625
7 0.3 0.2518518515625 0.3020833328125 0.259259259375 0.3072916671875 0.259259259375 0.32760416718749996 0.24722222187499998 0.3463541671875 0.2833333328125 0.3625 0.290740740625 0.375 0.2898148140625 0.3994791671875 0.2759259265625 0.4088541671875 0.26574074062499997 0.409375 0.06944444375 0.4078125 0.051851851562499995 0.3057291671875 0.08518518593749999 0.296875 0.0898148140625 0.29375 0.0953703703125 0.2916666671875 0.12222222187500001 0.2958333328125 0.14444444375 0.29635416718749996 0.197222221875 0.3 0.2518518515625
7 0.46770833281249996 0.1888888890625 0.4703125 0.1925925921875 0.4921875 0.2 0.5026041671875 0.2009259265625 0.5265625 0.1888888890625 0.5291666671875 0.18055555625 0.525 0.1824074078125 0.5052083328125 0.16944444375 0.5036458328125 0.1490740734375 0.5270833328125 0.134259259375 0.5286458328125 0.00555555625 0.5166666671875 0.00648148125 0.44895833281249997 0.03148148125 0.4484375 0.1629629625 0.45 0.17314814843749998 0.4635416671875 0.16944444375 0.46770833281249996 0.1888888890625
7 0.2328125 0 0.2401041671875 0.097222221875 0.2453125 0.0990740734375 0.2666666671875 0.0888888890625 0.271875 0.0898148140625 0.2802083328125 0.0981481484375 0.28072916718749996 0.109259259375 0.2869791671875 0.1129629625 0.2890625 0.1074074078125 0.2880208328125 0.090277778125 0.29375 0.08055555625000001 0.3114583328125 0.0731481484375 0.3078125 0 0.2328125 0
7 0.13125 0 0.0916666671875 0.0083333328125 0.0848958328125 0.0148148140625 0.0953125 0.1129629625 0.0994791671875 0.134259259375 0.1078125 0.1379629625 0.11041666718750001 0.13333333281249998 0.1213541671875 0.13148148125 0.1265625 0.13981481406250001 0.1588541671875 0.1296296296875 0.1734375 0.12222222187500001 0.1776041671875 0.1166666671875 0.1859375 0.1148148140625 0.1942708328125 0.10370370312499999 0.1859375 0 0.13125 0
7 0 0.18055555625 0.0411458328125 0.165740740625 0.0578125 0.1546296296875 0.055208332812500004 0.1268518515625 0.05 0.10648148125000001 0.05 0.09629629687499999 0.054166667187499996 0.0916666671875 0.05 0.08796296249999999 0.0416666671875 0.030555556249999997 0.0322916671875 0.027777778125000003 0 0.0351851859375 0 0.18055555625
7 0.7364583328125 0.66944444375 0.7385416671875 0.6740740734374999 0.771875 0.7018518515625 0.8322916671874999 0.7416666671875001 0.8421875 0.7361111109375 0.85 0.7240740734375 0.85625 0.722222221875 0.875 0.68148148125 0.8776041671874999 0.671296296875 0.8760416671875 0.6481481484375 0.8666666671875 0.628703703125 0.8140625 0.6009259265625 0.8114583328125 0.5953703703125 0.8114583328125 0.5824074078125 0.8140625 0.5398148140625 0.8166666671874999 0.527777778125 0.8333333328125001 0.50648148125 0.8526041671875 0.46851851875 0.865625 0.45185185156249996 0.871875 0.4388888890625 0.8677083328125 0.4361111109375 0.8598958328125 0.41851851875 0.8598958328125 0.4138888890625 0.8744791671875 0.340740740625 0.8744791671875 0.3333333328125 0.8692708328125001 0.315740740625 0.8760416671875 0.2666666671875 0.8796875 0.2601851859375 0.8817708328125 0.24351851875000002 0.8776041671874999 0.2388888890625 0.86875 0.2416666671875 0.7625 0.3796296296875 0.7145833328125 0.6731481484375 0.7145833328125 0.6796296296875 0.721875 0.6861111109375 0.7303385421875 0.6729166671875 0.7364583328125 0.66944444375
7 0.8489583328125001 0.4703703703125 0.8463541671874999 0.48148148125 0.8494791671874999 0.4861111109375 0.8848958328125001 0.5046296296875 0.9223958328125 0.521296296875 0.9286458328125 0.521296296875 0.9395833328125001 0.5129629625 0.9510416671874999 0.4916666671875 0.9552083328125001 0.475 0.9526041671875 0.4546296296875 0.9505208328125001 0.45 0.9395833328125001 0.44351851875000003 0.9338541671874999 0.44444444375 0.9041666671874999 0.434259259375 0.9005208328125001 0.4166666671875 0.9036458328125001 0.3740740734375 0.9078125 0.372222221875 0.909375 0.3620370375 0.9161458328125001 0.35 0.9213541671875 0.33148148125 0.9369791671875 0.225 0.9390625 0.20370370312500002 0.9338541671874999 0.19351851874999998 0.9317708328125001 0.18148148125000002 0.9369791671875 0.134259259375 0.9286458328125 0.134259259375 0.8729166671874999 0.21203703749999997 0.8692708328125001 0.222222221875 0.86875 0.36944444375 0.853125 0.44351851875000003 0.8520833328125 0.4675925921875 0.8489583328125001 0.4703703703125
7 0.9432291671874999 0.2851851859375 0.9411458328125001 0.2953703703125 0.9546875 0.302777778125 0.9994791671875 0.3138888890625 0.9994791671875 0.06851851875000001 0.9875 0.0870370375 0.959375 0.2629629625 0.9557291671874999 0.272222221875 0.9489583328125001 0.275 0.9432291671874999 0.2851851859375
5 0.5682291671875 0.615740740625 0.5953125 0.575 0.5760416671875 0.565740740625 0.5692708328125 0.565740740625 0.5630208328124999 0.5703703703125 0.42604166718750003 0.74351851875 0.4234375 0.75 0.42395833281249995 0.75648148125 0.446875 0.76944444375 0.5682291671875 0.615740740625
5 0.7364583328125 0.38333333281250004 0.7203125 0.38333333281250004 0.7119791671875 0.39074074062499997 0.65 0.46944444374999994 0.6375 0.48981481406249994 0.6380208328125 0.497222221875 0.6510416671875 0.497222221875 0.7291666671875 0.396296296875 0.7364583328125 0.38333333281250004
5 0.7755208328125 0.3361111109375 0.8010416671874999 0.30740740781250003 0.8369791671875 0.259259259375 0.8125 0.25648148125 0.8026041671874999 0.26203703749999996 0.7520833328125 0.32592592656249997 0.7515625 0.33148148125 0.7557291671875 0.3379629625 0.7614583328125 0.3324074078125 0.7755208328125 0.3361111109375
8 0.3848958328125 0.8509259265625 0.4078125 0.8222222218749999 0.4109375 0.8138888890624999 0.3807291671875 0.7981481484375 0.3671875 0.8055555562500001 0.3583333328125 0.825 0.3572916671875 0.840740740625 0.3630208328125 0.8546296296874999 0.3807291671875 0.8638888890624999 0.3848958328125 0.8509259265625
8 0.640625 0.515740740625 0.6302083328125 0.5074074078125 0.6223958328125 0.5074074078125 0.6119791671875 0.515740740625 0.609375 0.5240740734375 0.6088541671875001 0.5361111109375 0.6119791671875 0.5416666671875 0.6192708328125 0.5453703703125 0.640625 0.515740740625
8 0.7666666671875 0.3324074078125 0.7572916671875001 0.3324074078125 0.7526041671875 0.3351851859375 0.7479166671875 0.3453703703125 0.7489583328125 0.35648148125 0.75625 0.3601851859375 0.7739583328124999 0.33703703749999997 0.7666666671875 0.3324074078125
2 0.08854166718749999 0.8888888890625 0.1119791671875 0.872222221875 0.1130208328125 0.8611111109375 0.11875 0.85 0.121875 0.8518518515625001 0.12291666718750001 0.8574074078124999 0.1442708328125 0.8416666671874999 0.1463541671875 0.834259259375 0.1442708328125 0.8166666671874999 0.1421875 0.8101851859375 0.1395833328125 0.8111111109375001 0.134375 0.803703703125 0.134375 0.7981481484375 0.1380208328125 0.7898148140625 0.1390625 0.775 0.11875 0.6398148140625 0.0953125 0.602777778125 0.0822916671875 0.5925925921874999 0.0796875 0.5851851859375 0.06770833281250001 0.5870370375 0.0375 0.6083333328125 0.0385416671875 0.6268518515625 0.050520832812500006 0.7 0.0838541671875 0.8879629625 0.08854166718749999 0.8888888890625
2 0.0645833328125 0.1601851859375 0.0817708328125 0.1546296296875 0.0875 0.1490740734375 0.1052083328125 0.1453703703125 0.0984375 0.1351851859375 0.0921875 0.09629629687499999 0.08854166718749999 0.0888888890625 0.0723958328125 0.075 0.058854167187499994 0.0740740734375 0.051041667187499994 0.07962962968750001 0.0494791671875 0.0916666671875 0.050520832812500006 0.1046296296875 0.058854167187499994 0.1574074078125 0.0645833328125 0.1601851859375
2 0.3515625 0.622222221875 0.3578125 0.6361111109375 0.3619791671875 0.6268518515625 0.3625 0.6175925921875 0.35989583281250004 0.58148148125 0.3609375 0.5620370375 0.3572916671875 0.5379629625 0.3536458328125 0.477777778125 0.3458333328125 0.4583333328125 0.3369791671875 0.45 0.3302083328125 0.44629629687500005 0.3291666671875 0.44907407343749994 0.3291666671875 0.465740740625 0.3395833328125 0.50555555625 0.3427083328125 0.5268518515625 0.3515625 0.622222221875
2 0.5104166671875 0.48518518593750004 0.5057291671875 0.459259259375 0.50625 0.44629629687500005 0.5036458328125 0.43240740781250003 0.4953125 0.434259259375 0.4817708328125 0.44629629687500005 0.48229166718750005 0.4953703703125 0.484375 0.50648148125 0.5057291671875 0.4916666671875 0.5104166671875 0.48518518593750004