2 0.7947916671875 0.7833333328125 0.7901041671875 0.7870370375 0.7901041671875 0.796296296875 0.7869791671875 0.8009259265625 0.7916666671875 0.815740740625 0.790625 0.834259259375 0.7989583328125 0.8268518515625001 0.8125 0.8046296296875 0.8208333328125 0.7796296296875 0.825 0.69351851875 0.8369791671875 0.6379629625 0.8380208328125001 0.6296296296875 0.8364583328125 0.6259259265625 0.8296875 0.627777778125 0.8088541671874999 0.6574074078125001 0.7989583328125 0.6611111109375 0.79375 0.709259259375 0.7932291671875 0.727777778125 0.8041666671875 0.7388888890625 0.8010416671874999 0.7629629625 0.7947916671875 0.7833333328125
2 0.128125 0.6666666671875 0.1307291671875 0.6870370375 0.165625 0.66944444375 0.2078125 0.6370370375000001 0.209375 0.61851851875 0.2125 0.6129629624999999 0.2140625 0.5916666671875 0.2208333328125 0.5629629625 0.1260416671875 0.6166666671875001 0.1223958328125 0.6231481484375 0.1234375 0.63148148125 0.11614583281249999 0.640740740625 0.11041666718750001 0.640740740625 0.1098958328125 0.646296296875 0.11927083281249999 0.6629629625 0.12395833281249999 0.659259259375 0.128125 0.6666666671875
8 0.1734375 0.4675925921875 0.1776041671875 0.4611111109375 0.1760416671875 0.4509259265625 0.16875 0.44259259218749997 0.1541666671875 0.44444444375 0.1447916671875 0.45277777812500003 0.14375 0.45555555625000005 0.146875 0.46388888906250003 0.1609375 0.4703703703125 0.1734375 0.4675925921875
8 0.353125 0.3611111109375 0.35208333281250004 0.3509259265625 0.346875 0.34444444375 0.3322916671875 0.34629629687499996 0.3260416671875 0.353703703125 0.3270833328125 0.3601851859375 0.3375 0.3648148140625 0.3494791671875 0.3648148140625 0.353125 0.3611111109375
8 0.475 0.33055555625 0.47447916718750005 0.322222221875 0.46666666718750005 0.3148148140625 0.45520833281249995 0.3166666671875 0.4505208328125 0.322222221875 0.45104166718750005 0.3296296296875 0.45885416718750005 0.3333333328125 0.4692708328125 0.3351851859375 0.475 0.33055555625
8 0.584375 0.83148148125 0.5880208328125 0.827777778125 0.5901041671875 0.8148148140625 0.5890625 0.7990740734374999 0.5817708328125 0.7787037031249999 0.5765625 0.772222221875 0.5692708328125 0.76851851875 0.5572916671875 0.76944444375 0.5421875 0.7824074078125001 0.5427083328125 0.7953703703125 0.5635416671875 0.8222222218749999 0.5770833328125 0.83148148125 0.584375 0.83148148125
8 0.6760416671875 0.6083333328125 0.6833333328125 0.6083333328125 0.6880208328124999 0.602777778125 0.6880208328124999 0.590740740625 0.6854166671875 0.5833333328125 0.6739583328125 0.5703703703125 0.6536458328125 0.5694444437499999 0.6458333328125 0.577777778125 0.6453125 0.5879629625 0.65 0.5944444437499999 0.6598958328125 0.597222221875 0.6760416671875 0.6083333328125
8 0.8421875 0.4861111109375 0.8411458328125001 0.4703703703125 0.8338541671874999 0.4620370375 0.8223958328125001 0.459259259375 0.8098958328125001 0.4611111109375 0.8026041671874999 0.46851851875 0.8057291671875 0.477777778125 0.8208333328125 0.4861111109375 0.8322916671874999 0.48981481406249994 0.8421875 0.4861111109375
7 0.5567708328125 0.6018518515625 0.553125 0.6148148140624999 0.5609375 0.622222221875 0.565625 0.63148148125 0.5776041671875001 0.6324074078125 0.6166666671875001 0.6518518515625 0.6239583328125 0.6509259265625 0.6489583328124999 0.622222221875 0.6526041671875 0.6148148140624999 0.6520833328125 0.6074074078125 0.6307291671875 0.5879629625 0.6244791671875001 0.5879629625 0.6203125 0.58055555625 0.6223958328125 0.5740740734374999 0.6401041671875001 0.553703703125 0.665625 0.5287037031249999 0.6619791671875 0.3453703703125 0.6536458328125 0.3453703703125 0.5947916671875 0.3861111109375 0.5635416671875 0.409259259375 0.55 0.42592592656250006 0.5484375 0.44629629687500005 0.5510416671875 0.4481481484375 0.5578125 0.5305555562500001 0.5567708328125 0.6018518515625
7 0.6942708328125 0.48148148125 0.7161458328125 0.4953703703125 0.7505208328124999 0.5083333328124999 0.7557291671875 0.5083333328124999 0.7739583328124999 0.49444444374999996 0.7791666671875 0.4861111109375 0.7786458328125 0.48148148125 0.7666666671875 0.4703703703125 0.753125 0.465740740625 0.75 0.4583333328125 0.7515625 0.45370370312499997 0.7911458328125 0.41944444374999995 0.7885416671875001 0.2666666671875 0.7828125 0.26574074062499997 0.7515625 0.2824074078125 0.709375 0.30648148124999997 0.7052083328125 0.3138888890625 0.7088541671875 0.45277777812500003 0.70625 0.4611111109375 0.69375 0.4703703703125 0.6942708328125 0.48148148125
7 0.3375 0.6851851859375 0.3421875 0.69351851875 0.3401041671875 0.7083333328125 0.3572916671875 0.8120370375 0.3625 0.8129629625 0.3838541671875 0.7925925921875 0.3885416671875 0.7925925921875 0.40625 0.8111111109375001 0.43645833281249996 0.8324074078124999 0.44739583281249995 0.8268518515625001 0.465625 0.8101851859375 0.49427083281249995 0.777777778125 0.4947916671875 0.7703703703125 0.48020833281249997 0.7398148140624999 0.46666666718750005 0.728703703125 0.46302083281249995 0.7296296296875 0.46197916718750004 0.725 0.46458333281249997 0.7185185187500001 0.5234375 0.6629629625 0.521875 0.6148148140624999 0.5166666671875 0.597222221875 0.5192708328125 0.590740740625 0.5192708328125 0.5824074078125 0.5119791671875 0.5083333328124999 0.5114583328125 0.4611111109375 0.509375 0.44444444375 0.48541666718750004 0.45185185156249996 0.3838541671875 0.5166666671875 0.334375 0.5527777781250001 0.3328125 0.565740740625 0.33541666718749996 0.6240740734375 0.3395833328125 0.6574074078125001 0.3375 0.6851851859375
7 0 0.9990740734375001 0.1463541671875 0.9990740734375001 0.1520833328125 0.996296296875 0.1734375 0.9990740734375001 0.2010416671875 0.9833333328125 0.2046875 0.9740740734375001 0.246875 0.9416666671874999 0.2869791671875 0.9055555562500001 0.2859375 0.8740740734375001 0.2645833328125 0.64444444375 0.2630208328125 0.6296296296875 0.2609375 0.6268518515625 0.25052083281250004 0.6259259265625 0.1848958328125 0.6583333328125 0.1578125 0.6759259265625001 0.14895833281249998 0.6870370375 0.134375 0.6898148140625 0.125 0.6990740734374999 0.0947916671875 0.7175925921874999 0.0479166671875 0.734259259375 0.0380208328125 0.7425925921875 0 0.7620370375000001 0 0.9990740734375001
7 0 0.42314814843750004 0.0020833328125000002 0.42314814843750004 0.007291667187500001 0.43518518593750005 0.013020832812499999 0.46296296249999996 0.071875 0.4388888890625 0.0796875 0.47592592656250005 0.096875 0.4703703703125 0.09895833281250001 0.4675925921875 0.1015625 0.45 0.09895833281250001 0.43333333281249997 0.10260416718750001 0.427777778125 0.1552083328125 0.403703703125 0.1572916671875 0.4 0.1520833328125 0.3416666671875 0.1484375 0.32592592656249997 0.14010416718750002 0.252777778125 0.13333333281249998 0.25 0.1135416671875 0.25555555625 0 0.2898148140625 0 0.42314814843750004
7 0.2130208328125 0.36944444375 0.21614583281250002 0.3759259265625 0.2265625 0.3740740734375 0.2364583328125 0.3879629625 0.259375 0.3981481484375 0.2796875 0.3925925921875 0.2979166671875 0.38055555625 0.2947916671875 0.371296296875 0.2875 0.3638888890625 0.2854166671875 0.35 0.3182291671875 0.334259259375 0.32083333281250004 0.3296296296875 0.3104166671875 0.21296296250000002 0.3072916671875 0.20370370312500002 0.2932291671875 0.2046296296875 0.20052083281250002 0.23148148124999998 0.1994791671875 0.2416666671875 0.20729166718749997 0.3138888890625 0.2078125 0.3361111109375 0.2130208328125 0.36944444375
7 0.4046875 0.33703703749999997 0.42395833281249995 0.32592592656249997 0.4135416671875 0.3138888890625 0.4078125 0.3120370375 0.40729166718750004 0.3 0.440625 0.284259259375 0.4348958328125 0.16944444375 0.4244791671875 0.16944444375 0.3494791671875 0.1898148140625 0.3572916671875 0.3138888890625 0.3703125 0.3296296296875 0.3947916671875 0.33888888906250003 0.4046875 0.33703703749999997
7 0.1166666671875 0.22777777812500002 0.1291666671875 0.2259259265625 0.134375 0.23240740781250002 0.15 0.22777777812500002 0.1552083328125 0.234259259375 0.159375 0.23240740781250002 0.1630208328125 0.225 0.175 0.2259259265625 0.1989583328125 0.2175925921875 0.1984375 0.184259259375 0.1916666671875 0.1175925921875 0.1890625 0.1120370375 0.1130208328125 0.12222222187500001 0.1067708328125 0.12592592656249998 0.1046875 0.134259259375 0.1041666671875 0.1453703703125 0.10729166718750001 0.1583333328125 0.1130208328125 0.2166666671875 0.1166666671875 0.22777777812500002
7 0.09895833281250001 0.14444444375 0.1046875 0.13888888906250002 0.10625 0.12592592656249998 0.11041666718750001 0.12222222187500001 0.10729166718750001 0.08333333281250001 0.103125 0.0666666671875 0.0322916671875 0.0759259265625 0.0375 0.1268518515625 0.0421875 0.1481481484375 0.0447916671875 0.15092592656249998 0.09895833281250001 0.14444444375
5 0.21197916718749998 0.5287037031249999 0.2182291671875 0.521296296875 0.209375 0.5148148140625 0.1963541671875 0.5148148140625 0.1291666671875 0.553703703125 0.11822916718750001 0.55648148125 0.0614583328125 0.5879629625 0.05625 0.602777778125 0.0557291671875 0.6083333328125 0.0578125 0.6120370375 0.0770833328125 0.60555555625 0.21197916718749998 0.5287037031249999
5 0.20208333281250002 0.2824074078125 0.196875 0.275 0.1473958328125 0.2953703703125 0.1463541671875 0.3083333328125 0.15 0.321296296875 0.20416666718749998 0.302777778125 0.20208333281250002 0.2824074078125
5 0.1130208328125 0.2166666671875 0.11041666718750001 0.20277777812500003 0.10729166718750001 0.1990740734375 0.060416667187499995 0.21296296250000002 0.05989583281250001 0.21944444375 0.06770833281250001 0.2296296296875 0.1088541671875 0.221296296875 0.1130208328125 0.2166666671875
1 0.9994791671875 0.9990740734375001 0.9994791671875 0.9148148140625001 0.8776041671874999 0.8268518515625001 0.859375 0.8268518515625001 0.8520833328125 0.83148148125 0.828125 0.8675925921875001 0.8026041671874999 0.9148148140625001 0.7994791671875 0.9277777781250001 0.8005208328125001 0.95555555625 0.8046875 0.9759259265625 0.8338541671874999 0.9990740734375001 0.9994791671875 0.9990740734375001
1 0.7921875 0.9731481484375 0.771875 0.977777778125 0.7588541671875 0.99351851875 0.7567708328125 0.9990740734375001 0.8307291671874999 0.9990740734375001 0.8067708328125001 0.977777778125 0.7921875 0.9731481484375
1 0.2244791671875 0.6370370375000001 0.2557291671875 0.621296296875 0.26510416718749996 0.63055555625 0.2682291671875 0.65 0.2671875 0.6620370375 0.2708333328125 0.6981481484375001 0.275 0.725 0.2786458328125 0.728703703125 0.2791666671875 0.7620370375000001 0.2864583328125 0.7509259265625 0.3291666671875 0.7240740734375 0.3338541671875 0.728703703125 0.3395833328125 0.759259259375 0.34322916718749996 0.759259259375 0.3416666671875 0.7333333328125 0.3380208328125 0.728703703125 0.3338541671875 0.7074074078125 0.3338541671875 0.665740740625 0.3359375 0.6611111109375 0.3359375 0.646296296875 0.3317708328125 0.584259259375 0.3328125 0.54444444375 0.32864583281250004 0.527777778125 0.3244791671875 0.5203703703125 0.3239583328125 0.515740740625 0.3270833328125 0.5111111109375 0.321875 0.5009259265625 0.3072916671875 0.48981481406249994 0.2875 0.4879629625 0.25833333281250004 0.5074074078125 0.24375 0.5296296296875 0.23541666718749998 0.5370370375 0.22760416718749998 0.559259259375 0.2203125 0.5722222218749999 0.2171875 0.590740740625 0.2166666671875 0.6148148140624999 0.21354166718749998 0.6268518515625 0.21510416718749997 0.6379629625 0.2244791671875 0.6370370375000001
1 0.471875 0.4601851859375 0.47760416718750004 0.4546296296875 0.478125 0.44166666718750003 0.471875 0.42314814843750004 0.4625 0.409259259375 0.4479166671875 0.4046296296875 0.4348958328125 0.40833333281249995 0.4057291671875 0.4388888890625 0.3953125 0.46851851875 0.3921875 0.47222222187499996 0.3864583328125 0.4981481484375 0.3854166671875 0.50648148125 0.3880208328125 0.5120370375000001 0.41197916718750005 0.4990740734375 0.471875 0.4601851859375
1 0.525 0.5962962968750001 0.5260416671875 0.602777778125 0.5239583328124999 0.6111111109375 0.5255208328125 0.6120370375 0.5385416671875001 0.5990740734375 0.5427083328125 0.590740740625 0.5390625 0.584259259375 0.5421875 0.578703703125 0.5505208328125 0.5768518515625 0.55625 0.58055555625 0.5588541671875 0.56851851875 0.55625 0.434259259375 0.5520833328125 0.42592592656250006 0.55625 0.4148148140625 0.5953125 0.3861111109375 0.596875 0.384259259375 0.5958333328125 0.3796296296875 0.5916666671875 0.3731481484375 0.5786458328124999 0.3638888890625 0.5661458328125 0.3648148140625 0.5515625 0.3759259265625 0.5395833328124999 0.3916666671875 0.5317708328124999 0.40833333281249995 0.5255208328125 0.4240740734375 0.515625 0.4620370375 0.515625 0.5175925921875 0.5192708328125 0.5490740734374999 0.5208333328125 0.5879629625 0.525 0.5962962968750001