7 0.3109375 0.63055555625 0.3125 0.6166666671875001 0.31875 0.5953703703125 0.328125 0.5796296296875 0.3302083328125 0.565740740625 0.3369791671875 0.5601851859375 0.3375 0.55 0.3479166671875 0.525 0.3463541671875 0.5203703703125 0.35104166718749996 0.5138888890625 0.3494791671875 0.4861111109375 0.3447916671875 0.48333333281249996 0.34427083281250004 0.4796296296875 0.3447916671875 0.46851851875 0.3479166671875 0.465740740625 0.3453125 0.427777778125 0.3416666671875 0.41851851875 0.34322916718749996 0.41203703750000004 0.3427083328125 0.38055555625 0.3380208328125 0.33703703749999997 0.3296875 0.34444444375 0.32760416718749996 0.35555555625 0.3239583328125 0.3611111109375 0.3213541671875 0.35925925937500003 0.3104166671875 0.36851851875 0.3088541671875 0.3740740734375 0.2848958328125 0.40648148125 0.2989583328125 0.5870370375 0.2979166671875 0.627777778125 0.30625 0.6379629625 0.3109375 0.63055555625
7 0.34322916718749996 0.3768518515625 0.3536458328125 0.5138888890625 0.3572916671875 0.5111111109375 0.3572916671875 0.503703703125 0.359375 0.5 0.365625 0.49444444374999996 0.3890625 0.4388888890625 0.3770833328125 0.29444444375 0.3729166671875 0.2916666671875 0.36666666718749996 0.29722222187499997 0.3453125 0.3203703703125 0.3375 0.3333333328125 0.3385416671875 0.33703703749999997 0.33645833281250004 0.340740740625 0.3390625 0.3425925921875 0.34322916718749996 0.3768518515625
7 0.40052083281249995 0.4240740734375 0.4078125 0.4046296296875 0.415625 0.396296296875 0.421875 0.38055555625 0.4192708328125 0.2611111109375 0.415625 0.25648148125 0.4114583328125 0.259259259375 0.3854166671875 0.28611111093749997 0.3859375 0.3861111109375 0.3895833328125 0.43148148124999997 0.3921875 0.4370370375 0.40052083281249995 0.4240740734375
7 0.40416666718750005 0.2833333328125 0.4015625 0.27870370312500004 0.40520833281249996 0.272222221875 0.4166666671875 0.26203703749999996 0.4203125 0.28611111093749997 0.42395833281249995 0.36944444375 0.42760416718750005 0.38055555625 0.4515625 0.3518518515625 0.45520833281249995 0.3361111109375 0.46458333281249997 0.315740740625 0.4583333328125 0.3083333328125 0.4635416671875 0.3018518515625 0.4578125 0.296296296875 0.45 0.2703703703125 0.44739583281249995 0.2296296296875 0.43958333281249995 0.23148148124999998 0.42291666718750004 0.24351851875000002 0.4015625 0.2703703703125 0.3885416671875 0.28148148125 0.3895833328125 0.28796296250000003 0.3953125 0.284259259375 0.4 0.28796296250000003 0.40416666718750005 0.2833333328125
7 0.45520833281249995 0.3333333328125 0.465625 0.3296296296875 0.4661458328125 0.3203703703125 0.4703125 0.3138888890625 0.471875 0.21203703749999997 0.47083333281249995 0.209259259375 0.4640625 0.21203703749999997 0.446875 0.2296296296875 0.4515625 0.29814814843750004 0.45729166718750003 0.315740740625 0.45729166718750003 0.32777777812500003 0.45520833281249995 0.3333333328125
7 0.8114583328125 0.5953703703125 0.821875 0.6416666671875 0.8223958328125001 0.6537037031249999 0.8296875 0.66944444375 0.8286458328125 0.6777777781250001 0.8333333328125001 0.678703703125 0.8484375 0.6981481484375001 0.85625 0.6972222218749999 0.8567708328125001 0.5756175921875 0.8598958328125 0.48703703750000005 0.8578125 0.4296296296875 0.8182291671874999 0.38148148125 0.7947916671875 0.3453703703125 0.7911458328125 0.34444444375 0.7890625 0.352777778125 0.7895833328124999 0.3898148140625 0.7859375 0.4796296296875 0.7875 0.5111111109375 0.7854166671875 0.525 0.790625 0.55 0.8114583328125 0.5953703703125
7 0.7838541671875 0.5231481484375 0.7859375 0.5129629625 0.7854166671875 0.45 0.790625 0.33888888906250003 0.7625 0.29814814843750004 0.7552083328125 0.2953703703125 0.7526041671875 0.3 0.7541666671875 0.42870370312499995 0.7578125 0.4481481484375 0.78125 0.5203703703125 0.7838541671875 0.5231481484375
7 0.7458333328125 0.41203703750000004 0.7494791671875001 0.4138888890625 0.7526041671875 0.4074074078125 0.7520833328125 0.3129629625 0.75625 0.2925925921875 0.771875 0.3101851859375 0.7744791671875 0.290740740625 0.7364583328125 0.253703703125 0.7338541671875001 0.2546296296875 0.7322916671875 0.2601851859375 0.73125 0.38055555625 0.7359375 0.3953703703125 0.7447916671875 0.40648148125 0.7458333328125 0.41203703750000004
7 0.7192708328124999 0.384259259375 0.7244791671875 0.3925925921875 0.7302083328125 0.3953703703125 0.7322916671875 0.3851851859375 0.7307291671875 0.3731481484375 0.7307291671875 0.3083333328125 0.7328125 0.2518518515625 0.7203125 0.23611111093749998 0.7119791671875 0.23611111093749998 0.7109375 0.24814814843750002 0.7083333328125 0.2509259265625 0.7057291671875 0.27870370312500004 0.70625 0.340740740625 0.7083333328125 0.3490740734375 0.7125 0.353703703125 0.7192708328124999 0.384259259375
7 0.7078125 0.2379629625 0.7098958328125 0.23240740781250002 0.7161458328125 0.2296296296875 0.7166666671875 0.225 0.6958333328124999 0.20555555625 0.6932291671875 0.209259259375 0.6921875 0.234259259375 0.6932291671875 0.3083333328125 0.7010416671875 0.3166666671875 0.7046875 0.3120370375 0.7078125 0.2379629625
1 0.5588541671875 0.54351851875 0.5645833328125 0.5546296296875 0.565625 0.5296296296875 0.5640625 0.515740740625 0.56875 0.509259259375 0.5661458328125 0.50648148125 0.5682291671875 0.5018518515625 0.56875 0.48333333281249996 0.5734375 0.46944444374999994 0.5822916671875 0.465740740625 0.6125 0.4675925921875 0.6161458328125 0.4611111109375 0.621875 0.4620370375 0.6234375 0.465740740625 0.6265625 0.46296296249999996 0.6307291671875 0.4509259265625 0.6364583328125 0.3768518515625 0.6364583328125 0.322222221875 0.6317708328125 0.31944444375000003 0.6229166671875 0.3296296296875 0.61875 0.352777778125 0.6151041671875 0.40833333281249995 0.6039932296875 0.41851851875 0.5682291671875 0.4175925921875 0.5578125 0.4203703703125 0.553125 0.42314814843750004 0.5505208328125 0.4296296296875 0.5489583328125 0.4388888890625 0.55 0.4583333328125 0.5598958328125 0.47407407343749997 0.5588541671875 0.54351851875
1 0.6458333328125 0.5296296296875 0.65 0.5231481484375 0.6489583328124999 0.5166666671875 0.6505208328125 0.5138888890625 0.6453125 0.5175925921875 0.6427083328125 0.502777778125 0.6458333328125 0.4953703703125 0.6583333328125 0.48148148125 0.6609375 0.46481481406249997 0.6651041671875 0.4546296296875 0.6609375 0.44166666718750003 0.6645833328124999 0.41944444374999995 0.6661458328125 0.3601851859375 0.65625 0.36944444375 0.6526041671875 0.4 0.6161458328125 0.46851851875 0.5765625 0.46944444374999994 0.5708333328124999 0.477777778125 0.565625 0.4990740734375 0.5661458328125 0.5138888890625 0.5697916671875001 0.522222221875 0.5744791671875 0.525 0.6458333328125 0.5296296296875
1 0.6557291671875001 0.6074074078125 0.6661458328125 0.602777778125 0.6651041671875 0.5851851859375 0.6671875 0.5453703703125 0.6609375 0.5370370375 0.5911458328125 0.5268518515625 0.5838541671875 0.5305555562500001 0.5791666671875 0.540740740625 0.5770833328125 0.565740740625 0.5765625 0.5898148140624999 0.5770833328125 0.5953703703125 0.5796875 0.597222221875 0.6557291671875001 0.6074074078125
1 0.5828125 0.6953703703125 0.5927083328125 0.6925925921875 0.653125 0.696296296875 0.6578125 0.7046296296875 0.6692708328125 0.7009259265625001 0.6734375 0.6925925921875 0.675 0.6824074078125 0.675 0.672222221875 0.6713541671875001 0.6574074078125001 0.675 0.652777778125 0.6755208328125 0.6370370375000001 0.678125 0.634259259375 0.6864583328125 0.58055555625 0.690625 0.5666666671875 0.6984375 0.48333333281249996 0.696875 0.4611111109375 0.6989583328125 0.44629629687500005 0.6932291671875 0.4129629625 0.6890625 0.41203703750000004 0.6864583328125 0.42129629687500003 0.68125 0.427777778125 0.6760416671875 0.4481481484375 0.6713541671875001 0.5425925921875 0.6666666671875 0.5740740734374999 0.6666666671875 0.6148148140624999 0.6619791671875 0.6203703703125 0.653125 0.60648148125 0.5776041671875001 0.5990740734375 0.5666666671875 0.6083333328125 0.5609375 0.640740740625 0.5614583328125 0.6731481484375 0.5671875 0.6870370375 0.5734375 0.6916666671875 0.5828125 0.6953703703125
1 0.5723958328125 0.8421296296874999 0.5713541671875 0.9990740734375001 0.5765625 0.9990740734375001 0.5770833328125 0.9953703703125001 0.578125 0.9083333328125001 0.5822916671875 0.8981481484374999 0.5854166671875001 0.897222221875 0.6661458328125 0.9074074078125 0.6744791671875 0.9037037031249999 0.6807291671875 0.9175925921875001 0.6984375 0.9990740734375001 0.7046875 0.9990740734375001 0.6927083328125 0.9425925921875 0.6921875 0.9370370375 0.7010416671875 0.9324074078125 0.7015625 0.928703703125 0.6953125 0.902777778125 0.69375 0.8759259265624999 0.6875 0.85 0.6973958328125 0.828703703125 0.703125 0.8027777781250001 0.7104166671875001 0.7203703703125 0.7192708328124999 0.6629629625 0.7177083328125 0.6537037031249999 0.71875 0.6324074078125 0.725 0.603703703125 0.7223958328125 0.602777778125 0.71875 0.5888888890625 0.7197916671875 0.565740740625 0.7145833328125 0.547222221875 0.703125 0.5509259265625001 0.6963541671875 0.5611111109375 0.6875 0.5833333328125 0.6786458328125 0.6379629625 0.6755208328125 0.6416666671875 0.6755208328125 0.672222221875 0.6723958328124999 0.6851851859375 0.6744791671875 0.6879629625 0.6796875 0.7194444437499999 0.6791666671875001 0.7268518515625 0.6723958328124999 0.7361111109375 0.653125 0.7111111109375 0.5994791671875 0.709259259375 0.5953125 0.70648148125 0.5947916671875 0.6953703703125 0.5890625 0.6953703703125 0.5796875 0.7 0.5785416671875 0.70555555625 0.5671875 0.7083333328125 0.5583333328125 0.715740740625 0.5536458328125 0.734259259375 0.5520833328125 0.7574074078125 0.5526041671875 0.8027777781250001 0.5598958328125 0.8231481484375 0.5703125 0.8333333328125001 0.5723958328125 0.8421296296874999
1 0.9697916671875 0.6518518515625 0.9875 0.6759259265625001 0.9994791671875 0.6777777781250001 0.9994791671875 0.4916666671875 0.9921875 0.4888888890625 0.9802083328125001 0.49259259218749996 0.9682291671875 0.5111111109375 0.95625 0.5509259265625001 0.9484375 0.5981481484375 0.9484375 0.6148148140624999 0.9572916671874999 0.634259259375 0.9651041671874999 0.640740740625 0.9697916671875 0.6518518515625
1 0.8963541671874999 0.5555555562500001 0.9119791671874999 0.578703703125 0.921875 0.58148148125 0.9192708328125001 0.6074074078125 0.9151041671875 0.6111111109375 0.9197916671874999 0.622222221875 0.9234375 0.6148148140624999 0.9348958328125001 0.546296296875 0.9385416671875 0.5370370375 0.94375 0.45370370312499997 0.9369791671875 0.425 0.9286458328125 0.41851851875 0.9229166671875 0.41851851875 0.9041666671874999 0.43981481406249995 0.8953125 0.471296296875 0.8875 0.5231481484375 0.8890625 0.54351851875 0.8869791671874999 0.5638888890625 0.8885416671874999 0.56851851875 0.8963541671874999 0.5555555562500001
1 0.875 0.5083333328124999 0.8734375 0.5296296296875 0.8713541671874999 0.5333333328125 0.8729166671874999 0.5388888890625 0.8765625 0.5388888890625 0.89375 0.42314814843750004 0.8932291671874999 0.38703703749999996 0.8890625 0.371296296875 0.8807291671874999 0.36851851875 0.8682291671875 0.3851851859375 0.859375 0.42870370312499995 0.859375 0.478703703125 0.8625 0.4916666671875 0.8692708328125001 0.503703703125 0.875 0.5083333328124999
1 0.8515625 0.3296296296875 0.8453125 0.325 0.834375 0.3361111109375 0.8260416671874999 0.3648148140625 0.8244791671874999 0.38240740781250004 0.8463541671874999 0.41111111093749997 0.853125 0.365740740625 0.8515625 0.3296296296875
8 0.38229166718749996 0.534259259375 0.3770833328125 0.527777778125 0.36666666718749996 0.527777778125 0.3526041671875 0.540740740625 0.353125 0.5518518515624999 0.3645833328125 0.5527777781250001 0.3807291671875 0.5453703703125 0.38229166718749996 0.534259259375
8 0.4390625 0.465740740625 0.4348958328125 0.4574074078125 0.4265625 0.45555555625000005 0.41302083281249996 0.46666666718750005 0.4135416671875 0.47407407343749997 0.4203125 0.47592592656250005 0.43541666718750005 0.4731481484375 0.4390625 0.465740740625
8 0.4546875 0.403703703125 0.44739583281249995 0.396296296875 0.43958333281249995 0.396296296875 0.43333333281249997 0.40648148125 0.4328125 0.41203703750000004 0.43958333281249995 0.4148148140625 0.4515625 0.41203703750000004 0.4546875 0.403703703125
8 0.4713541671875 0.36944444375 0.47083333281249995 0.36296296250000004 0.46666666718750005 0.35925925937500003 0.45416666718750004 0.3638888890625 0.4515625 0.36851851875 0.45416666718750004 0.3731481484375 0.4703125 0.372222221875 0.4713541671875 0.36944444375
8 0.4791666671875 0.3379629625 0.478125 0.33148148125 0.46770833281249996 0.3333333328125 0.4671875 0.3379629625 0.4703125 0.34351851875 0.47760416718750004 0.3425925921875 0.4791666671875 0.3379629625
1 0.1395833328125 0.49259259218749996 0.14114583281249998 0.5018518515625 0.13333333281249998 0.5722222218749999 0.13125 0.602777778125 0.1328125 0.60648148125 0.1375 0.602777778125 0.14010416718750002 0.5620370375 0.1640625 0.565740740625 0.165625 0.5694444437499999 0.17135416718750002 0.5675925921875 0.1776041671875 0.5268518515625 0.1822916671875 0.5287037031249999 0.1927083328125 0.609259259375 0.1953125 0.6074074078125 0.1953125 0.6009259265625 0.1885416671875 0.5361111109375 0.21510416718749997 0.522222221875 0.2203125 0.5703703703125 0.22552083281250002 0.571296296875 0.2286458328125 0.5675925921875 0.225 0.54444444375 0.2203125 0.4768518515625 0.2182291671875 0.4703703703125 0.2182291671875 0.4611111109375 0.225 0.44629629687500005 0.2203125 0.44907407343749994 0.21770833281250002 0.4370370375 0.1890625 0.4370370375 0.1630208328125 0.45555555625000005 0.1583333328125 0.4370370375 0.1598958328125 0.4166666671875 0.1552083328125 0.38055555625 0.1453125 0.35648148125 0.1421875 0.352777778125 0.13125 0.35648148125 0.115625 0.36759259218749996 0.1130208328125 0.375 0.115625 0.415740740625 0.1265625 0.46851851875 0.1302083328125 0.4824074078125 0.1395833328125 0.49259259218749996
1 0.1770833328125 0.4240740734375 0.175 0.45 0.1859375 0.44907407343749994 0.24322916718749998 0.4675925921875 0.24583333281250003 0.478703703125 0.24739583281250002 0.5120370375000001 0.2510416671875 0.5166666671875 0.25052083281250004 0.521296296875 0.253125 0.525 0.2510416671875 0.5305555562500001 0.253125 0.5314814812499999 0.2536458328125 0.521296296875 0.2494791671875 0.4953703703125 0.2479166671875 0.45370370312499997 0.2453125 0.4370370375 0.24583333281250003 0.396296296875 0.23333333281250002 0.3916666671875 0.20208333281250002 0.39074074062499997 0.1979166671875 0.3703703703125 0.1932291671875 0.30648148124999997 0.1854166671875 0.2925925921875 0.1614583328125 0.3018518515625 0.159375 0.3083333328125 0.1604166671875 0.334259259375 0.1583333328125 0.34444444375 0.1536458328125 0.3490740734375 0.153125 0.36666666718749996 0.1614583328125 0.40833333281249995 0.17135416718750002 0.4138888890625 0.1770833328125 0.4240740734375