7 0 0.5648148140625 0.021354167187500002 0.5694444437499999 0.0244791671875 0.5666666671875 0.058854167187499994 0.5675925921875 0.060416667187499995 0.5546296296875 0.0427083328125 0.3879629625 0.0411458328125 0.384259259375 0.009375 0.38240740781250004 0 0.38240740781250004 0 0.5648148140625
7 0.3458333328125 0.5138888890625 0.3453125 0.522222221875 0.3494791671875 0.5231481484375 0.3494791671875 0.515740740625 0.3458333328125 0.5138888890625
7 0.44635416718750004 0.6074074078125 0.5348958328125 0.6074074078125 0.5380208328125 0.6046296296875 0.5385416671875001 0.403703703125 0.5369791671875 0.4 0.3427083328125 0.4018518515625 0.3416666671875 0.42592592656250006 0.3463541671875 0.5722222218749999 0.3489583328125 0.602777778125 0.44635416718750004 0.6074074078125
7 0.6291666671875 0.5314814812499999 0.6296875 0.5259259265625 0.6276041671875 0.521296296875 0.621875 0.521296296875 0.6177083328124999 0.5287037031249999 0.6208333328125 0.534259259375 0.6265625 0.5351851859375001 0.6291666671875 0.5314814812499999
7 0.740625 0.60648148125 0.7463541671875 0.403703703125 0.7255208328125 0.4 0.5479166671875 0.396296296875 0.54375 0.397222221875 0.5421875 0.40277777812500004 0.5416666671875 0.584259259375 0.54375 0.602777778125 0.7348958328124999 0.6120370375 0.740625 0.60648148125
7 0.7479166671875 0.6046296296875 0.7817708328124999 0.60648148125 0.7864583328125 0.6101851859375 0.7911458328125 0.6074074078125 0.7979166671875 0.6138888890625 0.8265625 0.6148148140624999 0.8364583328125 0.61944444375 0.8453125 0.6148148140624999 0.8489583328125001 0.6203703703125 0.9015625 0.6166666671875001 0.90625 0.6175925921875 0.9078125 0.622222221875 0.9359375 0.6231481484375 0.9408854171875 0.6138888890625 0.9442708328125 0.6138888890625 0.9473958328125001 0.621296296875 0.9583333328125001 0.6138888890625 0.9609375 0.6009259265625 0.9640625 0.5175925921875 0.9708333328125001 0.4731481484375 0.9744791671874999 0.41111111093749997 0.9510416671874999 0.4074074078125 0.8463541671874999 0.40555555625000006 0.7510416671875 0.4046296296875 0.7489583328125 0.4074074078125 0.7484375 0.4583333328125 0.7421875 0.5879629625 0.7442708328125 0.6018518515625 0.7479166671875 0.6046296296875
7 0.9583333328125001 0.634259259375 0.9828125 0.63055555625 0.9932291671875 0.6388888890625 0.9994791671875 0.634259259375 0.9994791671875 0.3990740734375 0.99375 0.397222221875 0.9802083328125001 0.403703703125 0.9765625 0.4148148140625 0.9625 0.5546296296875 0.9598958328125 0.609259259375 0.9609375 0.622222221875 0.9578125 0.6268518515625 0.9583333328125001 0.634259259375
7 0.8723958328125001 0.9824074078124999 0.875 0.9131944437499999 0.8786458328125001 0.896296296875 0.8760416671875 0.875 0.8807291671874999 0.8703703703125001 0.8729166671874999 0.8611111109375 0.8296875 0.85648148125 0.8244791671874999 0.8509259265625 0.8083333328125001 0.85 0.7984375 0.8453703703125001 0.6640625 0.828703703125 0.6520833328125 0.8222222218749999 0.628125 0.8175925921875 0.5432291671875 0.8055555562500001 0.4984375 0.803703703125 0.4583333328125 0.7953703703125 0.41979166718750005 0.79351851875 0.415625 0.7953703703125 0.4140625 0.809259259375 0.4140625 0.9990740734375001 0.8557291671874999 0.9990740734375001 0.8651041671874999 0.99351851875 0.8723958328125001 0.9824074078124999
7 0 0.9990740734375001 0.3869791671875 0.9990740734375001 0.39114583281250004 0.99444444375 0.3921875 0.9703703703125001 0.3875 0.8083333328125001 0.3729166671875 0.797222221875 0.2166666671875 0.7833333328125 0.0041666671875 0.7731481484375 0 0.7740740734375 0 0.9990740734375001
7 0.8864583328125001 0.890740740625 0.8802083328125001 0.8925925921875001 0.878125 0.9101851859375 0.875 0.9990740734375001 0.9994791671875 0.9990740734375001 0.9994791671875 0.896296296875 0.8864583328125001 0.890740740625
8 0.575 0.6574074078125001 0.575 0.6425925921875 0.5697916671875001 0.634259259375 0.55625 0.6324074078125 0.5494791671875 0.6379629625 0.5505208328125 0.65 0.5588541671875 0.6611111109375 0.5697916671875001 0.6638888890625 0.575 0.6574074078125001
8 0.7588541671875 0.7009259265625001 0.7666666671875 0.7009259265625001 0.7697916671875 0.6972222218749999 0.7697916671875 0.68148148125 0.7666666671875 0.6731481484375 0.7625 0.66851851875 0.7473958328125 0.665740740625 0.7401041671875 0.66851851875 0.7416666671875001 0.68148148125 0.746875 0.6916666671875 0.7588541671875 0.7009259265625001
8 0.9994791671875 0.7083333328125 0.9994791671875 0.6833333328125 0.9921875 0.6768518515624999 0.9770833328125 0.672222221875 0.9614583328125 0.6759259265625001 0.9619791671875 0.6861111109375 0.9671875 0.69351851875 0.9859375 0.70648148125 0.9994791671875 0.7083333328125
3 0.0713541671875 0 0.0692708328125 0.00555555625 0.0713541671875 0.05 0.0947916671875 0.2824074078125 0.0984375 0.34629629687499996 0.103125 0.3611111109375 0.2557291671875 0.365740740625 0.2951041671875 0.36851851875 0.30520833281250004 0.3731481484375 0.40416666718750005 0.371296296875 0.40989583281249997 0.365740740625 0.40729166718750004 0.24722222187499998 0.40052083281249995 0.1101851859375 0.403125 0.059259259375 0.4 0.0129629625 0.3973958328125 0 0.0713541671875 0