1 0.3338541671875 0.24814814843750002 0.3322916671875 0.252777778125 0.33645833281250004 0.25555555625 0.3692708328125 0.25555555625 0.3729166671875 0.259259259375 0.3729166671875 0.2675925921875 0.36875 0.2796296296875 0.3697916671875 0.2916666671875 0.37447916718749996 0.29814814843750004 0.3734375 0.30648148124999997 0.375 0.3101851859375 0.3703125 0.3138888890625 0.3703125 0.34629629687499996 0.3729166671875 0.352777778125 0.3729166671875 0.37746944375 0.3776041671875 0.3768518515625 0.3723958328125 0.38333333281250004 0.3739583328125 0.38935185156249996 0.3739583328125 0.3953703703125 0.3723958328125 0.397222221875 0.3729166671875 0.425 0.3890625 0.4268518515625 0.39114583281250004 0.42222222187499997 0.3875 0.4240740734375 0.3869791671875 0.397222221875 0.39010416718749996 0.3981481484375 0.39114583281250004 0.415740740625 0.3895833328125 0.386728703125 0.3859375 0.3888888890625 0.384375 0.3759259265625 0.3885416671875 0.372222221875 0.3895833328125 0.38148148125 0.3864583328125 0.3333333328125 0.3859375 0.22870370312500002 0.37552083281250004 0.2046296296875 0.3697916671875 0.1990740734375 0.3635416671875 0.19444444375 0.3494791671875 0.1981481484375 0.3484375 0.246296296875 0.3425348953125 0.25 0.34427083281250004 0.2546296296875 0.3338541671875 0.24814814843750002
1 0.7489583328125 0.51944444375 0.7515625 0.47222222187499996 0.7557291671875 0.465740740625 0.7515625 0.46666666718750005 0.728125 0.4379629625 0.7140625 0.43055555625 0.6927083328125 0.43055555625 0.6770833328125 0.4370370375 0.6609375 0.45370370312499997 0.6447916671875 0.48703703750000005 0.6401041671875001 0.5129629625 0.6369791671875 0.5175925921875 0.6333333328124999 0.534259259375 0.6328125 0.6388888890625 0.7322916671875 0.640740740625 0.734375 0.6379629625 0.7489583328125 0.51944444375
1 0.9994791671875 0.434259259375 0.9828125 0.42314814843750004 0.9776041671875 0.4240740734375 0.9770833328125 0.42129629687500003 0.9744791671874999 0.42129629687500003 0.9677083328125 0.42870370312499995 0.9552083328125001 0.43055555625 0.9447916671875 0.4361111109375 0.9276041671874999 0.45555555625000005 0.9270833328125001 0.4583333328125 0.9401041671874999 0.459259259375 0.9994791671875 0.459259259375 0.9994791671875 0.434259259375
1 0.1395833328125 0.58148148125 0.1421875 0.60648148125 0.23020833281250003 0.6083333328125 0.23541666718749998 0.6111111109375 0.2364583328125 0.621296296875 0.234375 0.6351851859375001 0.228125 0.6425925921875 0.22395833281250002 0.6601851859375001 0.22395833281250002 0.6703703703125 0.228125 0.678703703125 0.23333333281250002 0.6768518515624999 0.23541666718749998 0.671296296875 0.2375 0.6759259265625001 0.2359375 0.6879629625 0.23697916718749998 0.6972222218749999 0.228125 0.6981481484375001 0.2270833328125 0.7009259265625001 0.228125 0.7324074078125 0.2296875 0.7361111109375 0.2286458328125 0.75555555625 0.23125 0.784259259375 0.2322916671875 0.7870370375 0.24114583281250002 0.7870370375 0.24375 0.797222221875 0.24375 0.80648148125 0.2348958328125 0.8324074078124999 0.234375 0.8490740734375001 0.2359375 0.852777778125 0.23802083281250003 0.8490740734375001 0.2442708328125 0.8268518515625001 0.2479166671875 0.834259259375 0.2494791671875 0.8453703703125001 0.2557291671875 0.915740740625 0.25729166718749996 0.91944444375 0.2604166671875 0.91944444375 0.2625 0.915740740625 0.2630208328125 0.9064814812499999 0.2515625 0.7870370375 0.24895833281250002 0.775 0.24739583281250002 0.7518518515625 0.24114583281250002 0.74444444375 0.2453125 0.690740740625 0.24375 0.6388888890625 0.2453125 0.6074074078125 0.24479166718749998 0.5638888890625 0.2427083328125 0.5601851859375 0.2416666671875 0.525 0.2338541671875 0.4916666671875 0.2260416671875 0.4703703703125 0.215625 0.45370370312499997 0.2052083328125 0.4453703703125 0.2010416671875 0.4379629625 0.1838541671875 0.42592592656250006 0.1630208328125 0.4240740734375 0.146875 0.43148148124999997 0.1484375 0.4361111109375 0.1380208328125 0.4370370375 0.128125 0.447222221875 0.1270833328125 0.4509259265625 0.1291666671875 0.4546296296875 0.12552083281249998 0.4611111109375 0.1270833328125 0.5175925921875 0.1338541671875 0.5601851859375 0.1369791671875 0.5666666671875 0.1395833328125 0.58148148125
1 0 0.41851851875 0.04375 0.41851851875 0.0442708328125 0.415740740625 0.0385416671875 0.40555555625000006 0.025520832812499998 0.3888888890625 0.0041666671875 0.3759259265625 0 0.3759259265625 0 0.41851851875
1 0.3369791671875 0.35 0.33541666718749996 0.3148148140625 0.3296875 0.2916666671875 0.3182291671875 0.26944444375 0.3026041671875 0.25833333281250004 0.30520833281250004 0.352777778125 0.3078125 0.35648148125 0.3348958328125 0.35648148125 0.3369791671875 0.35
1 0.14010416718750002 0.3018518515625 0.1385416671875 0.3138888890625 0.140625 0.3490740734375 0.1692708328125 0.3518518515625 0.1833333328125 0.3490740734375 0.1817708328125 0.334259259375 0.1828125 0.3231481484375 0.1807291671875 0.3166666671875 0.1760416671875 0.26203703749999996 0.1734375 0.2546296296875 0.1619791671875 0.25555555625 0.1609375 0.2601851859375 0.1541666671875 0.2675925921875 0.1421875 0.2888888890625 0.1380208328125 0.2888888890625 0.1369791671875 0.290740740625 0.14010416718750002 0.29444444375 0.1380208328125 0.29814814843750004 0.14010416718750002 0.3018518515625
1 0.1927083328125 0.3425925921875 0.2010416671875 0.34351851875 0.1975692703125 0.3509259265625 0.2046875 0.3518518515625 0.20729166718749997 0.3490740734375 0.2052083328125 0.3453703703125 0.20572916718749998 0.33888888906250003 0.20208333281250002 0.3398148140625 0.2046875 0.33148148125 0.196875 0.3425925921875 0.19375 0.33703703749999997 0.1932291671875 0.3398148140625 0.1916666671875 0.33703703749999997 0.1885416671875 0.3416666671875 0.1875 0.3490740734375 0.1890625 0.3509259265625 0.1942708328125 0.3509259265625 0.1927083328125 0.3425925921875
1 0.7171875 0.32685185156249996 0.7171875 0.29444444375 0.7083333328125 0.29814814843750004 0.703125 0.30648148124999997 0.6958333328124999 0.3203703703125 0.6890625 0.3453703703125 0.6875 0.3768518515625 0.6979166671875 0.378703703125 0.7125 0.372222221875 0.7171875 0.32685185156249996
1 0.8692708328125001 0.3759259265625 0.8760416671875 0.371296296875 0.884375 0.3740740734375 0.8921875 0.3416666671875 0.8932291671874999 0.3203703703125 0.8796875 0.302777778125 0.8651041671874999 0.2925925921875 0.8505208328125 0.296296296875 0.8473958328125001 0.30648148124999997 0.8411458328125001 0.352777778125 0.8401041671874999 0.3768518515625 0.84375 0.38055555625 0.8671875 0.38055555625 0.8692708328125001 0.3759259265625
7 0.5729166671875 0.134259259375 0.571875 0.11574074062499999 0.5302083328125 0.1148148140625 0.5276041671875 0.12222222187500001 0.528125 0.1351851859375 0.5317708328124999 0.13888888906250002 0.5604166671875 0.13888888906250002 0.5729166671875 0.134259259375
7 0.6411458328124999 0.1324074078125 0.6421875 0.12129629687500001 0.6385416671875 0.1148148140625 0.5916666671875 0.1148148140625 0.5885416671875 0.11851851875 0.5880208328125 0.13148148125 0.5932291671875001 0.1361111109375 0.6385416671875 0.1361111109375 0.6411458328124999 0.1324074078125
7 0.7026041671875001 0.15277777812499999 0.6973958328125 0.1574074078125 0.7026041671875001 0.16851851874999998 0.6994791671875 0.17314814843749998 0.7020833328125 0.17314814843749998 0.7026041671875001 0.16944444375 0.7052083328125 0.1740740734375 0.7135416671875 0.172222221875 0.715625 0.1166666671875 0.6723958328124999 0.11574074062499999 0.6651041671875 0.1166666671875 0.6640625 0.11944444375 0.6635416671875001 0.134259259375 0.665625 0.13703703750000001 0.6984375 0.13703703750000001 0.7026041671875001 0.15277777812499999
7 0.7895833328124999 0.134259259375 0.790625 0.1175925921875 0.7401041671875 0.11574074062499999 0.7375 0.11851851875 0.7364583328125 0.12870370312499999 0.7359375 0.134259259375 0.7375 0.1379629625 0.7869791671875 0.13888888906250002 0.7895833328124999 0.134259259375
7 0.8583333328125 0.1379629625 0.8604166671875 0.1361111109375 0.8625 0.11944444375 0.8609375 0.1166666671875 0.8109375 0.11574074062499999 0.8083333328125001 0.13055555624999998 0.8078125 0.13981481406250001 0.8098958328125001 0.14351851875 0.8151041671874999 0.13888888906250002 0.8583333328125 0.1379629625
7 0.8744791671875 0.1759259265625 0.8776041671874999 0.1703703703125 0.8802083328125001 0.1416666671875 0.8541666671874999 0.1379629625 0.8119791671875 0.13888888906250002 0.8104166671874999 0.127777778125 0.8109375 0.13703703750000001 0.80625 0.15277777812499999 0.8057291671875 0.171296296875 0.8104166671874999 0.18055555625 0.8161458328125001 0.1759259265625 0.8744791671875 0.1759259265625
7 0.9072916671875 0.2009259265625 0.9119791671874999 0.196296296875 0.915625 0.2009259265625 0.9182291671874999 0.21574074062499998 0.9208333328125 0.2166666671875 0.9286458328125 0.1768518515625 0.9630208328125001 0.175 0.9651041671874999 0.17314814843749998 0.9703125 0.15277777812499999 0.9703125 0.1425925921875 0.9682291671875 0.13981481406250001 0.9557291671874999 0.13888888906250002 0.9072916671875 0.13888888906250002 0.9041666671874999 0.140740740625 0.8989583328125 0.1740740734375 0.8984375 0.20833333281250002 0.9041666671874999 0.2138888890625 0.9078125 0.20833333281250002 0.9072916671875 0.2009259265625
7 0.6473958328125 0.1740740734375 0.6515625 0.18055555625 0.65 0.1861111109375 0.6541666671875 0.1870370375 0.6510416671875 0.196296296875 0.6583333328125 0.2009259265625 0.6666666671875 0.2009259265625 0.6697916671875 0.1981481484375 0.6729166671875 0.1768518515625 0.6765625 0.1740740734375 0.69375 0.17314814843749998 0.6989583328125 0.1611111109375 0.6979166671875 0.1425925921875 0.6947916671875001 0.13981481406250001 0.6411458328124999 0.13888888906250002 0.6322916671875001 0.1416666671875 0.6296875 0.1601851859375 0.6307291671875 0.16944444375 0.6427083328125 0.1703703703125 0.6473958328125 0.1740740734375
7 0.5453125 0.2018518515625 0.5369791671875 0.2 0.5364583328125 0.20277777812500003 0.5369791671875 0.21203703749999997 0.5411458328125 0.2148148140625 0.5536458328125 0.2148148140625 0.55625 0.20833333281250002 0.5578125 0.17962962968750001 0.5598958328125 0.17314814843749998 0.6088541671875001 0.172222221875 0.6140625 0.165740740625 0.6140625 0.1416666671875 0.6114583328125 0.1379629625 0.5640625 0.1379629625 0.5453125 0.1416666671875 0.5427083328125 0.184259259375 0.5447916671875 0.1888888890625 0.54375 0.197222221875 0.5453125 0.2018518515625
7 0.6421875 0.2398148140625 0.6432291671875 0.2203703703125 0.6453125 0.21296296250000002 0.6411458328124999 0.1888888890625 0.6432291671875 0.1851851859375 0.6421875 0.18148148125000002 0.64375 0.1768518515625 0.6333333328124999 0.1740740734375 0.5640625 0.1768518515625 0.5619791671875001 0.18055555625 0.5619791671875001 0.1888888890625 0.5598958328125 0.19351851874999998 0.5567708328125 0.2166666671875 0.5557291671875 0.2398148140625 0.5572916671875 0.2416666671875 0.640625 0.2416666671875 0.6421875 0.2398148140625
7 0.690625 0.23611111093749998 0.690625 0.2398148140625 0.6947916671875001 0.2453703703125 0.6895833328125 0.2509259265625 0.6942708328125 0.252777778125 0.6953125 0.24907407343750002 0.696875 0.253703703125 0.69875 0.25 0.6994791671875 0.2546296296875 0.7041666671875 0.259259259375 0.7016666671875 0.25 0.7104166671875001 0.25 0.7088541671875 0.259259259375 0.7140625 0.25 0.7171875 0.2509259265625 0.7161458328125 0.25555555625 0.7203125 0.2398148140625 0.759375 0.2398148140625 0.7578125 0.23611111093749998 0.7614583328125 0.22407407343750002 0.7625 0.1888888890625 0.7651041671875001 0.1851851859375 0.7651041671875001 0.18055555625 0.7604166671875 0.1768518515625 0.7453125 0.1759259265625 0.6765625 0.1768518515625 0.6744791671875 0.18055555625 0.6708333328125 0.22407407343750002 0.6713541671875001 0.2416666671875 0.6880208328124999 0.24351851875000002 0.6890625 0.23611111093749998 0.690625 0.23611111093749998
7 0.8645833328125001 0.25833333281250004 0.8729166671874999 0.25648148125 0.8765625 0.271296296875 0.8880208328125001 0.26944444375 0.8911458328125 0.2388888890625 0.8958333328125001 0.2203703703125 0.8942708328125001 0.2166666671875 0.89375 0.1990740734375 0.8953125 0.1879629625 0.89375 0.184259259375 0.896875 0.18148148125000002 0.8942708328125001 0.1833333328125 0.8911458328125 0.17962962968750001 0.8776041671874999 0.1768518515625 0.8119791671875 0.1768518515625 0.8088541671874999 0.1833333328125 0.8088541671874999 0.196296296875 0.8046875 0.21944444375 0.8036458328125 0.2398148140625 0.8536458328125001 0.240740740625 0.8609375 0.25555555625 0.8645833328125001 0.25833333281250004
7 0.9994791671875 0.178703703125 0.9302083328125 0.177777778125 0.9276041671874999 0.18148148125000002 0.9244791671874999 0.2175925921875 0.9208333328125 0.23611111093749998 0.9203125 0.24351851875000002 0.9229166671875 0.2453703703125 0.9994791671875 0.2453703703125 0.9994791671875 0.178703703125
7 0.9010416671874999 0.38055555625 0.9145833328125 0.3768518515625 0.9145833328125 0.36296296250000004 0.9161458328125001 0.3648148140625 0.9151041671875 0.35925925937500003 0.9192708328125001 0.3546296296875 0.9291666671875 0.3546296296875 0.9317708328125001 0.35925925937500003 0.94375 0.3611111109375 0.9671875 0.35925925937500003 0.975 0.353703703125 0.98125 0.35648148125 0.9833333328125 0.3648148140625 0.9859375 0.365740740625 0.99375 0.352777778125 0.9994791671875 0.352777778125 0.9994791671875 0.24722222187499998 0.9239583328125001 0.2453703703125 0.909375 0.2518518515625 0.90625 0.27870370312500004 0.9020833328125001 0.2851851859375 0.8984375 0.309259259375 0.8947916671874999 0.321296296875 0.89375 0.3416666671875 0.890625 0.353703703125 0.890625 0.3648148140625 0.8890625 0.36851851875 0.890625 0.3796296296875 0.9010416671874999 0.38055555625
7 0.7442708328125 0.38055555625 0.7484375 0.378703703125 0.7520833328125 0.3703703703125 0.7583333328124999 0.378703703125 0.76875 0.38055555625 0.7713541671875 0.377777778125 0.7723958328125 0.36759259218749996 0.778125 0.36296296250000004 0.7880208328125 0.3638888890625 0.7911458328125 0.36851851875 0.790625 0.3740740734375 0.7947916671875 0.377777778125 0.8390625 0.377777778125 0.8416666671874999 0.3768518515625 0.8401041671874999 0.372222221875 0.8421875 0.36296296250000004 0.8411458328125001 0.352777778125 0.8473958328125001 0.3046296296875 0.8546875 0.28796296250000003 0.8546875 0.24722222187499998 0.8520833328125 0.24351851875000002 0.725 0.2453703703125 0.7223958328125 0.24907407343750002 0.7197916671875 0.2870370375 0.7177083328125 0.29351851875 0.71875 0.3018518515625 0.7125 0.372222221875 0.7203125 0.38055555625 0.7442708328125 0.38055555625
7 0.5760416671875 0.3759259265625 0.603125 0.378703703125 0.6057291671875 0.3768518515625 0.6067708328125 0.36666666718749996 0.6098958328124999 0.3648148140625 0.6234375 0.365740740625 0.6260416671875 0.375 0.6296875 0.377777778125 0.6723958328124999 0.377777778125 0.6776041671875 0.365740740625 0.6838541671875 0.2768518515625 0.6875 0.2518518515625 0.6838541671875 0.246296296875 0.55625 0.246296296875 0.5526041671875 0.26944444375 0.5510416671875 0.3333333328125 0.5473958328124999 0.3481481484375 0.5489583328125 0.3574074078125 0.5458333328125 0.3611111109375 0.5453125 0.36851851875 0.546875 0.3731481484375 0.5567708328125 0.377777778125 0.5760416671875 0.3759259265625
7 0.7348958328124999 0.703703703125 0.803125 0.702777778125 0.80625 0.6972222218749999 0.8057291671875 0.6888888890625 0.8109375 0.678703703125 0.815625 0.6879629625 0.8135416671875 0.6925925921875 0.8135416671875 0.7009259265625001 0.8177083328125001 0.703703703125 0.8338541671874999 0.703703703125 0.8390625 0.7 0.8416666671874999 0.6870370375 0.8588541671875 0.6861111109375 0.8802083328125001 0.6879629625 0.8822916671875 0.6916666671875 0.8822916671875 0.7009259265625001 0.8828125 0.6990740734374999 0.8864583328125001 0.702777778125 0.9083333328125001 0.702777778125 0.9098958328125001 0.7009259265625001 0.9114583328125001 0.678703703125 0.9145833328125 0.6805555562500001 0.9166666671874999 0.6888888890625 0.9145833328125 0.6925925921875 0.915625 0.7009259265625001 0.9192708328125001 0.7046296296875 0.9739583328125001 0.703703703125 0.9765625 0.6990740734374999 0.9776041671875 0.6824074078125 0.9828125 0.671296296875 0.9864583328125001 0.65 0.9901041671874999 0.6425925921875 0.9927083328125 0.6416666671875 0.9911458328125 0.6379629625 0.9927083328125 0.6324074078125 0.9921875 0.6111111109375 0.9958333328125001 0.6083333328125 0.9963541671874999 0.602777778125 0.9994791671875 0.6 0.9994791671875 0.46481481406249997 0.99375 0.4620370375 0.953125 0.46481481406249997 0.9338541671874999 0.4611111109375 0.8885416671874999 0.4675925921875 0.759375 0.46666666718750005 0.7557291671875 0.4703703703125 0.7536458328125 0.478703703125 0.7510416671875 0.51851851875 0.7354166671875 0.640740740625 0.7354166671875 0.6555555562500001 0.73125 0.6879629625 0.73125 0.6972222218749999 0.7348958328124999 0.703703703125
7 0 0.6425925921875 0.0067708328125 0.6453703703125 0.0098958328125 0.6379629625 0.0078125 0.6296296296875 0.0135416671875 0.6268518515625 0.0197916671875 0.63055555625 0.0182291671875 0.6370370375000001 0.0197916671875 0.640740740625 0.025520832812499998 0.6333333328124999 0.0317708328125 0.6398148140625 0.0328125 0.6425925921875 0.0286458328125 0.6537037031249999 0.0317708328125 0.6490740734375 0.0348958328125 0.6564814812499999 0.0328125 0.665740740625 0.0375 0.6620370375 0.0382104171875 0.665740740625 0.0409088546875 0.665740740625 0.0395833328125 0.6601851859375001 0.0411458328125 0.659259259375 0.0447916671875 0.6629629625 0.043607812499999996 0.665740740625 0.0463067703125 0.665740740625 0.046875 0.6601851859375001 0.0490057296875 0.665740740625 0.0515625 0.6611111109375 0.053125 0.6629629625 0.0517046875 0.665740740625 0.06875 0.665740740625 0.0703125 0.6629629625 0.071875 0.6666666671875 0.07083333281250001 0.6629629625 0.0744791671875 0.6583333328125 0.0744791671875 0.65 0.0770833328125 0.65 0.0796875 0.6564814812499999 0.0791666671875 0.6675925921875 0.1395833328125 0.6675925921875 0.1421875 0.6537037031249999 0.14114583281249998 0.6416666671875 0.1432291671875 0.6398148140625 0.14375 0.634259259375 0.1416666671875 0.63055555625 0.1395833328125 0.6148148140624999 0.14114583281249998 0.602777778125 0.1380208328125 0.5990740734375 0.1359375 0.590740740625 0.1286458328125 0.5361111109375 0.125 0.48981481406249994 0.125 0.4611111109375 0.128125 0.4546296296875 0.12552083281249998 0.4509259265625 0.12552083281249998 0.44259259218749997 0.12291666718750001 0.43240740781250003 0.1171875 0.4268518515625 0.0979166671875 0.4240740734375 0.0635416671875 0.42314814843750004 0.0578125 0.427777778125 0.0489583328125 0.427777778125 0.0453125 0.42222222187499997 0.003125 0.42222222187499997 0 0.42314814843750004 0 0.6425925921875
7 0.1572916671875 0.2870370375 0.15677083281249998 0.2824074078125 0.159375 0.28055555625 0.1640625 0.284259259375 0.1640625 0.2888888890625 0.1619791671875 0.290740740625 0.171875 0.29351851875 0.1729166671875 0.29814814843750004 0.1708333328125 0.30648148124999997 0.1744791671875 0.3018518515625 0.1729166671875 0.3101851859375 0.1744791671875 0.3138888890625 0.1729166671875 0.316203703125 0.1744791671875 0.315740740625 0.175 0.31944444375000003 0.1729166671875 0.322222221875 0.17916666718750002 0.321296296875 0.1817708328125 0.334259259375 0.1817708328125 0.3490740734375 0.184375 0.3509259265625 0.19375 0.35 0.1953125 0.34444444375 0.2026041671875 0.34351851875 0.203125 0.33703703749999997 0.2052083328125 0.334259259375 0.203125 0.3296296296875 0.20416666718749998 0.32777777812500003 0.2130208328125 0.32685185156249996 0.2166666671875 0.33055555625 0.22291666718749997 0.35 0.2260416671875 0.3490740734375 0.22552083281250002 0.34444444375 0.2322916671875 0.3379629625 0.2421875 0.3379629625 0.2494791671875 0.340740740625 0.2510416671875 0.3518518515625 0.2557291671875 0.3546296296875 0.30625 0.353703703125 0.303125 0.3453703703125 0.30520833281250004 0.3416666671875 0.303125 0.3101851859375 0.303125 0.27870370312500004 0.30520833281250004 0.26944444375 0.3046875 0.2629629625 0.3005208328125 0.252777778125 0.2984375 0.2259259265625 0.2286458328125 0.21944444375 0.1734375 0.2203703703125 0.1734375 0.23333333281250002 0.1776041671875 0.2398148140625 0.175 0.24722222187499998 0.1770833328125 0.2518518515625 0.1708333328125 0.25833333281250004 0.1578125 0.2629629625 0.1463541671875 0.2833333328125 0.1473958328125 0.2870370375 0.1447916671875 0.290740740625 0.1442708328125 0.2953703703125 0.1463541671875 0.29722222187499997 0.15 0.2888888890625 0.1572916671875 0.2870370375
7 0 0.31944444375000003 0.003125 0.321296296875 0 0.32685185156249996 0.003125 0.3240740734375 0.003125 0.32685185156249996 0.0057291671875 0.32592592656249997 0.0052083328125 0.3296296296875 0.0078125 0.3351851859375 0.0046875 0.3379629625 0.0078125 0.3416666671875 0.0307291671875 0.3425925921875 0.0307291671875 0.3351851859375 0.0328125 0.3333333328125 0.0296875 0.32592592656249997 0.0348958328125 0.322222221875 0.0484375 0.32685185156249996 0.05208333281250001 0.3240740734375 0.05625 0.32685185156249996 0.060416667187499995 0.325 0.0609375 0.3296296296875 0.06770833281250001 0.33148148125 0.07291666718749999 0.328703703125 0.084375 0.340740740625 0.0859375 0.3398148140625 0.084375 0.3333333328125 0.08541666718749999 0.3296296296875 0.08125 0.32592592656249997 0.09322916718749999 0.3240740734375 0.0947916671875 0.32592592656249997 0.0947916671875 0.3425925921875 0.096875 0.33888888906250003 0.0979166671875 0.3425925921875 0.0994791671875 0.3398148140625 0.10729166718750001 0.34444444375 0.10833333281249999 0.340740740625 0.1109375 0.3416666671875 0.1125 0.33148148125 0.115625 0.33148148125 0.115625 0.33703703749999997 0.11822916718750001 0.3425925921875 0.12291666718750001 0.3398148140625 0.1348958328125 0.3490740734375 0.1359375 0.309259259375 0.1276041671875 0.225 0.12552083281249998 0.2166666671875 0.0046875 0.21203703749999997 0 0.21296296250000002 0 0.296296296875 0.003125 0.29907407343750003 0.0020833328125000002 0.3138888890625 0 0.3148148140625 0 0.31944444375000003
7 0.0203125 0.20555555625 0.021875 0.209259259375 0.0263020828125 0.20648148125 0.03125 0.2101851859375 0.046875 0.21203703749999997 0.1171875 0.21296296250000002 0.1125 0.15555555625 0.1098958328125 0.15 0.10052083281249999 0.147222221875 0.025 0.1453703703125 0.0286458328125 0.18148148125000002 0.0234375 0.190740740625 0.0244791671875 0.196296296875 0.021354167187500002 0.19444444375 0.0171875 0.2 0.0161458328125 0.20833333281250002 0.017708332812499998 0.20648148125 0.01875 0.209259259375 0.0203125 0.20555555625
7 0.1703125 0.23611111093749998 0.1677083328125 0.22777777812500002 0.1734375 0.2175925921875 0.2338541671875 0.21851851875 0.23541666718749998 0.21574074062499998 0.23177083281250002 0.15925925937500002 0.2296875 0.15555555625 0.16354166718750002 0.1518518515625 0.15 0.1518518515625 0.1458333328125 0.1546296296875 0.14895833281249998 0.2018518515625 0.1552083328125 0.240740740625 0.1692708328125 0.240740740625 0.1703125 0.23611111093749998
7 0.2984375 0.222222221875 0.3020833328125 0.2296296296875 0.3026041671875 0.23611111093749998 0.3135416671875 0.23333333281250002 0.3140625 0.24351851875000002 0.3166666671875 0.2398148140625 0.3135416671875 0.23240740781250002 0.3161458328125 0.23055555625 0.3239583328125 0.23148148124999998 0.3229166671875 0.23611111093749998 0.3244791671875 0.24259259218749998 0.33125 0.24351851875000002 0.3307291671875 0.23611111093749998 0.3270833328125 0.23240740781250002 0.3317708328125 0.23055555625 0.3380208328125 0.24722222187499998 0.3427083328125 0.24814814843750002 0.3473958328125 0.24351851875000002 0.3484375 0.196296296875 0.3473958328125 0.1675925921875 0.3453125 0.1583333328125 0.2630208328125 0.15648148125 0.2619791671875 0.171296296875 0.2640625 0.1888888890625 0.2645833328125 0.2203703703125 0.2984375 0.222222221875
8 0.7057291671875 0.740740740625 0.7078125 0.7324074078125 0.7067708328125 0.7203703703125 0.7005208328125 0.6981481484375001 0.6942708328125 0.6861111109375 0.6869791671875001 0.6805555562500001 0.6796875 0.6805555562500001 0.6755208328125 0.6833333328125 0.6697916671875 0.6981481484375001 0.6697916671875 0.7129629625 0.6802083328124999 0.7361111109375 0.6911458328125 0.7425925921875 0.7057291671875 0.740740740625
8 0.5682291671875 0.3888888890625 0.5671875 0.38333333281250004 0.5635416671875 0.3796296296875 0.5479166671875 0.378703703125 0.5473958328124999 0.3861111109375 0.55625 0.39444444375 0.5651041671875 0.39444444375 0.5682291671875 0.3888888890625
8 0.7192708328124999 0.3981481484375 0.7197916671875 0.3888888890625 0.7171875 0.38055555625 0.7130208328125 0.3759259265625 0.7057291671875 0.375 0.7015625 0.38055555625 0.7010416671875 0.39074074062499997 0.7036458328124999 0.396296296875 0.7161458328125 0.40092592656250003 0.7192708328124999 0.3981481484375
8 0.890625 0.397222221875 0.8927083328125001 0.39351851875 0.8921875 0.3879629625 0.8828125 0.3740740734375 0.8744791671875 0.372222221875 0.86875 0.377777778125 0.8677083328125 0.384259259375 0.8729166671874999 0.3925925921875 0.8833333328125 0.397222221875 0.890625 0.397222221875
8 0.171875 0.66851851875 0.1729166671875 0.6583333328125 0.17135416718750002 0.65 0.1661458328125 0.640740740625 0.1536458328125 0.6379629625 0.1453125 0.64351851875 0.1453125 0.6601851859375001 0.1416666671875 0.66851851875 0.1328125 0.671296296875 0.1234375 0.678703703125 0.1213541671875 0.6768518515624999 0.12291666718750001 0.6731481484375 0.11614583281249999 0.6731481484375 0.1203125 0.6888888890625 0.1307291671875 0.6888888890625 0.1666666671875 0.6740740734374999 0.171875 0.66851851875
8 0.0447916671875 0.34629629687499996 0.0369791671875 0.34722222187499996 0.0328125 0.3509259265625 0.0333333328125 0.36944444375 0.0489583328125 0.36944444375 0.0484375 0.352777778125 0.0447916671875 0.34629629687499996
2 0.5203125 0.6851851859375 0.5203125 0.7481481484375 0.5166666671875 0.7620370375000001 0.5171875 0.765740740625 0.5203125 0.7666666671875 0.5307291671875001 0.7481481484375 0.5364583328125 0.7453703703125 0.54375 0.7361111109375 0.5598958328125 0.7351851859375 0.5635416671875 0.73148148125 0.5651041671875 0.6953703703125 0.5671875 0.68148148125 0.5708333328124999 0.675 0.5723958328125 0.665740740625 0.5807291671875 0.665740740625 0.590625 0.6583333328125 0.5947916671875 0.6648148140625 0.5953125 0.66944444375 0.5963541671875 0.6638888890625 0.5927083328125 0.6583333328125 0.5963541671875 0.6583333328125 0.5833333328125 0.627777778125 0.590625 0.6175925921875 0.6 0.5962962968750001 0.6 0.5870370375 0.5953125 0.5833333328125 0.59375 0.5935185187500001 0.590625 0.5990740734375 0.5796875 0.6046296296875 0.5760416671875 0.61851851875 0.5776041671875001 0.6240740734375 0.5713541671875 0.6240740734375 0.5692708328125 0.621296296875 0.5682291671875 0.6129629624999999 0.5682291671875 0.5796296296875 0.5604166671875 0.5388888890625 0.5364583328125 0.5333333328125 0.5270833328125 0.5361111109375 0.5255208328125 0.54444444375 0.5270833328125 0.578703703125 0.525 0.6101851859375 0.5260416671875 0.63148148125 0.5203125 0.6851851859375