1 0.31197916718749996 0.9518518515625001 0.3140625 0.9731481484375 0.3255208328125 0.9990740734375001 0.3890625 0.9990740734375001 0.41041666718750003 0.99444444375 0.4234375 0.98055555625 0.4421875 0.9740740734375001 0.4453125 0.9648148140625 0.453125 0.9601851859374999 0.4505208328125 0.9425925921875 0.44114583281249997 0.9129629625 0.4390625 0.8583333328125 0.43125 0.8583333328125 0.42291666718750004 0.852777778125 0.3838541671875 0.7296296296875 0.3765625 0.727777778125 0.3640625 0.7324074078125 0.3072916671875 0.759259259375 0.2989583328125 0.7675925921875 0.29635416718749996 0.7953703703125 0.2953125 0.8361111109375001 0.2979166671875 0.8879629625 0.30625 0.9333333328125001 0.31197916718749996 0.9518518515625001
1 0.2125 0.6148148140624999 0.2203125 0.6231481484375 0.221875 0.628703703125 0.2234375 0.6555555562500001 0.21979166718749998 0.6583333328125 0.2203125 0.6944444437499999 0.2244791671875 0.7398148140624999 0.23177083281250002 0.759259259375 0.2270833328125 0.7675925921875 0.228125 0.775 0.2359375 0.7953703703125 0.23802083281250003 0.8101851859375 0.2416666671875 0.8166666671874999 0.24114583281250002 0.825 0.2494791671875 0.859259259375 0.2494791671875 0.872222221875 0.2619791671875 0.875 0.26875 0.8981481484374999 0.2869791671875 0.8981481484374999 0.2890625 0.8953703703125001 0.2869791671875 0.8898148140625001 0.28854166718749996 0.8796296296874999 0.2776041671875 0.73148148125 0.2479166671875 0.5731481484375001 0.24375 0.5638888890625 0.23125 0.5490740734374999 0.225 0.5481481484375 0.2203125 0.5527777781250001 0.21875 0.559259259375 0.2208333328125 0.5851851859375 0.2125 0.6074074078125 0.2140625 0.6083333328125 0.2125 0.6148148140624999
1 0.2635416671875 0.9472222218749999 0.2671875 0.9518518515625001 0.2640625 0.9620370375 0.2645833328125 0.9666666671874999 0.2677083328125 0.9685185187500001 0.26875 0.9879629624999999 0.26510416718749996 0.9925925921875001 0.2671875 0.9990740734375001 0.3088541671875 0.9990740734375001 0.3104166671875 0.99351851875 0.3057291671875 0.98055555625 0.3020833328125 0.9509259265625 0.2916666671875 0.9018518515625 0.27291666718749996 0.8990740734375 0.2666666671875 0.9083333328125001 0.2682291671875 0.91851851875 0.265625 0.9240740734375 0.2677083328125 0.9388888890624999 0.2635416671875 0.9472222218749999
1 0.1744791671875 0.371296296875 0.18020833281249998 0.403703703125 0.184375 0.41111111093749997 0.1885416671875 0.4388888890625 0.1973958328125 0.46944444374999994 0.1963541671875 0.4861111109375 0.2088541671875 0.5351851859375001 0.2109375 0.547222221875 0.2104166671875 0.5601851859375 0.2140625 0.5620370375 0.2260416671875 0.546296296875 0.2338541671875 0.5490740734374999 0.24583333281250003 0.5675925921875 0.2625 0.6370370375000001 0.2692708328125 0.64444444375 0.26875 0.6564814812499999 0.2645833328125 0.6574074078125001 0.26510416718749996 0.6731481484375 0.26614583281250004 0.6777777781250001 0.2723958328125 0.6824074078125 0.2713541671875 0.690740740625 0.275 0.7166666671875 0.278125 0.702777778125 0.29635416718749996 0.7203703703125 0.29739583281250004 0.725 0.34322916718749996 0.6972222218749999 0.3494791671875 0.7083333328125 0.3536458328125 0.709259259375 0.3541666671875 0.6953703703125 0.35625 0.6916666671875 0.3635416671875 0.6851851859375 0.3692708328125 0.6851851859375 0.3682291671875 0.678703703125 0.3567708328125 0.6861111109375 0.3515625 0.675 0.3489583328125 0.6379629625 0.353125 0.6296296296875 0.34322916718749996 0.5925925921874999 0.340625 0.5574074078125 0.34375 0.5518518515624999 0.3401041671875 0.5314814812499999 0.3182291671875 0.47592592656250005 0.3088541671875 0.477777778125 0.2390625 0.5120370375000001 0.2338541671875 0.503703703125 0.2322916671875 0.49351851875 0.2265625 0.4824074078125 0.20989583281250002 0.40833333281249995 0.2104166671875 0.40092592656250003 0.2171875 0.3953703703125 0.2052083328125 0.3925925921875 0.20208333281250002 0.3731481484375 0.1864583328125 0.33055555625 0.1739583328125 0.315740740625 0.16458333281249998 0.32592592656249997 0.1630208328125 0.33055555625 0.1651041671875 0.3481481484375 0.1682291671875 0.3509259265625 0.1744791671875 0.371296296875
1 0.11614583281249999 0.5287037031249999 0.13229166718750002 0.5379629625 0.1348958328125 0.5481481484375 0.1265625 0.5944444437499999 0.12552083281249998 0.6231481484375 0.1223958328125 0.6324074078125 0.1177083328125 0.6916666671875 0.11510416718750001 0.696296296875 0.1166666671875 0.7018518515625 0.1145833328125 0.7046296296875 0.11510416718750001 0.7212962968750001 0.11614583281249999 0.703703703125 0.1942708328125 0.6101851859375 0.1973958328125 0.5870370375 0.2015625 0.5796296296875 0.2052083328125 0.5324074078125001 0.20208333281250002 0.4981481484375 0.1973958328125 0.49351851875 0.1942708328125 0.4800925921875 0.1973958328125 0.46296296249999996 0.1963541671875 0.4546296296875 0.1921875 0.45185185156249996 0.1890625 0.44444444375 0.1864583328125 0.41851851875 0.1833333328125 0.4074074078125 0.17916666718750002 0.4018518515625 0.15 0.41111111093749997 0.1421875 0.42129629687500003 0.1338541671875 0.4388888890625 0.1307291671875 0.47592592656250005 0.1380208328125 0.5138888890625 0.1364583328125 0.5259259265625 0.134375 0.5268518515625 0.1265625 0.5166666671875 0.1166666671875 0.5138888890625 0.11041666718750001 0.5009259265625 0.1067708328125 0.471296296875 0.10364583281249999 0.471296296875 0.0994791671875 0.4601851859375 0.0958333328125 0.4601851859375 0.0953125 0.47222222187499996 0.1010416671875 0.490740740625 0.1015625 0.5046296296875 0.11614583281249999 0.5287037031249999
1 0.21875 0.47222222187499996 0.2192708328125 0.497222221875 0.225 0.4981481484375 0.2348958328125 0.5111111109375 0.2484375 0.50648148125 0.25625 0.5 0.2713541671875 0.46666666718750005 0.2671875 0.4268518515625 0.2614583328125 0.396296296875 0.25 0.3898148140625 0.21197916718749998 0.39444444375 0.2109375 0.40555555625000006 0.2140625 0.415740740625 0.2125 0.42314814843750004 0.21875 0.47222222187499996
1 0.1421875 0.22314814843750003 0.14791666718750002 0.222222221875 0.15 0.23148148124999998 0.1546875 0.23518518593749999 0.15572916718750002 0.24722222187499998 0.1598958328125 0.2509259265625 0.1625 0.2601851859375 0.1661458328125 0.2851851859375 0.1666666671875 0.29444444375 0.1609375 0.29907407343750003 0.1578125 0.2953703703125 0.1520833328125 0.29814814843750004 0.1541666671875 0.30740740781250003 0.1604166671875 0.3166666671875 0.16875 0.3166666671875 0.1744791671875 0.3203703703125 0.1760416671875 0.32592592656249997 0.18802083281249998 0.334259259375 0.20729166718749997 0.3916666671875 0.2526041671875 0.3888888890625 0.2614583328125 0.3925925921875 0.2630208328125 0.3990740734375 0.296875 0.459259259375 0.2984375 0.47592592656250005 0.3026041671875 0.477777778125 0.3026041671875 0.4546296296875 0.296875 0.40092592656250003 0.2901041671875 0.3851851859375 0.2901041671875 0.3759259265625 0.2994791671875 0.365740740625 0.3010416671875 0.353703703125 0.3010416671875 0.34351851875 0.29635416718749996 0.3203703703125 0.2822916671875 0.3018518515625 0.2677083328125 0.290740740625 0.24375 0.29444444375 0.1916666671875 0.315740740625 0.1817708328125 0.24814814843750002 0.165625 0.1851851859375 0.15677083281249998 0.1759259265625 0.1463541671875 0.15555555625 0.1385416671875 0.15648148125 0.1369791671875 0.16851851874999998 0.1380208328125 0.1870370375 0.1364583328125 0.19351851874999998 0.1385416671875 0.2166666671875 0.1421875 0.22314814843750003
7 0.871875 0.7268518515625 0.9317708328125001 0.803703703125 0.9557291671874999 0.828703703125 0.9958333328125001 0.88148148125 0.9994791671875 0.8824074078124999 0.9994791671875 0.2629629625 0.8619791671874999 0.19351851874999998 0.8401041671874999 0.178703703125 0.8098958328125001 0.16944444375 0.8015625 0.23240740781250002 0.7958333328125 0.25648148125 0.7947916671875 0.27777777812500004 0.7901041671875 0.29351851875 0.7640625 0.49259259218749996 0.7557291671875 0.5398148140625 0.7567708328125 0.5490740734374999 0.7526041671875 0.5796296296875 0.759375 0.590740740625 0.871875 0.7268518515625
7 0.5625 0.3138888890625 0.5546875 0.3138888890625 0.5604166671875 0.3203703703125 0.5604166671875 0.33148148125 0.5640625 0.3296296296875 0.5677083328125 0.3379629625 0.5911458328125 0.365740740625 0.5942708328124999 0.3731481484375 0.6 0.3768518515625 0.615625 0.3981481484375 0.6192708328125 0.3990740734375 0.6229166671875 0.40555555625000006 0.6229166671875 0.4203703703125 0.634375 0.41944444374999995 0.6401041671875001 0.4296296296875 0.6401041671875001 0.4361111109375 0.6359375 0.4388888890625 0.6463541671875 0.4453703703125 0.6583333328125 0.465740740625 0.6619791671875 0.46666666718750005 0.6645833328124999 0.4601851859375 0.66875 0.46666666718750005 0.6755208328125 0.4675925921875 0.6854166671875 0.47592592656250005 0.6864583328125 0.4824074078125 0.6895833328125 0.48518518593750004 0.6885416671875 0.497222221875 0.7010416671875 0.4981481484375 0.7036458328124999 0.5018518515625 0.7041666671875 0.5138888890625 0.7166666671875 0.515740740625 0.7182291671875001 0.521296296875 0.73125 0.534259259375 0.7411458328125 0.5296296296875 0.7479166671875 0.5175925921875 0.7489583328125 0.4620370375 0.7572916671875001 0.4268518515625 0.7875 0.2166666671875 0.7890625 0.1833333328125 0.7927083328125 0.17314814843749998 0.7885416671875001 0.1574074078125 0.7703125 0.1425925921875 0.7395833328125 0.125 0.7151041671875 0.1175925921875 0.6822916671875 0.0953703703125 0.6588541671875 0.0870370375 0.6541666671875 0.07962962968750001 0.625 0.0675925921875 0.6072916671875 0.055555556250000006 0.5911458328125 0.0490740734375 0.5859375 0.053703703125 0.5760416671875 0.1879629625 0.5692708328125 0.24351851875000002 0.5661458328125 0.3018518515625 0.5625 0.3138888890625
7 0.46302083281249995 0 0.4614583328125 0.009259259374999999 0.459375 0.1925925921875 0.4609375 0.21203703749999997 0.459375 0.22314814843750003 0.46666666718750005 0.23611111093749998 0.5328125 0.309259259375 0.5395833328124999 0.3120370375 0.55625 0.3324074078125 0.5598958328125 0.33055555625 0.5651041671875 0.3101851859375 0.565625 0.2916666671875 0.56875 0.2768518515625 0.56875 0.259259259375 0.5729166671875 0.23240740781250002 0.575 0.1833333328125 0.5864583328124999 0.051851851562499995 0.5755208328125 0.0416666671875 0.4916666671875 0 0.46302083281249995 0
7 0.396875 0 0.3994791671875 0.11851851875 0.40260416718750003 0.13703703750000001 0.4010416671875 0.1425925921875 0.41302083281249996 0.15648148125 0.4145833328125 0.1620370375 0.4291666671875 0.172222221875 0.4536458328125 0.20370370312500002 0.459375 0.2009259265625 0.4614583328125 0 0.396875 0
7 0.3557291671875 0 0.3557291671875 0.004629629687499999 0.35885416718749996 0.08796296249999999 0.3890625 0.11574074062499999 0.3994791671875 0.1203703703125 0.396875 0 0.3557291671875 0
7 0.8651041671874999 0 0.8609375 0.0333333328125 0.85625 0.0916666671875 0.8526041671875 0.1129629625 0.853125 0.1379629625 0.8598958328125 0.1379629625 0.9119791671874999 0.16388888906250001 0.9166666671874999 0.1629629625 0.9208333328125 0.165740740625 0.9239583328125001 0.1768518515625 0.9270833328125001 0.17962962968750001 0.9546875 0.196296296875 0.9677083328125 0.2009259265625 0.9692708328125 0.19537037031249999 0.9734375 0.19537037031249999 0.98125 0.2046296296875 0.9994791671875 0.2101851859375 0.9994791671875 0 0.8651041671874999 0
7 0.7463541671875 0 0.7411458328125 0.0638888890625 0.740625 0.07962962968750001 0.7427083328124999 0.08333333281250001 0.7911458328125 0.1111111109375 0.7994791671875 0.12592592656249998 0.7984375 0.13055555624999998 0.8020833328125001 0.13148148125 0.803125 0.12592592656249998 0.8067708328125001 0.1231481484375 0.8369791671875 0.13981481406250001 0.84375 0.1379629625 0.8458333328125001 0.13333333281249998 0.8447916671875 0.1268518515625 0.8494791671874999 0.1203703703125 0.8494791671874999 0.102777778125 0.8463541671874999 0.08518518593749999 0.8479166671874999 0.0648148140625 0.8515625 0.05 0.8557291671874999 0 0.7463541671875 0
7 0.6421875 0 0.6416666671875 0.013888889062500001 0.6411458328124999 0.037037037499999995 0.6427083328125 0.040740740625 0.6890625 0.0629629625 0.6911458328125 0.0675925921875 0.690625 0.07685185156249999 0.696875 0.07685185156249999 0.7057291671875 0.06944444375 0.7166666671875 0.07685185156249999 0.7270833328124999 0.078703703125 0.7302083328125 0.0759259265625 0.7333333328125 0 0.6421875 0
8 0.6390625 0.6879629625 0.6463541671875 0.6509259265625 0.6463541671875 0.6370370375000001 0.6427083328125 0.628703703125 0.6317708328125 0.622222221875 0.615625 0.6231481484375 0.6104166671875 0.628703703125 0.6067708328125 0.640740740625 0.6072916671875 0.66944444375 0.6135416671875 0.6925925921875 0.6286458328125 0.6981481484375001 0.6390625 0.6879629625
8 0.5723958328125 0.38703703749999996 0.578125 0.372222221875 0.56875 0.3620370375 0.5520833328125 0.35925925937500003 0.5421875 0.3648148140625 0.5369791671875 0.3731481484375 0.5380208328125 0.3916666671875 0.5427083328125 0.397222221875 0.5510416671875 0.3981481484375 0.5723958328125 0.38703703749999996
8 0.4244791671875 0.2629629625 0.43125 0.259259259375 0.4328125 0.253703703125 0.43177083281249995 0.24814814843750002 0.4270833328125 0.24259259218749998 0.41822916718750003 0.2398148140625 0.40416666718750005 0.24259259218749998 0.39895833281250004 0.2518518515625 0.39791666718749996 0.25555555625 0.4 0.2648148140625 0.403125 0.2675925921875 0.4244791671875 0.2629629625
8 0.9692708328125 0.972222221875 0.9390625 0.9611111109375001 0.9260416671874999 0.9611111109375001 0.9161458328125001 0.9666666671874999 0.90625 0.9768518515625001 0.9 0.9898148140625 0.8989583328125 0.9990740734375001 0.9885416671874999 0.9990740734375001 0.9859375 0.9916666671875 0.9692708328125 0.972222221875
5 0.4078125 0.7296296296875 0.42760416718750005 0.7833333328125 0.4375 0.777777778125 0.43854166718750004 0.7740740734375 0.44322916718750005 0.775 0.4458333328125 0.7675925921875 0.4578125 0.7648148140625 0.4895833328125 0.7425925921875 0.496875 0.73148148125 0.4953125 0.7185185187500001 0.49010416718750005 0.703703703125 0.46666666718750005 0.6509259265625 0.4609375 0.6425925921875 0.415625 0.5370370375 0.4078125 0.5361111109375 0.3578125 0.571296296875 0.3583333328125 0.5833333328125 0.3625 0.5981481484375 0.3713541671875 0.615740740625 0.4078125 0.7296296296875
5 0.35625 0.5 0.3921875 0.4824074078125 0.4057291671875 0.47222222187499996 0.4046875 0.4546296296875 0.3958333328125 0.4370370375 0.3875 0.43240740781250003 0.3859375 0.41944444374999995 0.3817708328125 0.4074074078125 0.3765625 0.3990740734375 0.3713541671875 0.397222221875 0.371875 0.3888888890625 0.3651041671875 0.3731481484375 0.3557291671875 0.36759259218749996 0.35208333281250004 0.35925925937500003 0.34322916718749996 0.3601851859375 0.31302083281250004 0.377777778125 0.3098958328125 0.38055555625 0.3125 0.396296296875 0.3515625 0.4990740734375 0.35625 0.5
5 0.5020833328125 0.9638888890624999 0.5015625 0.9685185187500001 0.5041666671875 0.9675925921875 0.50625 0.972222221875 0.5046875 0.978703703125 0.509375 0.9990740734375001 0.5119791671875 0.9953703703125001 0.5166666671875 0.9990740734375001 0.6119791671875 0.9990740734375001 0.6145833328125 0.99351851875 0.6151041671875 0.98148148125 0.6114583328125 0.9824074078124999 0.6057291671875 0.9731481484375 0.5947916671875 0.9351851859375 0.5854166671875001 0.9268518515625 0.58125 0.9 0.5703125 0.8796296296874999 0.5703125 0.872222221875 0.5671875 0.8638888890624999 0.5723958328125 0.85648148125 0.5640625 0.834259259375 0.5604166671875 0.8370370375 0.5567708328125 0.8324074078124999 0.5479166671875 0.8333333328125001 0.48541666718750004 0.8768518515625001 0.4796875 0.884259259375 0.478125 0.8879629625 0.49322916718750004 0.9388888890624999 0.4927083328125 0.9425925921875 0.5020833328125 0.9638888890624999