1 0.2635416671875 0.7111111109375 0.28125 0.7574074078125 0.2786458328125 0.7638888890625 0.2744791671875 0.765740740625 0.2677083328125 0.7833333328125 0.2697916671875 0.8111111109375001 0.2677083328125 0.85 0.275 0.91944444375 0.2776041671875 0.9240740734375 0.278125 0.934259259375 0.2828125 0.9518518515625001 0.28854166718749996 0.9990740734375001 0.3463541671875 0.9990740734375001 0.44427083281249996 0.9388888890624999 0.45989583281249996 0.9240740734375 0.46770833281249996 0.909259259375 0.4734375 0.915740740625 0.47447916718750005 0.953703703125 0.4828125 0.9490740734375 0.48125 0.902777778125 0.47083333281249995 0.81851851875 0.44375 0.7361111109375 0.43177083281249995 0.7083333328125 0.4171875 0.6851851859375 0.41510416718750004 0.6370370375000001 0.4166666671875 0.622222221875 0.40833333281249995 0.5138888890625 0.4015625 0.4768518515625 0.3880208328125 0.4453703703125 0.3682291671875 0.41944444374999995 0.3494791671875 0.40833333281249995 0.3234375 0.4074074078125 0.2984375 0.4175925921875 0.2760416671875 0.440740740625 0.2588541671875 0.4731481484375 0.2479166671875 0.5120370375000001 0.24375 0.546296296875 0.24375 0.5833333328125 0.2515625 0.66944444375 0.25833333281250004 0.709259259375 0.2635416671875 0.7111111109375
1 0 0.8018518515625 0.00625 0.8018518515625 0.0135416671875 0.8222222218749999 0.0286458328125 0.9018518515625 0.0307291671875 0.922222221875 0.0302083328125 0.9629629625 0.025 0.9731481484375 0.0234375 0.9990740734375001 0.2666666671875 0.9990740734375001 0.2713541671875 0.99444444375 0.2682291671875 0.972222221875 0.2614583328125 0.952777778125 0.2614583328125 0.94351851875 0.2541666671875 0.902777778125 0.2401041671875 0.8481481484375 0.23072916718749997 0.828703703125 0.2182291671875 0.7898148140625 0.21197916718749998 0.7851851859375001 0.2130208328125 0.76944444375 0.20729166718749997 0.7416666671875001 0.2036458328125 0.70648148125 0.1854166671875 0.5916666671875 0.1776041671875 0.5638888890625 0.1703125 0.547222221875 0.15 0.5175925921875 0.1354166671875 0.50555555625 0.1125 0.497222221875 0.09375 0.49629629687500004 0.07083333281250001 0.5009259265625 0.0442708328125 0.5166666671875 0.0067708328125 0.5638888890625 0 0.577777778125 0 0.8018518515625
1 0.51875 0.6537037031249999 0.5223958328125 0.6601851859375001 0.5286458328125 0.6851851859375 0.5302083328125 0.7046296296875 0.5713541671875 0.7898148140625 0.5791666671875 0.834259259375 0.5786458328124999 0.853703703125 0.5765625 0.8611111109375 0.5791666671875 0.86944444375 0.5796875 0.8879629625 0.5890625 0.88055555625 0.5890625 0.8490740734375001 0.5854166671875001 0.8194444437499999 0.5895833328125 0.8120370375 0.6151041671875 0.827777778125 0.6302083328125 0.827777778125 0.646875 0.8194444437499999 0.7130208328125 0.7731481484375 0.7192708328124999 0.7814814812499999 0.7182291671875001 0.7981481484375 0.7286458328125 0.7916666671875 0.7348958328124999 0.7018518515625 0.7333333328125 0.690740740625 0.7296875 0.6796296296875 0.7130208328125 0.6518518515625 0.6677083328125 0.5879629625 0.65625 0.577777778125 0.6338541671875 0.577777778125 0.578125 0.6018518515625 0.571875 0.5675925921875 0.596875 0.55 0.6078125 0.546296296875 0.6109375 0.5398148140625 0.6307291671875 0.534259259375 0.6390625 0.5268518515625 0.6453125 0.5129629625 0.6427083328125 0.4916666671875 0.6442708328125 0.43518518593750005 0.6427083328125 0.3879629625 0.6260416671875 0.33703703749999997 0.6135416671875 0.322222221875 0.5953125 0.3129629625 0.5796875 0.3138888890625 0.5625 0.325 0.5385416671875001 0.35648148125 0.5328125 0.36944444375 0.5182291671875 0.41111111093749997 0.5130208328125 0.447222221875 0.5135416671875 0.5527777781250001 0.515625 0.5611111109375 0.5130208328125 0.5898148140624999 0.51875 0.6537037031249999
1 0.7411458328125 0.565740740625 0.7520833328125 0.5490740734374999 0.7494791671875001 0.54444444375 0.75 0.5398148140625 0.7557291671875 0.5379629625 0.7609375 0.5287037031249999 0.7682291671875 0.5287037031249999 0.7645833328125 0.525 0.7671875 0.5148148140625 0.8244791671874999 0.48981481406249994 0.8307291671874999 0.48425925937500003 0.84375 0.48333333281249996 0.846875 0.5129629625 0.853125 0.5166666671875 0.8557291671874999 0.49444444374999996 0.8546875 0.4796296296875 0.859375 0.4601851859375 0.8640625 0.3861111109375 0.8630208328125001 0.3453703703125 0.859375 0.3296296296875 0.8614583328125001 0.32592592656249997 0.853125 0.29444444375 0.840625 0.2759259265625 0.8260416671874999 0.2675925921875 0.80625 0.2675925921875 0.7942708328125 0.2740740734375 0.7828125 0.28611111093749997 0.7588541671875 0.32592592656249997 0.7588541671875 0.3333333328125 0.7541666671875 0.3453703703125 0.7510416671875 0.3453703703125 0.7479166671875 0.35555555625 0.7416666671875001 0.38703703749999996 0.7401041671875 0.42268518593750004 0.7369791671875 0.44259259218749997 0.7348958328124999 0.5175925921875 0.7369791671875 0.5768518515625 0.7427083328124999 0.575 0.7411458328125 0.565740740625
1 0.7614583328125 0.628703703125 0.7614583328125 0.6388888890625 0.7572916671875001 0.6425925921875 0.7625 0.6537037031249999 0.7770833328125 0.6546296296875 0.7828125 0.659259259375 0.7942708328125 0.6777777781250001 0.7942708328125 0.6824074078125 0.7984375 0.6824074078125 0.8 0.6888888890625 0.8098958328125001 0.702777778125 0.8203125 0.727777778125 0.825 0.73148148125 0.85625 0.715740740625 0.859375 0.7083333328125 0.8640625 0.66944444375 0.8666666671875 0.659259259375 0.8708333328125001 0.6546296296875 0.95 0.615740740625 0.9432291671874999 0.602777778125 0.8916666671875 0.5425925921875 0.878125 0.5314814812499999 0.8666666671875 0.5268518515625 0.8447916671875 0.5259259265625 0.80625 0.5398148140625 0.76875 0.5629629625 0.7588541671875 0.5768518515625 0.7557291671875 0.6175925921875 0.7520833328125 0.622222221875 0.7557291671875 0.622222221875 0.7614583328125 0.628703703125
7 0.8739583328125 0.7175925921874999 0.8817708328125 0.7175925921874999 0.8973958328125 0.70648148125 0.9052083328125 0.7083333328125 0.9130208328125 0.715740740625 0.9177083328125001 0.73055555625 0.915625 0.75555555625 0.8984375 0.8370370375 0.8859375 0.909259259375 0.8765625 0.946296296875 0.8734375 0.977777778125 0.8744791671875 0.9990740734375001 0.9994791671875 0.9990740734375001 0.9994791671875 0.6083333328125 0.9895833328125001 0.61851851875 0.9864583328125001 0.61851851875 0.9854166671875 0.6111111109375 0.9817708328125001 0.6101851859375 0.975 0.6175925921875 0.965625 0.61851851875 0.9572916671874999 0.6259259265625 0.9385416671875 0.6268518515625 0.8760416671875 0.6555555562500001 0.8734375 0.6583333328125 0.8744791671875 0.6629629625 0.8708333328125001 0.672222221875 0.86875 0.6703703703125 0.8651041671874999 0.678703703125 0.8651041671874999 0.690740740625 0.8692708328125001 0.6851851859375 0.8744791671875 0.6898148140625 0.8739583328125 0.7175925921874999
7 0.9994791671875 0.8027777781250001 0.9963541671874999 0.8027777781250001 0.990625 0.7861111109375 0.990625 0.772222221875 0.9609375 0.775 0.9546875 0.771296296875 0.946875 0.7740740734375 0.9453125 0.7583333328124999 0.9432291671874999 0.75648148125 0.9447916671875 0.7518518515625 0.94375 0.7120370375 0.9348958328125001 0.7185185187500001 0.9291666671875 0.709259259375 0.9286458328125 0.6888888890625 0.9234375 0.6888888890625 0.8770833328125001 0.7111111109375 0.8760416671875 0.7203703703125 0.8729166671874999 0.7240740734375 0.8651041671874999 0.7259259265625 0.8572916671874999 0.7333333328125 0.8546875 0.73148148125 0.8557291671874999 0.7231481484375 0.853125 0.7203703703125 0.6520833328125 0.8416666671874999 0.6208333328125 0.865740740625 0.5088541671875 0.9351851859375 0.41979166718750005 0.99444444375 0.42083333281249996 0.9990740734375001 0.9994791671875 0.9990740734375001 0.9994791671875 0.8027777781250001
7 0.665625 0 0.6557291671875001 0.15277777812499999 0.6510416671875 0.234259259375 0.6515625 0.24351851875000002 0.6541666671875 0.246296296875 0.6989583328125 0.23240740781250002 0.778125 0.1898148140625 0.7869791671875 0.1898148140625 0.8145833328125001 0.172222221875 0.8208333328125 0.147222221875 0.8380208328125001 0 0.665625 0
7 0.5765625 0 0.4828125 0.0268518515625 0.4401041671875 0.0351851859375 0.4265625 0.0425925921875 0.425 0.04444444375 0.425 0.060185185937499996 0.4270833328125 0.0870370375 0.42604166718750003 0.1148148140625 0.4302083328125 0.20277777812500003 0.43072916718750004 0.2629629625 0.43645833281249996 0.3101851859375 0.475 0.3018518515625 0.509375 0.2833333328125 0.50625 0.25555555625 0.509375 0.2509259265625 0.5171875 0.252777778125 0.5244791671875 0.2453703703125 0.54375 0.2379629625 0.5536458328125 0.2388888890625 0.5583333328125 0.234259259375 0.5619791671875001 0.2388888890625 0.5645833328125 0.25555555625 0.5703125 0.2601851859375 0.5994791671875 0.2546296296875 0.6234375 0.24259259218749998 0.6380208328125 0.23055555625 0.6463541671875 0.08518518593749999 0.6484375 0 0.5765625 0
7 0.1817708328125 0.4074074078125 0.2328125 0.39074074062499997 0.2359375 0.38333333281250004 0.2494791671875 0.377777778125 0.2510416671875 0.3703703703125 0.2536458328125 0.36851851875 0.2494791671875 0.3601851859375 0.2494791671875 0.3509259265625 0.2515625 0.34722222187499996 0.2557291671875 0.3481481484375 0.2609375 0.3425925921875 0.27291666718749996 0.3425925921875 0.2776041671875 0.34444444375 0.2822916671875 0.353703703125 0.2927083328125 0.352777778125 0.2932291671875 0.3416666671875 0.2911458328125 0.33148148125 0.2989583328125 0.321296296875 0.30625 0.3231481484375 0.3125 0.34722222187499996 0.3151041671875 0.3490740734375 0.31979166718749996 0.3453703703125 0.32083333281250004 0.3398148140625 0.3270833328125 0.34444444375 0.35208333281250004 0.334259259375 0.3692708328125 0.3333333328125 0.41197916718750005 0.309259259375 0.4171875 0.302777778125 0.415625 0.1888888890625 0.40989583281249997 0.05648148125 0.40729166718750004 0.047222221875 0.3942708328125 0.047222221875 0.3213541671875 0.0638888890625 0.3104166671875 0.0703703703125 0.2979166671875 0.0703703703125 0.2557291671875 0.08518518593749999 0.2479166671875 0.08425925937499999 0.1890625 0.1 0.12291666718750001 0.1231481484375 0.121875 0.1296296296875 0.1270833328125 0.1768518515625 0.1625 0.40555555625000006 0.1817708328125 0.4074074078125
7 0 0.42129629687500003 0.0057291671875 0.42222222187499997 0.008854167187500001 0.4175925921875 0.021354167187500002 0.425 0.029166667187500002 0.44351851875000003 0.0333333328125 0.44444444375 0.07083333281250001 0.43240740781250003 0.0890625 0.43333333281249997 0.1552083328125 0.40092592656250003 0.15572916718750002 0.39351851875 0.1369791671875 0.2740740734375 0.1244791671875 0.16944444375 0.1197916671875 0.1620370375 0.1135416671875 0.1231481484375 0.11041666718750001 0.11851851875 0.0333333328125 0.1351851859375 0.0114583328125 0.14444444375 0 0.1453703703125 0 0.42129629687500003
7 0 0 0 0.11944444375 0.0916666671875 0.1046296296875 0.1354166671875 0.0916666671875 0.12291666718750001 0 0 0
7 0.13125 0 0.13125 0.002777778125 0.1427083328125 0.0824074078125 0.1505208328125 0.08518518593749999 0.1848958328125 0.07962962968750001 0.20833333281250002 0.0703703703125 0.2114583328125 0.0638888890625 0.2171875 0.06851851875000001 0.21875 0.059259259375 0.2260416671875 0.053703703125 0.2270833328125 0.04351851875 0.23072916718749997 0.04351851875 0.2453125 0.0620370375 0.271875 0.0546296296875 0.2760416671875 0.05648148125 0.3192708328125 0.0416666671875 0.3203125 0 0.13125 0
7 0.3182291671875 0 0.32083333281250004 0.039814814062499995 0.325 0.047222221875 0.35989583281250004 0.0416666671875 0.3645833328125 0.034259259375000004 0.3661458328125 0.0148148140625 0.371875 0.0120370375 0.3796875 0.013888889062500001 0.3869791671875 0.004629629687499999 0.3859375 0 0.3182291671875 0
8 0.2046875 0.46388888906250003 0.2109375 0.45277777812500003 0.2114583328125 0.44259259218749997 0.2088541671875 0.43055555625 0.2010416671875 0.4166666671875 0.18697916718750002 0.4166666671875 0.1765625 0.427777778125 0.1770833328125 0.4379629625 0.1807291671875 0.4481481484375 0.1911458328125 0.46481481406249997 0.2046875 0.46388888906250003
8 0.6833333328125 0.2833333328125 0.6833333328125 0.27870370312500004 0.6776041671875 0.271296296875 0.6619791671875 0.2638888890625 0.6520833328125 0.26574074062499997 0.6432291671875 0.2768518515625 0.64375 0.2898148140625 0.653125 0.296296296875 0.6776041671875 0.2925925921875 0.6833333328125 0.2833333328125