3 0 0.5074074078125 0.0026041671875 0.509259259375 0.0083333328125 0.5324074078125001 0.0166666671875 0.5287037031249999 0.007291667187500001 0.48333333281249996 0.0078125 0.4768518515625 0.1098958328125 0.41944444374999995 0.11510416718750001 0.4129629625 0.0645833328125 0.13055555624999998 0.0338541671875 0.1379629625 0 0.15 0 0.5074074078125
7 0 0.7296296296875 0.0276041671875 0.7083333328125 0.0260416671875 0.7009259265625001 0.017708332812499998 0.6898148140625 0.0166666671875 0.684259259375 0.0671875 0.6416666671875 0.0442708328125 0.5175925921875 0.0046875 0.5379629625 0 0.5416666671875 0 0.7296296296875
7 0.2942708328125 0.49259259218749996 0.31875 0.5009259265625 0.3296875 0.48981481406249994 0.3296875 0.48518518593750004 0.3369791671875 0.4824074078125 0.33125 0.477777778125 0.32760416718749996 0.465740740625 0.3572916671875 0.43981481406249995 0.35885416718749996 0.43333333281249997 0.3583333328125 0.41851851875 0.3515625 0.384259259375 0.3463541671875 0.33703703749999997 0.26510416718749996 0.3898148140625 0.2635416671875 0.39444444375 0.2791666671875 0.5 0.284375 0.5 0.2942708328125 0.49259259218749996
7 0.35885416718749996 0.43240740781250003 0.3609375 0.43518518593750005 0.3723958328125 0.4268518515625 0.3864583328125 0.43518518593750005 0.3958333328125 0.4361111109375 0.41197916718750005 0.4203703703125 0.4010416671875 0.4138888890625 0.40052083281249995 0.40648148125 0.4166666671875 0.396296296875 0.43125 0.38055555625 0.42552083281249997 0.3296296296875 0.4223958328125 0.31851851875000003 0.4203125 0.2888888890625 0.40052083281249995 0.29722222187499997 0.3494791671875 0.33148148125 0.3479166671875 0.3425925921875 0.3515625 0.378703703125 0.35885416718749996 0.42129629687500003 0.35885416718749996 0.43240740781250003
7 0.45885416718750005 0.38333333281250004 0.465625 0.38055555625 0.4765625 0.3703703703125 0.46510416718750003 0.36296296250000004 0.465625 0.35648148125 0.49322916718750004 0.3333333328125 0.48645833281249995 0.24907407343750002 0.478125 0.25 0.425 0.2851851859375 0.4244791671875 0.31851851875000003 0.43125 0.3759259265625 0.4421875 0.3740740734375 0.45885416718750005 0.38333333281250004
7 0.509375 0.334259259375 0.5260416671875 0.3379629625 0.5354166671875 0.32777777812500003 0.5302083328125 0.3111111109375 0.5447916671875 0.3009259265625 0.5526041671875 0.290740740625 0.55 0.28194444375 0.5484375 0.23148148124999998 0.5453125 0.21203703749999997 0.49895833281249996 0.23518518593749999 0.4875 0.24444444375000002 0.49114583281249996 0.3101851859375 0.49583333281249997 0.33055555625 0.5078125 0.32777777812500003 0.509375 0.334259259375
7 0.5770833328125 0.29814814843750004 0.5911458328125 0.2833333328125 0.5901041671875 0.2666666671875 0.5994791671875 0.25833333281250004 0.5994791671875 0.18148148125000002 0.5942708328124999 0.18055555625 0.5817708328125 0.1870370375 0.5458333328125 0.21203703749999997 0.5479166671875 0.2203703703125 0.5494791671875 0.2648148140625 0.5536458328125 0.290740740625 0.5770833328125 0.29814814843750004
7 0.0395833328125 0.8925925921875001 0.056770832812500005 0.9851851859374999 0.0614583328125 0.9990740734375001 0.0713541671875 0.9990740734375001 0.1119791671875 0.9583333328125001 0.12395833281249999 0.95 0.1421875 0.9833333328125 0.1505208328125 0.977777778125 0.1911458328125 0.9351851859375 0.1916666671875 0.9231481484374999 0.1770833328125 0.9 0.1770833328125 0.896296296875 0.23958333281250002 0.8333333328125001 0.2166666671875 0.675 0.21354166718749998 0.6703703703125 0.1541666671875 0.7148148140624999 0.11510416718750001 0.746296296875 0.1109375 0.752777778125 0.096875 0.7611111109375 0.0796875 0.7805555562500001 0.0302083328125 0.8222222218749999 0.0244791671875 0.83055555625 0.0239583328125 0.840740740625 0.0296875 0.8703703703125001 0.0354166671875 0.877777778125 0.0395833328125 0.8925925921875001
7 0 0.9990740734375001 0.059375 0.9990740734375001 0.0385416671875 0.8925925921875001 0.029166667187500002 0.872222221875 0.021875 0.8324074078124999 0.0171875 0.83148148125 0 0.8444444437499999 0 0.9990740734375001
7 0.44166666718750003 0.6240740734375 0.4604166671875 0.6074074078125 0.465625 0.6074074078125 0.48645833281249995 0.61944444375 0.5057291671875 0.5990740734375 0.5104166671875 0.590740740625 0.50625 0.5851851859375 0.49322916718750004 0.578703703125 0.4927083328125 0.5731481484375001 0.5057291671875 0.559259259375 0.509375 0.5601851859375 0.5098958328125 0.5546296296875 0.5296875 0.5333333328125 0.5296875 0.521296296875 0.5333333328125 0.5138888890625 0.5255208328125 0.4388888890625 0.5203125 0.43055555625 0.5177083328125 0.40648148125 0.5130208328125 0.40648148125 0.42760416718750005 0.48425925937500003 0.42604166718750003 0.4916666671875 0.4359375 0.577777778125 0.4369791671875 0.6129629624999999 0.44166666718750003 0.6240740734375
7 0.5265625 0.4546296296875 0.5328125 0.4916666671875 0.5307291671875001 0.5018518515625 0.5369791671875 0.5259259265625 0.5473958328124999 0.5175925921875 0.5713541671875 0.5287037031249999 0.5791666671875 0.525 0.5942708328124999 0.50648148125 0.5807291671875 0.4990740734375 0.58125 0.48518518593750004 0.6130208328125 0.4546296296875 0.6083333328125 0.4370370375 0.5994791671875 0.3453703703125 0.5859375 0.34722222187499996 0.5322916671875 0.3879629625 0.5223958328125 0.40092592656250003 0.5208333328125 0.409259259375 0.5229166671875001 0.43518518593750005 0.5265625 0.4388888890625 0.5265625 0.4546296296875
7 0.6223958328125 0.45185185156249996 0.6432291671875 0.4574074078125 0.6552083328125 0.44351851875000003 0.6578125 0.4388888890625 0.6458333328125 0.4203703703125 0.6651041671875 0.396296296875 0.6682291671875 0.3879629625 0.6625 0.2870370375 0.6583333328125 0.28611111093749997 0.6416666671875 0.3018518515625 0.6036458328125 0.34444444375 0.603125 0.3796296296875 0.6114583328125 0.4509259265625 0.6130208328125 0.45370370312499997 0.6223958328125 0.45185185156249996
7 0.7057291671875 0.3768518515625 0.7036458328124999 0.3703703703125 0.696875 0.365740740625 0.6963541671875 0.35925925937500003 0.7140625 0.33703703749999997 0.7125 0.2398148140625 0.7026041671875001 0.24351851875000002 0.6635416671875001 0.2824074078125 0.6682291671875 0.384259259375 0.6703125 0.3879629625 0.6932291671875 0.39351851875 0.7057291671875 0.3768518515625
7 0.7463541671875 0.33703703749999997 0.7557291671875 0.32592592656249997 0.7479166671875 0.31944444375000003 0.7526041671875 0.3009259265625 0.7614583328125 0.2898148140625 0.7598958328125 0.19537037031249999 0.7557291671875 0.19537037031249999 0.7473958328125 0.20277777812500003 0.71875 0.23240740781250002 0.7192708328124999 0.2953703703125 0.721875 0.33148148125 0.7234375 0.334259259375 0.7463541671875 0.33703703749999997
7 0.7713541671875 0.7759259265625 0.7755208328125 0.777777778125 0.7916666671875 0.753703703125 0.8177083328125001 0.7675925921875 0.8369791671875 0.727777778125 0.8161458328125001 0.7129629625 0.815625 0.703703703125 0.8385416671874999 0.6638888890625 0.8473958328125001 0.6379629625 0.8453125 0.4916666671875 0.8354166671875 0.5009259265625 0.828125 0.5129629625 0.821875 0.5166666671875 0.7880208328125 0.5638888890625 0.7682291671875 0.6 0.7671875 0.6074074078125 0.765625 0.63148148125 0.7682291671875 0.6731481484375 0.7671875 0.7166666671875 0.7713541671875 0.7759259265625
7 0.8572916671874999 0.6398148140625 0.8588541671875 0.634259259375 0.8651041671874999 0.627777778125 0.8890625 0.6379629625 0.903125 0.60555555625 0.8828125 0.5935185187500001 0.8822916671875 0.5879629625 0.8901041671875 0.575 0.8932291671874999 0.5629629625 0.9036458328125001 0.5416666671875 0.9125 0.527777778125 0.9135416671875 0.51851851875 0.9109375 0.497222221875 0.9098958328125001 0.4 0.9083333328125001 0.3916666671875 0.8911458328125 0.41203703750000004 0.85625 0.475 0.8526041671875 0.48518518593750004 0.8510416671875 0.527777778125 0.8515625 0.5962962968750001 0.8494791671874999 0.6148148140624999 0.8526041671875 0.640740740625 0.8572916671874999 0.6398148140625
7 0.9104166671874999 0.4953703703125 0.9130208328125 0.5120370375000001 0.9104166671874999 0.5324074078125001 0.9114583328125001 0.5351851859375001 0.915625 0.534259259375 0.9197916671874999 0.5287037031249999 0.9401041671874999 0.5361111109375 0.9526041671875 0.509259259375 0.9390625 0.502777778125 0.9354166671874999 0.49351851875 0.9546875 0.447222221875 0.9557291671874999 0.43981481406249995 0.9536458328125 0.41944444374999995 0.9552083328125001 0.3990740734375 0.9526041671875 0.31759259218749997 0.9463541671875 0.3203703703125 0.9177083328125001 0.36851851875 0.9036458328125001 0.396296296875 0.9078125 0.397222221875 0.9098958328125001 0.40555555625000006 0.9104166671874999 0.4953703703125
7 0.9625 0.4268518515625 0.9598958328125 0.44259259218749997 0.9651041671874999 0.4481481484375 0.9869791671874999 0.45185185156249996 0.9927083328125 0.4388888890625 0.9994791671875 0.4361111109375 0.9994791671875 0.2611111109375 0.99375 0.26574074062499997 0.965625 0.3166666671875 0.9625 0.3953703703125 0.9588541671874999 0.4148148140625 0.9588541671874999 0.4203703703125 0.9625 0.4268518515625
8 0.9057291671875 0.7074074078125 0.9036458328125001 0.696296296875 0.8932291671874999 0.6888888890625 0.8786458328125001 0.6925925921875 0.8729166671874999 0.7 0.8729166671874999 0.709259259375 0.8822916671875 0.715740740625 0.8984375 0.7148148140624999 0.9057291671875 0.7074074078125
8 0.90625 0.5666666671875 0.9 0.5620370375 0.8947916671874999 0.5638888890625 0.8875 0.5833333328125 0.9015625 0.5824074078125 0.9072916671875 0.5768518515625 0.90625 0.5666666671875
8 0.9625 0.48981481406249994 0.9645833328125001 0.48148148125 0.9619791671875 0.4768518515625 0.9536458328125 0.47407407343749997 0.9453125 0.4768518515625 0.940625 0.48333333281249996 0.9395833328125001 0.48703703750000005 0.9421875 0.49351851875 0.9526041671875 0.49444444374999996 0.9625 0.48981481406249994
8 0.9708333328125001 0.4583333328125 0.9640625 0.45185185156249996 0.9541666671875 0.45555555625000005 0.9536458328125 0.46944444374999994 0.9572916671874999 0.4731481484375 0.965625 0.471296296875 0.9708333328125001 0.4583333328125
8 0.7338541671875001 0.372222221875 0.7333333328125 0.3648148140625 0.7307291671875 0.3620370375 0.7239583328125 0.3620370375 0.7208333328125 0.365740740625 0.7213541671875 0.372222221875 0.725 0.3759259265625 0.7317708328125 0.3759259265625 0.7338541671875001 0.372222221875
8 0.678125 0.43148148124999997 0.6770833328125 0.42314814843750004 0.6739583328125 0.4203703703125 0.6614583328125 0.4240740734375 0.6614583328125 0.43148148124999997 0.665625 0.434259259375 0.6760416671875 0.43518518593750005 0.678125 0.43148148124999997
8 0.5911458328125 0.477777778125 0.5802083328125 0.4888888890625 0.5859375 0.49444444374999996 0.5942708328124999 0.49444444374999996 0.596875 0.48518518593750004 0.5911458328125 0.477777778125
8 0.5171875 0.5703703703125 0.515625 0.5601851859375 0.509375 0.5583333328125 0.5036458328125 0.5648148140625 0.5036458328125 0.5759259265625001 0.5078125 0.5833333328125 0.5135416671875 0.58055555625 0.5171875 0.5703703703125
8 0.3828125 0.4453703703125 0.3807291671875 0.44166666718750003 0.375 0.440740740625 0.365625 0.44907407343749994 0.36666666718749996 0.4546296296875 0.3770833328125 0.4546296296875 0.3817708328125 0.45185185156249996 0.3828125 0.4453703703125
8 0.45677083281249997 0.3990740734375 0.4515625 0.39444444375 0.4421875 0.4 0.44166666718750003 0.4046296296875 0.44635416718750004 0.4074074078125 0.45677083281249997 0.403703703125 0.45677083281249997 0.3990740734375
8 0.5145833328125 0.352777778125 0.5145833328125 0.3490740734375 0.5104166671875 0.34444444375 0.5010416671875 0.3490740734375 0.49895833281249996 0.352777778125 0.5010416671875 0.35648148125 0.5104166671875 0.35648148125 0.5145833328125 0.352777778125
8 0.5625 0.3148148140625 0.559375 0.30740740781250003 0.5510416671875 0.309259259375 0.5484375 0.3138888890625 0.5494791671875 0.3166666671875 0.5604166671875 0.31759259218749997 0.5625 0.3148148140625
8 0.5963541671875 0.2759259265625 0.590625 0.2768518515625 0.5901041671875 0.2851851859375 0.5916666671875 0.2870370375 0.5984375 0.2824074078125 0.5963541671875 0.2759259265625
8 0.75625 0.3046296296875 0.7489583328125 0.3046296296875 0.7395833328125 0.3138888890625 0.7536458328125 0.3166666671875 0.759375 0.3111111109375 0.75625 0.3046296296875
8 0.21354166718749998 0.99351851875 0.2140625 0.977777778125 0.2114583328125 0.9675925921875 0.20729166718749997 0.9620370375 0.20052083281250002 0.9611111109375001 0.1890625 0.9731481484375 0.18802083281249998 0.9796296296874999 0.1953125 0.9990740734375001 0.2114583328125 0.9990740734375001 0.21354166718749998 0.99351851875
8 0.0447916671875 0.725 0.0427083328125 0.709259259375 0.0338541671875 0.7101851859375 0.0286458328125 0.7166666671875 0.0286458328125 0.7259259265625 0.0328125 0.734259259375 0.040625 0.7324074078125 0.0447916671875 0.725
5 0.6010416671875001 0.6268518515625 0.5828125 0.6111111109375 0.5755208328125 0.6111111109375 0.5692708328125 0.621296296875 0.5598958328125 0.628703703125 0.5505208328125 0.64444444375 0.5432291671875 0.6481481484375 0.5192708328125 0.6833333328125 0.51875 0.6898148140625 0.5447916671875 0.7074074078125 0.5994791671875 0.634259259375 0.6010416671875001 0.6268518515625
5 0.9848958328125 0.7981481484375 0.9473958328125001 0.7703703703125 0.9390625 0.772222221875 0.9348958328125001 0.7787037031249999 0.93125 0.7953703703125 0.928125 0.7981481484375 0.925 0.8194444437499999 0.9208333328125 0.8259259265625 0.9166666671874999 0.8453703703125001 0.9046875 0.88055555625 0.9036458328125001 0.8925925921875001 0.90625 0.896296296875 0.9484375 0.925 0.9848958328125 0.7981481484375
5 0.9994791671875 0.725 0.9994791671875 0.647222221875 0.9895833328125001 0.64444444375 0.9838541671875 0.65 0.9755208328125 0.665740740625 0.9703125 0.6833333328125 0.9510416671874999 0.727777778125 0.95 0.7361111109375 0.953125 0.740740740625 0.9859375 0.7574074078125 0.9994791671875 0.725
5 0 0.8435185187500001 0.0369791671875 0.815740740625 0.084375 0.7731481484375 0.0880208328125 0.765740740625 0.07552083281250001 0.75 0.0192708328125 0.8 0 0.8175925921875 0 0.8435185187500001
5 0.4036458328125 0.51944444375 0.40989583281249997 0.5018518515625 0.40625 0.49629629687500004 0.3963541671875 0.49351851875 0.3760416671875 0.5129629625 0.3625 0.5305555562500001 0.3484375 0.540740740625 0.3453125 0.5453703703125 0.3489583328125 0.553703703125 0.3609375 0.5583333328125 0.4036458328125 0.51944444375
2 0.5609375 0.80648148125 0.5578125 0.7861111109375 0.5578125 0.765740740625 0.5661458328125 0.7490740734375 0.5760416671875 0.7379629624999999 0.5796875 0.7259259265625 0.5885416671875 0.715740740625 0.5875 0.6981481484375001 0.5796875 0.7018518515625 0.5770833328125 0.709259259375 0.565625 0.7203703703125 0.5598958328125 0.7324074078125 0.5505208328125 0.7388888890625 0.5473958328124999 0.7370370375 0.5463541671875001 0.727777778125 0.54375 0.7240740734375 0.5260416671875 0.7111111109375 0.5145833328125 0.7074074078125 0.5140625 0.7379629624999999 0.5192708328125 0.7805555562500001 0.5567708328125 0.809259259375 0.5609375 0.80648148125
1 0.5588541671875 0.8296296296874999 0.559375 0.8648148140625 0.5640625 0.9351851859375 0.56875 0.9324074078125 0.5682291671875 0.8925925921875001 0.565625 0.86851851875 0.56875 0.859259259375 0.5734375 0.859259259375 0.603125 0.8879629625 0.6114583328125 0.8925925921875001 0.625 0.909259259375 0.6291666671875 0.9240740734375 0.640625 0.9953703703125001 0.6416666671875 0.9990740734375001 0.6484375 0.9990740734375001 0.6328125 0.9083333328125001 0.6390625 0.89444444375 0.6541666671875 0.8731481484374999 0.6557291671875001 0.865740740625 0.6765625 0.8333333328125001 0.68125 0.8351851859374999 0.6838541671875 0.8416666671874999 0.6947916671875001 0.9018518515625 0.7 0.9018518515625 0.6942708328125 0.8629629624999999 0.6921875 0.74351851875 0.696875 0.6583333328125 0.6942708328125 0.6425925921875 0.6875 0.634259259375 0.6796875 0.634259259375 0.6708333328125 0.6518518515625 0.6588541671875 0.6638888890625 0.6520833328125 0.6861111109375 0.6484375 0.6898148140625 0.6463541671875 0.7009259265625001 0.6416666671875 0.7074074078125 0.6317708328125 0.7166666671875 0.615625 0.7101851859375 0.5989583328125 0.7138888890625 0.578125 0.7388888890625 0.5598958328125 0.7666666671875 0.5588541671875 0.784259259375 0.5630208328124999 0.8046296296875 0.5630208328124999 0.815740740625 0.5588541671875 0.8296296296874999
1 0.6239583328125 0.678703703125 0.621875 0.6851851859375 0.6234375 0.6888888890625 0.6213541671875 0.7083333328125 0.6270833328125 0.7129629625 0.6338541671875 0.7129629625 0.6411458328124999 0.7074074078125 0.6526041671875 0.678703703125 0.6614583328125 0.6648148140625 0.671875 0.6555555562500001 0.6796875 0.6388888890625 0.6885416671875 0.6370370375000001 0.6911458328125 0.6416666671875 0.6947916671875001 0.6564814812499999 0.6932291671875 0.66944444375 0.6973958328125 0.671296296875 0.7046875 0.6537037031249999 0.7067708328125 0.6425925921875 0.7244791671875 0.6148148140624999 0.7286458328125 0.5824074078125 0.728125 0.5351851859375001 0.7244791671875 0.525 0.7161458328125 0.525 0.7005208328125 0.547222221875 0.69375 0.5638888890625 0.6932291671875 0.5768518515625 0.6890625 0.58148148125 0.6880208328124999 0.5981481484375 0.6828125 0.6083333328125 0.6692708328125 0.6009259265625 0.65 0.5981481484375 0.6338541671875 0.609259259375 0.6234375 0.6240740734375 0.6229166671875 0.640740740625 0.61875 0.6638888890625 0.6192708328125 0.6703703703125 0.6239583328125 0.678703703125
1 0.7322916671875 0.571296296875 0.7333333328125 0.584259259375 0.7244791671875 0.6388888890625 0.7166666671875 0.6425925921875 0.7223958328125 0.6583333328125 0.7223958328125 0.6675925921875 0.7338541671875001 0.7166666671875 0.7395833328125 0.7231481484375 0.7401041671875 0.7194444437499999 0.7333333328125 0.7018518515625 0.7322916671875 0.6879629625 0.7296875 0.6851851859375 0.7260416671875001 0.6601851859375001 0.7348958328124999 0.64351851875 0.740625 0.6379629625 0.7494791671875001 0.61851851875 0.7635416671875 0.6351851859375001 0.7651041671875001 0.6175925921875 0.759375 0.5740740734374999 0.765625 0.5601851859375 0.7744791671875 0.4981481484375 0.7739583328124999 0.47222222187499996 0.7713541671875 0.45555555625000005 0.7671875 0.4509259265625 0.7614583328125 0.4509259265625 0.7484375 0.46944444374999994 0.7390625 0.49259259218749996 0.7338541671875001 0.5166666671875 0.7317708328125 0.540740740625 0.7317708328125 0.55648148125 0.7348958328124999 0.56851851875 0.7322916671875 0.571296296875
1 0.7869791671875 0.5240740734375 0.8026041671874999 0.5111111109375 0.8140625 0.48981481406249994 0.8140625 0.4824074078125 0.8192708328125 0.4703703703125 0.8239583328125001 0.425 0.8239583328125001 0.4046296296875 0.8192708328125 0.3916666671875 0.809375 0.3916666671875 0.7979166671875 0.40555555625000006 0.790625 0.42314814843750004 0.78125 0.4703703703125 0.78125 0.5101851859375001 0.7791666671875 0.5166666671875 0.7713541671875 0.525 0.7708333328125 0.534259259375 0.7739583328124999 0.5453703703125 0.778125 0.54444444375 0.7869791671875 0.5240740734375
1 0.8425348953125 0.459259259375 0.8526041671875 0.4731481484375 0.8552083328125001 0.4703703703125 0.8510416671875 0.44444444375 0.8520833328125 0.4379629625 0.8609375 0.425 0.8713541671874999 0.3490740734375 0.8661458328125 0.328703703125 0.8604166671875 0.32777777812500003 0.8447916671875 0.352777778125 0.8317708328125001 0.40833333281249995 0.8302083328125001 0.4296296296875 0.8317708328125001 0.440740740625 0.828125 0.4509259265625 0.821875 0.45555555625000005 0.821875 0.471296296875 0.83125 0.4675925921875 0.8369791671875 0.459259259375 0.8425348953125 0.459259259375
1 0.3567708328125 0.6675925921875 0.371875 0.671296296875 0.3838541671875 0.678703703125 0.3932291671875 0.6777777781250001 0.3963541671875 0.68148148125 0.421875 0.771296296875 0.425 0.772222221875 0.42604166718750003 0.7666666671875 0.4114583328125 0.7120370375 0.4369791671875 0.6074074078125 0.43541666718750005 0.5703703703125 0.42760416718750005 0.49351851875 0.42291666718750004 0.4879629625 0.4114583328125 0.5009259265625 0.40208333281249997 0.525 0.3973958328125 0.5453703703125 0.35989583281250004 0.5824074078125 0.3453125 0.603703703125 0.3458333328125 0.6268518515625 0.3578125 0.647222221875 0.3552083328125 0.6574074078125001 0.3567708328125 0.6675925921875
7 0.4817708328125 0.9111111109375001 0.47864583281249995 0.9148148140625001 0.42395833281249995 0.99351851875 0.4223958328125 0.9990740734375001 0.4973958328125 0.9990740734375001 0.4869791671875 0.9129629625 0.4817708328125 0.9111111109375001
1 0.40260416718750003 0.272222221875 0.3963541671875 0.2648148140625 0.3796875 0.2740740734375 0.3729166671875 0.28148148125 0.3729166671875 0.29814814843750004 0.3765625 0.3120370375 0.40625 0.290740740625 0.40260416718750003 0.272222221875
1 0.4114583328125 0.2898148140625 0.421875 0.2851851859375 0.44166666718750003 0.2703703703125 0.4401041671875 0.23240740781250002 0.4348958328125 0.221296296875 0.415625 0.22777777812500002 0.409375 0.23611111093749998 0.409375 0.251234259375 0.4057291671875 0.26944444375 0.40729166718750004 0.28796296250000003 0.4114583328125 0.2898148140625
1 0.9807291671874999 0.9425925921875 0.9671875 0.9472222218749999 0.959375 0.9620370375 0.95625 0.9768518515625001 0.9541666671875 0.9990740734375001 0.9994791671875 0.9990740734375001 0.9994791671875 0.9481481484375 0.9807291671874999 0.9425925921875