5 0.128125 0.9120370375 0.15677083281249998 0.8768518515625001 0.16354166718750002 0.872222221875 0.1692708328125 0.8574074078124999 0.165625 0.8490740734375001 0.06875 0.7814814812499999 0.05989583281250001 0.7870370375 0.0239583328125 0.8268518515625001 0.0223958328125 0.83055555625 0.025 0.8351851859374999 0.1223958328125 0.9129629625 0.128125 0.9120370375
5 0.3661458328125 0.9990740734375001 0.240625 0.9037037031249999 0.21875 0.928703703125 0.1979166671875 0.9629629625 0.196875 0.9712962968750001 0.1989583328125 0.977777778125 0.22552083281250002 0.9990740734375001 0.3661458328125 0.9990740734375001
5 0.43333333281249997 0.60555555625 0.4380208328125 0.6046296296875 0.4484375 0.5925925921874999 0.45416666718750004 0.5796296296875 0.44739583281249995 0.5731481484375001 0.3838541671875 0.54444444375 0.3729166671875 0.54351851875 0.3651041671875 0.5527777781250001 0.3567708328125 0.5638888890625 0.3645833328125 0.5759259265625001 0.3791666671875 0.5796296296875 0.43333333281249997 0.60555555625
5 0.6052083328125 0.68148148125 0.6119791671875 0.66944444375 0.6177083328124999 0.65 0.6161458328125 0.6453703703125 0.5916666671875 0.6333333328124999 0.5192708328125 0.6046296296875 0.5145833328125 0.6074074078125 0.50625 0.6203703703125 0.4994791671875 0.6333333328124999 0.5 0.6379629625 0.6005208328125 0.6833333328125 0.6052083328125 0.68148148125
5 0.728125 0.7259259265625 0.7520833328125 0.740740740625 0.8135416671875 0.7675925921875 0.8182291671874999 0.765740740625 0.8260416671874999 0.734259259375 0.8260416671874999 0.73055555625 0.8234375 0.728703703125 0.7010416671875 0.6768518515624999 0.6953125 0.6768518515624999 0.6885416671875 0.6879629625 0.6817708328125 0.7046296296875 0.6822916671875 0.7083333328125 0.7166666671875 0.7240740734375 0.728125 0.7259259265625
8 0.8609375 0.7629629625 0.859375 0.759259259375 0.8479166671874999 0.752777778125 0.8416666671874999 0.75555555625 0.840625 0.7638888890625 0.8411458328125001 0.7796296296875 0.8567708328125001 0.7870370375 0.8598958328125 0.784259259375 0.8609375 0.7629629625
8 0.6463541671875 0.6675925921875 0.6421875 0.6620370375 0.6348958328125 0.6620370375 0.6302083328125 0.665740740625 0.628125 0.675 0.6291666671875 0.6888888890625 0.6385416671875 0.6916666671875 0.64375 0.6851851859375 0.6463541671875 0.6675925921875
8 0.4760416671875 0.5981481484375 0.4739583328125 0.5935185187500001 0.46510416718750003 0.5925925921874999 0.4578125 0.602777778125 0.45729166718750003 0.6138888890625 0.46458333281249997 0.61851851875 0.46875 0.615740740625 0.4760416671875 0.5981481484375
8 0.1916666671875 0.8990740734375 0.1953125 0.8916666671875 0.19583333281249998 0.884259259375 0.1942708328125 0.8796296296874999 0.1890625 0.8768518515625001 0.171875 0.88148148125 0.1609375 0.890740740625 0.1552083328125 0.9055555562500001 0.1546875 0.915740740625 0.15677083281249998 0.9231481484374999 0.1692708328125 0.9240740734375 0.1916666671875 0.8990740734375
7 0.2026041671875 0.6583333328125 0.2104166671875 0.6740740734374999 0.19375 0.69351851875 0.190625 0.7009259265625001 0.20416666718749998 0.7129629625 0.2265625 0.7203703703125 0.2703125 0.690740740625 0.2723958328125 0.684259259375 0.2713541671875 0.540740740625 0.2677083328125 0.5361111109375 0.171875 0.4990740734375 0.1697916671875 0.5009259265625 0.1697916671875 0.51851851875 0.1734375 0.6425925921875 0.2026041671875 0.6583333328125
7 0.465625 0.7990740734374999 0.475 0.8009259265625 0.47864583281249995 0.6703703703125 0.478125 0.652777778125 0.4760416671875 0.6481481484375 0.3572916671875 0.5953703703125 0.353125 0.5981481484375 0.3526041671875 0.7268518515625 0.3572916671875 0.7388888890625 0.3703125 0.74351851875 0.465625 0.7990740734374999
7 0.5333333328125 0.91944444375 0.534375 0.9268518515625 0.5640625 0.9509259265625 0.5916666671875 0.9638888890624999 0.6166666671875001 0.934259259375 0.6260416671875 0.91851851875 0.653125 0.9351851859375 0.6583333328125 0.9351851859375 0.6708333328125 0.7981481484375 0.675 0.727777778125 0.6598958328125 0.7166666671875 0.5213541671875 0.6518518515625 0.5130208328125 0.6453703703125 0.5067708328125 0.6629629625 0.4973958328125 0.803703703125 0.49791666718750005 0.8351851859374999 0.5505208328125 0.86944444375 0.5479166671875 0.8824074078124999 0.5333333328125 0.91944444375
7 0.59375 0.5555555562500001 0.5942708328124999 0.5601851859375 0.6265625 0.571296296875 0.64375 0.5583333328125 0.6494791671875 0.5453703703125 0.6635416671875001 0.547222221875 0.6703125 0.4379629625 0.6692708328125 0.43148148124999997 0.6020833328124999 0.4138888890625 0.5760416671875 0.41111111093749997 0.575 0.415740740625 0.5708333328124999 0.5166666671875 0.5963541671875 0.5231481484375 0.6026041671875 0.5296296296875 0.59375 0.5555555562500001
7 0.778125 0.5870370375 0.7786458328125 0.6018518515625 0.7755208328125 0.6120370375 0.7760416671875 0.622222221875 0.8182291671874999 0.6379629625 0.8296875 0.6268518515625 0.8354166671875 0.6074074078125 0.8635416671874999 0.6148148140624999 0.8739583328125 0.525 0.8734375 0.503703703125 0.8765625 0.48518518593750004 0.8588541671875 0.4768518515625 0.8255208328125001 0.4703703703125 0.7833333328125 0.45648148125 0.75625 0.45 0.7520833328125 0.45370370312499997 0.7442708328125 0.5694444437499999 0.7484375 0.5759259265625001 0.7697916671875 0.58148148125 0.778125 0.5870370375
7 0.4427083328125 0.509259259375 0.4453125 0.5129629625 0.47083333281249995 0.5203703703125 0.48645833281249995 0.5120370375000001 0.5026041671875 0.4981481484375 0.50625 0.396296296875 0.4640625 0.38148148125 0.4270833328125 0.3740740734375 0.4244791671875 0.44629629687500005 0.4244791671875 0.47407407343749997 0.45104166718750005 0.48425925937500003 0.45104166718750005 0.4990740734375 0.4427083328125 0.509259259375
1 0.3458333328125 0.7185185187500001 0.3494791671875 0.69351851875 0.3494791671875 0.6898148140625 0.3458333328125 0.6861111109375 0.3479166671875 0.678703703125 0.3473958328125 0.590740740625 0.3489583328125 0.5861111109375 0.35494791718749996 0.5824074078125 0.3640625 0.5879629625 0.36875 0.5870370375 0.3526041671875 0.5601851859375 0.3348958328125 0.5490740734374999 0.325 0.5518518515624999 0.3182291671875 0.5583333328125 0.3140625 0.565740740625 0.3104166671875 0.5833333328125 0.3104166671875 0.6148148140624999 0.32083333281250004 0.7083333328125 0.3328125 0.7166666671875 0.3458333328125 0.7185185187500001
1 0.48229166718750005 0.8018518515625 0.4947916671875 0.8101851859375 0.49895833281249996 0.7833333328125 0.50625 0.6574074078125001 0.5020833328125 0.6453703703125 0.48541666718750004 0.6324074078125 0.48229166718750005 0.6361111109375 0.4791666671875 0.634259259375 0.4859375 0.640740740625 0.48229166718750005 0.8018518515625
1 0.8052083328125 0.9888888890624999 0.8114583328125 0.9870370375 0.8208333328125 0.9666666671874999 0.8260416671874999 0.9694444437499999 0.8270833328125 0.9388888890624999 0.8244791671874999 0.9203703703125001 0.8260416671874999 0.9064814812499999 0.8208333328125 0.88055555625 0.8109375 0.8675925921875001 0.8005208328125001 0.8601851859374999 0.7984375 0.8509259265625 0.7994791671875 0.840740740625 0.7916666671875 0.8111111109375001 0.7833333328125 0.790740740625 0.7713541671875 0.7666666671875 0.7458333328125 0.7351851859375 0.7203125 0.725 0.7052083328125 0.7268518515625 0.6880208328124999 0.7379629624999999 0.6770833328125 0.752777778125 0.6739583328125 0.7648148140625 0.6651041671875 0.875 0.6635416671875001 0.9 0.6651041671875 0.9055555562500001 0.7265625 0.94351851875 0.8052083328125 0.9888888890624999
1 0 0.9990740734375001 0.1760416671875 0.9990740734375001 0.1770833328125 0.9953703703125001 0.1744791671875 0.977777778125 0.178125 0.9629629625 0.1765625 0.95648148125 0.17135416718750002 0.9574074078124999 0.003125 0.8898148140625001 0.0015625 0.8861111109375001 0 0.8861111109375001 0 0.9990740734375001
2 0.828125 0.9388888890624999 0.828125 0.959259259375 0.85625 0.9768518515625001 0.8645833328125001 0.975 0.8765625 0.83148148125 0.8291666671875 0.8083333328125001 0.8265625 0.8129629625 0.8234375 0.85555555625 0.8229166671874999 0.88055555625 0.8265625 0.9074074078125 0.8255208328125001 0.925 0.828125 0.9388888890624999