7 0.5494791671875 0.39444444375 0.5723958328125 0.396296296875 0.5796875 0.3925925921875 0.5796875 0.38703703749999996 0.5770833328125 0.384259259375 0.5286458328125 0.3861111109375 0.5286458328125 0.43148148124999997 0.540625 0.44259259218749997 0.5416666671875 0.3990740734375 0.5494791671875 0.39444444375
7 0.465625 0.397222221875 0.465625 0.43240740781250003 0.5197916671875 0.43240740781250003 0.51875 0.3953703703125 0.465625 0.397222221875
7 0.4390625 0.4620370375 0.4505208328125 0.4509259265625 0.4505208328125 0.396296296875 0.4390625 0.39351851875 0.40208333281249997 0.3953703703125 0.39791666718749996 0.3990740734375 0.3973958328125 0.40555555625000006 0.3984375 0.43148148124999997 0.43645833281249996 0.43240740781250003 0.43958333281249995 0.44305555625000004 0.4390625 0.4620370375
7 0.6541666671875 0.45648148125 0.6578125 0.43981481406249995 0.6703125 0.4388888890625 0.675 0.43518518593750005 0.6760416671875 0.4 0.6739583328125 0.397222221875 0.621875 0.396296296875 0.61875 0.3990740734375 0.6182291671875 0.43518518593750005 0.6276041671875 0.4388888890625 0.6302083328125 0.45555555625000005 0.6541666671875 0.45648148125
7 0.7252973953125 0.43981481406249995 0.73125 0.44907407343749994 0.7322916671875 0.45555555625000005 0.746875 0.45555555625000005 0.746875 0.4018518515625 0.7442708328125 0.397222221875 0.6916666671875 0.397222221875 0.6802083328124999 0.4129629625 0.6791666671875001 0.42129629687500003 0.6822916671875 0.4203703703125 0.690625 0.4379629625 0.7252973953125 0.43981481406249995
7 0.965625 0.4601851859375 0.9671875 0.403703703125 0.9036458328125001 0.40092592656250003 0.9010416671874999 0.4074074078125 0.9 0.43148148124999997 0.8994791671875 0.4611111109375 0.9010416671874999 0.46388888906250003 0.9635416671874999 0.46666666718750005 0.965625 0.4601851859375
7 0.7796875 0.515740740625 0.784375 0.509259259375 0.8265625 0.509259259375 0.828125 0.50555555625 0.828125 0.45 0.8260416671874999 0.4379629625 0.7552083328125 0.4379629625 0.7515625 0.440740740625 0.7505208328124999 0.4796296296875 0.7520833328125 0.5166666671875 0.7708333328125 0.51851851875 0.7796875 0.515740740625
7 0.7291666671875 0.5018518515625 0.7286458328125 0.44166666718750003 0.678125 0.4379629625 0.6598958328125 0.43981481406249995 0.6578125 0.44166666718750003 0.6557291671875001 0.4620370375 0.6552083328125 0.4981481484375 0.6572916671875 0.5 0.7104166671875001 0.503703703125 0.7291666671875 0.5018518515625
7 0.5932291671875001 0.502777778125 0.6036458328125 0.5138888890625 0.6239583328125 0.5138888890625 0.6286458328125 0.50648148125 0.6291666671875 0.4546296296875 0.6265625 0.440740740625 0.6203125 0.4370370375 0.5609375 0.4361111109375 0.5572916671875 0.44351851875000003 0.5572916671875 0.46666666718750005 0.5552083328124999 0.47407407343749997 0.55625 0.48981481406249994 0.5520833328125 0.49444444374999996 0.5458333328125 0.4861111109375 0.54375 0.48981481406249994 0.5442708328125 0.4953703703125 0.553125 0.49444444374999996 0.559375 0.5009259265625 0.5932291671875001 0.502777778125
7 0.5588541671875 0.43981481406249995 0.5635416671875 0.4361111109375 0.5921875 0.4370370375 0.596875 0.43148148124999997 0.596875 0.4 0.5953125 0.396296296875 0.5463541671875001 0.3953703703125 0.5411458328125 0.3990740734375 0.540625 0.45 0.54375 0.4574074078125 0.5572916671875 0.45648148125 0.5588541671875 0.43981481406249995
7 0.47291666718750003 0.5175925921875 0.49791666718750005 0.515740740625 0.5010416671875 0.5129629625 0.5 0.5046296296875 0.5052083328125 0.4981481484375 0.5317708328124999 0.49629629687500004 0.5317708328124999 0.43981481406249995 0.5296875 0.4361111109375 0.471875 0.43240740781250003 0.4625 0.43518518593750005 0.4625 0.49351851875 0.4692708328125 0.4990740734375 0.47239583281249997 0.50648148125 0.47291666718750003 0.5175925921875
7 0.43645833281249996 0.49629629687500004 0.43854166718750004 0.49259259218749996 0.43958333281249995 0.44259259218749997 0.4369791671875 0.434259259375 0.3791666671875 0.43333333281249997 0.3760416671875 0.434259259375 0.3723958328125 0.44351851875000003 0.3713541671875 0.48981481406249994 0.375 0.5009259265625 0.3917447921875 0.49629629687500004 0.43645833281249996 0.49629629687500004
7 0.346875 0.5361111109375 0.3453125 0.4981481484375 0.2682291671875 0.497222221875 0.2619791671875 0.5 0.2609375 0.5120370375000001 0.2604166671875 0.5833333328125 0.2630208328125 0.5870370375 0.3447916671875 0.5916666671875 0.346875 0.5361111109375
7 0.46666666718750005 0.597222221875 0.46875 0.5351851859375001 0.46666666718750005 0.5074074078125 0.459375 0.5046296296875 0.3838541671875 0.502777778125 0.3802083328125 0.5083333328124999 0.3791666671875 0.5370370375 0.3817708328125 0.5888888890625 0.3916666671875 0.5925925921874999 0.46666666718750005 0.597222221875
7 0.5760416671875 0.603703703125 0.5796875 0.6 0.5953125 0.602777778125 0.5973958328125 0.5481481484375 0.5973958328125 0.5175925921875 0.5953125 0.50648148125 0.5057291671875 0.503703703125 0.5041666671875 0.5083333328124999 0.5036458328125 0.5953703703125 0.5369791671875 0.5990740734375 0.5390625 0.602777778125 0.5760416671875 0.603703703125
7 0.6723958328124999 0.615740740625 0.6739583328125 0.6388888890625 0.6807291671875 0.6361111109375 0.6895833328125 0.6425925921875 0.7036458328124999 0.6416666671875 0.7072916671875 0.6351851859375001 0.715625 0.6351851859375001 0.7338541671875001 0.615740740625 0.7385416671875 0.6259259265625 0.7427083328124999 0.622222221875 0.7463541671875 0.6009259265625 0.7473958328125 0.571296296875 0.7473958328125 0.51851851875 0.7442708328125 0.509259259375 0.7239583328125 0.5046296296875 0.6578125 0.5009259265625 0.6541666671875 0.50648148125 0.65 0.50648148125 0.6479166671875001 0.5166666671875 0.6484375 0.6009259265625 0.65 0.60555555625 0.6661458328125 0.6101851859375 0.6723958328124999 0.615740740625
7 0.8166666671874999 0.634259259375 0.8125 0.646296296875 0.8135416671875 0.6490740734375 0.8265625 0.6509259265625 0.83125 0.6453703703125 0.8817708328125 0.61944444375 0.8848958328125001 0.6148148140624999 0.8854166671874999 0.5129629625 0.7838541671875 0.5111111109375 0.7802083328125 0.5166666671875 0.7796875 0.5268518515625 0.778125 0.603703703125 0.7807291671875001 0.628703703125 0.8140625 0.628703703125 0.8166666671874999 0.634259259375
7 0.9036458328125001 0.8416666671874999 0.90625 0.8361111109375001 0.9276041671874999 0.8370370375 0.9354166671874999 0.8453703703125001 0.9380208328125 0.853703703125 0.9375 0.865740740625 0.9354166671874999 0.86851851875 0.9369791671875 0.872222221875 0.9354166671874999 0.8768518515625001 0.9369791671875 0.8916666671875 0.9994791671875 0.89351851875 0.9994791671875 0.890740740625 0.9880208328125001 0.890740740625 0.9890625 0.8398148140625 0.9994791671875 0.8379629625 0.9994791671875 0.6601851859375001 0.8755208328125 0.6564814812499999 0.8729166671874999 0.665740740625 0.8739583328125 0.827777778125 0.8776041671874999 0.8324074078124999 0.8979166671875 0.8324074078124999 0.9036458328125001 0.8416666671874999
7 0.6520833328125 0.8222222218749999 0.690625 0.825 0.6979166671875 0.8203703703125 0.7020833328125 0.8259259265625 0.7119791671875 0.8648148140625 0.7171875 0.8740740734375001 0.7828125 0.878703703125 0.7838541671875 0.8759259265624999 0.78125 0.872222221875 0.7796875 0.8601851859374999 0.7744791671875 0.85648148125 0.7713541671875 0.8490740734375001 0.7723958328125 0.840740740625 0.7828125 0.825 0.8208333328125 0.8268518515625001 0.8265625 0.825 0.8291666671875 0.8203703703125 0.8307291671874999 0.7953703703125 0.8291666671875 0.769752778125 0.83125 0.7083333328125 0.8302083328125001 0.6574074078125001 0.7359375 0.6537037031249999 0.6854166671875 0.647222221875 0.6729166671875 0.647222221875 0.6692708328125 0.6574074078125001 0.66875 0.7611111109375 0.6541666671875 0.7990740734374999 0.6510416671875 0.8175925921875 0.6520833328125 0.8222222218749999
7 0.47083333281249995 0.809259259375 0.47447916718750005 0.8055555562500001 0.4770833328125 0.8101851859375 0.48298593749999996 0.8101851859375 0.49583333281249997 0.8222222218749999 0.49010416718750005 0.8509259265625 0.490625 0.85648148125 0.5130208328125 0.8611111109375 0.5541666671875001 0.8629629624999999 0.5567708328125 0.85648148125 0.5598958328125 0.8175925921875 0.5651041671875 0.8138888890624999 0.5729166671875 0.81851851875 0.575 0.8129629625 0.5901041671875 0.815740740625 0.596875 0.8120370375 0.6 0.80648148125 0.5994791671875 0.647222221875 0.4526041671875 0.6388888890625 0.45 0.6546296296875 0.44947916718750003 0.7 0.44947916718750003 0.7981481484375 0.46197916718750004 0.809259259375 0.4661458328125 0.8055555562500001 0.47083333281249995 0.809259259375
7 0.3151041671875 0.796296296875 0.3171875 0.8018518515625 0.3161458328125 0.809259259375 0.3026041671875 0.8361111109375001 0.3026041671875 0.8453703703125001 0.3609375 0.8481481484375 0.3661458328125 0.8416666671874999 0.3776041671875 0.8055555562500001 0.3869791671875 0.8 0.40416666718750005 0.8009259265625 0.40833333281249995 0.79444444375 0.4078125 0.6398148140625 0.32083333281250004 0.6333333328124999 0.2640625 0.634259259375 0.2625 0.6953703703125 0.2619791671875 0.777777778125 0.2635416671875 0.7888888890625 0.2822916671875 0.796296296875 0.3151041671875 0.796296296875
7 0.1213541671875 0.7768518515625 0.1260416671875 0.7805555562500001 0.14114583281249998 0.7814814812499999 0.1421875 0.784259259375 0.21510416718749997 0.7879629625 0.21770833281250002 0.7833333328125 0.2192708328125 0.747222221875 0.2203125 0.6379629625 0.2166666671875 0.627777778125 0.09427083281250001 0.6268518515625 0.08333333281250001 0.63148148125 0.0796875 0.6370370375000001 0.0760416671875 0.7203703703125 0.07552083281250001 0.7759259265625 0.0770833328125 0.7787037031249999 0.1125 0.7805555562500001 0.1213541671875 0.7768518515625
7 0.9921875 0.40277777812500004 0.9911458328125 0.4138888890625 0.9901041671874999 0.465740740625 0.9994791671875 0.4675925921875 0.9994791671875 0.4018518515625 0.9921875 0.40277777812500004
9 0.6802083328124999 0 0.6755208328125 0.0231481484375 0.665625 0.025 0.6583333328125 0.0324074078125 0.65 0.0351851859375 0.6447916671875 0.04444444375 0.64375 0.072222221875 0.6453125 0.0759259265625 0.7161458328125 0.0731481484375 0.725 0.06851851875000001 0.7260416671875001 0.0351851859375 0.7244791671875 0.0296296296875 0.69375 0 0.6802083328124999 0
1 0.4557291671875 0.8101851859375 0.4557291671875 0.8055555562500001 0.4484375 0.8018518515625 0.44739583281249995 0.79444444375 0.44739583281249995 0.7231481484375 0.4291666671875 0.6898148140625 0.4135416671875 0.6796296296875 0.4088541671875 0.684259259375 0.4088541671875 0.78858055625 0.403125 0.8055555562500001 0.42291666718750004 0.8101851859375 0.4557291671875 0.8101851859375
1 0.2390625 0.7990740734374999 0.2609375 0.796296296875 0.2614583328125 0.7046296296875 0.2598958328125 0.6824074078125 0.2526041671875 0.6731481484375 0.2359375 0.6629629625 0.22395833281250002 0.6611111109375 0.221875 0.6629629625 0.2208333328125 0.671296296875 0.2182291671875 0.7814814812499999 0.21614583281250002 0.790740740625 0.2130208328125 0.79444444375 0.2390625 0.7990740734374999
1 0.3841145828125 0.6 0.3786458328125 0.5898148140624999 0.3786458328125 0.5425925921875 0.3739583328125 0.5324074078125001 0.3614583328125 0.5324074078125001 0.3494791671875 0.5398148140625 0.3473958328125 0.54444444375 0.346875 0.5648148140625 0.3473958328125 0.60648148125 0.4015625 0.6074074078125 0.4 0.6018518515625 0.3841145828125 0.6
1 0.5052083328125 0.6083333328125 0.5015625 0.597222221875 0.5015625 0.5583333328125 0.5005208328124999 0.5518518515624999 0.49427083281249995 0.540740740625 0.4875 0.5351851859375001 0.47760416718750004 0.5333333328125 0.471875 0.5351851859375001 0.4692708328125 0.54351851875 0.46979166718750004 0.5916666671875 0.4609375 0.6111111109375 0.509375 0.6129629624999999 0.5052083328125 0.6083333328125
1 0.6302083328125 0.61851851875 0.6286458328125 0.5796296296875 0.6223958328125 0.5601851859375 0.6161458328125 0.5490740734374999 0.6052083328125 0.5398148140625 0.5989583328125 0.5388888890625 0.5973958328125 0.5425925921875 0.5979166671875 0.5916666671875 0.5885416671875 0.609259259375 0.5786458328124999 0.6074074078125 0.5708333328124999 0.6111111109375 0.5703125 0.6148148140624999 0.575 0.61851851875 0.6276041671875 0.6203703703125 0.6302083328125 0.61851851875
1 0.7421875 0.477777778125 0.7296875 0.48518518593750004 0.7296875 0.502777778125 0.7505208328124999 0.5046296296875 0.7505208328124999 0.48055555625 0.7421875 0.477777778125
1 0.646875 0.509259259375 0.6526041671875 0.49444444374999996 0.6385416671875 0.4796296296875 0.6296875 0.477777778125 0.6276041671875 0.5129629625 0.6041666671875 0.5175925921875 0.603125 0.521296296875 0.6067708328125 0.525 0.6453125 0.5259259265625 0.646875 0.509259259375
1 0.9354166671874999 0.5722222218749999 0.9265625 0.5740740734374999 0.9234375 0.571296296875 0.9197916671874999 0.575 0.9197916671874999 0.578703703125 0.9276041671874999 0.5962962968750001 0.9317708328125001 0.5944444437499999 0.9359375 0.6046296296875 0.94375 0.60555555625 0.9494791671874999 0.6148148140624999 0.9520833328125 0.6268518515625 0.9473958328125001 0.6379629625 0.953125 0.647222221875 0.9703125 0.6518518515625 0.9739583328125001 0.63148148125 0.9744791671874999 0.584259259375 0.9770833328125 0.571296296875 0.9739583328125001 0.54351851875 0.9994791671875 0.5425925921875 0.9963541671874999 0.5074074078125 0.9973958328125001 0.48981481406249994 0.9864583328125001 0.48333333281249996 0.9708333328125001 0.48518518593750004 0.9625 0.4916666671875 0.9541666671875 0.5046296296875 0.946875 0.5287037031249999 0.9432291671874999 0.5768518515625 0.9421875 0.578703703125 0.9354166671874999 0.5722222218749999
8 0.8484375 0.9425925921875 0.8484375 0.915740740625 0.8458333328125001 0.9111111109375001 0.8380208328125001 0.9046296296874999 0.8296875 0.9046296296874999 0.825 0.9083333328125001 0.8239583328125001 0.93148148125 0.8270833328125 0.9398148140625 0.8401041671874999 0.946296296875 0.8484375 0.9425925921875
8 0.5854166671875001 0.9 0.5838541671875 0.878703703125 0.5802083328125 0.872222221875 0.5708333328124999 0.8675925921875001 0.5614583328125 0.8759259265624999 0.5625 0.89444444375 0.5671875 0.9037037031249999 0.5802083328125 0.9064814812499999 0.5854166671875001 0.9
8 0.3614583328125 0.915740740625 0.3692708328125 0.9083333328125001 0.36875 0.890740740625 0.365625 0.88055555625 0.3578125 0.8759259265624999 0.3505208328125 0.88055555625 0.3463541671875 0.884259259375 0.3463541671875 0.9018518515625 0.3494791671875 0.9129629625 0.3614583328125 0.915740740625
8 0.1421875 0.878703703125 0.1328125 0.872222221875 0.11927083281249999 0.875 0.11041666718750001 0.8824074078124999 0.1046875 0.8990740734375 0.1052083328125 0.9101851859375 0.11875 0.9111111109375001 0.1380208328125 0.8925925921875001 0.1421875 0.878703703125
8 0.6255208328124999 0.64351851875 0.6223958328125 0.6388888890625 0.6151041671875 0.6388888890625 0.6114583328125 0.6425925921875 0.6114583328125 0.65 0.6145833328125 0.6564814812499999 0.6265625 0.6555555562500001 0.6255208328124999 0.64351851875
8 0.9229166671875 0.4861111109375 0.9203125 0.47592592656250005 0.9119791671874999 0.4768518515625 0.9088541671874999 0.48148148125 0.9083333328125001 0.48703703750000005 0.9104166671874999 0.48981481406249994 0.9197916671874999 0.48981481406249994 0.9229166671875 0.4861111109375
5 0.6333333328124999 0.9953703703125001 0.6333333328124999 0.9768518515625001 0.6307291671875 0.9694444437499999 0.46666666718750005 0.9546296296874999 0.4614583328125 0.9611111109375001 0.459375 0.9694444437499999 0.45729166718750003 0.984259259375 0.45885416718750005 0.9990740734375001 0.6322916671875001 0.9990740734375001 0.6333333328124999 0.9953703703125001