7 0.43541666718750005 0.9648148140625 0.4484375 0.978703703125 0.45989583281249996 0.98148148125 0.47447916718750005 0.9990740734375001 0.4869791671875 0.9990740734375001 0.4875 0.99444444375 0.49114583281249996 0.9925925921875001 0.4953125 0.9990740734375001 0.7130208328125 0.9990740734375001 0.715625 0.9703703703125001 0.7203125 0.753703703125 0.715625 0.7361111109375 0.7041666671875 0.7296296296875 0.7010416671875 0.7203703703125 0.6921875 0.7185185187500001 0.6869791671875001 0.7120370375 0.6625 0.6972222218749999 0.6114583328125 0.66851851875 0.5802083328125 0.659259259375 0.5635416671875 0.6490740734375 0.5604166671875 0.6416666671875 0.5489583328125 0.6388888890625 0.5447916671875 0.6324074078125 0.48020833281249997 0.5981481484375 0.45208333281249996 0.578703703125 0.3994791671875 0.5509259265625001 0.3921875 0.5518518515624999 0.390625 0.5555555562500001 0.3916666671875 0.6537037031249999 0.40052083281249995 0.9037037031249999 0.4114583328125 0.9277777781250001 0.43541666718750005 0.9648148140625
7 0.2442708328125 0.6111111109375 0.24322916718749998 0.6379629625 0.2484375 0.6990740734374999 0.246875 0.7203703703125 0.2515625 0.7379629624999999 0.25833333281250004 0.75 0.2541666671875 0.8453703703125001 0.2479166671875 0.85555555625 0.25 0.871296296875 0.2864583328125 0.921296296875 0.3625 0.8768518515625001 0.3958333328125 0.896296296875 0.3984375 0.8888888890625 0.39791666718749996 0.8490740734375001 0.3885416671875 0.56851851875 0.3916666671875 0.546296296875 0.3848958328125 0.5370370375 0.3692708328125 0.525 0.2630208328125 0.4675925921875 0.24739583281250002 0.4546296296875 0.2359375 0.45277777812500003 0.23333333281250002 0.4601851859375 0.2348958328125 0.5296296296875 0.23854166718749997 0.5416666671875 0.240625 0.603703703125 0.2442708328125 0.6111111109375
7 0.1734375 0.54444444375 0.1744791671875 0.5601851859375 0.1786458328125 0.565740740625 0.1760416671875 0.575 0.1796875 0.58148148125 0.1776041671875 0.5944444437499999 0.1786458328125 0.6 0.1625 0.6925925921875 0.15677083281249998 0.6972222218749999 0.1614583328125 0.7120370375 0.1765625 0.7398148140624999 0.2442708328125 0.7185185187500001 0.24583333281250003 0.7166666671875 0.24739583281250002 0.6879629625 0.2442708328125 0.6537037031249999 0.24375 0.6111111109375 0.240625 0.60648148125 0.2390625 0.5925925921874999 0.240625 0.5333333328125 0.2375 0.5287037031249999 0.23541666718749998 0.5129629625 0.2338541671875 0.4703703703125 0.24739583281250002 0.45370370312499997 0.2520833328125 0.4583333328125 0.2536458328125 0.4453703703125 0.1776041671875 0.3879629625 0.1729166671875 0.38703703749999996 0.1697916671875 0.3916666671875 0.16875 0.40648148125 0.1682291671875 0.459259259375 0.17135416718750002 0.497222221875 0.1734375 0.5018518515625 0.1734375 0.54444444375
7 0.1140625 0.55648148125 0.1140625 0.5601851859375 0.1208333328125 0.5611111109375 0.12291666718750001 0.5851851859375 0.1213541671875 0.5935185187500001 0.1130208328125 0.5953703703125 0.1140625 0.602777778125 0.12552083281249998 0.6240740734375 0.1692708328125 0.6148148140624999 0.1708333328125 0.6120370375 0.1697916671875 0.5990740734375 0.165625 0.5953703703125 0.1661458328125 0.578703703125 0.16875 0.5722222218749999 0.1651041671875 0.38703703749999996 0.121875 0.3481481484375 0.1171875 0.3490740734375 0.11614583281249999 0.3601851859375 0.11822916718750001 0.4388888890625 0.1307291671875 0.5314814812499999 0.1296875 0.5416666671875 0.1140625 0.55648148125
7 0.0796875 0.5490740734374999 0.1244791671875 0.540740740625 0.1286458328125 0.525 0.1270833328125 0.5018518515625 0.1203125 0.459259259375 0.11875 0.4296296296875 0.1177083328125 0.3611111109375 0.1208333328125 0.35648148125 0.1203125 0.3416666671875 0.0880208328125 0.31944444375000003 0.0822916671875 0.321296296875 0.08125 0.4388888890625 0.07083333281250001 0.5287037031249999 0.0713541671875 0.5370370375 0.0796875 0.5490740734374999
7 0.40520833281249996 0.4453703703125 0.4015625 0.4546296296875 0.39895833281250004 0.47407407343749997 0.4203125 0.48518518593750004 0.446875 0.477777778125 0.44739583281249995 0.459259259375 0.46302083281249995 0.46296296249999996 0.4640625 0.3361111109375 0.46666666718750005 0.322222221875 0.4171875 0.30740740781250003 0.3869791671875 0.302777778125 0.3895833328125 0.4268518515625 0.39114583281250004 0.43333333281249997 0.4 0.4370370375 0.40520833281249996 0.4453703703125
7 0.4848958328125 0.515740740625 0.4859375 0.522222221875 0.496875 0.5314814812499999 0.50625 0.5333333328125 0.53125 0.525 0.5317708328124999 0.521296296875 0.5286458328125 0.5148148140625 0.5338541671875 0.50555555625 0.5557291671875 0.5148148140625 0.5640625 0.5148148140625 0.565625 0.4981481484375 0.565625 0.3509259265625 0.478125 0.32592592656249997 0.4661458328125 0.32777777812500003 0.46510416718750003 0.4675925921875 0.4682291671875 0.47407407343749997 0.4895833328125 0.48703703750000005 0.4848958328125 0.515740740625
7 0.6083333328125 0.5287037031249999 0.6125 0.5398148140625 0.6078125 0.5555555562500001 0.6083333328125 0.5638888890625 0.5927083328125 0.5796296296875 0.6276041671875 0.597222221875 0.6541666671875 0.5851851859375 0.6630208328125 0.5638888890625 0.6838541671875 0.5703703703125 0.6869791671875001 0.56851851875 0.6901041671875 0.5361111109375 0.6869791671875001 0.3990740734375 0.6949651046875001 0.3879629625 0.7015625 0.3879629625 0.7020833328125 0.384259259375 0.6046875 0.3574074078125 0.5729166671875 0.3509259265625 0.5666666671875 0.353703703125 0.5661458328125 0.5175925921875 0.5989583328125 0.534259259375 0.603125 0.534259259375 0.6083333328125 0.5287037031249999
7 0.6927083328125 0.5796296296875 0.7114583328124999 0.5916666671875 0.71875 0.5925925921874999 0.7234375 0.5888888890625 0.725 0.5935185187500001 0.7505208328124999 0.5962962968750001 0.7557291671875 0.603703703125 0.7567708328125 0.6083333328125 0.7536458328125 0.615740740625 0.7546875 0.6518518515625 0.746875 0.6648148140625 0.7479166671875 0.66944444375 0.775 0.6824074078125 0.8046875 0.6675925921875 0.8072916671874999 0.6629629625 0.8067708328125001 0.659259259375 0.7796875 0.6453703703125 0.7791666671875 0.6240740734375 0.7822916671875 0.622222221875 0.8083333328125001 0.6333333328124999 0.8166666671874999 0.640740740625 0.8458333328125001 0.6518518515625 0.8583333328125 0.6555555562500001 0.8697916671874999 0.6555555562500001 0.871875 0.652777778125 0.871875 0.603703703125 0.8739583328125 0.5796296296875 0.8739583328125 0.4546296296875 0.8723958328125001 0.43148148124999997 0.85625 0.4240740734375 0.7104166671875001 0.39074074062499997 0.6875 0.39074074062499997 0.6869791671875001 0.4203703703125 0.6901041671875 0.4768518515625 0.6875 0.5675925921875 0.6927083328125 0.5796296296875
7 0.9375 0.70648148125 0.971875 0.7240740734375 0.9713541671874999 0.7453703703125 0.9588541671874999 0.759259259375 0.9588541671874999 0.7638888890625 0.9552083328125001 0.7638888890625 0.946875 0.7731481484375 0.9416666671874999 0.784259259375 0.9546875 0.79444444375 0.9994791671875 0.8175925921875 0.9994791671875 0.46481481406249997 0.8989583328125 0.4370370375 0.8880208328125001 0.4388888890625 0.8848958328125001 0.46666666718750005 0.88125 0.553703703125 0.8739583328125 0.5953703703125 0.8734375 0.65 0.8755208328125 0.6740740734374999 0.9192708328125001 0.7009259265625001 0.9375 0.70648148125
7 0.9994791671875 0.4611111109375 0.9994791671875 0.3601851859375 0.9119791671874999 0.3453703703125 0.8817708328125 0.3453703703125 0.8760416671875 0.42314814843750004 0.8791666671874999 0.4370370375 0.8942708328125001 0.434259259375 0.9994791671875 0.4611111109375
7 0.7567708328125 0.3888888890625 0.7598958328125 0.3981481484375 0.8703125 0.4240740734375 0.875 0.4203703703125 0.878125 0.3574074078125 0.878125 0.34629629687499996 0.8760416671875 0.34351851875 0.7947916671875 0.32685185156249996 0.7583333328124999 0.32592592656249997 0.7619791671875 0.33148148125 0.7583333328124999 0.34351851875 0.7572916671875001 0.35925925937500003 0.7567708328125 0.3888888890625
7 0.7114583328124999 0.3888888890625 0.7265625 0.39351851875 0.7520833328125 0.397222221875 0.7541666671875 0.3925925921875 0.7567708328125 0.322222221875 0.7546875 0.3203703703125 0.7213541671875 0.3120370375 0.6739583328125 0.30648148124999997 0.6666666671875 0.3148148140625 0.6651041671875 0.3425925921875 0.6645833328124999 0.365740740625 0.6692708328125 0.371296296875 0.7010416671875 0.3796296296875 0.7114583328124999 0.3888888890625
7 0.6708236203125 0.305566346875 0.5994791671875 0.2916666671875 0.5973958328125 0.322222221875 0.596875 0.352777778125 0.5984375 0.3546296296875 0.6635416671875001 0.36944444375 0.6651041671875 0.36851851875 0.6645833328124999 0.3296296296875 0.6666666671875 0.3101851859375 0.6708236203125 0.305566346875
7 0.9635416671874999 0.3509259265625 0.9671875 0.31851851875000003 0.9666666671874999 0.3101851859375 0.9588541671874999 0.30648148124999997 0.915625 0.30740740781250003 0.8692708328125001 0.302777778125 0.859375 0.302777778125 0.8578125 0.30555555624999997 0.8557291671874999 0.3324074078125 0.8572916671874999 0.3361111109375 0.9458333328125 0.35 0.9635416671874999 0.3509259265625
8 0.94375 0.7481481484375 0.9421875 0.7398148140624999 0.9302083328125 0.727777778125 0.9151041671875 0.7240740734375 0.8942708328125001 0.73055555625 0.8947916671874999 0.74351851875 0.90625 0.7518518515625 0.9401041671874999 0.759259259375 0.94375 0.7481481484375
8 0.7223958328125 0.6398148140625 0.725 0.625 0.7166666671875 0.6166666671875001 0.7010416671875 0.6148148140624999 0.6932291671875 0.6296296296875 0.6932291671875 0.6388888890625 0.703125 0.64444444375 0.7130208328125 0.64444444375 0.7223958328125 0.6398148140625
8 0.40260416718750003 0.45370370312499997 0.3963541671875 0.45 0.39010416718749996 0.45648148125 0.390625 0.465740740625 0.396875 0.46851851875 0.4010416671875 0.465740740625 0.40260416718750003 0.45370370312499997
8 0.6096927078125 0.5598296296874999 0.610246875 0.5475101859375 0.6037348953125 0.539547221875 0.5958375 0.54603148125 0.594175 0.551452778125 0.5969463546875 0.5608148140625 0.6096927078125 0.5598296296874999
2 0.9481010421875 0.9218027781250001 0.9402083328125 0.9175925921875001 0.8810140625 0.8754861109375 0.8336583328125 0.9229101859375 0.8328687499999999 0.9990740734375001 0.9441546875 0.9990740734375001 0.9481010421875 0.9218027781250001
8 0.4078125 0.946296296875 0.4109375 0.9388888890624999 0.409375 0.9361111109375001 0.40989583281249997 0.9268518515625 0.3994791671875 0.9055555562500001 0.3890625 0.8981481484374999 0.38333333281250004 0.9055555562500001 0.3765625 0.9277777781250001 0.3760416671875 0.9444444437499999 0.384375 0.959259259375 0.396875 0.9583333328125001 0.4078125 0.946296296875
1 0.8354166671875 0.925 0.8317708328125001 0.91944444375 0.8265625 0.8879629625 0.8182291671874999 0.859259259375 0.8088541671874999 0.8370370375 0.7916666671875 0.8083333328125001 0.7651041671875001 0.7824074078125001 0.7369791671875 0.7731481484375 0.7203125 0.7768518515625 0.7166666671875 0.9990740734375001 0.83125 0.9990740734375001 0.8354166671875 0.9583333328125001 0.8354166671875 0.925
1 0.3640625 0.5 0.3567708328125 0.4620370375 0.3494791671875 0.45 0.3416666671875 0.4453703703125 0.3302083328125 0.45 0.3203125 0.4675925921875 0.3151041671875 0.48333333281249996 0.3151041671875 0.49351851875 0.3453125 0.5101851859375001 0.3625 0.50555555625 0.3640625 0.5
1 0.3729166671875 0.5175925921875 0.3651041671875 0.50648148125 0.35208333281250004 0.50648148125 0.3484375 0.509259259375 0.3494791671875 0.5129629625 0.3739583328125 0.525 0.3729166671875 0.5175925921875
2 0.1983020828125 0.9989981484375001 0.195934375 0.8853111109375 0.1659421875 0.8389935187500001 0.1193760421875 0.86503148125 0.12174375 0.9779453703125001 0.1422645828125 0.9990740734375001 0.1983020828125 0.9989981484375001