8 0.8239583328125001 0.76851851875 0.8369791671875 0.76944444375 0.8390625 0.7666666671875 0.8411458328125001 0.759259259375 0.8395833328125001 0.74444444375 0.8322916671874999 0.7203703703125 0.8265625 0.709259259375 0.81875 0.702777778125 0.8072916671874999 0.702777778125 0.8020833328125001 0.709259259375 0.7989583328125 0.7203703703125 0.7984375 0.7296296296875 0.8010416671874999 0.7398148140624999 0.8109375 0.7601851859375001 0.8239583328125001 0.76851851875
8 0.27395833281250004 0.6416666671875 0.2619791671875 0.65 0.2677083328125 0.6537037031249999 0.2666666671875 0.6490740734375 0.2697916671875 0.646296296875 0.2697916671875 0.65 0.271875 0.6490740734375 0.2734375 0.6537037031249999 0.2760416671875 0.6546296296875 0.278125 0.6453703703125 0.2802083328125 0.6537037031249999 0.2838541671875 0.6537037031249999 0.3015625 0.647222221875 0.3067708328125 0.6425925921875 0.3088541671875 0.634259259375 0.3057291671875 0.61851851875 0.29739583281250004 0.6111111109375 0.2875 0.6129629624999999 0.2864583328125 0.6324074078125 0.2828125 0.640740740625 0.2791666671875 0.64444444375 0.27395833281250004 0.6416666671875
8 0.196875 0.340740740625 0.1942708328125 0.334259259375 0.1828125 0.3361111109375 0.1817708328125 0.34351851875 0.1833333328125 0.3546296296875 0.196875 0.352777778125 0.196875 0.340740740625
8 0.8536458328125001 0.41018518593750003 0.853125 0.40092592656250003 0.8453125 0.3879629625 0.8375 0.3879629625 0.8333333328125001 0.3953703703125 0.8328125 0.403703703125 0.8380208328125001 0.41203703750000004 0.8515625 0.4138888890625 0.8536458328125001 0.41018518593750003
8 0.6895833328125 0.3981481484375 0.6901041671875 0.3925925921875 0.6859375 0.3851851859375 0.6692708328125 0.38148148125 0.66875 0.3916666671875 0.6734375 0.397222221875 0.6807291671875 0.40092592656250003 0.6895833328125 0.3981481484375
8 0.6546875 0.2148148140625 0.646875 0.21944444375 0.6494791671875 0.22685185156249998 0.6567708328124999 0.2296296296875 0.6596554484375 0.2236467234375 0.6546875 0.2148148140625
7 0.0484375 0.43518518593750005 0.05208333281250001 0.4388888890625 0.052604167187499995 0.45185185156249996 0.054166667187499996 0.4546296296875 0.051041667187499994 0.46666666718750005 0.0546875 0.4703703703125 0.056770832812500005 0.478703703125 0.06510416718749999 0.5546296296875 0.0692708328125 0.56851851875 0.0713541671875 0.5916666671875 0.0760416671875 0.6166666671875001 0.1494791671875 0.625 0.1526041671875 0.6231481484375 0.1520833328125 0.6111111109375 0.1541666671875 0.6074074078125 0.1661458328125 0.6046296296875 0.1822916671875 0.6120370375 0.1838541671875 0.6148148140624999 0.1817708328125 0.622222221875 0.1859375 0.627777778125 0.2760416671875 0.6398148140625 0.2833333328125 0.6379629625 0.2833333328125 0.6324074078125 0.2880208328125 0.63055555625 0.28854166718749996 0.61851851875 0.2838541671875 0.6111111109375 0.2854166671875 0.603703703125 0.28177083281250004 0.5833333328125 0.284375 0.578703703125 0.2958333328125 0.5796296296875 0.2828125 0.5759259265625001 0.28125 0.5694444437499999 0.2802083328125 0.5398148140625 0.2765625 0.5287037031249999 0.2760416671875 0.5018518515625 0.27395833281250004 0.497222221875 0.27291666718749996 0.4240740734375 0.2692708328125 0.42129629687500003 0.26875 0.415740740625 0.2645833328125 0.41018518593750003 0.203125 0.40555555625000006 0.1776041671875 0.3981481484375 0.1265625 0.397222221875 0.12291666718750001 0.39351851875 0.0671875 0.39074074062499997 0.050520832812500006 0.3916666671875 0.0473958328125 0.396296296875 0.0473958328125 0.41111111093749997 0.050520832812500006 0.42314814843750004 0.0484375 0.427777778125 0.0484375 0.43518518593750005
7 0.0119791671875 0.27870370312500004 0.0151041671875 0.2824074078125 0.0151041671875 0.28796296250000003 0.017708332812499998 0.2925925921875 0.0296875 0.29722222187499997 0.03125 0.303703703125 0.0359375 0.303703703125 0.0375 0.3138888890625 0.0447916671875 0.3148148140625 0.0479166671875 0.31944444375000003 0.053125 0.31759259218749997 0.05989583281250001 0.30740740781250003 0.0692708328125 0.30740740781250003 0.07291666718749999 0.3101851859375 0.0760416671875 0.321296296875 0.0796875 0.325 0.11078125000000001 0.32592592656249997 0.1130208328125 0.322222221875 0.1135416671875 0.32592592656249997 0.11822916718750001 0.32777777812500003 0.1234375 0.32592592656249997 0.12291666718750001 0.3129629625 0.115625 0.3148148140625 0.1119791671875 0.3101851859375 0.11510416718750001 0.3018518515625 0.12291666718750001 0.303703703125 0.1234375 0.29814814843750004 0.1223958328125 0.24259259218749998 0.1203125 0.21851851875 0.1166666671875 0.2046296296875 0.029166667187500002 0.197222221875 0.0078125 0.1990740734375 0.0067708328125 0.21574074062499998 0.0083333328125 0.2416666671875 0.0135416671875 0.275 0.0119791671875 0.27870370312500004
7 0.1895833328125 0.3101851859375 0.1942708328125 0.31759259218749997 0.1921875 0.3231481484375 0.1994791671875 0.32685185156249996 0.20677083281250003 0.322222221875 0.2208333328125 0.322222221875 0.2270833328125 0.334259259375 0.2338541671875 0.33148148125 0.2442708328125 0.3351851859375 0.24739583281250002 0.33148148125 0.2520833328125 0.33148148125 0.2526041671875 0.322222221875 0.2557291671875 0.31851851875000003 0.259375 0.3203703703125 0.2598958328125 0.325 0.2713541671875 0.3231481484375 0.27291666718749996 0.30740740781250003 0.2723958328125 0.275 0.2703125 0.2453703703125 0.26614583281250004 0.23148148124999998 0.265625 0.21851851875 0.2479166671875 0.21203703749999997 0.1588541671875 0.20740740781250003 0.1541666671875 0.21111111093749999 0.1572916671875 0.272222221875 0.1614583328125 0.29444444375 0.1661458328125 0.3018518515625 0.1895833328125 0.3101851859375
7 0.3192708328125 0.3120370375 0.3369791671875 0.31944444375000003 0.3572916671875 0.321296296875 0.36276041718749996 0.3240740734375 0.3609375 0.32777777812500003 0.3619791671875 0.33055555625 0.3645833328125 0.33055555625 0.365625 0.32685185156249996 0.3671875 0.33055555625 0.3703125 0.3296296296875 0.371875 0.32592592656249997 0.3729166671875 0.3296296296875 0.37552083281250004 0.3296296296875 0.3739583328125 0.3240740734375 0.3765625 0.322222221875 0.40208333281249997 0.325 0.41614583281249995 0.3231481484375 0.4234375 0.31759259218749997 0.4234375 0.30555555624999997 0.425 0.302777778125 0.42395833281249995 0.29814814843750004 0.4265625 0.29444444375 0.428125 0.2796296296875 0.42760416718750005 0.23148148124999998 0.42395833281249995 0.225 0.3682291671875 0.2175925921875 0.3135416671875 0.2166666671875 0.309375 0.21944444375 0.3140625 0.2953703703125 0.3161458328125 0.29907407343750003 0.3171875 0.3101851859375 0.3192708328125 0.3120370375
7 0.6973958328125 0.3740740734375 0.7005208328125 0.377777778125 0.709375 0.377777778125 0.7119791671875 0.38240740781250004 0.7244791671875 0.384259259375 0.7307291671875 0.38055555625 0.734375 0.3731481484375 0.7479166671875 0.3731481484375 0.7520833328125 0.384259259375 0.7578125 0.38703703749999996 0.8026041671874999 0.3879629625 0.8052083328125 0.38055555625 0.8046875 0.3768518515625 0.8083333328125001 0.3731481484375 0.8119791671875 0.3416666671875 0.8135416671875 0.3018518515625 0.8171875 0.28796296250000003 0.8166666671874999 0.2629629625 0.81875 0.259259259375 0.8104166671874999 0.2509259265625 0.68125 0.2509259265625 0.6796875 0.275 0.6776041671875 0.27870370312500004 0.675 0.32592592656249997 0.671875 0.3416666671875 0.6734375 0.3490740734375 0.6703125 0.353703703125 0.6703125 0.3740740734375 0.68125 0.38240740781250004 0.6932291671875 0.38240740781250004 0.6973958328125 0.3740740734375
7 0.8520833328125 0.340740740625 0.8510416671875 0.3648148140625 0.8463541671874999 0.38333333281250004 0.8473958328125001 0.3879629625 0.8572916671874999 0.3925925921875 0.8703125 0.3925925921875 0.8765625 0.3888888890625 0.8776041671874999 0.3925925921875 0.8786458328125001 0.3898148140625 0.8807291671874999 0.3925925921875 0.8807291671874999 0.3861111109375 0.8828125 0.384259259375 0.8791666671874999 0.38333333281250004 0.8770833328125001 0.3861111109375 0.8760416671875 0.3759259265625 0.8817708328125 0.36759259218749996 0.8885416671874999 0.36666666718749996 0.8901041671875 0.36851851875 0.8911458328125 0.38055555625 0.8932291671874999 0.38240740781250004 0.9036458328125001 0.38055555625 0.9072916671875 0.3851851859375 0.9119791671874999 0.3851851859375 0.9151041671875 0.378703703125 0.928125 0.378703703125 0.9338541671874999 0.38148148125 0.9354166671874999 0.3851851859375 0.9395833328125001 0.38240740781250004 0.9390625 0.378703703125 0.940625 0.3796296296875 0.9390625 0.375 0.9411458328125001 0.375 0.9458333328125 0.38055555625 0.9447916671875 0.3851851859375 0.9463541671875 0.3888888890625 0.9505208328125001 0.39074074062499997 0.9536458328125 0.396296296875 0.9588541671874999 0.39444444375 0.9994791671875 0.4 0.9994791671875 0.253703703125 0.8640625 0.2509259265625 0.8609375 0.2518518515625 0.8598958328125 0.259259259375 0.8583333328125 0.290740740625 0.8546875 0.30740740781250003 0.8552083328125001 0.3203703703125 0.8520833328125 0.340740740625
7 0.9994791671875 0.18148148125000002 0.9708333328125001 0.17962962968750001 0.9567708328125001 0.18055555625 0.9541666671875 0.1833333328125 0.9552083328125001 0.2009259265625 0.9505208328125001 0.24814814843750002 0.9994791671875 0.25 0.9994791671875 0.18148148125000002
7 0.8197916671875 0.24814814843750002 0.8270833328125 0.25833333281250004 0.8354166671875 0.25833333281250004 0.8380208328125001 0.2611111109375 0.846875 0.259259259375 0.8536458328125001 0.2638888890625 0.8572916671874999 0.2601851859375 0.8604166671875 0.24722222187499998 0.896875 0.24722222187499998 0.8994791671875 0.2398148140625 0.9 0.22777777812500002 0.9057291671875 0.2009259265625 0.9067708328125 0.184259259375 0.8994791671875 0.18055555625 0.8140625 0.17962962968750001 0.8067708328125001 0.1861111109375 0.8057291671875 0.1898148140625 0.80625 0.2009259265625 0.8015625 0.2379629625 0.8020833328125001 0.24722222187499998 0.8197916671875 0.24814814843750002
7 0.7744791671875 0.1925925921875 0.7734375 0.1888888890625 0.7755208328125 0.177777778125 0.6890625 0.1768518515625 0.684375 0.18148148125000002 0.6859375 0.1851851859375 0.6817708328125 0.1925925921875 0.6833333328125 0.196296296875 0.6786458328125 0.21944444375 0.6776041671875 0.24722222187499998 0.7671875 0.24814814843750002 0.7697916671875 0.246296296875 0.7744791671875 0.1925925921875
7 0.7776041671875 0.1768518515625 0.7796875 0.1851851859375 0.7760416671875 0.1888888890625 0.7755208328125 0.197222221875 0.7786458328125 0.2009259265625 0.7770833328125 0.2046296296875 0.78125 0.2101851859375 0.7895833328124999 0.2046296296875 0.7947916671875 0.20555555625 0.8020833328125001 0.1990740734375 0.803125 0.1833333328125 0.80625 0.1768518515625 0.8286458328125 0.175 0.8291666671875 0.165740740625 0.8328125 0.1620370375 0.8322916671874999 0.1574074078125 0.8385416671874999 0.15370370312499998 0.8375 0.1425925921875 0.8296875 0.1379629625 0.7661458328124999 0.13888888906250002 0.759375 0.140740740625 0.7572916671875001 0.1490740734375 0.7557291671875 0.1675925921875 0.7578125 0.172222221875 0.775 0.1740740734375 0.7776041671875 0.1768518515625
7 0.665625 0.18055555625 0.6708333328125 0.18148148125000002 0.6708333328125 0.1861111109375 0.66875 0.1888888890625 0.6703125 0.1925925921875 0.6666666671875 0.19537037031249999 0.665625 0.20370370312500002 0.6697916671875 0.20555555625 0.6739583328125 0.2138888890625 0.6776041671875 0.21296296250000002 0.6828125 0.196296296875 0.68125 0.1851851859375 0.6828125 0.177777778125 0.6885416671875 0.175 0.7479166671875 0.17314814843749998 0.7515625 0.1703703703125 0.7541666671875 0.1629629625 0.7572916671875001 0.1425925921875 0.7145833328125 0.1379629625 0.671875 0.140740740625 0.66875 0.1425925921875 0.6697916671875 0.146296296875 0.6666666671875 0.15555555625 0.6666666671875 0.1703703703125 0.6651041671875 0.1759259265625 0.6671875 0.17962962968750001 0.665625 0.18055555625
7 0.9052083328125 0.178703703125 0.9104166671874999 0.1851851859375 0.9067708328125 0.1981481484375 0.9114583328125001 0.2046296296875 0.925 0.20370370312500002 0.9296875 0.2 0.9328125 0.1925925921875 0.9390625 0.15370370312499998 0.9390625 0.1425925921875 0.9322916671874999 0.140740740625 0.871875 0.13981481406250001 0.8635416671874999 0.1425925921875 0.8619791671874999 0.15648148125 0.8510416671875 0.1740740734375 0.8515625 0.1768518515625 0.9052083328125 0.178703703125
7 0.9614583328125 0.140740740625 0.9583333328125001 0.1425925921875 0.9598958328125 0.1453703703125 0.9588541671874999 0.1481481484375 0.9546875 0.1453703703125 0.9552083328125001 0.15 0.9510416671874999 0.1601851859375 0.9510416671874999 0.177777778125 0.9994791671875 0.17962962968750001 0.9994791671875 0.140740740625 0.9614583328125 0.140740740625
7 0.9677083328125 0.1648148140625 0.9703125 0.15648148125 0.9739583328125001 0.15925925937500002 0.9734375 0.15555555625 0.975 0.15555555625 0.9760416671875 0.15925925937500002 0.9807291671874999 0.15555555625 0.9833333328125 0.15925925937500002 0.984375 0.15277777812499999 0.9864583328125001 0.15277777812499999 0.9864583328125001 0.15925925937500002 0.9994791671875 0.15925925937500002 0.9994791671875 0.15555555625 0.9958333328125001 0.15370370312499998 0.9994791671875 0.1416666671875 0.9963541671874999 0.140740740625 0.9994791671875 0.1366666671875 0.9994791671875 0.1166666671875 0.9588541671874999 0.11574074062499999 0.9546875 0.13148148125 0.9505208328125001 0.1611111109375 0.9510416671874999 0.178703703125 0.9671875 0.17962962968750001 0.9692708328125 0.177777778125 0.9677083328125 0.1648148140625
7 0.9354166671874999 0.11851851875 0.9338541671874999 0.11574074062499999 0.8765625 0.11574074062499999 0.8734375 0.127777778125 0.8729166671874999 0.1379629625 0.8744791671875 0.13888888906250002 0.93125 0.13981481406250001 0.9354166671874999 0.11851851875
7 0.8385416671874999 0.15 0.8364583328125 0.1546296296875 0.8302083328125001 0.1583333328125 0.8296875 0.16388888906250001 0.825 0.17314814843749998 0.8260416671874999 0.1740740734375 0.8286458328125 0.1740740734375 0.8291666671875 0.16944444375 0.8317708328125001 0.175 0.8427083328125 0.1759259265625 0.8473958328125001 0.16944444375 0.8515625 0.1203703703125 0.85 0.11574074062499999 0.7947916671875 0.11574074062499999 0.7932291671875 0.1231481484375 0.7927083328125 0.1351851859375 0.7942708328125 0.1379629625 0.8307291671874999 0.13703703750000001 0.8385416671874999 0.15
7 0.7682291671875 0.1351851859375 0.7692708328125 0.1175925921875 0.7661458328124999 0.1148148140625 0.7197916671875 0.1148148140625 0.7135416671875 0.1166666671875 0.7119791671875 0.12407407343750002 0.7114583328124999 0.134259259375 0.7135416671875 0.13703703750000001 0.7604166671875 0.1379629625 0.7682291671875 0.1351851859375
7 0.6614583328125 0.172222221875 0.665625 0.1648148140625 0.6677083328125 0.1583333328125 0.6671875 0.146296296875 0.6692708328125 0.140740740625 0.6859375 0.13703703750000001 0.6875 0.134259259375 0.6875 0.11851851875 0.684375 0.11574074062499999 0.6515625 0.11574074062499999 0.6479166671875001 0.11851851875 0.646875 0.13333333281249998 0.6427083328125 0.13333333281249998 0.6401041671875001 0.1425925921875 0.6411458328124999 0.178703703125 0.6447916671875 0.18055555625 0.6520833328125 0.177777778125 0.6614583328125 0.172222221875
7 0.4348958328125 0.23518518593749999 0.4375 0.24351851875000002 0.4401041671875 0.24444444375000002 0.46770833281249996 0.24351851875000002 0.4703125 0.2175925921875 0.4692708328125 0.165740740625 0.46770833281249996 0.15925925937500002 0.3895833328125 0.1574074078125 0.3890625 0.20555555625 0.39114583281250004 0.2175925921875 0.42552083281249997 0.221296296875 0.4348958328125 0.23518518593749999
7 0.3020833328125 0.23518518593749999 0.3020833328125 0.22407407343750002 0.3104166671875 0.2148148140625 0.3604166671875 0.2166666671875 0.3625 0.2138888890625 0.3614583328125 0.16388888906250001 0.359375 0.15648148125 0.3192708328125 0.15370370312499998 0.2989583328125 0.15555555625 0.2953125 0.15277777812499999 0.2859375 0.15277777812499999 0.2828125 0.15555555625 0.2869791671875 0.22870370312500002 0.28958333281250004 0.23611111093749998 0.2942708328125 0.2398148140625 0.3020833328125 0.23518518593749999
7 0.18020833281249998 0.2046296296875 0.19583333281249998 0.20833333281250002 0.24739583281250002 0.21111111093749999 0.2552083328125 0.21111111093749999 0.25729166718749996 0.20833333281250002 0.2536458328125 0.15648148125 0.2515625 0.15092592656249998 0.1927083328125 0.1453703703125 0.17916666718750002 0.1453703703125 0.1770833328125 0.1490740734375 0.1786458328125 0.18055555625 0.1765625 0.1851851859375 0.1796875 0.190740740625 0.18020833281249998 0.2046296296875
7 0.1203125 0.2101851859375 0.1223958328125 0.225 0.1265625 0.23055555625 0.13229166718750002 0.23148148124999998 0.1421875 0.23148148124999998 0.1473958328125 0.222222221875 0.1473958328125 0.21296296250000002 0.1552083328125 0.2018518515625 0.1520833328125 0.1574074078125 0.14895833281249998 0.14444444375 0.075 0.140740740625 0.0791666671875 0.190740740625 0.0822916671875 0.1990740734375 0.11614583281249999 0.2018518515625 0.1203125 0.2101851859375
7 0 0.20740740781250003 0.0078125 0.19537037031249999 0.051041667187499994 0.19537037031249999 0.04375 0.1379629625 0.0020833328125000002 0.13333333281249998 0 0.13333333281249998 0 0.20740740781250003
2 0.640625 0.6898148140625 0.640625 0.7361111109375 0.6520833328125 0.740740740625 0.6770833328125 0.7416666671875001 0.6791666671875001 0.73148148125 0.6791666671875001 0.7074074078125 0.6760416671875 0.6990740734374999 0.6802083328124999 0.6888888890625 0.6822916671875 0.659259259375 0.6776041671875 0.6574074078125001 0.671875 0.6601851859375001 0.6703125 0.6555555562500001 0.6723958328124999 0.6537037031249999 0.6723958328124999 0.6490740734375 0.678125 0.647222221875 0.6822916671875 0.6388888890625 0.6854166671875 0.5953703703125 0.68125 0.5953703703125 0.678125 0.5916666671875 0.6692708328125 0.5944444437499999 0.6463541671875 0.590740740625 0.64375 0.609259259375 0.6447916671875 0.6268518515625 0.6421875 0.63055555625 0.6442708328125 0.6361111109375 0.6421875 0.6453703703125 0.64375 0.665740740625 0.640625 0.6898148140625
1 0.2848958328125 0.5796296296875 0.2869791671875 0.5824074078125 0.3614583328125 0.5898148140624999 0.3682291671875 0.5953703703125 0.3609375 0.61851851875 0.3614583328125 0.6333333328124999 0.3572916671875 0.634259259375 0.35625 0.65 0.3609375 0.6611111109375 0.35625 0.6648148140625 0.3572916671875 0.7518518515625 0.359375 0.7583333328124999 0.3651041671875 0.7629629625 0.36666666718749996 0.775 0.35885416718749996 0.8018518515625 0.3640625 0.8046296296875 0.3635416671875 0.8083333328125001 0.35885416718749996 0.8101851859375 0.3609375 0.8148148140625 0.36666666718749996 0.8046296296875 0.3682291671875 0.80648148125 0.3723958328125 0.8444444437499999 0.37447916718749996 0.8879629625 0.3791666671875 0.8898148140625001 0.38125 0.8851851859375 0.3807291671875 0.8611111109375 0.37447916718749996 0.7916666671875 0.3723958328125 0.7416666671875001 0.3692708328125 0.7259259265625 0.365625 0.7212962968750001 0.3651041671875 0.7166666671875 0.36875 0.6916666671875 0.3692708328125 0.672222221875 0.3692708328125 0.6083333328125 0.3661458328125 0.60648148125 0.3692708328125 0.603703703125 0.36875 0.5953703703125 0.3703125 0.5916666671875 0.3697916671875 0.5175925921875 0.36666666718749996 0.49351851875 0.3557291671875 0.45370370312499997 0.3328125 0.42222222187499997 0.3213541671875 0.4148148140625 0.3088541671875 0.41111111093749997 0.296875 0.41111111093749997 0.2776041671875 0.41944444374999995 0.2791666671875 0.4240740734375 0.27395833281250004 0.43333333281249997 0.275 0.490740740625 0.2848958328125 0.5796296296875
1 0.1734375 0.396296296875 0.1838541671875 0.3990740734375 0.1932291671875 0.397222221875 0.1890625 0.3851851859375 0.1854166671875 0.38333333281250004 0.175 0.36851851875 0.1640625 0.3601851859375 0.1536458328125 0.3583333328125 0.140625 0.35925925937500003 0.1317708328125 0.3638888890625 0.11875 0.377777778125 0.1130208328125 0.3888888890625 0.1119791671875 0.3916666671875 0.1135416671875 0.3925925921875 0.13229166718750002 0.3953703703125 0.1734375 0.396296296875
1 0.8942708328125001 0.5333333328125 0.8958333328125001 0.509259259375 0.8942708328125001 0.4981481484375 0.8838541671875 0.477777778125 0.8807291671874999 0.47592592656250005 0.8729166671874999 0.4620370375 0.8520833328125 0.44629629687500005 0.8390625 0.44259259218749997 0.8213541671875 0.44444444375 0.8005208328125001 0.4546296296875 0.7833333328125 0.47592592656250005 0.7697916671875 0.503703703125 0.7640625 0.5287037031249999 0.7604166671875 0.5351851859375001 0.7578125 0.5509259265625001 0.75625 0.5870370375 0.7572916671875001 0.603703703125 0.7552083328125 0.6546296296875 0.8734375 0.6666666671875 0.8942708328125001 0.5333333328125
1 0.8395833328125001 0.3861111109375 0.8453125 0.3861111109375 0.853125 0.334259259375 0.8541666671874999 0.302777778125 0.8416666671874999 0.3083333328125 0.8333333328125001 0.3203703703125 0.825 0.3379629625 0.8171875 0.36666666718749996 0.8171875 0.38240740781250004 0.8197916671875 0.3898148140625 0.8317708328125001 0.3916666671875 0.8395833328125001 0.3861111109375
1 0.45625 0.3129629625 0.45520833281249995 0.3009259265625 0.4515625 0.28796296250000003 0.440625 0.26574074062499997 0.43645833281249996 0.26203703749999996 0.43541666718750005 0.25555555625 0.43125 0.25555555625 0.4291666671875 0.26203703749999996 0.4291666671875 0.3490740734375 0.4546875 0.3518518515625 0.45625 0.3453703703125 0.45625 0.3129629625
1 0.3375 0.34444444375 0.340625 0.34351851875 0.3416666671875 0.3398148140625 0.3427083328125 0.3425925921875 0.3453125 0.3416666671875 0.3401041671875 0.33703703749999997 0.33645833281250004 0.3203703703125 0.315625 0.3101851859375 0.315625 0.29814814843750004 0.3098958328125 0.25 0.2979166671875 0.2518518515625 0.2947916671875 0.24907407343750002 0.29375 0.25740740781250004 0.28177083281250004 0.2759259265625 0.2770833328125 0.290740740625 0.2765625 0.325 0.2770833328125 0.3351851859375 0.2791666671875 0.3398148140625 0.3375 0.34444444375
1 0.1822916671875 0.3333333328125 0.184375 0.32592592656249997 0.1817708328125 0.3120370375 0.1760416671875 0.3120370375 0.1739583328125 0.309259259375 0.1697916671875 0.3111111109375 0.1697916671875 0.30648148124999997 0.165625 0.30648148124999997 0.1614583328125 0.3009259265625 0.15572916718750002 0.26203703749999996 0.153125 0.2546296296875 0.1484375 0.253703703125 0.13333333281249998 0.2611111109375 0.1291666671875 0.2666666671875 0.125 0.2824074078125 0.125 0.3083333328125 0.1270833328125 0.32685185156249996 0.1286458328125 0.328703703125 0.1822916671875 0.3333333328125
1 0.4546875 0.2509259265625 0.4869791671875 0.28055555625 0.4875 0.2898148140625 0.4927083328125 0.29444444375 0.490625 0.29814814843750004 0.4895833328125 0.30740740781250003 0.49114583281249996 0.3101851859375 0.48854166718750003 0.3129629625 0.48802083281249997 0.3203703703125 0.4890625 0.3740740734375 0.4916666671875 0.3768518515625 0.4890625 0.3796296296875 0.49114583281249996 0.39351851875 0.4890625 0.39074074062499997 0.48854166718750003 0.3981481484375 0.49114583281249996 0.4 0.48854166718750003 0.403009259375 0.48854166718750003 0.4078703703125 0.490625 0.40555555625000006 0.49114583281249996 0.40833333281249995 0.48854166718750003 0.41273148125 0.490625 0.4138888890625 0.48802083281249997 0.42222222187499997 0.48802083281249997 0.42870370312499995 0.490625 0.4268518515625 0.49114583281249996 0.43333333281249997 0.4875 0.4379629625 0.48802083281249997 0.4481481484375 0.49010416718750005 0.4509259265625 0.49114583281249996 0.4361111109375 0.5026041671875 0.41944444374999995 0.5052083328125 0.42222222187499997 0.50625 0.41944444374999995 0.503125 0.41851851875 0.503125 0.4148148140625 0.50625 0.414197221875 0.50625 0.403703703125 0.5026041671875 0.40555555625000006 0.5015625 0.396296296875 0.5020833328125 0.39444444375 0.5057291671875 0.3979425921875 0.5052083328125 0.3453703703125 0.503125 0.33148148125 0.5052083328125 0.2379629625 0.5015625 0.2166666671875 0.49322916718750004 0.2018518515625 0.48229166718750005 0.19351851874999998 0.4703125 0.1981481484375 0.47083333281249995 0.23148148124999998 0.4692708328125 0.24814814843750002 0.46666666718750005 0.252777778125 0.4546875 0.2509259265625
1 0.36875 0.1916666671875 0.3635416671875 0.19351851874999998 0.3640625 0.2166666671875 0.3885416671875 0.2175925921875 0.3828125 0.2009259265625 0.36875 0.1916666671875
1 0.2911458328125 0.24351851875000002 0.2911458328125 0.2388888890625 0.2875 0.23333333281250002 0.2833333328125 0.19537037031249999 0.2692708328125 0.184259259375 0.25729166718749996 0.1888888890625 0.2578125 0.20833333281250002 0.2677083328125 0.21296296250000002 0.2713541671875 0.24259259218749998 0.2911458328125 0.24351851875000002