2 0.3739583328125 0.9351851859375 0.4109375 0.9074074078125 0.4125 0.8361111109375001 0.4145833328125 0.8175925921875 0.4135416671875 0.8055555562500001 0.41875 0.7666666671875 0.40833333281249995 0.7675925921875 0.340625 0.8101851859375 0.3421875 0.88055555625 0.35208333281250004 0.9101851859375 0.3671875 0.9351851859375 0.3739583328125 0.9351851859375
2 0.5135416671875 0.8101851859375 0.525 0.8259259265625 0.5302083328125 0.827777778125 0.5609375 0.8074074078125 0.5645833328125 0.6925925921875 0.5704859375 0.6851851859375 0.5760416671875 0.6851851859375 0.5760416671875 0.6824074078125 0.5630208328124999 0.68148148125 0.5145833328125 0.7083333328125 0.509375 0.7120370375 0.5145833328125 0.7231481484375 0.5125 0.7851851859375001 0.5135416671875 0.8101851859375
2 0.6265625 0.602777778125 0.6317708328125 0.6083333328125 0.634375 0.6268518515625 0.6463541671875 0.6379629625 0.6484375 0.6546296296875 0.64375 0.7324074078125 0.65 0.734259259375 0.6713541671875001 0.7203703703125 0.6890625 0.7388888890625 0.6890625 0.7490740734375 0.68125 0.7509259265625 0.6786458328125 0.75555555625 0.68125 0.7611111109375 0.6807291671875 0.7675925921875 0.6890625 0.7703703703125 0.7015625 0.759259259375 0.7046875 0.7518518515625 0.7010416671875 0.7490740734375 0.6989583328125 0.7138888890625 0.7 0.6972222218749999 0.7020833328125 0.69351851875 0.7067708328125 0.6074074078125 0.684375 0.615740740625 0.659375 0.6324074078125 0.6484375 0.6175925921875 0.6489583328124999 0.6101851859375 0.6411458328124999 0.5953703703125 0.6244791671875001 0.5796296296875 0.6145833328125 0.5759259265625001 0.6098958328124999 0.5796296296875 0.609375 0.5953703703125 0.6109375 0.5990740734375 0.61875 0.60648148125 0.6265625 0.602777778125
2 0.7869791671875 0.665740740625 0.7848958328125 0.6574074078125001 0.7864583328125 0.621296296875 0.7942708328125 0.60555555625 0.7984375 0.602777778125 0.7947916671875 0.5935185187500001 0.7989583328125 0.5722222218749999 0.80625 0.5583333328125 0.8067708328125001 0.5481481484375 0.778125 0.5611111109375 0.7682291671875 0.55648148125 0.7661458328124999 0.559259259375 0.7619791671875 0.575 0.7578125 0.5796296296875 0.75 0.6574074078125001 0.7494791671875001 0.66944444375 0.7578125 0.6777777781250001 0.7776041671875 0.6666666671875 0.7869791671875 0.665740740625
2 0.8697916671874999 0.625 0.8651041671874999 0.63148148125 0.8682291671875 0.640740740625 0.8729166671874999 0.6379629625 0.8802083328125001 0.5962962968750001 0.8921875 0.5009259265625 0.8791666671874999 0.5046296296875 0.86875 0.4879629625 0.8651041671874999 0.4888888890625 0.8625 0.5083333328124999 0.8479166671874999 0.5259259265625 0.8380208328125001 0.5990740734375 0.8380208328125001 0.6166666671875001 0.8552083328125001 0.6083333328125 0.8697916671874999 0.6166666671875001 0.8697916671874999 0.625
7 0.053125 0.184259259375 0.1046875 0.1768518515625 0.10052083281249999 0.1148148140625 0.0973958328125 0.0990740734375 0.0078125 0.1 0.007291667187500001 0.1166666671875 0.0151041671875 0.1888888890625 0.0447916671875 0.1898148140625 0.053125 0.184259259375
7 0.1807291671875 0.177777778125 0.1953125 0.177777778125 0.2046875 0.1768518515625 0.215625 0.16944444375 0.2114583328125 0.0981481484375 0.209375 0.09351851875 0.13229166718750002 0.09629629687499999 0.1317708328125 0.1111111109375 0.1385416671875 0.1759259265625 0.1692708328125 0.17314814843749998 0.1807291671875 0.177777778125
7 0.23958333281250002 0.09351851875 0.24375 0.1675925921875 0.3104166671875 0.1620370375 0.3067708328125 0.0916666671875 0.23958333281250002 0.09351851875
7 0.3953125 0.1546296296875 0.3953125 0.11851851875 0.3927083328125 0.0870370375 0.3338541671875 0.0898148140625 0.3348958328125 0.1416666671875 0.3380208328125 0.1648148140625 0.3895833328125 0.1583333328125 0.3953125 0.1546296296875
7 0.4713541671875 0.146296296875 0.4703125 0.08518518593749999 0.42291666718750004 0.08518518593749999 0.415625 0.09074074062500001 0.4171875 0.15370370312499998 0.43645833281249996 0.1574074078125 0.44322916718750005 0.15277777812499999 0.4713541671875 0.146296296875
7 0.5760416671875 0.2518518515625 0.5822916671875 0.24722222187499998 0.5817708328125 0.22407407343750002 0.5979166671875 0.2203703703125 0.5979166671875 0.13888888906250002 0.5463541671875001 0.14351851875 0.5385416671875001 0.147222221875 0.5390625 0.22777777812500002 0.546875 0.24722222187499998 0.559375 0.253703703125 0.5760416671875 0.2518518515625
7 0.503125 0.24814814843750002 0.5234375 0.24351851875000002 0.5260416671875 0.20833333281250002 0.51875 0.17299351875 0.51875 0.1490740734375 0.5171875 0.146296296875 0.4536458328125 0.1518518515625 0.45104166718750005 0.15370370312499998 0.45 0.16388888906250001 0.44947916718750003 0.1990740734375 0.4536458328125 0.25 0.4848958328125 0.2453703703125 0.503125 0.24814814843750002
7 0.42864583281249996 0.20277777812500003 0.43177083281249995 0.1851851859375 0.4291666671875 0.1833333328125 0.4265625 0.1583333328125 0.3645833328125 0.1629629625 0.35104166718749996 0.165740740625 0.346875 0.172222221875 0.3489583328125 0.2675925921875 0.421875 0.25833333281250004 0.4296875 0.24722222187499998 0.42864583281249996 0.20277777812500003
7 0.25625 0.28611111093749997 0.3140625 0.2638888890625 0.3140625 0.2009259265625 0.3104166671875 0.1666666671875 0.253125 0.16944444375 0.2244791671875 0.1740740734375 0.21770833281250002 0.18055555625 0.21770833281250002 0.20833333281250002 0.22135416718749998 0.252777778125 0.2203125 0.2870370375 0.25625 0.28611111093749997
7 0.0666666671875 0.29351851875 0.0703125 0.302777778125 0.08333333281250001 0.30555555624999997 0.0973958328125 0.302777778125 0.11822916718750001 0.31851851875000003 0.1208333328125 0.33148148125 0.1302083328125 0.3333333328125 0.14010416718750002 0.3296296296875 0.1625 0.29351851875 0.1786458328125 0.2916666671875 0.1859375 0.2824074078125 0.18020833281249998 0.20740740781250003 0.18125 0.184259259375 0.1770833328125 0.1768518515625 0.1041666671875 0.18055555625 0.058333332812500006 0.1888888890625 0.061979167187499996 0.2101851859375 0.06302083281250001 0.240740740625 0.0614583328125 0.25555555625 0.0666666671875 0.29351851875
7 0.2130208328125 0.4453703703125 0.2171875 0.5259259265625 0.2203125 0.5388888890625 0.22552083281250002 0.540740740625 0.2375 0.5370370375 0.3036458328125 0.5111111109375 0.3291666671875 0.49259259218749996 0.3526041671875 0.48703703750000005 0.3609375 0.48148148125 0.3572916671875 0.36851851875 0.3536458328125 0.3425925921875 0.20989583281250002 0.3740740734375 0.20833333281250002 0.3768518515625 0.20989583281250002 0.41944444374999995 0.20833333281250002 0.42592592656250006 0.2130208328125 0.4453703703125
7 0.4088541671875 0.4546296296875 0.41197916718750005 0.4675925921875 0.428125 0.4675925921875 0.4302083328125 0.4620370375 0.43541666718750005 0.46481481406249997 0.43854166718750004 0.45555555625000005 0.47864583281249995 0.44259259218749997 0.49635416718750003 0.440740740625 0.5067708328125 0.44351851875000003 0.5127604171875 0.4370370375 0.521875 0.43518518593750005 0.5234375 0.3138888890625 0.5177083328125 0.30740740781250003 0.43854166718750004 0.3231481484375 0.4302083328125 0.3324074078125 0.42760416718750005 0.32685185156249996 0.4223958328125 0.32685185156249996 0.41302083281249996 0.328703703125 0.4088541671875 0.3333333328125 0.40416666718750005 0.32592592656249997 0.40260416718750003 0.33703703749999997 0.403125 0.365740740625 0.40625 0.36759259218749996 0.4088541671875 0.378703703125 0.4088541671875 0.4546296296875
7 0.5786458328124999 0.4148148140625 0.5932291671875001 0.4166666671875 0.6026041671875 0.40555555625000006 0.6348958328125 0.3981481484375 0.6546875 0.38703703749999996 0.6572916671875 0.28148148125 0.6557291671875001 0.2703703703125 0.6192708328125 0.2824074078125 0.5703125 0.2898148140625 0.5640625 0.29722222187499997 0.5645833328125 0.3879629625 0.5671875 0.415740740625 0.571875 0.41944444374999995 0.5786458328124999 0.4148148140625
7 0.6880208328124999 0.3796296296875 0.690625 0.39074074062499997 0.6973958328125 0.40092592656250003 0.696875 0.403703703125 0.6989583328125 0.403703703125 0.7041666671875 0.396296296875 0.7104166671875001 0.372222221875 0.7489583328125 0.35555555625 0.7541666671875 0.2546296296875 0.7541666671875 0.24351851875000002 0.7526041671875 0.2416666671875 0.6786458328125 0.25833333281250004 0.6765625 0.2601851859375 0.675 0.271296296875 0.671875 0.3518518515625 0.66875 0.36851851875 0.6713541671875001 0.38148148125 0.6880208328124999 0.3796296296875
7 0.8494791671874999 0.33148148125 0.853125 0.3009259265625 0.8572916671874999 0.22407407343750002 0.7869791671875 0.23611111093749998 0.7833333328125 0.2731481484375 0.78125 0.3490740734375 0.7989583328125 0.3490740734375 0.81875 0.33888888906250003 0.8494791671874999 0.33148148125
5 0.878125 0.4768518515625 0.9354166671874999 0.44629629687500005 0.9375 0.44259259218749997 0.9145833328125 0.42314814843750004 0.9036458328125001 0.41944444374999995 0.8927083328125001 0.42129629687500003 0.8885416671874999 0.427777778125 0.8729166671874999 0.43055555625 0.84375 0.44629629687500005 0.8411458328125001 0.45370370312499997 0.8442708328125 0.4574074078125 0.8729166671874999 0.4768518515625 0.878125 0.4768518515625
5 0.8421875 0.4731481484375 0.8270833328125 0.4620370375 0.8177083328125001 0.4620370375 0.7505208328124999 0.49629629687500004 0.753125 0.50648148125 0.7791666671875 0.527777778125 0.8526041671875 0.4861111109375 0.8421875 0.4731481484375
5 0.7421875 0.55 0.74375 0.54444444375 0.7395833328125 0.5370370375 0.7166666671875 0.5166666671875 0.7078125 0.5148148140625 0.6234375 0.5601851859375 0.6239583328125 0.5722222218749999 0.6515625 0.5990740734375 0.7333333328125 0.5555555562500001 0.7421875 0.55
5 0.49791666718750005 0.6759259265625001 0.5989583328125 0.6231481484375 0.615625 0.6101851859375 0.5958333328125 0.5888888890625 0.5916666671875 0.578703703125 0.5869791671875 0.5796296296875 0.5796875 0.5722222218749999 0.5588541671875 0.5861111109375 0.5442708328125 0.5888888890625 0.534375 0.597222221875 0.47239583281249997 0.6268518515625 0.47083333281249995 0.6333333328124999 0.4739583328125 0.6398148140625 0.49427083281249995 0.6759259265625001 0.49791666718750005 0.6759259265625001
5 0.2947916671875 0.7833333328125 0.43541666718750005 0.7046296296875 0.44322916718750005 0.6972222218749999 0.44635416718750004 0.6888888890625 0.43125 0.6574074078125001 0.42395833281249995 0.65 0.4114583328125 0.647222221875 0.3864583328125 0.6546296296875 0.3807291671875 0.6601851859375001 0.3604166671875 0.6675925921875 0.35 0.6759259265625001 0.2703125 0.7166666671875 0.2692708328125 0.7212962968750001 0.2713541671875 0.728703703125 0.2760416671875 0.7351851859375 0.2947916671875 0.7833333328125
5 0.0890625 0.427777778125 0.0947916671875 0.427777778125 0.0984375 0.43518518593750005 0.1015625 0.4361111109375 0.1776041671875 0.41944444374999995 0.2026041671875 0.4 0.2010416671875 0.3953703703125 0.1932291671875 0.3916666671875 0.1515625 0.3879629625 0.08854166718749999 0.403703703125 0.08854166718749999 0.4138888890625 0.0848958328125 0.415740740625 0.0875 0.43240740781250003 0.0890625 0.427777778125
5 0.5625 0.31944444375000003 0.5604166671875 0.3083333328125 0.5442708328125 0.3009259265625 0.5244791671875 0.30648148124999997 0.5239583328124999 0.32777777812500003 0.5270833328125 0.33148148125 0.559375 0.3231481484375 0.5625 0.31944444375000003
8 0.3380208328125 0.60648148125 0.3463541671875 0.5981481484375 0.3453125 0.5851851859375 0.3385416671875 0.575 0.3177083328125 0.5731481484375001 0.3098958328125 0.5824074078125 0.309375 0.5888888890625 0.3125 0.5953703703125 0.3255208328125 0.603703703125 0.3380208328125 0.60648148125
8 0.5552083328124999 0.5129629625 0.5635416671875 0.509259259375 0.5619791671875001 0.49351851875 0.55625 0.4861111109375 0.5442708328125 0.48425925937500003 0.5348958328125 0.490740740625 0.5338541671875 0.49351851875 0.5375 0.5018518515625 0.546875 0.509259259375 0.5552083328124999 0.5129629625
8 0.6791666671875001 0.45 0.6791666671875001 0.4388888890625 0.6744791671875 0.43148148124999997 0.6572916671875 0.4296296296875 0.6510416671875 0.43518518593750005 0.6536458328125 0.44351851875000003 0.6692708328125 0.45185185156249996 0.6791666671875001 0.45
8 0.79375 0.4175925921875 0.7963541671875001 0.4138888890625 0.7953125 0.403703703125 0.7911458328125 0.3981481484375 0.7755208328125 0.397222221875 0.76875 0.4018518515625 0.7677083328125 0.40833333281249995 0.771875 0.41203703750000004 0.7869791671875 0.4175925921875 0.79375 0.4175925921875
8 0.8916666671875 0.38148148125 0.8911458328125 0.3731481484375 0.8854166671874999 0.36759259218749996 0.8765625 0.36759259218749996 0.8682291671875 0.372222221875 0.8651041671874999 0.377777778125 0.8708333328125001 0.384259259375 0.8838541671875 0.3851851859375 0.8916666671875 0.38148148125
8 0.6229166671875 0.252777778125 0.6197916671875 0.24907407343750002 0.6078125 0.2509259265625 0.6088541671875001 0.25740740781250004 0.6145833328125 0.26203703749999996 0.6234375 0.2611111109375 0.6229166671875 0.252777778125
8 0.5375 0.27777777812500004 0.5442708328125 0.275 0.5411458328125 0.2638888890625 0.5302083328125 0.2638888890625 0.5270833328125 0.2666666671875 0.5270833328125 0.2703703703125 0.53125 0.275 0.5375 0.27777777812500004
8 0.44375 0.29907407343750003 0.44114583281249997 0.28611111093749997 0.4322916671875 0.284259259375 0.428125 0.2870370375 0.4270833328125 0.29444444375 0.43125 0.29907407343750003 0.4369791671875 0.3018518515625 0.44375 0.29907407343750003
8 0.3401041671875 0.3138888890625 0.3385416671875 0.302777778125 0.334375 0.29907407343750003 0.32083333281250004 0.3018518515625 0.3177083328125 0.30740740781250003 0.3223958328125 0.3138888890625 0.3302083328125 0.3166666671875 0.3401041671875 0.3138888890625
8 0.17239583281249998 0.33888888906250003 0.171875 0.3333333328125 0.1640625 0.328703703125 0.1578125 0.328703703125 0.1526041671875 0.33703703749999997 0.1526041671875 0.34722222187499996 0.1572916671875 0.35 0.1661458328125 0.3481481484375 0.17239583281249998 0.33888888906250003
4 0.3703125 0 0.36770833281250004 0.028703703125 0.3671875 0.053703703125 0.3697916671875 0.07962962968750001 0.37552083281250004 0.08333333281250001 0.3859375 0.0824074078125 0.3880208328125 0.07962962968750001 0.3869791671875 0 0.3703125 0
4 0.3546875 0 0.3557291671875 0.04351851875 0.3609375 0.051851851562499995 0.3692708328125 0.052777778124999994 0.36875 0 0.3546875 0
1 0.884375 0.8851851859375 0.8859375 0.877777778125 0.89375 0.872222221875 0.9026041671874999 0.852777778125 0.90625 0.8333333328125001 0.90625 0.8046296296875 0.9020833328125001 0.79351851875 0.890625 0.7851851859375001 0.8807291671874999 0.7851851859375001 0.8682291671875 0.79351851875 0.8552083328125001 0.815740740625 0.8447916671875 0.8231481484375 0.8223958328125001 0.8574074078124999 0.8229166671874999 0.8611111109375 0.8135416671875 0.8768518515625001 0.8015625 0.9111111109375001 0.79375 0.9231481484374999 0.7875 0.9203703703125001 0.7802083328125 0.9064814812499999 0.7755208328125 0.9046296296874999 0.7369791671875 0.8648148140625 0.7192708328124999 0.853703703125 0.690625 0.86851851875 0.6536458328125 0.8990740734375 0.6296875 0.9259259265625 0.6229166671875 0.9444444437499999 0.6229166671875 0.9685185187500001 0.6328125 0.9990740734375001 0.8703125 0.9990740734375001 0.884375 0.8851851859375
1 0.775 0.8509259265625 0.7661458328124999 0.8925925921875001 0.7848958328125 0.9101851859375 0.7901041671875 0.91944444375 0.7932291671875 0.91944444375 0.8098958328125001 0.8759259265624999 0.8145833328125001 0.8759259265624999 0.81875 0.8703703703125001 0.828125 0.8462962968750001 0.8354166671875 0.840740740625 0.8411458328125001 0.828703703125 0.8494791671874999 0.8222222218749999 0.8760416671875 0.7879629625 0.8890625 0.7833333328125 0.9057291671875 0.797222221875 0.9078125 0.821296296875 0.9041666671874999 0.8490740734375001 0.9078125 0.8490740734375001 0.9994791671875 0.75648148125 0.9994791671875 0.609259259375 0.9859375 0.6111111109375 0.984375 0.6138888890625 0.9848958328125 0.6240740734375 0.975 0.6268518515625 0.9770833328125 0.6370370375000001 0.9744791671874999 0.6398148140625 0.9744791671874999 0.647222221875 0.96875 0.6648148140625 0.9645833328125001 0.6648148140625 0.9609375 0.6574074078125001 0.9583333328125001 0.6416666671875 0.9453125 0.6388888890625 0.9203125 0.65 0.890625 0.6731481484375 0.884375 0.6833333328125 0.884375 0.6925925921875 0.8869791671874999 0.696296296875 0.8885416671874999 0.7120370375 0.8942708328125001 0.7240740734375 0.8989583328125 0.7259259265625 0.9015625 0.73148148125 0.8890625 0.7509259265625 0.8682291671875 0.7324074078125 0.8494791671874999 0.7240740734375 0.7828125 0.759259259375 0.7755208328125 0.7666666671875 0.7682291671875 0.7851851859375001 0.76875 0.8018518515625 0.7796875 0.827777778125 0.7828125 0.8416666671874999 0.775 0.8509259265625
1 0.1338541671875 0.5888888890625 0.1338541671875 0.6148148140624999 0.1380208328125 0.6925925921875 0.1421875 0.6833333328125 0.1583333328125 0.6740740734374999 0.1661458328125 0.79444444375 0.1697916671875 0.8175925921875 0.171875 0.8175925921875 0.1739583328125 0.809259259375 0.171875 0.7990740734374999 0.1692708328125 0.7333333328125 0.1661458328125 0.7129629625 0.2109375 0.547222221875 0.215625 0.54444444375 0.20416666718749998 0.4074074078125 0.20052083281250002 0.40648148125 0.18020833281249998 0.4240740734375 0.1708333328125 0.43981481406249995 0.16458333281249998 0.45555555625000005 0.1583333328125 0.4861111109375 0.1588541671875 0.5166666671875 0.14895833281249998 0.5296296296875 0.1380208328125 0.5296296296875 0.1328125 0.5361111109375 0.13125 0.5490740734374999 0.1338541671875 0.56851851875 0.1369791671875 0.575 0.1338541671875 0.5888888890625
1 0.4015625 0.4175925921875 0.396875 0.3953703703125 0.3880208328125 0.378703703125 0.3723958328125 0.36296296250000004 0.3614583328125 0.36296296250000004 0.35989583281250004 0.3703703703125 0.3635416671875 0.49259259218749996 0.371875 0.49351851875 0.40052083281249995 0.4824074078125 0.4015625 0.4175925921875
8 0.0453125 0.2203703703125 0.0338541671875 0.21111111093749999 0.0239583328125 0.2166666671875 0.0234375 0.222222221875 0.025520832812499998 0.22685185156249998 0.0427083328125 0.22407407343750002 0.0453125 0.2203703703125