9 0.9520833328125 0.18148148125000002 0.9994791671875 0.18148148125000002 0.9994791671875 0.0861111109375 0.9765625 0.097222221875 0.9505208328125001 0.1166666671875 0.940625 0.1379629625 0.9416666671874999 0.16388888906250001 0.9390625 0.17314814843749998 0.9427083328125001 0.178703703125 0.9520833328125 0.18148148125000002
6 0.9994791671875 0.1990740734375 0.9411458328125001 0.196296296875 0.8942708328125001 0.21574074062499998 0.8958333328125001 0.21851851875 0.9276041671874999 0.2203703703125 0.9994791671875 0.21851851875 0.9994791671875 0.1990740734375
6 0.5588541671875 0.1916666671875 0.55625 0.197222221875 0.5567708328125 0.2101851859375 0.6541666671875 0.2138888890625 0.6671875 0.196296296875 0.5588541671875 0.1916666671875
6 0.6661458328125 0.1111111109375 0.6755208328125 0.10370370312499999 0.6729166671875 0.0990740734375 0.6651041671875 0.0953703703125 0.634375 0.0990740734375 0.6302083328125 0.102777778125 0.6375 0.1111111109375 0.6453125 0.1129629625 0.6661458328125 0.1111111109375
6 0.33125 0.2009259265625 0.321875 0.1925925921875 0.3010416671875 0.17962962968750001 0.2130208328125 0.1759259265625 0.20052083281250002 0.177777778125 0.2375 0.1981481484375 0.33125 0.2046296296875 0.33125 0.2009259265625
6 0.084375 0.0861111109375 0.0890625 0.07962962968750001 0.0838541671875 0.072222221875 0.05989583281250001 0.0638888890625 0.0484375 0.0629629625 0.0380208328125 0.0675925921875 0.0380208328125 0.0740740734375 0.0416666671875 0.078703703125 0.059375 0.0861111109375 0.084375 0.0861111109375
7 0.1197916671875 0.8518518515625001 0.12395833281249999 0.8583333328125 0.11145833281249999 0.88055555625 0.1078125 0.8916666671875 0.109375 0.89351851875 0.1463541671875 0.896296296875 0.1703125 0.872222221875 0.1739583328125 0.859259259375 0.1822916671875 0.8583333328125 0.1864583328125 0.853703703125 0.18802083281249998 0.75 0.1864583328125 0.7388888890625 0.1390625 0.7351851859375 0.0875 0.7361111109375 0.084375 0.7398148140624999 0.0838541671875 0.7666666671875 0.0828125 0.8490740734375001 0.0875 0.8518518515625001 0.09895833281250001 0.8481481484375 0.1197916671875 0.8518518515625001
7 0.2979166671875 0.8953703703125001 0.29739583281250004 0.909259259375 0.3338541671875 0.9129629625 0.3421875 0.9046296296874999 0.35104166718749996 0.8879629625 0.3515625 0.8824074078124999 0.35794270781250004 0.8768518515625001 0.3739583328125 0.8759259265624999 0.3776041671875 0.771296296875 0.3765625 0.7546296296875 0.28072916718749996 0.74351851875 0.2708333328125 0.74351851875 0.2697916671875 0.7546296296875 0.2682291671875 0.8648148140625 0.3015625 0.86944444375 0.303125 0.88148148125 0.2979166671875 0.8953703703125001
7 0.73125 0.9425925921875 0.7432291671875 0.9601851859374999 0.784375 0.9629629625 0.7833333328125 0.9472222218749999 0.7796875 0.9444444437499999 0.778125 0.9333333328125001 0.7845484375 0.9231481484374999 0.81875 0.9231481484374999 0.8203125 0.79444444375 0.8026041671874999 0.790740740625 0.7041666671875 0.7861111109375 0.7026041671875001 0.803703703125 0.7015625 0.9138888890624999 0.7052083328125 0.91851851875 0.7244791671875 0.922222221875 0.73125 0.9425925921875
7 0.9473958328125001 0.977777778125 0.9598958328125 0.98148148125 0.9911458328125 0.9824074078124999 0.9901041671874999 0.9712962968750001 0.98125 0.953703703125 0.9916666671875 0.940740740625 0.9994791671875 0.9416666671874999 0.9994791671875 0.80648148125 0.9036458328125001 0.7981481484375 0.9015625 0.8074074078125 0.9 0.9277777781250001 0.9161458328125001 0.934259259375 0.9234375 0.9509259265625 0.9473958328125001 0.977777778125
7 0.9932291671875 0.68148148125 0.9901041671874999 0.7009259265625001 0.9822916671874999 0.771296296875 0.9994791671875 0.7879629625 0.9994791671875 0.6805555562500001 0.9932291671875 0.68148148125