7 0.48020833281249997 0 0.45885416718750005 0.015740740625 0.45989583281249996 0.0490740734375 0.4703125 0.1759259265625 0.46666666718750005 0.1879629625 0.4557291671875 0.1981481484375 0.45416666718750004 0.2166666671875 0.4916666671875 0.225 0.509375 0.225 0.5171875 0.21851851875 0.5296875 0.2166666671875 0.5364583328125 0.2009259265625 0.5213541671875 0.1898148140625 0.509375 0.1888888890625 0.5072916671875001 0.18055555625 0.5125 0.1703703703125 0.5411458328125 0.13981481406250001 0.5328125 0 0.48020833281249997 0
7 0.31302083281250004 0.396296296875 0.35104166718749996 0.4074074078125 0.3776041671875 0.41111111093749997 0.39375 0.396296296875 0.4078125 0.3768518515625 0.41302083281249996 0.3648148140625 0.4114583328125 0.35925925937500003 0.3947916671875 0.3453703703125 0.3765625 0.340740740625 0.3739583328125 0.3351851859375 0.3786458328125 0.322222221875 0.42291666718750004 0.272222221875 0.421875 0.2203703703125 0.41822916718750003 0.20555555625 0.4078125 0.059259259375 0.40260416718750003 0.05648148125 0.3921875 0.061111110937500004 0.3151041671875 0.1111111109375 0.2822916671875 0.1361111109375 0.2859375 0.1888888890625 0.3036458328125 0.34444444375 0.2994791671875 0.3879629625 0.31302083281250004 0.396296296875
7 0 0.7675925921875 0.0119791671875 0.759259259375 0.053125 0.777777778125 0.103125 0.784259259375 0.12291666718750001 0.7629629625 0.1416666671875 0.734259259375 0.1458333328125 0.73148148125 0.18020833281249998 0.6731481484375 0.178125 0.6648148140625 0.1697916671875 0.6555555562500001 0.13125 0.6259259265625 0.1302083328125 0.6120370375 0.2010416671875 0.5268518515625 0.20572916718749998 0.5175925921875 0.1984375 0.4574074078125 0.1942708328125 0.4388888890625 0.1911458328125 0.4361111109375 0.1885416671875 0.42592592656250006 0.1854166671875 0.3759259265625 0.1697916671875 0.2796296296875 0.16875 0.2629629625 0.1614583328125 0.234259259375 0.1619791671875 0.22777777812500002 0.1536458328125 0.2203703703125 0.1380208328125 0.22870370312500002 0.1177083328125 0.24907407343750002 0.0713541671875 0.27870370312500004 0.071875 0.284259259375 0.06770833281250001 0.28796296250000003 0.059375 0.2870370375 0.0057291671875 0.32592592656249997 0 0.3324074078125 0 0.7675925921875
7 0.1526041671875 0 0.15625 0.08425925937499999 0.1671875 0.09074074062500001 0.19583333281249998 0.0981481484375 0.20052083281250002 0.1166666671875 0.1942708328125 0.1203703703125 0.184375 0.134259259375 0.1885416671875 0.1416666671875 0.196875 0.1453703703125 0.1916666671875 0.165740740625 0.1932291671875 0.1768518515625 0.2088541671875 0.175 0.2322916671875 0.1416666671875 0.25729166718749996 0.1231481484375 0.2588541671875 0.10648148125000001 0.2557291671875 0 0.1526041671875 0
2 0.5703125 0.46481481406249997 0.5692708328125 0.5148148140625 0.5802083328125 0.521296296875 0.5875 0.5203703703125 0.603125 0.48333333281249996 0.6078125 0.328703703125 0.6005208328125 0.3231481484375 0.5953125 0.3240740734375 0.5583333328125 0.3879629625 0.5526041671875 0.3916666671875 0.5520833328125 0.3981481484375 0.5526041671875 0.43518518593750005 0.5692708328125 0.44166666718750003 0.5729166671875 0.45 0.5703125 0.46481481406249997
2 0.45729166718750003 0.6805555562500001 0.4526041671875 0.7 0.453125 0.7231481484375 0.46770833281249996 0.7333333328125 0.478125 0.734259259375 0.496875 0.6925925921875 0.5010416671875 0.66944444375 0.5005208328124999 0.503703703125 0.49427083281249995 0.50648148125 0.415625 0.64444444375 0.41302083281249996 0.65 0.41510416718750004 0.6537037031249999 0.45520833281249995 0.675 0.45729166718750003 0.6805555562500001
2 0.3348958328125 0.8166666671874999 0.3302083328125 0.81851851875 0.3239583328125 0.828703703125 0.23541666718749998 0.9898148140625 0.23177083281250002 0.9990740734375001 0.34427083281250004 0.9990740734375001 0.34427083281250004 0.9731481484375 0.3348958328125 0.8166666671874999
1 0.7703125 0.5935185187500001 0.759375 0.628703703125 0.7515625 0.6833333328125 0.7515625 0.6972222218749999 0.7588541671875 0.69351851875 0.7614583328125 0.6740740734374999 0.7645833328125 0.66851851875 0.7697916671875 0.6703703703125 0.8291666671875 0.7166666671875 0.834375 0.7175925921874999 0.8723958328125001 0.7453703703125 0.8958333328125001 0.7333333328125 0.8963541671874999 0.759259259375 0.8989583328125 0.7703703703125 0.9078125 0.775 0.9072916671875 0.7518518515625 0.9223958328125 0.6777777781250001 0.9317708328125001 0.6870370375 0.9348958328125001 0.753703703125 0.9385416671875 0.759259259375 0.9432291671874999 0.759259259375 0.9395833328125001 0.6833333328125 0.9421875 0.6574074078125001 0.9447916671875 0.6537037031249999 0.9447916671875 0.646296296875 0.9510416671874999 0.6240740734375 0.953125 0.622222221875 0.9619791671875 0.5796296296875 0.978125 0.534259259375 0.9932291671875 0.471296296875 0.9994791671875 0.45370370312499997 0.9994791671875 0.3324074078125 0.9973958328125001 0.3333333328125 0.9927083328125 0.3490740734375 0.9479166671874999 0.5268518515625 0.9401041671874999 0.51944444375 0.9354166671874999 0.5083333328124999 0.9125 0.49259259218749996 0.8364583328125 0.45370370312499997 0.803125 0.44351851875000003 0.790625 0.44629629687500005 0.7833333328125 0.4546296296875 0.7557291671875 0.5046296296875 0.7489583328125 0.525 0.7479166671875 0.5333333328125 0.753125 0.5675925921875 0.7630208328125 0.5870370375 0.7703125 0.5935185187500001
1 0.7182291671875001 0.940740740625 0.7182291671875001 0.9518518515625001 0.7119791671875 0.9583333328125001 0.7046875 0.9740740734375001 0.7005208328125 0.9888888890624999 0.7005208328125 0.9990740734375001 0.9322916671874999 0.9990740734375001 0.9364583328125 0.9796296296874999 0.9380208328125 0.9388888890624999 0.9447916671875 0.88055555625 0.9416666671874999 0.8129629625 0.9380208328125 0.8027777781250001 0.9203125 0.7861111109375 0.8791666671874999 0.7648148140625 0.8723958328125001 0.7574074078125 0.7864583328125 0.7046296296875 0.7583333328124999 0.6972222218749999 0.7473958328125 0.702777778125 0.7338541671875001 0.7203703703125 0.7265625 0.7370370375 0.7088541671875 0.79444444375 0.696875 0.8444444437499999 0.6963541671875 0.872222221875 0.7010416671875 0.9055555562500001 0.709375 0.9277777781250001 0.7182291671875001 0.940740740625
5 0.14791666718750002 0.21944444375 0.11145833281249999 0.20370370312500002 0.0760416671875 0.19537037031249999 0.0411458328125 0.22870370312500002 0.0395833328125 0.23240740781250002 0.0427083328125 0.23518518593749999 0.1 0.25555555625 0.14791666718750002 0.21944444375
5 0.49010416718750005 0.4611111109375 0.5098958328125 0.427777778125 0.5109375 0.4175925921875 0.5088541671875 0.415740740625 0.5041666671875 0.4203703703125 0.4088541671875 0.575 0.40520833281249996 0.5925925921874999 0.4088541671875 0.5916666671875 0.4192708328125 0.5759259265625001 0.49010416718750005 0.4611111109375
5 0.3140625 0.7629629625 0.3067708328125 0.753703703125 0.3 0.759259259375 0.15625 0.99351851875 0.1541666671875 0.9990740734375001 0.178125 0.9990740734375001 0.30625 0.7824074078125001 0.3140625 0.7629629625
5 0.5916666671875 0.29444444375 0.5953125 0.28055555625 0.6 0.2796296296875 0.60625 0.2703703703125 0.6125 0.2546296296875 0.6192708328125 0.24722222187499998 0.6213541671875 0.234259259375 0.61875 0.23148148124999998 0.6145833328125 0.23611111093749998 0.5661458328125 0.3101851859375 0.5666666671875 0.315740740625 0.5625 0.334259259375 0.5713541671875 0.32592592656249997 0.5916666671875 0.29444444375
8 0.3572916671875 0.672222221875 0.3526041671875 0.6731481484375 0.3411458328125 0.6925925921875 0.3416666671875 0.6972222218749999 0.35 0.690740740625 0.35625 0.6805555562500001 0.3572916671875 0.672222221875
8 0.5427083328125 0.3759259265625 0.5432291671875 0.3638888890625 0.5364583328125 0.36759259218749996 0.5171875 0.4 0.5166666671875 0.403703703125 0.51875 0.40555555625000006 0.5244791671875 0.403703703125 0.5427083328125 0.3759259265625
8 0.2171875 0.2666666671875 0.21770833281250002 0.259259259375 0.209375 0.2518518515625 0.19583333281249998 0.2518518515625 0.1848958328125 0.25833333281250004 0.1807291671875 0.2666666671875 0.1807291671875 0.2796296296875 0.1911458328125 0.2851851859375 0.2140625 0.271296296875 0.2171875 0.2666666671875
4 0.3609375 0 0.3609375 0.003703703125 0.3630208328125 0.0175925921875 0.36770833281250004 0.025 0.384375 0.027777778125000003 0.4 0.022222221875 0.40416666718750005 0.0129629625 0.4046875 0 0.3609375 0