5 0.515625 0.9990740734375001 0.5192708328125 0.9916666671875 0.5171875 0.977777778125 0.5135416671875 0.972222221875 0.3692708328125 0.8398148140625 0.3609375 0.840740740625 0.353125 0.8490740734375001 0.32083333281250004 0.8888888890625 0.3161458328125 0.8981481484374999 0.3140625 0.9037037031249999 0.31979166718749996 0.9129629625 0.4036458328125 0.9990740734375001 0.515625 0.9990740734375001
5 0.2786458328125 0.8324074078124999 0.32083333281250004 0.79444444375 0.3260416671875 0.7879629625 0.32864583281250004 0.7759259265625 0.3260416671875 0.7648148140625 0.265625 0.7148148140624999 0.25833333281250004 0.7046296296875 0.25 0.6990740734374999 0.2479166671875 0.6888888890625 0.24583333281250003 0.6879629625 0.22760416718749998 0.6861111109375 0.21614583281250002 0.69351851875 0.1838541671875 0.728703703125 0.1828125 0.73148148125 0.18802083281249998 0.7398148140624999 0.2364583328125 0.79444444375 0.2786458328125 0.8324074078124999
8 0.6322916671875001 0.8990740734375 0.6447916671875 0.89444444375 0.6494791671875 0.8648148140625 0.6447916671875 0.840740740625 0.634375 0.83055555625 0.6239583328125 0.828703703125 0.6088541671875001 0.8361111109375001 0.6109375 0.8611111109375 0.6151041671875 0.8796296296874999 0.6192708328125 0.8879629625 0.6322916671875001 0.8990740734375
8 0.4713541671875 0.6425925921875 0.47552083281249996 0.6231481484375 0.4671875 0.6166666671875001 0.4546875 0.6175925921875 0.44635416718750004 0.6231481484375 0.44166666718750003 0.6333333328124999 0.44114583281249997 0.6425925921875 0.4453125 0.6564814812499999 0.4557291671875 0.6574074078125001 0.4713541671875 0.6425925921875
8 0.2838541671875 0.5638888890625 0.2864583328125 0.5601851859375 0.2864583328125 0.5527777781250001 0.2796875 0.546296296875 0.2692708328125 0.5453703703125 0.2609375 0.5481481484375 0.2526041671875 0.5583333328125 0.2515625 0.565740740625 0.2552083328125 0.5768518515625 0.2645833328125 0.577777778125 0.2838541671875 0.5638888890625
7 0.9994791671875 0.4675925921875 0.9817708328125001 0.4601851859375 0.7723958328125 0.40648148125 0.7359375 0.4018518515625 0.7328125 0.41203703750000004 0.7171875 0.68148148125 0.7171875 0.70648148125 0.7145833328125 0.7203703703125 0.7140625 0.7361111109375 0.7166666671875 0.7490740734375 0.9994791671875 0.915740740625 0.9994791671875 0.4675925921875
7 0.5348958328125 0.6240740734375 0.5364583328125 0.627777778125 0.5598958328125 0.6425925921875 0.6807291671875 0.709259259375 0.6880208328124999 0.7101851859375 0.690625 0.7083333328125 0.6916666671875 0.6972222218749999 0.6916666671875 0.6805555562500001 0.6885416671875 0.6740740734374999 0.6880208328124999 0.659259259375 0.6895833328125 0.6555555562500001 0.6958333328124999 0.6537037031249999 0.6973958328125 0.609259259375 0.7010416671875 0.5916666671875 0.7057291671875 0.5175925921875 0.7041666671875 0.50648148125 0.7098958328125 0.46481481406249997 0.7114583328124999 0.40833333281249995 0.7015625 0.3925925921875 0.6833333328125 0.3898148140625 0.678125 0.384259259375 0.478125 0.33148148125 0.47552083281249996 0.334259259375 0.47239583281249997 0.5203703703125 0.471875 0.5796296296875 0.47291666718750003 0.5861111109375 0.478125 0.5925925921874999 0.5348958328125 0.6240740734375
7 0.40416666718750005 0.571296296875 0.4421875 0.5851851859375 0.4453125 0.5833333328125 0.4458333328125 0.577777778125 0.45 0.577777778125 0.4578125 0.5879629625 0.4625 0.590740740625 0.46666666718750005 0.5879629625 0.4692708328125 0.58148148125 0.47083333281249995 0.5518518515624999 0.4739583328125 0.33888888906250003 0.46510416718750003 0.33055555625 0.41041666718750003 0.31944444375000003 0.3973958328125 0.3138888890625 0.36666666718749996 0.3101851859375 0.3338541671875 0.29907407343750003 0.3161458328125 0.29722222187499997 0.31302083281250004 0.3009259265625 0.3125 0.33888888906250003 0.3177083328125 0.5203703703125 0.390625 0.5583333328125 0.40416666718750005 0.571296296875
7 0.309375 0.50555555625 0.3140625 0.5046296296875 0.3151041671875 0.45 0.3114583328125 0.290740740625 0.3067708328125 0.2870370375 0.259375 0.27777777812500004 0.2442708328125 0.271296296875 0.215625 0.2648148140625 0.1994791671875 0.2648148140625 0.2026041671875 0.33055555625 0.2125 0.4388888890625 0.21614583281250002 0.4546296296875 0.309375 0.50555555625
7 0.2109375 0.42222222187499997 0.2046875 0.35555555625 0.20208333281250002 0.34722222187499996 0.203125 0.340740740625 0.1984375 0.271296296875 0.2036458328125 0.2611111109375 0.2182291671875 0.2629629625 0.21875 0.259259259375 0.20989583281250002 0.252777778125 0.12291666718750001 0.2379629625 0.12395833281249999 0.26944444375 0.1380208328125 0.40555555625000006 0.209375 0.4379629625 0.2109375 0.42222222187499997
7 0.44166666718750003 0.3129629625 0.4578125 0.3231481484375 0.4671875 0.31944444375000003 0.4927083328125 0.32592592656249997 0.496875 0.3231481484375 0.49010416718750005 0.1833333328125 0.39791666718749996 0.17314814843749998 0.3973958328125 0.197222221875 0.4046875 0.302777778125 0.40625 0.30555555624999997 0.44166666718750003 0.3129629625
7 0.5770833328125 0.352777778125 0.603125 0.3583333328125 0.6083333328125 0.352777778125 0.6104166671875 0.3018518515625 0.6098958328124999 0.2888888890625 0.60625 0.2796296296875 0.6067708328125 0.22870370312500002 0.609375 0.2166666671875 0.6072916671875 0.19537037031249999 0.5104166671875 0.18148148125000002 0.5015625 0.1851851859375 0.5046875 0.30648148124999997 0.5072916671875001 0.32592592656249997 0.5458333328125 0.34351851875 0.5770833328125 0.352777778125
7 0.6114583328125 0.3398148140625 0.6145833328125 0.35648148125 0.634375 0.3648148140625 0.6546875 0.36851851875 0.6697916671875 0.3768518515625 0.7166666671875 0.384259259375 0.7359375 0.3916666671875 0.7458333328125 0.3898148140625 0.7505208328124999 0.3648148140625 0.7510416671875 0.29814814843750004 0.75625 0.23055555625 0.7552083328125 0.20648148125 0.63125 0.1888888890625 0.615625 0.1879629625 0.6135416671875 0.190740740625 0.6140625 0.2175925921875 0.6098958328124999 0.2379629625 0.6135416671875 0.29351851875 0.6114583328125 0.3398148140625
7 0.7625 0.4 0.8614583328125001 0.4240740734375 0.8770833328125001 0.43148148124999997 0.9229166671875 0.44351851875000003 0.9739583328125001 0.45185185156249996 0.9859375 0.4583333328125 0.9994791671875 0.4601851859375 0.9994791671875 0.222222221875 0.7921875 0.2046296296875 0.7776041671875 0.2046296296875 0.775 0.209259259375 0.775 0.23148148124999998 0.76875 0.30648148124999997 0.7692708328125 0.3240740734375 0.7625 0.4
7 0.9223958328125 0.209259259375 0.9234375 0.1824074078125 0.9302083328125 0.13703703750000001 0.9286458328125 0.13148148125 0.9203125 0.127777778125 0.8098958328125001 0.1268518515625 0.7994791671875 0.13148148125 0.796875 0.147222221875 0.7942708328125 0.197222221875 0.7973958328124999 0.20370370312500002 0.9166666671874999 0.2138888890625 0.9223958328125 0.209259259375
7 0.9994791671875 0.1268518515625 0.93125 0.1231481484375 0.9229166671875 0.1925925921875 0.921875 0.21203703749999997 0.925 0.2138888890625 0.9994791671875 0.21944444375 0.9994791671875 0.1268518515625
7 0.771875 0.20555555625 0.7765625 0.2009259265625 0.79375 0.2 0.7973958328124999 0.140740740625 0.8052083328125 0.13055555624999998 0.7848958328125 0.1268518515625 0.6921875 0.125 0.6890625 0.1268518515625 0.6880208328124999 0.13981481406250001 0.6864583328125 0.1925925921875 0.7494791671875001 0.2009259265625 0.7708333328125 0.2138888890625 0.771875 0.20555555625
7 0.6302083328125 0.1870370375 0.6854166671875 0.1925925921875 0.6875 0.13148148125 0.6859375 0.125 0.6015625 0.12407407343750002 0.5973958328125 0.1268518515625 0.5973958328125 0.1898148140625 0.6078125 0.1916666671875 0.6182291671875 0.1870370375 0.6302083328125 0.1870370375
1 0.0401041671875 0.8490740734375001 0.0401041671875 0.85648148125 0.0427083328125 0.8583333328125 0.0463541671875 0.871296296875 0.0473958328125 0.8879629625 0.05208333281250001 0.9018518515625 0.0557291671875 0.9055555562500001 0.0578125 0.9231481484374999 0.061979167187499996 0.9351851859375 0.06979166718749999 0.9472222218749999 0.0703125 0.9574074078124999 0.08541666718749999 0.975 0.0916666671875 0.99444444375 0.10052083281249999 0.996296296875 0.1052083328125 0.99351851875 0.10364583281249999 0.9898148140625 0.1088541671875 0.9796296296874999 0.1234375 0.9990740734375001 0.2614583328125 0.9990740734375001 0.2630208328125 0.99351851875 0.2578125 0.98148148125 0.2802083328125 0.9601851859374999 0.2822916671875 0.965740740625 0.2859375 0.965740740625 0.2875 0.9611111109375001 0.2875 0.953703703125 0.2916666671875 0.9388888890624999 0.2864583328125 0.9370370375 0.28125 0.9203703703125001 0.28177083281250004 0.9074074078125 0.2869791671875 0.9064814812499999 0.28854166718749996 0.9046296296874999 0.2875 0.9009259265624999 0.2802083328125 0.8981481484374999 0.2666666671875 0.8851851859375 0.2635416671875 0.877777778125 0.2088541671875 0.8138888890624999 0.2015625 0.8138888890624999 0.18125 0.83055555625 0.17239583281249998 0.8425925921875 0.1578125 0.8444444437499999 0.1552083328125 0.8574074078124999 0.1458333328125 0.871296296875 0.1307291671875 0.8768518515625001 0.1260416671875 0.86851851875 0.1234375 0.8453703703125001 0.11822916718750001 0.8370370375 0.1140625 0.8148148140625 0.10833333281249999 0.8101851859375 0.0958333328125 0.7879629625 0.0822916671875 0.7518518515625 0.0703125 0.74444444375 0.060416667187499995 0.727777778125 0.05625 0.728703703125 0.053125 0.7194444437499999 0.0348958328125 0.715740740625 0.0239583328125 0.7231481484375 0.0229166671875 0.727777778125 0.0229166671875 0.7629629625 0.025520832812499998 0.7796296296875 0.0244791671875 0.79444444375 0.0401041671875 0.8490740734375001
1 0 0.91944444375 0.0473958328125 0.8861111109375001 0.0453125 0.86944444375 0.0270833328125 0.79444444375 0.025 0.7888888890625 0.0208333328125 0.7888888890625 0 0.8 0 0.91944444375
1 0.1109375 0.8111111109375001 0.1130208328125 0.8101851859375 0.115625 0.8018518515625 0.11510416718750001 0.7787037031249999 0.11145833281249999 0.772222221875 0.10729166718750001 0.7546296296875 0.103125 0.747222221875 0.0838541671875 0.753703703125 0.08541666718749999 0.7629629625 0.0947916671875 0.775 0.09635416718749999 0.7851851859375001 0.1109375 0.8111111109375001
1 0 0.7953703703125 0.025 0.7833333328125 0.0203125 0.7768518515625 0.0208333328125 0.771296296875 0.01875 0.76851851875 0.0208333328125 0.75555555625 0.0208333328125 0.73148148125 0.0244791671875 0.722222221875 0.0333333328125 0.715740740625 0.0411458328125 0.7148148140624999 0.0515625 0.722222221875 0.0703125 0.74444444375 0.07760416718749999 0.746296296875 0.0828125 0.7518518515625 0.09635416718749999 0.747222221875 0.09635416718749999 0.74351851875 0.1088541671875 0.7240740734375 0.109375 0.7046296296875 0.10729166718750001 0.690740740625 0.10364583281249999 0.678703703125 0.096875 0.66944444375 0.060416667187499995 0.652777778125 0.046875 0.6537037031249999 0.0234375 0.6648148140625 0 0.68148148125 0 0.7953703703125