2 0.2880208328125 0.5166666671875 0.2890625 0.5231481484375 0.2880208328125 0.5361111109375 0.28177083281250004 0.5416666671875 0.2786458328125 0.5546296296875 0.28177083281250004 0.6203703703125 0.2942708328125 0.6379629625 0.3921875 0.7259259265625 0.40416666718750005 0.7185185187500001 0.46458333281249997 0.6638888890625 0.4661458328125 0.6611111109375 0.47083333281249995 0.5129629625 0.4734375 0.30648148124999997 0.45416666718750004 0.2925925921875 0.40520833281249996 0.272222221875 0.3927083328125 0.26203703749999996 0.3838541671875 0.2638888890625 0.3515625 0.24907407343750002 0.28125 0.26574074062499997 0.275 0.2851851859375 0.27291666718749996 0.33055555625 0.2765625 0.48981481406249994 0.2791666671875 0.5046296296875 0.2880208328125 0.5166666671875
2 0.61875 0.352777778125 0.6166666671875001 0.36851851875 0.6109375 0.48148148125 0.6427083328125 0.4990740734375 0.6734375 0.4703703703125 0.6765625 0.4379629625 0.68125 0.427777778125 0.696875 0.2138888890625 0.6869791671875001 0.2046296296875 0.6307291671875 0.1879629625 0.6005208328125 0.1833333328125 0.5942708328124999 0.1833333328125 0.5854166671875001 0.1898148140625 0.571875 0.1861111109375 0.5625 0.1888888890625 0.55625 0.196296296875 0.5536458328125 0.2518518515625 0.553125 0.29907407343750003 0.6223958328125 0.33055555625 0.6239583328125 0.3425925921875 0.61875 0.352777778125
2 0.778125 0.2675925921875 0.76875 0.38055555625 0.7848958328125 0.3898148140625 0.7942708328125 0.3898148140625 0.809375 0.3768518515625 0.8140625 0.365740740625 0.8260416671874999 0.234259259375 0.8296875 0.2166666671875 0.8317708328125001 0.1620370375 0.8296875 0.1583333328125 0.7677083328125 0.15092592656249998 0.7619791671875 0.1574074078125 0.7567708328125 0.2046296296875 0.7557291671875 0.23611111093749998 0.7791666671875 0.2416666671875 0.7828125 0.246296296875 0.778125 0.2675925921875
5 0.0411458328125 0.1111111109375 0.0817708328125 0.1379629625 0.190625 0.13055555624999998 0.48802083281249997 0.09629629687499999 0.5234375 0.0916666671875 0.5291666671875 0.08796296249999999 0.528125 0.07962962968750001 0.4848958328125 0.047222221875 0.4715625 0.046296296875 0.4661458328125 0.040740740625 0.4661458328125 0.0361111109375 0.46302083281249995 0.0324074078125 0.459375 0.0333333328125 0.4604166671875 0.037037037499999995 0.4536458328125 0.0425925921875 0.4369791671875 0.037037037499999995 0.4223958328125 0.037037037499999995 0.4140625 0.040740740625 0.3787109375 0.0379629625 0.3453125 0.0425925921875 0.30625 0.0425925921875 0.296875 0.0351851859375 0.2869791671875 0.04351851875 0.26875 0.046296296875 0.2588541671875 0.04351851875 0.1963541671875 0.04444444375 0.1895833328125 0.048148148437499996 0.17135416718750002 0.045370370312500005 0.10260416718750001 0.046296296875 0.0890625 0.0509259265625 0.0447916671875 0.047222221875 0.0171875 0.055555556250000006 0.015625 0.060185185937499996 0.0203125 0.071296296875 0.0197916671875 0.0759259265625 0.0411458328125 0.1111111109375
8 0.5880208328125 0.08425925937499999 0.5921875 0.07962962968750001 0.5911458328125 0.0666666671875 0.584375 0.046296296875 0.5755208328125 0.037037037499999995 0.5640625 0.0324074078125 0.5510416671875 0.0324074078125 0.5291666671875 0.039814814062499995 0.5083333328124999 0.060185185937499996 0.5072916671875001 0.0638888890625 0.5140625 0.072222221875 0.5421875 0.0888888890625 0.5880208328125 0.08425925937499999
8 0.8260416671874999 0.05 0.8291666671875 0.046296296875 0.8390625 0.045370370312500005 0.8427083328125 0.040740740625 0.8260416671874999 0.0259259265625 0.809375 0.0259259265625 0.7947916671875 0.034259259375000004 0.7942708328125 0.045370370312500005 0.8182291671874999 0.0509259265625 0.8223958328125001 0.047222221875 0.8260416671874999 0.05
8 0.9484375 0.028703703125 0.9416666671874999 0.021296296875000002 0.9234375 0.019444443750000002 0.9119791671874999 0.0231481484375 0.9098958328125001 0.0259259265625 0.9390625 0.04351851875 0.95 0.040740740625 0.9484375 0.028703703125
5 0.8479166671874999 0.05648148125 0.8510416671875 0.058333332812500006 0.9447916671875 0.04444444375 0.9494791671874999 0.040740740625 0.946875 0.028703703125 0.9333333328125001 0.0203703703125 0.9114583328125001 0.025 0.8651041671874999 0.0203703703125 0.8296875 0.0231481484375 0.8171875 0.0259259265625 0.8401041671874999 0.034259259375000004 0.8458333328125001 0.04444444375 0.8479166671874999 0.05648148125
5 0.65 0.0861111109375 0.6770833328125 0.0953703703125 0.68125 0.0953703703125 0.6838541671875 0.0888888890625 0.6909723953125 0.0870370375 0.8151041671874999 0.0666666671875 0.828125 0.0638888890625 0.8296875 0.060185185937499996 0.8265625 0.0546296296875 0.8223958328125001 0.05648148125 0.8119791671875 0.048148148437499996 0.7520833328125 0.03148148125 0.7005208328125 0.028703703125 0.66875 0.034259259375000004 0.6458333328125 0.0296296296875 0.6364583328125 0.030555556249999997 0.6286458328125 0.037037037499999995 0.6015625 0.0416666671875 0.5994791671875 0.0546296296875 0.6104166671875 0.071296296875 0.64375 0.07962962968750001 0.65 0.0861111109375
1 0.9994791671875 0.9990740734375001 0.9994791671875 0.6583333328125 0.990625 0.6490740734375 0.9354166671874999 0.6148148140624999 0.9 0.5981481484375 0.865625 0.5879629625 0.840625 0.5888888890625 0.8213541671875 0.597222221875 0.7885416671875001 0.6333333328124999 0.7046875 0.747222221875 0.6739583328125 0.8 0.6661458328125 0.821296296875 0.6614583328125 0.8425925921875 0.6619791671875 0.9111111109375001 0.671875 0.98148148125 0.6770833328125 0.9990740734375001 0.9994791671875 0.9990740734375001
1 0.9567708328125001 0.54444444375 0.9703125 0.565740740625 0.9895833328125001 0.5851851859375 0.9880208328125001 0.590740740625 0.9744791671874999 0.603703703125 0.9619791671875 0.6259259265625 0.9630208328125001 0.6296296296875 0.9786458328125001 0.6379629625 0.9848958328125 0.6268518515625 0.9994791671875 0.6166666671875001 0.9994791671875 0.42222222187499997 0.9864583328125001 0.42870370312499995 0.9697916671875 0.44444444375 0.9536458328125 0.48055555625 0.9515625 0.502777778125 0.95625 0.51851851875 0.9546875 0.5370370375 0.9567708328125001 0.54444444375