8 0.6010416671875001 0.5481481484375 0.5947916671875 0.5361111109375 0.5755208328125 0.5259259265625 0.5598958328125 0.5305555562500001 0.5526041671875 0.5425925921875 0.5546875 0.559259259375 0.5635416671875 0.565740740625 0.5947916671875 0.559259259375 0.6010416671875001 0.5481481484375
8 0.5729166671875 0.425 0.5760416671875 0.4175925921875 0.5755208328125 0.41111111093749997 0.571875 0.40648148125 0.5609375 0.4 0.5520833328125 0.4018518515625 0.5463541671875001 0.41111111093749997 0.546875 0.42592592656250006 0.5520833328125 0.43333333281249997 0.5651041671875 0.43148148124999997 0.5729166671875 0.425
8 0.46875 0.29907407343750003 0.46875 0.29444444375 0.4640625 0.28796296250000003 0.4557291671875 0.284259259375 0.44739583281249995 0.284259259375 0.440625 0.2916666671875 0.4401041671875 0.3 0.44322916718750005 0.30555555624999997 0.4614583328125 0.3046296296875 0.46875 0.29907407343750003
8 0.4614583328125 0.25555555625 0.4515625 0.24444444375000002 0.440625 0.24907407343750002 0.4390625 0.25740740781250004 0.44322916718750005 0.2638888890625 0.45520833281249995 0.26203703749999996 0.4614583328125 0.25555555625
8 0.41822916718750003 0.2009259265625 0.41041666718750003 0.1851851859375 0.4046875 0.184259259375 0.40416666718750005 0.18148148125000002 0.40260416718750003 0.190740740625 0.3958333328125 0.196296296875 0.3963541671875 0.2046296296875 0.3984375 0.20648148125 0.4145833328125 0.20555555625 0.41822916718750003 0.2009259265625
8 0.9828125 0.31851851875000003 0.9802083328125001 0.3120370375 0.9739583328125001 0.3083333328125 0.9609375 0.3138888890625 0.9609375 0.3296296296875 0.9666666671874999 0.3333333328125 0.9786458328125001 0.33148148125 0.9828125 0.31851851875000003
8 0.8317708328125001 0.271296296875 0.8260416671874999 0.2629629625 0.8192708328125 0.2611111109375 0.809375 0.26574074062499997 0.8088541671874999 0.275 0.8119791671875 0.28055555625 0.828125 0.27870370312500004 0.8317708328125001 0.271296296875
7 0.8765625 0.23611111093749998 0.8776041671874999 0.2388888890625 0.9104166671874999 0.24907407343750002 0.9515625 0.2731481484375 0.9546875 0.3129629625 0.9604166671875 0.3101851859375 0.9645833328125001 0.2898148140625 0.9713541671874999 0.28055555625 0.98125 0.2870370375 0.9875 0.2851851859375 0.9994791671875 0.290740740625 0.9994791671875 0.08055555625000001 0.9442708328125 0.0703703703125 0.9192708328125001 0.0620370375 0.9078125 0.065740740625 0.9046875 0.09074074062500001 0.8901041671875 0.15 0.8869791671874999 0.172222221875 0.8802083328125001 0.1888888890625 0.88125 0.2101851859375 0.875 0.22314814843750003 0.8796875 0.2296296296875 0.8765625 0.23611111093749998
7 0.7755208328125 0.165740740625 0.76875 0.1851851859375 0.7713541671875 0.19537037031249999 0.784375 0.196296296875 0.7901041671875 0.2018518515625 0.8114583328125 0.209259259375 0.828125 0.21851851875 0.8302083328125001 0.2296296296875 0.8375 0.23148148124999998 0.846875 0.22777777812500002 0.8677083328125 0.23333333281250002 0.8807291671874999 0.2203703703125 0.8791666671874999 0.2138888890625 0.8807291671874999 0.20740740781250003 0.8796875 0.1851851859375 0.884375 0.1759259265625 0.8859375 0.1546296296875 0.8921875 0.1379629625 0.9005208328125001 0.0824074078125 0.9010416671874999 0.0666666671875 0.8958333328125001 0.0620370375 0.8447916671875 0.0509259265625 0.7875 0.040740740625 0.7828125 0.0425925921875 0.7828125 0.1101851859375 0.78125 0.12592592656249998 0.7791666671875 0.1268518515625 0.7755208328125 0.165740740625
7 0.7713541671875 0.17962962968750001 0.7744791671875 0.1703703703125 0.7807291671875001 0.1148148140625 0.7796875 0.10370370312499999 0.7817708328124999 0.07962962968750001 0.7802083328125 0.072222221875 0.7848958328125 0.0574074078125 0.7828125 0.051851851562499995 0.7833333328125 0.040740740625 0.7192708328124999 0.025 0.7052083328125 0.025 0.7010416671875 0.07962962968750001 0.69375 0.134259259375 0.6927083328125 0.1490740734375 0.7005208328125 0.1574074078125 0.7515625 0.18055555625 0.7713541671875 0.17962962968750001
7 0.6677083328125 0.15370370312499998 0.6734375 0.1611111109375 0.6729166671875 0.15370370312499998 0.6786458328125 0.1481481484375 0.68125 0.1546296296875 0.6890625 0.15092592656249998 0.6932291671875 0.1379629625 0.7015625 0.06851851875000001 0.703125 0.025 0.6703125 0.0148148140625 0.6473958328125 0.0101851859375 0.6395833328125 0.0120370375 0.6375 0.0166666671875 0.6307291671875 0.1101851859375 0.6302083328125 0.1231481484375 0.6322916671875001 0.12870370312499999 0.6661458328125 0.1425925921875 0.6677083328125 0.15370370312499998
7 0.646875 0.43981481406249995 0.65 0.4453703703125 0.6494791671875 0.4546296296875 0.6546875 0.4583333328125 0.6541666671875 0.4620370375 0.66875 0.478703703125 0.6776041671875 0.49444444374999996 0.70625 0.5259259265625 0.7088541671875 0.5268518515625 0.7109375 0.522222221875 0.7140625 0.5240740734375 0.7203125 0.5379629625 0.7192708328124999 0.54444444375 0.7229166671875 0.5453703703125 0.7364583328125 0.5648148140625 0.7421875 0.5638888890625 0.7453125 0.5527777781250001 0.7484375 0.51851851875 0.7526041671875 0.4166666671875 0.7552083328125 0.3888888890625 0.7583333328124999 0.3740740734375 0.7604166671875 0.372222221875 0.7630208328125 0.353703703125 0.7619791671875 0.3416666671875 0.7713541671875 0.271296296875 0.7723958328125 0.23611111093749998 0.6895833328125 0.1833333328125 0.659375 0.1703703703125 0.6546875 0.16388888906250001 0.6223958328125 0.14444444375 0.6151041671875 0.1425925921875 0.6140625 0.146296296875 0.6020833328124999 0.3768518515625 0.603125 0.384259259375 0.60625 0.3925925921875 0.646875 0.43981481406249995
7 0.5739583328125 0.3620370375 0.578125 0.372222221875 0.5838541671875 0.3759259265625 0.5927083328125 0.3888888890625 0.6072916671875 0.4 0.6072916671875 0.3925925921875 0.6020833328124999 0.38240740781250004 0.6067708328125 0.29444444375 0.6088541671875001 0.28611111093749997 0.6140625 0.146296296875 0.60625 0.13703703750000001 0.5411458328125 0.0990740734375 0.534375 0.0990740734375 0.5328125 0.11388888906250001 0.5265625 0.2824074078125 0.5276041671875 0.29907407343750003 0.5333333328125 0.3101851859375 0.5739583328125 0.3620370375
7 0.49114583281249996 0.28611111093749997 0.4848958328125 0.284259259375 0.475 0.2888888890625 0.4661458328125 0.2833333328125 0.46510416718750003 0.2888888890625 0.48020833281249997 0.30648148124999997 0.5135416671875 0.303703703125 0.5213541671875 0.3 0.5260416671875 0.26944444375 0.5296875 0.18148148125000002 0.5291666671875 0.1648148140625 0.5244791671875 0.165740740625 0.521875 0.154321296875 0.5223958328125 0.09444444375 0.46666666718750005 0.061111110937500004 0.4640625 0.061111110937500004 0.46302083281249995 0.0675925921875 0.4625 0.22870370312500002 0.49427083281249995 0.272222221875 0.49427083281249995 0.284259259375 0.49114583281249996 0.28611111093749997
7 0.45104166718750005 0.2379629625 0.4578125 0.23055555625 0.45885416718750005 0.221296296875 0.45729166718750003 0.2166666671875 0.45208333281249996 0.0916666671875 0.4526041671875 0.0638888890625 0.43177083281249995 0.045370370312500005 0.4192708328125 0.040740740625 0.421875 0.18055555625 0.4270833328125 0.19351851874999998 0.4458333328125 0.222222221875 0.45104166718750005 0.2379629625
7 0.40208333281249997 0.177777778125 0.40260416718750003 0.18055555625 0.3921875 0.19351851874999998 0.41197916718750005 0.1898148140625 0.41614583281249995 0.1768518515625 0.4088541671875 0.039814814062499995 0.3869791671875 0.0240740734375 0.36875 0.0175925921875 0.36770833281250004 0.028703703125 0.375 0.147222221875 0.378125 0.15370370312499998 0.40208333281249997 0.177777778125
7 0.1067708328125 0.17314814843749998 0.103125 0.12129629687500001 0.09114583281250001 0.05 0.0875 0.040740740625 0.0838541671875 0.039814814062499995 0.08333333281250001 0.0509259265625 0.0984375 0.20648148125 0.103125 0.209259259375 0.1067708328125 0.17314814843749998
7 0.07760416718749999 0.23611111093749998 0.0770833328125 0.2675925921875 0.0802083328125 0.2703703703125 0.0859375 0.2601851859375 0.0880208328125 0.2148148140625 0.0901041671875 0.20555555625 0.0901041671875 0.177777778125 0.0848958328125 0.1268518515625 0.0796875 0.09444444375 0.06979166718749999 0.052777778124999994 0.06770833281250001 0.0509259265625 0.0614583328125 0.0574074078125 0.05625 0.06851851875000001 0.05729166718749999 0.09074074062500001 0.0661458328125 0.127777778125 0.0734375 0.1740740734375 0.07760416718749999 0.23611111093749998
7 0.06302083281250001 0.3416666671875 0.0640625 0.35 0.0682291671875 0.352777778125 0.0723958328125 0.3351851859375 0.0770833328125 0.2675925921875 0.0744791671875 0.19351851874999998 0.0645833328125 0.1148148140625 0.05729166718749999 0.09074074062500001 0.0546875 0.0861111109375 0.05208333281250001 0.0870370375 0.0473958328125 0.1231481484375 0.0614583328125 0.234259259375 0.0640625 0.29722222187499997 0.06302083281250001 0.3416666671875
7 0.028125 0.2953703703125 0.0338541671875 0.34722222187499996 0.0390625 0.42129629687500003 0.040625 0.477777778125 0.0463541671875 0.46481481406249997 0.05 0.4138888890625 0.0640625 0.35648148125 0.06302083281250001 0.3416666671875 0.06510416718749999 0.30555555624999997 0.0723958328125 0.303703703125 0.0739583328125 0.2379629625 0.071875 0.1925925921875 0.0682291671875 0.15648148125 0.0635416671875 0.1583333328125 0.0635416671875 0.178703703125 0.055208332812500004 0.178703703125 0.050520832812500006 0.1453703703125 0.050520832812500006 0.11851851875 0.0489583328125 0.1166666671875 0.0442708328125 0.1166666671875 0.0385416671875 0.1231481484375 0.028125 0.15277777812499999 0.0229166671875 0.1583333328125 0.0135416671875 0.18148148125000002 0.013020832812499999 0.1925925921875 0.015625 0.2009259265625 0.0197916671875 0.2453703703125 0.028125 0.2953703703125
7 0 0.7481481484375 0.0052083328125 0.7398148140624999 0.0140625 0.7046296296875 0.017708332812499998 0.6268518515625 0.029166667187500002 0.5722222218749999 0.0338541671875 0.559259259375 0.0375 0.4953703703125 0.0411458328125 0.4768518515625 0.0390625 0.4620370375 0.0380208328125 0.40833333281249995 0.0302083328125 0.31759259218749997 0.0192708328125 0.246296296875 0.0140625 0.196296296875 0.009375 0.197222221875 0.0067708328125 0.2166666671875 0.0026041671875 0.225 0 0.225 0 0.7481481484375
7 0.15677083281249998 0.6574074078125001 0.1661458328125 0.6796296296875 0.16875 0.7203703703125 0.17239583281249998 0.7296296296875 0.1682291671875 0.75555555625 0.1786458328125 0.7620370375000001 0.184375 0.8111111109375001 0.1973958328125 0.8583333328125 0.196875 0.8888888890625 0.1984375 0.8953703703125001 0.23958333281250002 0.9990740734375001 0.2515625 0.9990740734375001 0.2578125 0.965740740625 0.2614583328125 0.9583333328125001 0.28177083281250004 0.99351851875 0.28072916718749996 0.9990740734375001 0.2947916671875 0.9990740734375001 0.37552083281250004 0.9425925921875 0.3807291671875 0.94845648125 0.38333333281250004 0.9990740734375001 0.3927083328125 0.9990740734375001 0.3875 0.902777778125 0.37552083281250004 0.8666666671875 0.3875 0.853703703125 0.3942708328125 0.840740740625 0.39895833281250004 0.8175925921875 0.3994791671875 0.7925925921875 0.3947916671875 0.759259259375 0.3697916671875 0.7018518515625 0.3609375 0.6888888890625 0.35 0.6805555562500001 0.3260416671875 0.678703703125 0.2208333328125 0.73148148125 0.2114583328125 0.740740740625 0.2078125 0.7361111109375 0.2010416671875 0.69351851875 0.19479166718750002 0.6796296296875 0.1848958328125 0.6074074078125 0.1776041671875 0.5759259265625001 0.171875 0.5611111109375 0.1666666671875 0.534259259375 0.1541666671875 0.5259259265625 0.146875 0.5166666671875 0.14010416718750002 0.5203703703125 0.1385416671875 0.54444444375 0.14114583281249998 0.56851851875 0.1515625 0.60648148125 0.15677083281249998 0.6574074078125001
7 0.15 0.4916666671875 0.15 0.4981481484375 0.146875 0.5018518515625 0.1484375 0.5129629625 0.1552083328125 0.5268518515625 0.1578125 0.5861111109375 0.1572916671875 0.5962962968750001 0.1526041671875 0.6138888890625 0.1552083328125 0.61944444375 0.15625 0.6379629625 0.1604166671875 0.6398148140625 0.16458333281249998 0.63148148125 0.1864583328125 0.6296296296875 0.1875 0.640740740625 0.1859375 0.6425925921875 0.18802083281249998 0.64444444375 0.1875 0.6537037031249999 0.1895833328125 0.6564814812499999 0.1885416671875 0.66944444375 0.19375 0.672222221875 0.19583333281249998 0.6851851859375 0.20625 0.6916666671875 0.21614583281250002 0.7046296296875 0.2130208328125 0.715740740625 0.2140625 0.725 0.2088541671875 0.7361111109375 0.2125 0.7398148140624999 0.2130208328125 0.7351851859375 0.2182291671875 0.7296296296875 0.2234375 0.7101851859375 0.23177083281250002 0.69351851875 0.2520833328125 0.6796296296875 0.2875 0.6629629625 0.2911458328125 0.665740740625 0.2916666671875 0.6851851859375 0.2958333328125 0.6925925921875 0.3046875 0.6851851859375 0.3036458328125 0.6648148140625 0.30625 0.6583333328125 0.3145833328125 0.6629629625 0.3213541671875 0.6796296296875 0.3255208328125 0.6768518515624999 0.3171875 0.646296296875 0.3270833328125 0.6388888890625 0.3322916671875 0.63055555625 0.33645833281250004 0.6129629624999999 0.3369791671875 0.5935185187500001 0.3302083328125 0.5611111109375 0.3151041671875 0.5296296296875 0.3036458328125 0.5203703703125 0.2822916671875 0.51944444375 0.259375 0.525 0.20989583281250002 0.5453703703125 0.18802083281249998 0.5490740734374999 0.1833333328125 0.5361111109375 0.17916666718750002 0.5138888890625 0.17916666718750002 0.5 0.1739583328125 0.4861111109375 0.171875 0.46666666718750005 0.1588541671875 0.4046296296875 0.1510416671875 0.38240740781250004 0.1390625 0.3740740734375 0.1302083328125 0.375 0.1291666671875 0.38148148125 0.1359375 0.40833333281249995 0.1395833328125 0.44351851875000003 0.15 0.4916666671875
1 0.1515625 0.6296296296875 0.1536458328125 0.6333333328124999 0.1807291671875 0.7824074078125001 0.184375 0.8111111109375001 0.1994791671875 0.871296296875 0.1979166671875 0.8759259265624999 0.1994791671875 0.8925925921875001 0.21197916718749998 0.9231481484374999 0.2166666671875 0.940740740625 0.2515625 0.9453703703125 0.240625 0.9861111109375 0.23958333281250002 0.9990740734375001 0.2515625 0.9990740734375001 0.2578125 0.965740740625 0.2614583328125 0.9583333328125001 0.2822916671875 0.99351851875 0.2802083328125 0.9990740734375001 0.2947916671875 0.9990740734375001 0.3760416671875 0.9425925921875 0.3807291671875 0.9518518515625001 0.38333333281250004 0.9990740734375001 0.3921875 0.9990740734375001 0.3875 0.902777778125 0.3838541671875 0.8888888890625 0.3734375 0.86851851875 0.3854166671875 0.85648148125 0.3932291671875 0.8435185187500001 0.39895833281250004 0.8166666671874999 0.3994791671875 0.79351851875 0.3947916671875 0.7601851859375001 0.3692708328125 0.7009259265625001 0.3614583328125 0.6898148140625 0.3494791671875 0.6805555562500001 0.325 0.6796296296875 0.21614583281250002 0.7361111109375 0.20833333281250002 0.7333333328125 0.2015625 0.6953703703125 0.1963541671875 0.6805555562500001 0.1973958328125 0.6768518515624999 0.1885416671875 0.634259259375 0.1854166671875 0.6074074078125 0.1661458328125 0.5324074078125001 0.15677083281249998 0.527777778125 0.1473958328125 0.515740740625 0.1421875 0.515740740625 0.1395833328125 0.5203703703125 0.1385416671875 0.5490740734374999 0.140625 0.5675925921875 0.1505208328125 0.603703703125 0.1515625 0.6296296296875
1 0.1885416671875 0.66944444375 0.1927083328125 0.672222221875 0.1963541671875 0.6805555562500001 0.1963541671875 0.6861111109375 0.20572916718749998 0.6916666671875 0.215625 0.70555555625 0.2088541671875 0.7361111109375 0.2125 0.740740740625 0.21354166718749998 0.7351851859375 0.21770833281250002 0.7324074078125 0.22395833281250002 0.709259259375 0.2322916671875 0.69351851875 0.2541666671875 0.678703703125 0.2875 0.6638888890625 0.2911458328125 0.6736111109375 0.2932291671875 0.6916666671875 0.296875 0.6925925921875 0.3046875 0.6861111109375 0.3036458328125 0.6648148140625 0.3067708328125 0.659259259375 0.3151041671875 0.6638888890625 0.32083333281250004 0.6796296296875 0.3260416671875 0.6768518515624999 0.3171875 0.646296296875 0.3270833328125 0.6388888890625 0.3328125 0.6296296296875 0.33645833281250004 0.6138888890625 0.3369791671875 0.5925925921874999 0.3302083328125 0.5611111109375 0.3145833328125 0.5287037031249999 0.3083333328125 0.522222221875 0.296875 0.51851851875 0.2609375 0.5240740734375 0.2322916671875 0.5379629625 0.1953125 0.5481481484375 0.1953125 0.5518518515624999 0.1890625 0.55648148125 0.17916666718750002 0.5129629625 0.1796875 0.5009259265625 0.1739583328125 0.4861111109375 0.171875 0.465740740625 0.1588541671875 0.403703703125 0.1510416671875 0.38240740781250004 0.1375 0.3731481484375 0.1291666671875 0.3759259265625 0.14895833281249998 0.5129629625 0.1541666671875 0.525 0.1875 0.6537037031249999 0.1885416671875 0.66944444375
1 0.1833333328125 0.41944444374999995 0.184375 0.447222221875 0.1885416671875 0.46666666718750005 0.1864583328125 0.48333333281249996 0.184375 0.4861111109375 0.1885416671875 0.49351851875 0.1916666671875 0.5166666671875 0.2015625 0.54444444375 0.2765625 0.51944444375 0.3104166671875 0.51944444375 0.3125 0.5 0.30625 0.46666666718750005 0.2979166671875 0.4481481484375 0.2880208328125 0.44166666718750003 0.2838541671875 0.43518518593750005 0.2869791671875 0.43148148124999997 0.2875 0.3953703703125 0.2765625 0.3638888890625 0.26875 0.3583333328125 0.2510416671875 0.35925925937500003 0.2338541671875 0.3648148140625 0.22916666718749998 0.3740740734375 0.2182291671875 0.3740740734375 0.2171875 0.36851851875 0.2010416671875 0.36851851875 0.1854166671875 0.38055555625 0.18125 0.377777778125 0.1734375 0.3888888890625 0.1760416671875 0.40277777812500004 0.1796875 0.40648148125 0.1833333328125 0.41944444374999995
1 0.1494791671875 0.38055555625 0.1536458328125 0.3898148140625 0.1671875 0.4388888890625 0.1703125 0.45277777812500003 0.17239583281249998 0.4981481484375 0.1770833328125 0.5018518515625 0.1822916671875 0.4861111109375 0.1833333328125 0.41111111093749997 0.15572916718750002 0.2833333328125 0.15 0.28055555625 0.1463541671875 0.2870370375 0.1385416671875 0.2898148140625 0.1375 0.29351851875 0.1390625 0.334259259375 0.1458333328125 0.371296296875 0.1442708328125 0.3768518515625 0.1494791671875 0.38055555625
1 0.1963541671875 0.3574074078125 0.20052083281250002 0.3648148140625 0.2140625 0.365740740625 0.2578125 0.3583333328125 0.271875 0.3583333328125 0.2791666671875 0.3620370375 0.2921875 0.352777778125 0.2942708328125 0.3351851859375 0.28958333281250004 0.30740740781250003 0.2833333328125 0.29814814843750004 0.2708333328125 0.2953703703125 0.2671875 0.28796296250000003 0.2520833328125 0.290740740625 0.24479166718749998 0.3018518515625 0.2203125 0.302777778125 0.21770833281250002 0.3083333328125 0.20989583281250002 0.30648148124999997 0.209375 0.29444444375 0.2036458328125 0.29444444375 0.1989583328125 0.27870370312500004 0.190625 0.23611111093749998 0.1901041671875 0.21574074062499998 0.1864583328125 0.2018518515625 0.1807291671875 0.1879629625 0.1755208328125 0.184259259375 0.1734375 0.184259259375 0.17135416718750002 0.197222221875 0.17135416718750002 0.22314814843750003 0.1765625 0.252777778125 0.1760416671875 0.259259259375 0.1963541671875 0.3574074078125
1 0.921875 0.5916666671875 0.9359375 0.5916666671875 0.9354166671874999 0.58055555625 0.94375 0.575 0.9390625 0.5425925921875 0.934375 0.54444444375 0.9317708328125001 0.525 0.9296875 0.5324074078125001 0.9260416671874999 0.5333333328125 0.9239583328125001 0.5240740734375 0.9114583328125001 0.5287037031249999 0.9104166671874999 0.54444444375 0.9104166671874999 0.5759259265625001 0.9151041671875 0.5833333328125 0.9182291671874999 0.58148148125 0.921875 0.5916666671875
1 0.8895833328125 0.9712962968750001 0.89375 0.965740740625 0.9046875 0.91851851875 0.9114583328125001 0.9009259265624999 0.9130208328125 0.8888888890625 0.9197916671874999 0.8703703703125001 0.9197916671874999 0.8638888890624999 0.9276041671874999 0.8416666671874999 0.9322916671874999 0.8138888890624999 0.9390625 0.8018518515625 0.9442708328125 0.7814814812499999 0.9723958328125001 0.771296296875 0.9796875 0.7648148140625 0.9994791671875 0.75648148125 0.9994791671875 0.7361111109375 0.9932291671875 0.734259259375 0.9901041671874999 0.722222221875 0.9921875 0.7203703703125 0.9916666671875 0.7120370375 0.9859375 0.70648148125 0.9854166671875 0.6990740734374999 0.9994791671875 0.6916666671875 0.9994791671875 0.5916666671875 0.9875 0.575 0.9583333328125001 0.5555555562500001 0.9536458328125 0.55648148125 0.9442708328125 0.54351851875 0.9447916671875 0.5046296296875 0.9401041671874999 0.4796296296875 0.9322916671874999 0.45555555625000005 0.9161458328125001 0.4203703703125 0.8932291671874999 0.3953703703125 0.8734375 0.38703703749999996 0.8635416671874999 0.38703703749999996 0.8536458328125001 0.3898148140625 0.8453125 0.3981481484375 0.8369791671875 0.41111111093749997 0.8296875 0.43055555625 0.8260416671874999 0.46851851875 0.825 0.5601851859375 0.884375 0.9546296296874999 0.8833333328125 0.9666666671874999 0.8895833328125 0.9712962968750001
1 0.7609375 0.42314814843750004 0.7609375 0.4361111109375 0.7588541671875 0.4388888890625 0.7604166671875 0.47592592656250005 0.7536458328125 0.47592592656250005 0.7520833328125 0.4703703703125 0.7515625 0.4981481484375 0.7557291671875 0.5009259265625 0.7619791671875 0.5129629625 0.7614583328125 0.525 0.7671875 0.5453703703125 0.7828125 0.5620370375 0.7927083328125 0.5601851859375 0.7979166671875 0.5648148140625 0.796875 0.5722222218749999 0.8010416671874999 0.571296296875 0.8052083328125 0.58055555625 0.803125 0.5925925921874999 0.7989583328125 0.5953703703125 0.796875 0.60648148125 0.7989583328125 0.6083333328125 0.8020833328125001 0.640740740625 0.80625 0.6416666671875 0.8119791671875 0.602777778125 0.8098958328125001 0.597222221875 0.8114583328125 0.5740740734374999 0.8213541671875 0.5666666671875 0.8229166671874999 0.5527777781250001 0.8213541671875 0.5481481484375 0.8239583328125001 0.5351851859375001 0.8265625 0.447222221875 0.8119791671875 0.44351851875000003 0.7828125 0.44444444375 0.7796875 0.44166666718750003 0.7807291671875001 0.42314814843750004 0.778125 0.4175925921875 0.7791666671875 0.40648148125 0.7776041671875 0.403703703125 0.7791666671875 0.3925925921875 0.7739583328124999 0.3796296296875 0.7723958328125 0.352777778125 0.7682291671875 0.3490740734375 0.7713541671875 0.3416666671875 0.7671875 0.33148148125 0.7661458328124999 0.36296296250000004 0.7619791671875 0.39074074062499997 0.7630208328125 0.41944444374999995 0.7609375 0.42314814843750004
5 0.9994791671875 0.4953703703125 0.9994791671875 0.4388888890625 0.9927083328125 0.4370370375 0.9875 0.43981481406249995 0.9546875 0.42129629687500003 0.9364583328125 0.4148148140625 0.9223958328125 0.41944444374999995 0.9208333328125 0.42592592656250006 0.9265625 0.44351851875000003 0.9354166671874999 0.45648148125 0.9994791671875 0.4953703703125