2 0.4244791671875 0.5018518515625 0.42395833281249995 0.5074074078125 0.4270833328125 0.5601851859375 0.4296875 0.5648148140625 0.4270833328125 0.578703703125 0.42760416718750005 0.590740740625 0.43125 0.603703703125 0.4526041671875 0.6166666671875001 0.4625 0.6398148140625 0.475 0.6509259265625 0.4828125 0.6416666671875 0.4796875 0.625 0.48020833281249997 0.6138888890625 0.4869791671875 0.6 0.5135416671875 0.602777778125 0.5166666671875 0.597222221875 0.5276041671875 0.5898148140624999 0.5317708328124999 0.5796296296875 0.5375 0.5759259265625001 0.5489583328125 0.559259259375 0.5489583328125 0.5509259265625001 0.553125 0.54351851875 0.5536458328125 0.4546296296875 0.546875 0.4379629625 0.5411458328125 0.43240740781250003 0.540625 0.4240740734375 0.5338541671875 0.415740740625 0.5338541671875 0.41111111093749997 0.525 0.3888888890625 0.5208333328125 0.3925925921875 0.5145833328125 0.39074074062499997 0.5140625 0.378703703125 0.49010416718750005 0.35925925937500003 0.48072916718750003 0.3601851859375 0.478125 0.3490740734375 0.4671875 0.3416666671875 0.46302083281249995 0.34351851875 0.4609375 0.35 0.45416666718750004 0.3481481484375 0.4171875 0.3851851859375 0.4192708328125 0.43240740781250003 0.4265625 0.44259259218749997 0.428125 0.4981481484375 0.4244791671875 0.5018518515625
2 0.7380208328125 0.746296296875 0.7401041671875 0.75648148125 0.7369791671875 0.7629629625 0.7375 0.772222221875 0.734375 0.7787037031249999 0.7348958328124999 0.8027777781250001 0.7333333328125 0.8175925921875 0.7286458328125 0.8333333328125001 0.7286458328125 0.85648148125 0.7244791671875 0.8916666671875 0.7260416671875001 0.9148148140625001 0.7348958328124999 0.9277777781250001 0.7635416671875 0.953703703125 0.7651041671875001 0.9601851859374999 0.784375 0.9824074078124999 0.7947916671875 0.9898148140625 0.8026041671874999 0.9694444437499999 0.8072916671874999 0.9666666671874999 0.8494791671874999 0.8611111109375 0.8505208328125 0.8166666671874999 0.8744791671875 0.747222221875 0.8791666671874999 0.7203703703125 0.7567708328125 0.6564814812499999 0.7458333328125 0.6546296296875 0.7338541671875001 0.6574074078125001 0.728125 0.6851851859375 0.7302083328125 0.6870370375 0.73125 0.6972222218749999 0.728125 0.6990740734374999 0.7270833328124999 0.7046296296875 0.7270833328124999 0.715740740625 0.7317708328125 0.727777778125 0.7307291671875 0.73148148125 0.7380208328125 0.746296296875
2 0.26614583281250004 0.3416666671875 0.2713541671875 0.34351851875 0.2703125 0.36666666718749996 0.265625 0.372222221875 0.2671875 0.3879629625 0.27395833281250004 0.40555555625000006 0.2802083328125 0.4074074078125 0.2921875 0.403703703125 0.2942708328125 0.4074074078125 0.29375 0.415740740625 0.29739583281250004 0.434259259375 0.303125 0.43333333281249997 0.3265625 0.41203703750000004 0.3307291671875 0.4046296296875 0.32760416718749996 0.3601851859375 0.3223958328125 0.3416666671875 0.3333333328125 0.3296296296875 0.3302083328125 0.30648148124999997 0.3234375 0.2898148140625 0.3046875 0.2166666671875 0.28854166718749996 0.2018518515625 0.2776041671875 0.1990740734375 0.2755208328125 0.19351851874999998 0.2708333328125 0.19351851874999998 0.2546875 0.21111111093749999 0.2526041671875 0.225 0.2614583328125 0.325 0.265625 0.33055555625 0.26614583281250004 0.3416666671875
2 0.3416666671875 0.3203703703125 0.3494791671875 0.30555555624999997 0.3640625 0.29444444375 0.3635416671875 0.26851851875 0.3604166671875 0.2629629625 0.3182291671875 0.22685185156249998 0.3161458328125 0.22777777812500002 0.31875 0.24722222187499998 0.321875 0.2518518515625 0.3270833328125 0.27870370312500004 0.3416666671875 0.3203703703125
2 0 0.7814814812499999 0.05 0.902777778125 0.058854167187499994 0.91851851875 0.0765625 0.9037037031249999 0.10729166718750001 0.8703703703125001 0.1364583328125 0.8361111109375001 0.14010416718750002 0.827777778125 0.1395833328125 0.81851851875 0.11145833281249999 0.69351851875 0.1067708328125 0.68148148125 0.0979166671875 0.640740740625 0.0953125 0.634259259375 0.07864583281250001 0.6453703703125 0 0.7166666671875 0 0.7814814812499999
8 0.0666666671875 0.5759259265625001 0.0838541671875 0.5574074078125 0.08541666718749999 0.540740740625 0.0723958328125 0.49351851875 0.0661458328125 0.48981481406249994 0.05 0.49259259218749996 0.0348958328125 0.5111111109375 0.0348958328125 0.525 0.0432291671875 0.5638888890625 0.0489583328125 0.5759259265625001 0.0666666671875 0.5759259265625001
1 0.07083333281250001 0.403703703125 0.0671875 0.4074074078125 0.06770833281250001 0.4138888890625 0.0723958328125 0.434259259375 0.0760416671875 0.4379629625 0.0796875 0.434259259375 0.09548593749999999 0.4370370375 0.1 0.45277777812500003 0.0979166671875 0.4620370375 0.09895833281250001 0.4703703703125 0.1171875 0.4981481484375 0.12291666718750001 0.497222221875 0.1270833328125 0.4731481484375 0.1963541671875 0.41851851875 0.20625 0.4138888890625 0.2125 0.40555555625000006 0.21614583281250002 0.40555555625000006 0.2421875 0.38240740781250004 0.2494791671875 0.38240740781250004 0.2520833328125 0.377777778125 0.2557291671875 0.38055555625 0.2557291671875 0.377777778125 0.2515625 0.3768518515625 0.2520833328125 0.371296296875 0.2479166671875 0.3574074078125 0.2328125 0.3324074078125 0.2260416671875 0.3111111109375 0.24635416718749997 0.29351851875 0.24895833281250002 0.26851851875 0.24375 0.172222221875 0.2338541671875 0.13148148125 0.2286458328125 0.12592592656249998 0.2203125 0.12592592656249998 0.1505208328125 0.16944444375 0.09427083281250001 0.1990740734375 0.0875 0.20648148125 0.08333333281250001 0.2175925921875 0.0817708328125 0.22777777812500002 0.0828125 0.24351851875000002 0.075 0.259259259375 0.0921875 0.35648148125 0.08072916718749999 0.3990740734375 0.0703125 0.4 0.07083333281250001 0.403703703125
1 0.8119791671875 0 0.8057291671875 0.030555556249999997 0.8010416671874999 0.06851851875000001 0.79375 0.0916666671875 0.7958333328125 0.1074074078125 0.7770833328125 0.147222221875 0.759375 0.1611111109375 0.7588541671875 0.1648148140625 0.8380208328125001 0.2046296296875 0.8578125 0.20833333281250002 0.8895833328125 0.222222221875 0.8911458328125 0.2046296296875 0.8885416671874999 0.1981481484375 0.85 0.17962962968750001 0.8494791671874999 0.15277777812499999 0.8552083328125001 0.127777778125 0.8557291671874999 0.1111111109375 0.8588541671875 0.10555555624999999 0.8770833328125001 0.1129629625 0.8963541671874999 0.12592592656249998 0.9026041671874999 0.12407407343750002 0.9078125 0.078703703125 0.9203125 0.025 0.921875 0 0.8119791671875 0
7 0.8140625 0 0.8046875 0.048148148437499996 0.8026041671874999 0.0731481484375 0.8114583328125 0.0916666671875 0.8578125 0.10092592656249999 0.8890625 0.11851851875 0.9005208328125001 0.1296296296875 0.9026041671874999 0.1425925921875 0.9015625 0.15370370312499998 0.8979166671875 0.1851851859375 0.8890625 0.2203703703125 0.8916666671875 0.23240740781250002 0.8838541671875 0.28796296250000003 0.8833333328125 0.30648148124999997 0.9322916671874999 0.32592592656249997 0.9390625 0.3333333328125 0.9546875 0.3416666671875 0.9666666671874999 0.3453703703125 0.975 0.3425925921875 0.978125 0.3518518515625 0.975 0.372222221875 0.9770833328125 0.3740740734375 0.9796875 0.372222221875 0.9822916671874999 0.3583333328125 0.9859375 0.3518518515625 0.9994791671875 0.3574074078125 0.9994791671875 0 0.8140625 0
7 0.9421875 0.48425925937500003 0.9369791671875 0.503703703125 0.9708333328125001 0.5361111109375 0.9994791671875 0.5527777781250001 0.9994791671875 0.3925925921875 0.99375 0.3925925921875 0.9755208328125 0.4138888890625 0.9734375 0.4 0.9671875 0.396296296875 0.9588541671874999 0.415740740625 0.9614583328125 0.4203703703125 0.9567708328125001 0.44907407343749994 0.95 0.47222222187499996 0.9421875 0.48425925937500003
7 0.4859375 0 0.49010416718750005 0.07685185156249999 0.49375 0.10092592656249999 0.49791666718750005 0.1046296296875 0.5041666671875 0.0953703703125 0.5104166671875 0.0953703703125 0.5130208328125 0.109259259375 0.5208333328125 0.1175925921875 0.5234375 0.1175925921875 0.5244791671875 0.1111111109375 0.5338541671875 0.1129629625 0.5364583328125 0.1101851859375 0.5567708328125 0.1453703703125 0.5552083328124999 0.17314814843749998 0.515625 0.2 0.4994791671875 0.2175925921875 0.4973958328125 0.2296296296875 0.5083333328124999 0.24444444375000002 0.5484375 0.272222221875 0.5614583328125 0.2759259265625 0.5661458328125 0.2703703703125 0.5708333328124999 0.27870370312500004 0.5848958328125 0.2824074078125 0.6135416671875 0.2518518515625 0.628125 0.23148148124999998 0.6380208328125 0.20833333281250002 0.6572916671875 0.184259259375 0.6895833328125 0.2046296296875 0.6932291671875 0.20370370312500002 0.696875 0.197222221875 0.7057291671875 0 0.4859375 0
7 0.2911458328125 0 0.2947916671875 0.0361111109375 0.2869791671875 0.05 0.2822916671875 0.05 0.2614583328125 0.0638888890625 0.2526041671875 0.07685185156249999 0.2526041671875 0.08425925937499999 0.2671875 0.0990740734375 0.278125 0.10555555624999999 0.2838541671875 0.0990740734375 0.2880208328125 0.10092592656249999 0.2869791671875 0.1074074078125 0.2994791671875 0.1111111109375 0.3411458328125 0.08425925937499999 0.359375 0.0675925921875 0.3614583328125 0.061111110937500004 0.3395833328125 0.04351851875 0.32760416718749996 0.0388888890625 0.321875 0.04351851875 0.3166666671875 0.030555556249999997 0.3145833328125 0 0.2911458328125 0
2 0.79375 0.0870370375 0.7927083328125 0.0824074078125 0.7947916671875 0.071296296875 0.7932291671875 0.0666666671875 0.7755208328125 0.060185185937499996 0.7713541671875 0.055555556250000006 0.7713541671875 0.048148148437499996 0.7557291671875 0.0574074078125 0.7494791671875001 0.0666666671875 0.7427083328124999 0.12592592656249998 0.7416666671875001 0.15370370312499998 0.7541666671875 0.1611111109375 0.7854166671875 0.1416666671875 0.79375 0.0870370375