2 0.3385416671875 0.3898148140625 0.3453125 0.416203703125 0.34375 0.5009259265625 0.3453125 0.5370370375 0.3703125 0.571296296875 0.3729166671875 0.5759259265625001 0.3723958328125 0.5796296296875 0.3854166671875 0.5768518515625 0.42552083281249997 0.5527777781250001 0.4322916671875 0.38240740781250004 0.43125 0.3296296296875 0.425 0.3203703703125 0.409375 0.322222221875 0.34322916718749996 0.34444444375 0.3260416671875 0.353703703125 0.321875 0.352777778125 0.3182291671875 0.35925925937500003 0.3182291671875 0.3648148140625 0.3270833328125 0.3740740734375 0.3333333328125 0.3879629625 0.3385416671875 0.3898148140625
2 0.5197916671875 0.2870370375 0.5546875 0.3203703703125 0.5588541671875 0.328703703125 0.5588541671875 0.3574074078125 0.55 0.465740740625 0.5645833328125 0.48055555625 0.5994791671875 0.4611111109375 0.603125 0.4509259265625 0.6114583328125 0.34629629687499996 0.6177083328124999 0.3083333328125 0.61875 0.2638888890625 0.6145833328125 0.25833333281250004 0.6036458328125 0.25740740781250004 0.55390625 0.272222221875 0.546875 0.2675925921875 0.5458333328125 0.2546296296875 0.5427083328125 0.25 0.5291666671875 0.24814814843750002 0.5265625 0.2731481484375 0.5239583328124999 0.28055555625 0.5192708328125 0.2833333328125 0.5197916671875 0.2870370375
2 0.6734375 0.23611111093749998 0.6765625 0.24259259218749998 0.7083333328125 0.2638888890625 0.7109375 0.26944444375 0.7098958328125 0.2925925921875 0.6963541671875 0.39351851875 0.7010416671875 0.39444444375 0.7036458328124999 0.39074074062499997 0.7208333328125 0.3851851859375 0.7432291671875 0.403703703125 0.7447916671875 0.4138888890625 0.7317708328125 0.4268518515625 0.7333333328125 0.44259259218749997 0.7369791671875 0.44444444375 0.7421875 0.4370370375 0.7453125 0.4370370375 0.75 0.425 0.7510416671875 0.403703703125 0.7614583328125 0.3620370375 0.7630208328125 0.33055555625 0.7791666671875 0.2518518515625 0.778125 0.24351851875000002 0.7802083328125 0.2398148140625 0.784375 0.2046296296875 0.74375 0.2148148140625 0.7385416671875 0.20833333281250002 0.7390625 0.2 0.7364583328125 0.19444444375 0.7270833328124999 0.1861111109375 0.7244791671875 0.17962962968750001 0.7161458328125 0.21944444375 0.6932291671875 0.22777777812500002 0.6848958328125 0.234259259375 0.6734375 0.23611111093749998
2 0.8067708328125001 0.3425925921875 0.8088541671874999 0.3490740734375 0.815625 0.3518518515625 0.834375 0.340740740625 0.8390625 0.32592592656249997 0.8526041671875 0.25555555625 0.859375 0.18055555625 0.8578125 0.177777778125 0.84375 0.18055555625 0.803125 0.1981481484375 0.8010416671874999 0.2046296296875 0.803125 0.209259259375 0.825 0.22407407343750002 0.8067708328125001 0.3425925921875
2 0.9010416671874999 0.28611111093749997 0.8963541671874999 0.28796296250000003 0.8958333328125001 0.29814814843750004 0.9125 0.296296296875 0.9208333328125 0.3009259265625 0.9234375 0.3046296296875 0.9223958328125 0.3148148140625 0.9151041671875 0.3333333328125 0.9270833328125001 0.3351851859375 0.93125 0.32592592656249997 0.9328125 0.3101851859375 0.9588541671874999 0.1861111109375 0.9697916671875 0.146296296875 0.9692708328125 0.1148148140625 0.9666666671874999 0.1074074078125 0.959375 0.13055555624999998 0.95 0.13888888906250002 0.9119791671874999 0.15648148125 0.9036458328125001 0.1574074078125 0.8989583328125 0.1759259265625 0.9088541671874999 0.184259259375 0.9140625 0.19444444375 0.8994791671875 0.2703703703125 0.9010416671874999 0.28611111093749997
1 0.47278645781249995 0.9145833328125 0.4703125 0.9259259265625 0.459375 0.9351851859375 0.45520833281249995 0.94351851875 0.45 0.9648148140625 0.44635416718750004 0.9990740734375001 0.8098958328125001 0.9990740734375001 0.8119791671875 0.99444444375 0.8203125 0.9898148140625 0.8265625 0.9731481484375 0.8375 0.95555555625 0.8708333328125001 0.9120370375 0.8713541671874999 0.9064814812499999 0.8744791671875 0.9064814812499999 0.8901041671875 0.88055555625 0.9661458328125001 0.684259259375 0.99375 0.5990740734375 0.9994791671875 0.5925925921874999 0.9994791671875 0.4675925921875 0.9890625 0.46296296249999996 0.9625 0.4731481484375 0.9557291671874999 0.48703703750000005 0.946875 0.49444444374999996 0.9375 0.509259259375 0.9088541671874999 0.534259259375 0.896875 0.5555555562500001 0.878125 0.5796296296875 0.8734375 0.5935185187500001 0.8692708328125001 0.5953703703125 0.8645833328125001 0.6083333328125 0.8583333328125 0.6111111109375 0.8578125 0.61851851875 0.8432291671875 0.640740740625 0.8421875 0.6537037031249999 0.8375 0.6564814812499999 0.8328125 0.6703703703125 0.8276041671875 0.672222221875 0.821875 0.68148148125 0.7885416671875001 0.7629629625 0.7833333328125 0.7675925921875 0.7796875 0.784259259375 0.7682291671875 0.7796296296875 0.746875 0.7490740734375 0.7130208328125 0.7138888890625 0.6546875 0.6416666671875 0.6416666671875 0.6296296296875 0.6307291671875 0.625 0.6151041671875 0.6268518515625 0.5760416671875 0.6555555562500001 0.5385416671875001 0.675 0.5083333328124999 0.6953703703125 0.4536458328125 0.7518518515625 0.446875 0.7629629625 0.44322916718750005 0.777777778125 0.44166666718750003 0.8111111109375001 0.4447916671875 0.8481481484375 0.46302083281249995 0.8953703703125001 0.47278645781249995 0.9145833328125
1 0.7739583328124999 0.64351851875 0.7671875 0.6481481484375 0.7557291671875 0.6648148140625 0.7369791671875 0.7324074078125 0.74375 0.740740740625 0.7520833328125 0.7351851859375 0.765625 0.7490740734375 0.7713541671875 0.7509259265625 0.7713541671875 0.74351851875 0.753125 0.725 0.7583333328124999 0.7009259265625001 0.7713541671875 0.665740740625 0.7854166671875 0.6638888890625 0.8083333328125001 0.6861111109375 0.8171875 0.6898148140625 0.8296875 0.6648148140625 0.8416666671874999 0.6509259265625 0.8578125 0.6120370375 0.871875 0.5925925921874999 0.8885416671874999 0.5620370375 0.9052083328125 0.5388888890625 0.9083333328125001 0.5305555562500001 0.9208333328125 0.515740740625 0.9265625 0.5129629625 0.8979166671875 0.48518518593750004 0.8682291671875 0.46666666718750005 0.8453125 0.4583333328125 0.8213541671875 0.46944444374999994 0.7776041671875 0.5009259265625 0.7557291671875 0.5231481484375 0.7479166671875 0.5379629625 0.7442708328125 0.5509259265625001 0.7453125 0.5833333328125 0.7552083328125 0.6129629624999999 0.7723958328125 0.6361111109375 0.7739583328124999 0.64351851875
1 0.9114583328125001 0.4611111109375 0.9052083328125 0.475 0.8994791671875 0.48148148125 0.9036458328125001 0.48703703750000005 0.9067708328125 0.4861111109375 0.9104166671874999 0.4768518515625 0.91875 0.47407407343749997 0.9401041671874999 0.48981481406249994 0.9442708328125 0.48148148125 0.9510416671874999 0.48148148125 0.9994791671875 0.4546296296875 0.9994791671875 0.3518518515625 0.9848958328125 0.3453703703125 0.96875 0.3453703703125 0.9364583328125 0.3574074078125 0.903125 0.375 0.89375 0.38703703749999996 0.8885416671874999 0.4 0.8880208328125001 0.41944444374999995 0.89375 0.43148148124999997 0.8947916671874999 0.4388888890625 0.9114583328125001 0.4611111109375
5 0.2723958328125 0.2509259265625 0.2828125 0.271296296875 0.2942708328125 0.2870370375 0.4916666671875 0.23148148124999998 0.49635416718750003 0.22870370312500002 0.4994791671875 0.2203703703125 0.49010416718750005 0.2046296296875 0.484375 0.2018518515625 0.478125 0.1898148140625 0.46979166718750004 0.1870370375 0.465625 0.1768518515625 0.4604166671875 0.17314814843749998 0.41822916718750003 0.172222221875 0.2552083328125 0.20555555625 0.2536458328125 0.20740740781250003 0.2552083328125 0.21944444375 0.2671875 0.24722222187499998 0.2723958328125 0.2509259265625
5 0.5557291671875 0.2148148140625 0.6572916671875 0.1888888890625 0.7041666671875 0.17314814843749998 0.6697916671875 0.140740740625 0.6557291671875001 0.134259259375 0.6484375 0.13888888906250002 0.6359375 0.1351851859375 0.6130208328125 0.1416666671875 0.59375 0.1416666671875 0.5234375 0.1629629625 0.521875 0.165740740625 0.5229166671875001 0.172222221875 0.5286458328125 0.1851851859375 0.5557291671875 0.2148148140625
5 0.8421875 0.1351851859375 0.8375 0.12870370312499999 0.8083333328125001 0.109259259375 0.7963541671875001 0.10555555624999999 0.7010416671875 0.13055555624999998 0.7 0.1379629625 0.7046875 0.147222221875 0.7390625 0.171296296875 0.8421875 0.1351851859375
5 0.8921875 0.11851851875 0.95 0.0990740734375 0.9270833328125001 0.08055555625000001 0.9114583328125001 0.07685185156249999 0.8765625 0.077777778125 0.86875 0.08518518593749999 0.8479166671874999 0.0870370375 0.8380208328125001 0.09351851875 0.8380208328125001 0.0990740734375 0.8453125 0.1129629625 0.8723958328125001 0.12870370312499999 0.8921875 0.11851851875
5 0.9630208328125001 0.1 0.9666666671874999 0.1074074078125 0.9661458328125001 0.1120370375 0.971875 0.11388888906250001 0.9703125 0.125 0.9723958328125001 0.13055555624999998 0.9807291671874999 0.1324074078125 0.9994791671875 0.125 0.9994791671875 0.0574074078125 0.9885416671874999 0.053703703125 0.9338541671874999 0.0638888890625 0.93125 0.06851851875000001 0.9317708328125001 0.075 0.9390625 0.08796296249999999 0.9630208328125001 0.1
1 0.0473958328125 0.1870370375 0.056770832812500005 0.3416666671875 0.05989583281250001 0.353703703125 0.0625 0.352777778125 0.060416667187499995 0.31759259218749997 0.0625 0.29907407343750003 0.061979167187499996 0.2666666671875 0.060416667187499995 0.25740740781250004 0.0614583328125 0.2518518515625 0.0713541671875 0.253703703125 0.07864583281250001 0.2666666671875 0.0822916671875 0.28055555625 0.0984375 0.447222221875 0.1020833328125 0.45185185156249996 0.10625 0.4509259265625 0.10833333281249999 0.44351851875000003 0.0921875 0.2870370375 0.0921875 0.24351851875000002 0.090625 0.2379629625 0.09895833281250001 0.23148148124999998 0.12291666718750001 0.22685185156249998 0.1270833328125 0.24814814843750002 0.1270833328125 0.225 0.1234375 0.20648148125 0.125 0.20370370312500002 0.1197916671875 0.1175925921875 0.11875 0.1129629625 0.103125 0.1166666671875 0.09375 0.1111111109375 0.0921875 0.0953703703125 0.0901041671875 0.0916666671875 0.0895833328125 0.04444444375 0.09114583281250001 0.040740740625 0.0875 0.0333333328125 0.0802083328125 0.028703703125 0.0791666671875 0.06944444375 0.0770833328125 0.0740740734375 0.05 0.0759259265625 0.0421875 0.0824074078125 0.040625 0.10648148125000001 0.051041667187499994 0.134259259375 0.046875 0.1490740734375 0.0473958328125 0.1870370375
8 0.353125 0.0898148140625 0.3557291671875 0.08425925937499999 0.3557291671875 0.0731481484375 0.353125 0.0629629625 0.3494791671875 0.055555556250000006 0.3416666671875 0.05 0.325 0.047222221875 0.3026041671875 0.060185185937499996 0.303125 0.071296296875 0.3135416671875 0.08148148125 0.34375 0.0916666671875 0.353125 0.0898148140625
8 0.6161458328125 0.05648148125 0.625 0.05648148125 0.6276041671875 0.0509259265625 0.6265625 0.0351851859375 0.61875 0.025 0.5984375 0.0240740734375 0.5895833328125 0.03148148125 0.5875 0.0351851859375 0.5885416671875 0.040740740625 0.5979166671875 0.0490740734375 0.6161458328125 0.05648148125
8 0.7536458328125 0.028703703125 0.7557291671875 0.021296296875000002 0.7536458328125 0.009259259374999999 0.7463541671875 0.002777778125 0.728125 0.003703703125 0.7192708328124999 0.0111111109375 0.7197916671875 0.0166666671875 0.7229166671875 0.0203703703125 0.7442708328125 0.028703703125 0.7536458328125 0.028703703125
8 0.8520833328125 0 0.846875 0.0074074078125 0.8494791671874999 0.013888889062500001 0.8734375 0.021296296875000002 0.8796875 0.0203703703125 0.88125 0.015740740625 0.878125 0 0.8520833328125 0
8 0.9473958328125001 0 0.946875 0.00555555625 0.9510416671874999 0.009259259374999999 0.9682291671875 0.0129629625 0.9744791671874999 0.0129629625 0.9765625 0.009259259374999999 0.9765625 0 0.9473958328125001 0