5 0.3140625 0.79444444375 0.3192708328125 0.7953703703125 0.3765625 0.834259259375 0.3807291671875 0.83148148125 0.4 0.7953703703125 0.40833333281249995 0.7851851859375001 0.4135416671875 0.76944444375 0.40520833281249996 0.759259259375 0.3583333328125 0.7333333328125 0.3177083328125 0.7046296296875 0.284375 0.6851851859375 0.24322916718749998 0.7361111109375 0.24479166718749998 0.747222221875 0.2546875 0.75555555625 0.3083333328125 0.7879629625 0.3140625 0.79444444375
5 0.1776041671875 0.69351851875 0.2052083328125 0.6629629625 0.2104166671875 0.6555555562500001 0.2130208328125 0.64444444375 0.2125 0.640740740625 0.20416666718749998 0.634259259375 0.11614583281249999 0.5824074078125 0.11041666718750001 0.584259259375 0.0979166671875 0.5962962968750001 0.075 0.6231481484375 0.0734375 0.6268518515625 0.07552083281250001 0.63055555625 0.1729166671875 0.6953703703125 0.1776041671875 0.69351851875
5 0.48645833281249995 0.877777778125 0.471875 0.9037037031249999 0.4739583328125 0.9083333328125001 0.5755208328125 0.9824074078124999 0.5838541671875 0.9861111109375 0.596875 0.9990740734375001 0.6932291671875 0.9990740734375001 0.6973958328125 0.978703703125 0.7005208328125 0.975 0.703125 0.9648148140625 0.7036458328124999 0.959259259375 0.7010416671875 0.9546296296874999 0.6546875 0.9277777781250001 0.6401041671875001 0.915740740625 0.6302083328125 0.9120370375 0.6151041671875 0.8990740734375 0.5171875 0.8370370375 0.5135416671875 0.83055555625 0.5098958328125 0.83055555625 0.5052083328125 0.8370370375 0.4973958328125 0.8583333328125 0.49322916718750004 0.8638888890624999 0.49114583281249996 0.8731481484374999 0.48645833281249995 0.877777778125
5 0.7666666671875 0.5046296296875 0.7864583328125 0.5175925921875 0.7984375 0.5296296296875 0.84375 0.5453703703125 0.8494791671874999 0.54444444375 0.8583333328125 0.5129629625 0.8453125 0.50555555625 0.8380208328125001 0.50555555625 0.7291666671875 0.46851851875 0.725 0.4703703703125 0.7135416671875 0.49351851875 0.7135416671875 0.4981481484375 0.7276041671875 0.5046296296875 0.7395833328125 0.5009259265625 0.7666666671875 0.5046296296875
5 0.5640625 0.43518518593750005 0.5921875 0.4370370375 0.6401041671875001 0.45555555625000005 0.6453125 0.45370370312499997 0.6479166671875001 0.447222221875 0.646875 0.44351851875000003 0.6432291671875 0.44166666718750003 0.5484375 0.41203703750000004 0.546875 0.41944444374999995 0.5598958328125 0.4240740734375 0.5640625 0.43148148124999997 0.5640625 0.43518518593750005
5 0.4734375 0.403703703125 0.47864583281249995 0.40277777812500004 0.4828125 0.3925925921875 0.4817708328125 0.3879629625 0.4661458328125 0.38240740781250004 0.4635416671875 0.378703703125 0.4583333328125 0.3796296296875 0.4046875 0.3601851859375 0.3958333328125 0.36851851875 0.3932291671875 0.372222221875 0.3958333328125 0.3759259265625 0.4625 0.397222221875 0.4734375 0.403703703125
8 0.2260416671875 0.6944444437499999 0.2401041671875 0.6731481484375 0.23697916718749998 0.6638888890625 0.2265625 0.6620370375 0.2088541671875 0.671296296875 0.2026041671875 0.6833333328125 0.203125 0.7018518515625 0.20729166718749997 0.7046296296875 0.2166666671875 0.702777778125 0.2260416671875 0.6944444437499999
8 0.43125 0.8675925921875001 0.440625 0.8574074078124999 0.446875 0.8453703703125001 0.44635416718750004 0.840740740625 0.4505208328125 0.8379629625 0.44947916718750003 0.8333333328125001 0.4536458328125 0.8296296296874999 0.4546875 0.8166666671874999 0.4447916671875 0.809259259375 0.434375 0.8120370375 0.41979166718750005 0.828703703125 0.415625 0.8444444437499999 0.41510416718750004 0.853703703125 0.4171875 0.8611111109375 0.4265625 0.8675925921875001 0.43125 0.8675925921875001
8 0.89375 0.5453703703125 0.8921875 0.5351851859375001 0.8807291671874999 0.5296296296875 0.8755208328125 0.5314814812499999 0.8729166671874999 0.5388888890625 0.8729166671874999 0.5555555562500001 0.8880208328125001 0.5611111109375 0.8921875 0.559259259375 0.89375 0.5453703703125
1 0.7463541671875 0.6888888890625 0.778125 0.70648148125 0.7833333328125 0.703703703125 0.7880208328125 0.7101851859375 0.8026041671874999 0.7194444437499999 0.8364583328125 0.7361111109375 0.8427083328125 0.7370370375 0.8505208328125 0.725 0.8526041671875 0.7101851859375 0.8515625 0.6972222218749999 0.8536458328125001 0.69351851875 0.8526041671875 0.6611111109375 0.8411458328125001 0.64351851875 0.8291666671875 0.6351851859375001 0.8270833328125 0.6148148140624999 0.8296875 0.60648148125 0.8244791671874999 0.5944444437499999 0.81875 0.571296296875 0.8109375 0.553703703125 0.7942708328125 0.5268518515625 0.7776041671875 0.5111111109375 0.753125 0.5018518515625 0.7385416671875 0.502777778125 0.7270833328124999 0.5083333328124999 0.7072916671875 0.5296296296875 0.7020833328125 0.5453703703125 0.7005208328125 0.5574074078125 0.6942708328125 0.63055555625 0.69375 0.6648148140625 0.6958333328124999 0.66944444375 0.7302083328125 0.6851851859375 0.7463541671875 0.6888888890625
1 0 0.7416666671875001 0.0020833328125000002 0.7416666671875001 0.0041666671875 0.747222221875 0.008854167187500001 0.771296296875 0.0161458328125 0.79351851875 0.0171875 0.8046296296875 0.025 0.83055555625 0.034375 0.8416666671874999 0.0442708328125 0.8435185187500001 0.046875 0.8481481484375 0.0447916671875 0.85555555625 0.0458333328125 0.8620370375 0.040625 0.9037037031249999 0.0390625 0.9444444437499999 0.0416666671875 0.9509259265625 0.0453125 0.953703703125 0.046875 0.9490740734375 0.0489583328125 0.928703703125 0.0479166671875 0.9148148140625001 0.055208332812500004 0.9129629625 0.055208332812500004 0.9074074078125 0.053125 0.9037037031249999 0.054166667187499996 0.8953703703125001 0.050520832812500006 0.884259259375 0.05208333281250001 0.88055555625 0.051041667187499994 0.8759259265624999 0.0536458328125 0.8444444437499999 0.05625 0.8370370375 0.060416667187499995 0.834259259375 0.08072916718749999 0.853703703125 0.0838541671875 0.8601851859374999 0.08333333281250001 0.8648148140625 0.08541666718749999 0.8611111109375 0.0901041671875 0.86944444375 0.0953125 0.8851851859375 0.0984375 0.9037037031249999 0.103125 0.9148148140625001 0.10260416718750001 0.9203703703125001 0.0822916671875 0.9388888890624999 0.0817708328125 0.9425925921875 0.0828125 0.94351851875 0.08333333281250001 0.9379629625 0.08645833281250001 0.9379629625 0.0895833328125 0.9546296296874999 0.1208333328125 0.9861111109375 0.1244791671875 0.9916666671875 0.1260416671875 0.9990740734375001 0.13333333281249998 0.9990740734375001 0.1380208328125 0.990740740625 0.1380208328125 0.9796296296874999 0.1427083328125 0.977777778125 0.1427083328125 0.9833333328125 0.1453125 0.98148148125 0.1541666671875 0.9694444437499999 0.1526041671875 0.965740740625 0.1541666671875 0.9620370375 0.1578125 0.9638888890624999 0.1630208328125 0.9583333328125001 0.1625 0.953703703125 0.1572916671875 0.9583333328125001 0.1375 0.9574074078124999 0.1416666671875 0.91851851875 0.1458333328125 0.9074074078125 0.1463541671875 0.9 0.15572916718750002 0.8898148140625001 0.1578125 0.8833333328125 0.1697916671875 0.88055555625 0.1734375 0.8666666671875 0.1864583328125 0.8648148140625 0.1859375 0.8611111109375 0.1890625 0.85555555625 0.2036458328125 0.872222221875 0.2046875 0.88055555625 0.20989583281250002 0.88148148125 0.2130208328125 0.8879629625 0.23125 0.8925925921875001 0.23020833281250003 0.8953703703125001 0.2348958328125 0.9 0.23541666718749998 0.921296296875 0.23854166718749997 0.93148148125 0.24322916718749998 0.972222221875 0.246875 0.977777778125 0.2515625 0.975 0.24375 0.9138888890624999 0.24479166718749998 0.9074074078125 0.2479166671875 0.9037037031249999 0.24479166718749998 0.9018518515625 0.240625 0.8916666671875 0.23333333281250002 0.8324074078124999 0.22916666718749998 0.8194444437499999 0.2234375 0.8101851859375 0.22916666718749998 0.796296296875 0.23125 0.7787037031249999 0.2260416671875 0.771296296875 0.22291666718749997 0.7361111109375 0.2203125 0.7324074078125 0.21197916718749998 0.7296296296875 0.2109375 0.7324074078125 0.2130208328125 0.7481481484375 0.20989583281250002 0.7546296296875 0.20677083281250003 0.75555555625 0.14010416718750002 0.7120370375 0.090625 0.75555555625 0.0723958328125 0.703703703125 0.0447916671875 0.6481481484375 0.0369791671875 0.6398148140625 0.0286458328125 0.6388888890625 0.013020832812499999 0.6175925921875 0.0015625 0.609259259375 0 0.609259259375 0 0.7416666671875001
1 0.3682291671875 0.5129629625 0.371875 0.5009259265625 0.3708333328125 0.4981481484375 0.3770833328125 0.497222221875 0.3791666671875 0.49259259218749996 0.3791666671875 0.4388888890625 0.3770833328125 0.4046296296875 0.3786458328125 0.384259259375 0.3770833328125 0.38055555625 0.38125 0.372222221875 0.36666666718749996 0.3620370375 0.3552083328125 0.3648148140625 0.3453125 0.3768518515625 0.340625 0.3990740734375 0.3411458328125 0.427777778125 0.3515625 0.50555555625 0.353125 0.509259259375 0.3682291671875 0.5129629625
1 0.5276041671875 0.5851851859375 0.5317708328124999 0.521296296875 0.534375 0.4731481484375 0.5328125 0.447222221875 0.5317708328124999 0.45185185156249996 0.528125 0.45277777812500003 0.5234375 0.4509259265625 0.5171875 0.44259259218749997 0.5161458328124999 0.44444444375 0.5140625 0.45555555625000005 0.5130208328125 0.4916666671875 0.5125 0.584259259375 0.5145833328125 0.5879629625 0.525 0.5916666671875 0.5276041671875 0.5851851859375
2 0.8557291671874999 0.709259259375 0.8557291671874999 0.7185185187500001 0.8505208328125 0.7351851859375 0.8510416671875 0.7398148140624999 0.8609375 0.7416666671875001 0.8729166671874999 0.75 0.8875 0.7546296296875 0.8895833328125 0.771296296875 0.8921875 0.772222221875 0.8885416671874999 0.7611111109375 0.8921875 0.7611111109375 0.89375 0.75648148125 0.8942708328125001 0.7425925921875 0.8973958328125 0.7296296296875 0.8973958328125 0.7083333328125 0.9005208328125001 0.7009259265625001 0.9010416671874999 0.6796296296875 0.9041666671874999 0.6574074078125001 0.903125 0.6537037031249999 0.9078125 0.6175925921875 0.9067708328125 0.603703703125 0.8614583328125001 0.5861111109375 0.8588541671875 0.5916666671875 0.853125 0.66944444375 0.8557291671874999 0.68148148125 0.8557291671874999 0.690740740625 0.853125 0.7009259265625001 0.8557291671874999 0.709259259375
7 0.8104166671874999 0.3759259265625 0.8354166671875 0.3768518515625 0.8354166671875 0.3731481484375 0.8380208328125001 0.372222221875 0.8395833328125001 0.3768518515625 0.8520833328125 0.38703703749999996 0.8619791671874999 0.38703703749999996 0.8953125 0.3990740734375 0.8994791671875 0.3953703703125 0.9041666671874999 0.3583333328125 0.9046875 0.3379629625 0.909375 0.315740740625 0.9083333328125001 0.309259259375 0.9135416671875 0.2759259265625 0.9114583328125001 0.259259259375 0.7864583328125 0.2370370375 0.7828125 0.271296296875 0.78125 0.3129629625 0.7765625 0.3648148140625 0.8083333328125001 0.3731481484375 0.8104166671874999 0.3759259265625
7 0.6989583328125 0.22777777812500002 0.6671875 0.22407407343750002 0.6619791671875 0.2203703703125 0.6536458328125 0.222222221875 0.6520833328125 0.2166666671875 0.6364583328125 0.21851851875 0.6067708328125 0.21574074062499998 0.603125 0.22314814843750003 0.6010416671875001 0.3138888890625 0.6026041671875 0.3166666671875 0.69375 0.3379629625 0.6989583328125 0.22777777812500002
7 0.4890625 0.303703703125 0.525 0.3101851859375 0.5296875 0.3083333328125 0.5328125 0.2259259265625 0.5328125 0.20833333281250002 0.5307291671875001 0.20277777812500003 0.4583333328125 0.1870370375 0.4526041671875 0.1879629625 0.4515625 0.19444444375 0.45104166718750005 0.28796296250000003 0.4526041671875 0.2916666671875 0.4848958328125 0.29907407343750003 0.4890625 0.303703703125
7 0.38229166718749996 0.44259259218749997 0.3807291671875 0.497222221875 0.384375 0.5018518515625 0.38333333281250004 0.5138888890625 0.38125 0.5175925921875 0.3828125 0.5379629625 0.39114583281250004 0.54444444375 0.43333333281249997 0.5638888890625 0.4328125 0.56851851875 0.42395833281249995 0.577777778125 0.4114583328125 0.6 0.40989583281249997 0.60648148125 0.4109375 0.6083333328125 0.4375 0.6240740734375 0.45520833281249995 0.6296296296875 0.48333333281249996 0.60648148125 0.49375 0.5925925921874999 0.49895833281249996 0.5916666671875 0.5046875 0.5962962968750001 0.5109375 0.5944444437499999 0.5125 0.5796296296875 0.5109375 0.575 0.5130208328125 0.571296296875 0.5083333328124999 0.5574074078125 0.5104166671875 0.5527777781250001 0.5104166671875 0.5425925921875 0.5135416671875 0.540740740625 0.5114583328125 0.5379629625 0.5125 0.5324074078125001 0.5104166671875 0.5296296296875 0.5119791671875 0.5240740734375 0.5135416671875 0.525 0.5109375 0.522222221875 0.5109375 0.5129629625 0.5135416671875 0.509259259375 0.5114583328125 0.50648148125 0.5109375 0.4990740734375 0.5135416671875 0.49351851875 0.5114583328125 0.48981481406249994 0.5135416671875 0.46481481406249997 0.5135416671875 0.42314814843750004 0.5109375 0.41851851875 0.471875 0.4046296296875 0.46666666718750005 0.3990740734375 0.4109375 0.38240740781250004 0.396875 0.3740740734375 0.384375 0.375 0.3796875 0.38240740781250004 0.3796875 0.403703703125 0.38125 0.40833333281249995 0.3802083328125 0.43148148124999997 0.38229166718749996 0.44259259218749997
7 0.5848958328125 0.6379629625 0.5671875 0.6768518515624999 0.5645833328125 0.6851851859375 0.565625 0.690740740625 0.5994791671875 0.7129629625 0.6223958328125 0.7203703703125 0.6442708328125 0.696296296875 0.6567708328124999 0.6768518515624999 0.6619791671875 0.6768518515624999 0.684375 0.6888888890625 0.6885416671875 0.6851851859375 0.6958333328124999 0.5879629625 0.7020833328125 0.5351851859375001 0.7036458328124999 0.4861111109375 0.7015625 0.4824074078125 0.6890625 0.478703703125 0.6734375 0.46851851875 0.6635416671875001 0.4675925921875 0.6473958328125 0.4601851859375 0.6421875 0.45370370312499997 0.6322916671875001 0.45185185156249996 0.6270833328125 0.44351851875000003 0.6223958328125 0.4481481484375 0.6072916671875 0.44166666718750003 0.6052083328125 0.434259259375 0.5963541671875 0.4296296296875 0.5942708328124999 0.4296296296875 0.5927083328125 0.4361111109375 0.5848958328125 0.4361111109375 0.5796875 0.43148148124999997 0.5828125 0.427777778125 0.58125 0.42592592656250006 0.575 0.4296296296875 0.5671875 0.42129629687500003 0.5427083328125 0.4203703703125 0.5390625 0.42222222187499997 0.5333333328125 0.434259259375 0.5354166671875 0.45648148125 0.528125 0.603703703125 0.5322916671875 0.6101851859375 0.5848958328125 0.6379629625
7 0.246875 0.48333333281249996 0.2401041671875 0.4861111109375 0.2296875 0.5018518515625 0.2296875 0.50648148125 0.2364583328125 0.5129629625 0.2526041671875 0.5203703703125 0.2635416671875 0.521296296875 0.2786458328125 0.5129629625 0.30625 0.4888888890625 0.3072916671875 0.4824074078125 0.30520833281250004 0.4768518515625 0.3015625 0.3490740734375 0.3 0.3398148140625 0.21354166718749998 0.3101851859375 0.20208333281250002 0.3101851859375 0.209375 0.4509259265625 0.24583333281250003 0.4675925921875 0.2536458328125 0.47407407343749997 0.246875 0.48333333281249996