2 0.73046875 0.7875 0.040625 0.10859375
8 0.33984375 0.459375 0.046875 0.05859375
8 0.39765625 0.275 0.03984375 0.04453125
8 0.2671875 0.79296875 0.06015625 0.06171875
8 0.89375 0.603125 0.03828125 0.0484375
8 0.85546875 0.39140625 0.028125 0.0453125
7 0.79765625 0.33046875 0.08046875 0.28125
7 0.3078125 0.20234375 0.0734375 0.28046875
7 0.221875 0.40078125 0.0859375 0.359375
7 0.11171875 0.75625 0.14296875 0.4875
7 0.9078125 0.85625 0.103125 0.28671875
7 0.81484375 0.58984375 0.1109375 0.325
1 0.47265625 0.425 0.165625 0.271875
1 0.43125 0.67578125 0.19765625 0.30859375
1 0.39375 0.91640625 0.2046875 0.16640625
1 0.07421875 0.284375 0.11953125 0.29765625
1 0.0171875 0.434375 0.03359375 0.26640625
1 0.9609375 0.634375 0.078125 0.171875