5 0.28359375 0.83203125 0.19921875 0.07421875
5 0.053125 0.790625 0.10625 0.0765625
8 0.13046875 0.81640625 0.03828125 0.06171875
8 0.4203125 0.865625 0.0296875 0.06484375
8 0.5265625 0.46484375 0.01796875 0.02734375
8 0.428125 0.53203125 0.10859375 0.15625
7 0.284375 0.53203125 0.1484375 0.22578125
7 0.11640625 0.525 0.13359375 0.21640625
7 0.1671875 0.29921875 0.08359375 0.1484375
7 0.32265625 0.3078125 0.08984375 0.1453125
7 0.48671875 0.30390625 0.10390625 0.153125
7 0.928125 0.29765625 0.13125 0.1609375
5 0.91796875 0.46640625 0.15546875 0.05703125
5 0.45546875 0.4546875 0.10546875 0.028125
2 0.53671875 0.571875 0.040625 0.14609375
1 0.93984375 0.5890625 0.1140625 0.1578125
1 0.0203125 0.48984375 0.040625 0.14921875