2 0.42395833281249995 0.8166666671874999 0.428125 0.8175925921875 0.4359375 0.8111111109375001 0.4838541671875 0.752777778125 0.484375 0.534259259375 0.4682291671875 0.5111111109375 0.46197916718750004 0.509259259375 0.45416666718750004 0.5148148140625 0.3463541671875 0.6129629624999999 0.3447916671875 0.622222221875 0.35104166718749996 0.7 0.359375 0.7175925921874999 0.42395833281249995 0.8166666671874999
2 0.621875 0.47407407343749997 0.615625 0.49629629687500004 0.6151041671875 0.5166666671875 0.6447916671875 0.547222221875 0.6536458328125 0.547222221875 0.6807291671875 0.5129629625 0.6848958328125 0.4879629625 0.6854166671875 0.45 0.6901041671875 0.409259259375 0.6890625 0.40092592656250003 0.6958333328124999 0.3481481484375 0.7020833328125 0.3333333328125 0.7005208328125 0.32685185156249996 0.7015625 0.3129629625 0.6984375 0.3046296296875 0.6911458328125 0.29814814843750004 0.6854166671875 0.29814814843750004 0.575 0.3953703703125 0.5744791671875 0.4240740734375 0.5760416671875 0.4268518515625 0.6208333328125 0.4703703703125 0.621875 0.47407407343749997
2 0.8104166671874999 0.384259259375 0.8171875 0.3851851859375 0.8328125 0.36851851875 0.8432291671875 0.35 0.8447916671875 0.328703703125 0.8572916671874999 0.25833333281250004 0.8619791671874999 0.20648148125 0.8645833328125001 0.1981481484375 0.865625 0.17314814843749998 0.8390625 0.15925925937500002 0.8333333328125001 0.1611111109375 0.8140625 0.177777778125 0.8104166671874999 0.1861111109375 0.8020833328125001 0.1879629625 0.7697916671875 0.2175925921875 0.765625 0.2453703703125 0.765625 0.26574074062499997 0.7973958328124999 0.2870370375 0.7895833328124999 0.36851851875 0.8104166671874999 0.384259259375
8 0.4635416671875 0.021296296875000002 0.45729166718750003 0.0120370375 0.44635416718750004 0.0083333328125 0.4348958328125 0.0120370375 0.4296875 0.0203703703125 0.4291666671875 0.0333333328125 0.43541666718750005 0.0388888890625 0.45989583281249996 0.0296296296875 0.4635416671875 0.021296296875000002
8 0.49322916718750004 0.4046296296875 0.49322916718750004 0.3879629625 0.49010416718750005 0.384259259375 0.48541666718750004 0.38703703749999996 0.4614583328125 0.4074074078125 0.4614583328125 0.41203703750000004 0.4703125 0.41851851875 0.4859375 0.415740740625 0.49322916718750004 0.4046296296875
8 0.7364583328125 0.20370370312500002 0.7385416671875 0.2 0.7385416671875 0.1916666671875 0.7369791671875 0.1824074078125 0.7348958328124999 0.18148148125000002 0.7098958328125 0.2009259265625 0.7067708328125 0.2046296296875 0.7078125 0.20740740781250003 0.7239583328125 0.2138888890625 0.7364583328125 0.20370370312500002
8 0.90625 0.0620370375 0.9104166671874999 0.048148148437499996 0.9036458328125001 0.040740740625 0.878125 0.060185185937499996 0.8755208328125 0.0638888890625 0.8765625 0.075 0.8848958328125001 0.0740740734375 0.90625 0.0620370375
5 0.8739583328125 0.0870370375 0.8760416671875 0.077777778125 0.8901041671875 0.0675925921875 0.890625 0.0546296296875 0.884375 0.055555556250000006 0.7911458328125 0.125 0.7869791671875 0.13703703750000001 0.7760416671875 0.15 0.7760416671875 0.1601851859375 0.7869791671875 0.1574074078125 0.8536458328125001 0.10648148125000001 0.8739583328125 0.0870370375
5 0.7036458328124999 0.222222221875 0.6973958328125 0.2148148140625 0.6890625 0.2175925921875 0.5526041671875 0.32777777812500003 0.5479166671875 0.33703703749999997 0.5489583328125 0.3518518515625 0.5598958328125 0.3509259265625 0.7026041671875001 0.23240740781250002 0.7036458328124999 0.222222221875
5 0.1604166671875 0.6925925921875 0.1697916671875 0.6925925921875 0.1890625 0.6731481484375 0.2322916671875 0.6398148140625 0.4270833328125 0.475 0.43333333281249997 0.4675925921875 0.4328125 0.459259259375 0.4203125 0.44259259218749997 0.41510416718750004 0.4453703703125 0.1416666671875 0.6648148140625 0.140625 0.6703703703125 0.1421875 0.675 0.1473958328125 0.6740740734374999 0.1604166671875 0.6925925921875
5 0.43645833281249996 0.004629629687499999 0.4390625 0 0.371875 0.0009259265625 0.4036458328125 0.021296296875000002 0.40989583281249997 0.022222221875 0.43645833281249996 0.004629629687499999
7 0.1171875 0 0.07552083281250001 0.013888889062500001 0.0739583328125 0.0166666671875 0.0744791671875 0.028703703125 0.1177083328125 0.27870370312500004 0.1338541671875 0.36296296250000004 0.1380208328125 0.3703703703125 0.1463541671875 0.36944444375 0.18020833281249998 0.34629629687499996 0.21354166718749998 0.3768518515625 0.24375 0.3981481484375 0.25625 0.4018518515625 0.2645833328125 0.397222221875 0.3078125 0.3648148140625 0.3328125 0.3379629625 0.3166666671875 0.30555555624999997 0.2927083328125 0.27777777812500004 0.2932291671875 0.272222221875 0.3734375 0.21574074062499998 0.3708333328125 0.1648148140625 0.3567708328125 0 0.1171875 0
7 0.4869791671875 0 0.48854166718750003 0.08518518593749999 0.49322916718750004 0.1379629625 0.5244791671875 0.15925925937500002 0.5604166671875 0.1759259265625 0.5880208328125 0.1620370375 0.6104166671875 0.1416666671875 0.6109375 0.1379629625 0.6010416671875001 0.125 0.5734375 0.10185185156250001 0.5723958328125 0.09351851875 0.6338541671875 0.052777778124999994 0.6364583328125 0.0324074078125 0.6338541671875 0 0.4869791671875 0
7 0.6973958328125 0 0.69375 0.009259259374999999 0.6958333328124999 0.0148148140625 0.7557291671875 0.0351851859375 0.7682291671875 0.03148148125 0.7916666671875 0.013888889062500001 0.790625 0.0074074078125 0.7822916671875 0 0.6973958328125 0
1 0.8307291671874999 0.9472222218749999 0.8369791671875 0.953703703125 0.8541666671874999 0.98148148125 0.8583333328125 0.984259259375 0.8651041671874999 0.9990740734375001 0.8802083328125001 0.9990740734375001 0.871875 0.98055555625 0.8604166671875 0.9703703703125001 0.8453125 0.9481481484375 0.840625 0.9370370375 0.83125 0.9268518515625 0.828125 0.9138888890624999 0.8369791671875 0.8740740734375001 0.8510416671875 0.86944444375 0.8729166671874999 0.8833333328125 0.965625 0.9990740734375001 0.9994791671875 0.9990740734375001 0.9994791671875 0.6398148140625 0.9890625 0.63055555625 0.9994791671875 0.5722222218749999 0.9994791671875 0.5370370375 0.9916666671875 0.5518518515624999 0.9911458328125 0.5601851859375 0.9791666671874999 0.5953703703125 0.9786458328125001 0.60555555625 0.975 0.615740740625 0.946875 0.6083333328125 0.9171875 0.6240740734375 0.8619791671874999 0.6898148140625 0.8385416671874999 0.727777778125 0.8338541671874999 0.7481481484375 0.834375 0.8 0.8463541671874999 0.8361111109375001 0.8421875 0.8435185187500001 0.8291666671875 0.852777778125 0.8197916671875 0.86944444375 0.796875 0.9925925921875001 0.7963541671875001 0.9990740734375001 0.8114583328125 0.9990740734375001 0.8223958328125001 0.9444444437499999 0.8307291671874999 0.9472222218749999