8 0.0640625 0.975 0.0859375 0.9509259265625 0.0640625 0.9268518515625 0.0447916671875 0.94351851875 0.0380208328125 0.9601851859374999 0.0375 0.9666666671874999 0.040625 0.9768518515625001 0.0494791671875 0.9824074078124999 0.0640625 0.975
8 0.2713541671875 0.5518518515624999 0.2713541671875 0.5481481484375 0.2614583328125 0.5388888890625 0.2557291671875 0.5398148140625 0.246875 0.55 0.24635416718749997 0.5574074078125 0.24895833281250002 0.5620370375 0.2671875 0.5583333328125 0.2713541671875 0.5518518515624999
8 0.365625 0.6111111109375 0.3697916671875 0.60648148125 0.3713541671875 0.6 0.3708333328125 0.5944444437499999 0.365625 0.590740740625 0.353125 0.5944444437499999 0.3505208328125 0.5990740734375 0.3505208328125 0.60555555625 0.3536458328125 0.6138888890625 0.365625 0.6111111109375
8 0.4223958328125 0.64444444375 0.40416666718750005 0.63055555625 0.3947916671875 0.646296296875 0.3958333328125 0.6564814812499999 0.4010416671875 0.6601851859375001 0.4166666671875 0.6537037031249999 0.4223958328125 0.64444444375
8 0.6265625 0.7481481484375 0.628125 0.7333333328125 0.6265625 0.7259259265625 0.6177083328124999 0.7212962968750001 0.60625 0.7268518515625 0.6067708328125 0.746296296875 0.6104166671875 0.7546296296875 0.6223958328125 0.75555555625 0.6265625 0.7481481484375
8 0.7520833328125 0.88055555625 0.7609375 0.8675925921875001 0.7640625 0.853703703125 0.7630208328125 0.8490740734375001 0.7536458328125 0.840740740625 0.7453125 0.8388888890624999 0.7364583328125 0.8398148140625 0.7291666671875 0.8481481484375 0.7276041671875 0.8629629624999999 0.7296875 0.8759259265624999 0.7380208328125 0.884259259375 0.7520833328125 0.88055555625
8 0.9510416671874999 0.603703703125 0.9526041671875 0.5962962968750001 0.9505208328125001 0.590740740625 0.9432291671874999 0.5870370375 0.93125 0.5879629625 0.9276041671874999 0.5925925921874999 0.9276041671874999 0.60648148125 0.9338541671874999 0.6101851859375 0.9463541671875 0.6083333328125 0.9510416671874999 0.603703703125
5 0.4015625 0.7666666671875 0.39791666718749996 0.75648148125 0.315625 0.703703703125 0.3104166671875 0.702777778125 0.2822916671875 0.727777778125 0.28072916718749996 0.7324074078125 0.3770833328125 0.7916666671875 0.396875 0.7759259265625 0.4015625 0.7666666671875
5 0.540625 0.896296296875 0.5520833328125 0.8851851859375 0.5552083328124999 0.8768518515625001 0.5651041671875 0.8648148140625 0.5708333328124999 0.8509259265625 0.5708333328124999 0.8435185187500001 0.5666666671875 0.8361111109375001 0.44322916718750005 0.7805555562500001 0.43541666718750005 0.7870370375 0.4171875 0.815740740625 0.4947916671875 0.8703703703125001 0.5072916671875001 0.8740740734375001 0.540625 0.896296296875
7 0.7291666671875 0.35 0.728125 0.3425925921875 0.721875 0.3416666671875 0.6182291671875 0.334259259375 0.6177083328124999 0.3398148140625 0.6265625 0.3425925921875 0.7114583328124999 0.353703703125 0.7291666671875 0.35
7 0.5010416671875 0.43333333281249997 0.503125 0.396296296875 0.5026041671875 0.328703703125 0.4223958328125 0.3203703703125 0.4213541671875 0.36944444375 0.42291666718750004 0.4129629625 0.49791666718750005 0.43518518593750005 0.5010416671875 0.43333333281249997
7 0.5875 0.45185185156249996 0.5973958328125 0.45 0.6015625 0.3925925921875 0.6 0.384259259375 0.603125 0.372222221875 0.6041666671875 0.34351851875 0.584375 0.33703703749999997 0.509375 0.32777777812500003 0.5052083328125 0.3296296296875 0.5036458328125 0.3574074078125 0.5020833328125 0.43148148124999997 0.5041666671875 0.4379629625 0.5239583328124999 0.4361111109375 0.5875 0.45185185156249996
7 0.6005208328125 0.4546296296875 0.6807291671875 0.47407407343749997 0.7052083328125 0.4768518515625 0.7078125 0.39351851875 0.7114583328124999 0.3620370375 0.7088541671875 0.35648148125 0.6244791671875001 0.3425925921875 0.6072916671875 0.3425925921875 0.6041666671875 0.3481481484375 0.6036458328125 0.377777778125 0.6010416671875001 0.3990740734375 0.5994791671875 0.4 0.6020833328124999 0.4129629625 0.5979166671875 0.43055555625 0.5979166671875 0.4509259265625 0.6005208328125 0.4546296296875
7 0.8447916671875 0.5138888890625 0.8458333328125001 0.50555555625 0.8447916671875 0.49259259218749996 0.8546875 0.371296296875 0.8510416671875 0.36759259218749996 0.834375 0.3648148140625 0.7166666671875 0.3509259265625 0.7130208328125 0.3574074078125 0.7067708328125 0.4388888890625 0.70625 0.478703703125 0.7088541671875 0.48055555625 0.8421875 0.5166666671875 0.8447916671875 0.5138888890625
7 0.9994791671875 0.5620370375 0.9994791671875 0.38703703749999996 0.8567708328125001 0.3703703703125 0.8541666671874999 0.384259259375 0.8484375 0.49259259218749996 0.8489583328125001 0.5166666671875 0.9088541671874999 0.5324074078125001 0.9416666671874999 0.5490740734374999 0.9994791671875 0.5620370375
7 0.8458333328125001 0.6759259265625001 0.8411458328125001 0.6796296296875 0.840625 0.6833333328125 0.8447916671875 0.6888888890625 0.8505208328125 0.68148148125 0.8458333328125001 0.6759259265625001
7 0.8411458328125001 0.76851851875 0.84375 0.775 0.8557291671874999 0.7833333328125 0.8770833328125001 0.7898148140625 0.9005208328125001 0.8027777781250001 0.9046875 0.790740740625 0.9072916671875 0.74351851875 0.9114583328125001 0.7129629625 0.9151041671875 0.6231481484375 0.91875 0.602777778125 0.9208333328125 0.5481481484375 0.9119791671874999 0.5398148140625 0.8515625 0.522222221875 0.7453125 0.49629629687500004 0.70625 0.48333333281249996 0.6802083328124999 0.4796296296875 0.678125 0.4824074078125 0.6770833328125 0.49444444374999996 0.671875 0.640740740625 0.6708333328125 0.6870370375 0.6734375 0.6953703703125 0.8140625 0.7620370375000001 0.8411458328125001 0.76851851875
7 0.5713541671875 0.665740740625 0.6265625 0.6879629625 0.65 0.69351851875 0.6692708328125 0.69351851875 0.6755208328125 0.5638888890625 0.6770833328125 0.4824074078125 0.6729166671875 0.477777778125 0.6484375 0.4703703703125 0.5140625 0.4388888890625 0.509375 0.5546296296875 0.5104166671875 0.577777778125 0.5083333328124999 0.5953703703125 0.5083333328124999 0.63055555625 0.5171875 0.6388888890625 0.5364583328125 0.64444444375 0.5713541671875 0.665740740625
7 0.4046875 0.5898148140624999 0.4088541671875 0.5953703703125 0.43125 0.6046296296875 0.4515625 0.6074074078125 0.471875 0.621296296875 0.4953125 0.63055555625 0.4973958328125 0.6268518515625 0.4953125 0.5962962968750001 0.4973958328125 0.4611111109375 0.4953125 0.4379629625 0.43541666718750005 0.41851851875 0.375 0.40648148125 0.375 0.5324074078125001 0.3786458328125 0.578703703125 0.38125 0.5824074078125 0.4046875 0.5898148140624999
7 0.3421875 0.565740740625 0.35989583281250004 0.5768518515625 0.375 0.58055555625 0.375 0.56851851875 0.3703125 0.5611111109375 0.3682291671875 0.55 0.36770833281250004 0.5125 0.3697916671875 0.497222221875 0.3651041671875 0.41203703750000004 0.3010416671875 0.3898148140625 0.2765625 0.3861111109375 0.2822916671875 0.5333333328125 0.284375 0.5398148140625 0.3135416671875 0.5555555562500001 0.3421875 0.565740740625
7 0.2401041671875 0.534259259375 0.2479166671875 0.534259259375 0.2526041671875 0.5296296296875 0.2703125 0.5351851859375001 0.2744791671875 0.5333333328125 0.26510416718749996 0.38703703749999996 0.1911458328125 0.36851851875 0.178125 0.36851851875 0.1895833328125 0.50648148125 0.2328125 0.522222221875 0.2390625 0.527777778125 0.2401041671875 0.534259259375
7 0.3453125 0.8703703703125001 0.3458333328125 0.85648148125 0.3421875 0.852777778125 0.3369791671875 0.8546296296874999 0.33541666718749996 0.8574074078124999 0.3359375 0.86851851875 0.3416666671875 0.872222221875 0.3453125 0.8703703703125001
7 0.4135416671875 0.9111111109375001 0.40989583281249997 0.9037037031249999 0.403125 0.9037037031249999 0.40260416718750003 0.915740740625 0.40416666718750005 0.91851851875 0.41302083281249996 0.915740740625 0.4135416671875 0.9111111109375001
7 0.2604166671875 0.8240740734375 0.2588541671875 0.8601851859374999 0.2604166671875 0.9240740734375 0.2546875 0.93148148125 0.259375 0.9444444437499999 0.2598958328125 0.9990740734375001 0.6114583328125 0.9990740734375001 0.6135416671875 0.99351851875 0.6145833328125 0.9694444437499999 0.6119791671875 0.95 0.5911458328125 0.93148148125 0.50625 0.8768518515625001 0.48802083281249997 0.8740740734375001 0.4796875 0.8611111109375 0.2723958328125 0.727777778125 0.2598958328125 0.7351851859375 0.2588541671875 0.7509259265625 0.2588541671875 0.771296296875 0.2619791671875 0.7916666671875 0.2588541671875 0.8129629625 0.2604166671875 0.8240740734375
7 0.0802083328125 0.91944444375 0.08541666718749999 0.922222221875 0.09375 0.9351851859375 0.1526041671875 0.9990740734375001 0.2401041671875 0.9990740734375001 0.24479166718749998 0.803703703125 0.24479166718749998 0.7240740734375 0.2421875 0.7203703703125 0.24322916718749998 0.7166666671875 0.225 0.70648148125 0.22239583281250003 0.7 0.2036458328125 0.6916666671875 0.2010416671875 0.684259259375 0.1473958328125 0.65 0.1276041671875 0.64351851875 0.0760416671875 0.6129629624999999 0.07083333281250001 0.6148148140624999 0.0682291671875 0.6740740734374999 0.0692708328125 0.74444444375 0.0666666671875 0.902777778125 0.0760416671875 0.9101851859375 0.0802083328125 0.91944444375
7 0 0.8324074078124999 0.014583332812499999 0.8444444437499999 0.0171875 0.8518518515625001 0.015625 0.8574074078124999 0.025520832812499998 0.859259259375 0.0302083328125 0.8731481484374999 0.0463541671875 0.877777778125 0.0479166671875 0.8898148140625001 0.0578125 0.897222221875 0.0625 0.8888888890625 0.0640625 0.8731481484374999 0.0682291671875 0.6138888890625 0.05989583281250001 0.602777778125 0.0364583328125 0.5925925921874999 0.021354167187500002 0.5796296296875 0.0015625 0.56851851875 0 0.56851851875 0 0.8324074078124999
3 0.9125 0.372222221875 0.9994791671875 0.384259259375 0.9994791671875 0.047222221875 0.9942708328125001 0.04351851875 0.9911458328125 0.046296296875 0.9859375 0.04444444375 0.9791666671874999 0.05 0.9619791671875 0.0509259265625 0.9552083328125001 0.055555556250000006 0.9520833328125 0.053703703125 0.9515625 0.048148148437499996 0.9421875 0.0546296296875 0.9354166671874999 0.0490740734375 0.9276041671874999 0.052777778124999994 0.9255208328125001 0.060185185937499996 0.9244791671874999 0.09074074062500001 0.9270833328125001 0.09351851875 0.9239583328125001 0.1296296296875 0.925 0.14351851875 0.9229166671875 0.15370370312499998 0.9239583328125001 0.15925925937500002 0.921875 0.1620370375 0.9229166671875 0.165740740625 0.9203125 0.16944444375 0.9213541671875 0.190740740625 0.9171875 0.20833333281250002 0.915625 0.2398148140625 0.9177083328125001 0.24444444375000002 0.9151041671875 0.3 0.9114583328125001 0.32592592656249997 0.9125 0.372222221875