8 0 0.5722222218749999 0.0614583328125 0.9064814812499999 0.0645833328125 0.9148148140625001 0.1458333328125 0.91851851875 0.1515625 0.9166666671874999 0.1541666671875 0.9120370375 0.2598958328125 0.8916666671875 0.2697916671875 0.89444444375 0.28125 0.8898148140625001 0.2848958328125 0.8925925921875001 0.3036458328125 0.8916666671875 0.3057291671875 0.8888888890625 0.3380208328125 0.8879629625 0.3416666671875 0.8851851859375 0.3447916671875 0.89351851875 0.3546875 0.89351851875 0.4296875 0.875 0.43541666718750005 0.86851851875 0.42760416718750005 0.7324074078125 0.4296875 0.7194444437499999 0.42604166718750003 0.6981481484375001 0.4270833328125 0.6564814812499999 0.41770833281249997 0.521296296875 0.415625 0.5148148140625 0.3921875 0.5148148140625 0.3890625 0.509259259375 0.38333333281250004 0.5083333328124999 0.3758333328125 0.5138888890625 0.3619791671875 0.515740740625 0.3447916671875 0.5166666671875 0.3411458328125 0.5138888890625 0.0703125 0.5425925921875 0.0348958328125 0.5490740734374999 0.0057291671875 0.5490740734374999 0 0.5527777781250001 0 0.5722222218749999
7 0 0.5731481484375001 0.0067708328125 0.5944444437499999 0.0151041671875 0.6537037031249999 0.0171875 0.6564814812499999 0.025520832812499998 0.6990740734374999 0.054166667187499996 0.8675925921875001 0.061979167187499996 0.909259259375 0.065625 0.915740740625 0.1463541671875 0.91851851875 0.1541666671875 0.9120370375 0.2515625 0.89444444375 0.2875 0.89444444375 0.3296875 0.8870370375000001 0.3421875 0.8888888890625 0.3453125 0.89444444375 0.3515625 0.89444444375 0.43125 0.875 0.43541666718750005 0.86944444375 0.428125 0.7351851859375 0.43072916718750004 0.7129629625 0.4265625 0.69398148125 0.428125 0.6675925921875 0.421875 0.571296296875 0.4192708328125 0.55648148125 0.41770833281249997 0.5203703703125 0.415625 0.5148148140625 0.39437500000000003 0.5148148140625 0.38333333281250004 0.5083333328124999 0.3619791671875 0.515740740625 0.3328125 0.5148148140625 0.20989583281250002 0.5305555562500001 0.0447916671875 0.5453703703125 0.0307291671875 0.55 0.0057291671875 0.5481481484375 0 0.5518518515624999 0 0.5731481484375001
7 0.4703125 0.8898148140625001 0.5369791671875 0.89444444375 0.5458333328125 0.8851851859375 0.5899307296875 0.8759259265624999 0.7348958328124999 0.8740740734375001 0.7359375 0.8768518515625001 0.7447916671875 0.8768518515625001 0.8203125 0.85648148125 0.8328125 0.8296296296874999 0.8734375 0.5324074078125001 0.8682291671875 0.5240740734375 0.8604166671875 0.5240740734375 0.8572916671874999 0.5296296296875 0.8302083328125001 0.525 0.7755208328125 0.5333333328125 0.6651041671875 0.534259259375 0.43541666718750005 0.5574074078125 0.434375 0.58055555625 0.4375 0.6601851859375001 0.45208333281249996 0.884259259375 0.4703125 0.8898148140625001
7 0.9427083328125001 0.8703703703125001 0.9859375 0.871296296875 0.9921875 0.8648148140625 0.9953125 0.847222221875 0.9947916671874999 0.8370370375 0.9973958328125001 0.8259259265625 0.9994791671875 0.825 0.9994791671875 0.5018518515625 0.9770833328125 0.502777778125 0.9723958328125001 0.50648148125 0.9619791671875 0.503703703125 0.9432291671874999 0.5074074078125 0.9380208328125 0.5129629625 0.88125 0.5203703703125 0.8765625 0.5259259265625 0.8723958328125001 0.540740740625 0.8661458328125 0.58148148125 0.8286458328125 0.8462962968750001 0.83125 0.8731481484374999 0.8458333328125001 0.878703703125 0.9239583328125001 0.884259259375 0.9427083328125001 0.8703703703125001
7 0.9276041671874999 0.302777778125 0.9334374999999999 0.2888888890625 0.9432291671874999 0.2888888890625 0.95 0.2824074078125 0.9723958328125001 0.2731481484375 0.9994791671875 0.2731481484375 0.9994791671875 0.0990740734375 0.9869791671874999 0.09444444375 0.8901041671875 0.0990740734375 0.8895833328125 0.10370370312499999 0.8807291671874999 0.1120370375 0.878125 0.12592592656249998 0.8645833328125001 0.2601851859375 0.8625 0.303703703125 0.8765625 0.3083333328125 0.9213541671875 0.3046296296875 0.9276041671874999 0.302777778125
7 0.6708333328125 0.3203703703125 0.6755208328125 0.3231481484375 0.7052083328125 0.3231481484375 0.7182291671875001 0.3203703703125 0.725 0.3148148140625 0.7822916671875 0.30555555624999997 0.7833333328125 0.309259259375 0.7880208328125 0.3111111109375 0.790625 0.30648148124999997 0.7869791671875 0.3 0.79375 0.2870370375 0.8067708328125001 0.290740740625 0.8109375 0.296296296875 0.8135416671875 0.3120370375 0.8520833328125 0.3101851859375 0.8604166671875 0.3046296296875 0.8755208328125 0.1453703703125 0.8765625 0.1166666671875 0.8744791671875 0.1111111109375 0.8026041671874999 0.109259259375 0.7083333328125 0.11574074062499999 0.6734375 0.125 0.6723958328124999 0.13333333281249998 0.6734375 0.1611111109375 0.6671875 0.275 0.6682291671875 0.3101851859375 0.6708333328125 0.3203703703125
7 0.46302083281249995 0.32592592656249997 0.4661458328125 0.3296296296875 0.4973958328125 0.3324074078125 0.5234375 0.3296296296875 0.5234375 0.322222221875 0.5270833328125 0.315740740625 0.5338541671875 0.3129629625 0.5484375 0.3166666671875 0.5536458328125 0.3046296296875 0.5604166671875 0.30555555624999997 0.565625 0.3240740734375 0.5739583328125 0.328703703125 0.5875 0.3231481484375 0.6098958328124999 0.33055555625 0.6479166671875001 0.325 0.6489583328124999 0.30648148124999997 0.6520833328125 0.29444444375 0.6552083328125 0.18148148125000002 0.6526041671875 0.1611111109375 0.6557291671875001 0.13888888906250002 0.6546875 0.12592592656249998 0.6015625 0.12407407343750002 0.45885416718750005 0.13148148125 0.45729166718750003 0.134259259375 0.45729166718750003 0.165740740625 0.4604166671875 0.284259259375 0.46302083281249995 0.32592592656249997
7 0.2822916671875 0.340740740625 0.3104166671875 0.3416666671875 0.3177083328125 0.33888888906250003 0.3229166671875 0.3333333328125 0.328125 0.3333333328125 0.3291666671875 0.32592592656249997 0.33541666718749996 0.31944444375000003 0.3416666671875 0.3203703703125 0.3515625 0.309259259375 0.3578125 0.3129629625 0.36770833281250004 0.30648148124999997 0.3765625 0.3083333328125 0.3807291671875 0.31944444375000003 0.3807291671875 0.3296296296875 0.3828125 0.33055555625 0.425 0.33148148125 0.4546875 0.32777777812500003 0.4609375 0.3240740734375 0.4578125 0.20740740781250003 0.4546875 0.178703703125 0.4557291671875 0.13703703750000001 0.4526041671875 0.1268518515625 0.3479166671875 0.134259259375 0.2864583328125 0.1425925921875 0.26614583281250004 0.1481481484375 0.2604166671875 0.15555555625 0.2604166671875 0.177777778125 0.2708333328125 0.246296296875 0.2791666671875 0.3333333328125 0.2822916671875 0.340740740625
7 0.3375 0.13055555624999998 0.3411458328125 0.13333333281249998 0.46458333281249997 0.1231481484375 0.46458333281249997 0.027777778125000003 0.4625 0.019444443750000002 0.446875 0.018518518749999997 0.3348958328125 0.0324074078125 0.33125 0.0361111109375 0.3255208328125 0.061111110937500004 0.3213541671875 0.0648148140625 0.32083333281250004 0.06851851875000001 0.3270833328125 0.0870370375 0.3302083328125 0.1148148140625 0.3375 0.13055555624999998
7 0.48020833281249997 0.125 0.5859375 0.12222222187500001 0.603125 0.1203703703125 0.60625 0.1166666671875 0.60625 0.0990740734375 0.6026041671875 0.0861111109375 0.6052083328125 0.0638888890625 0.6088541671875001 0.0546296296875 0.6098958328124999 0.0175925921875 0.6083333328125 0.0148148140625 0.5697916671875001 0.0111111109375 0.496875 0.015740740625 0.475 0.0259259265625 0.475 0.061111110937500004 0.47864583281249995 0.08950648125 0.4770833328125 0.1203703703125 0.48020833281249997 0.125
7 0.7015625 0 0.6916666671875 0.0074074078125 0.6635416671875001 0.002777778125 0.6145833328125 0.009259259374999999 0.6104166671875 0.0129629625 0.6114583328125 0.0259259265625 0.6098958328124999 0.0333333328125 0.6098958328124999 0.0574074078125 0.6125 0.0638888890625 0.6125 0.08333333281250001 0.6088541671875001 0.0990740734375 0.6083333328125 0.1148148140625 0.6098958328124999 0.11944444375 0.6578125 0.11944444375 0.6609375 0.13055555624999998 0.6677083328125 0.1324074078125 0.6697916671875 0.13148148125 0.6703125 0.11944444375 0.6807291671875 0.1129629625 0.7359375 0.10648148125000001 0.7395833328125 0.09629629687499999 0.7395833328125 0.0629629625 0.7432291671875 0.028703703125 0.7411458328125 0 0.7015625 0
7 0.8739583328125 0.08796296249999999 0.8765625 0.034259259375000004 0.8796875 0.021296296875000002 0.8807291671874999 0.0018518515625 0.7510416671875 0 0.7489583328125 0.03148148125 0.7510416671875 0.053703703125 0.7463541671875 0.0870370375 0.7458333328125 0.102777778125 0.7494791671875001 0.1074074078125 0.8697916671874999 0.09629629687499999 0.8739583328125 0.08796296249999999
7 0.8947916671874999 0 0.8895833328125 0.0324074078125 0.8854166671874999 0.0953703703125 0.9864583328125001 0.09074074062500001 0.9994791671875 0.037037037499999995 0.9994791671875 0 0.8947916671874999 0
7 0 0.17314814843749998 0.017708332812499998 0.172222221875 0.0260416671875 0.1601851859375 0.040625 0.1601851859375 0.0479166671875 0.1666666671875 0.07864583281250001 0.16851851874999998 0.10729166718750001 0.16388888906250001 0.1098958328125 0.15370370312499998 0.1088541671875 0.13888888906250002 0.0895833328125 0.037037037499999995 0.08541666718749999 0.0324074078125 0.0416666671875 0.034259259375000004 0 0.037037037499999995 0 0.17314814843749998
1 0.1817708328125 0.3759259265625 0.1848958328125 0.36759259218749996 0.17916666718750002 0.3333333328125 0.1755208328125 0.2898148140625 0.1796875 0.2796296296875 0.1864583328125 0.28055555625 0.1890625 0.28796296250000003 0.1901041671875 0.2768518515625 0.1739583328125 0.15092592656249998 0.1697916671875 0.13333333281249998 0.1604166671875 0.1111111109375 0.1463541671875 0.0990740734375 0.1302083328125 0.0990740734375 0.12291666718750001 0.10370370312499999 0.1130208328125 0.1166666671875 0.109375 0.13333333281249998 0.11145833281249999 0.1583333328125 0.1145833328125 0.1629629625 0.1817708328125 0.3759259265625
1 0 0.328703703125 0.009375 0.328703703125 0.0166666671875 0.3351851859375 0.0286458328125 0.3333333328125 0.0296875 0.321296296875 0.0244791671875 0.2796296296875 0.01875 0.2666666671875 0.014583332812499999 0.2638888890625 0.0015625 0.24259259218749998 0 0.24259259218749998 0 0.328703703125
1 0.6635416671875001 0.5287037031249999 0.6473958328125 0.5046296296875 0.6317708328125 0.490740740625 0.6036458328125 0.48148148125 0.5869791671875 0.4824074078125 0.5265625 0.540740740625 0.5234375 0.54444444375 0.53125 0.547222221875 0.6458333328125 0.5351851859375001 0.6635416671875001 0.5287037031249999
1 0.3963541671875 0.5018518515625 0.38333333281250004 0.4861111109375 0.3739583328125 0.48148148125 0.34375 0.478703703125 0.3255208328125 0.4879629625 0.30625 0.5074074078125 0.3057291671875 0.5138888890625 0.3135416671875 0.5138888890625 0.3916666671875 0.50555555625 0.3963541671875 0.5018518515625
1 0.8729166671874999 0.5148148140625 0.8796875 0.50555555625 0.89375 0.5046296296875 0.8979166671875 0.5009259265625 0.8838541671875 0.477777778125 0.875 0.47222222187499996 0.8536458328125001 0.465740740625 0.8375 0.46666666718750005 0.809375 0.48981481406249994 0.7958333328125 0.5148148140625 0.7973958328124999 0.521296296875 0.8609375 0.515740740625 0.8734375 0.5175925921875 0.8729166671874999 0.5148148140625
8 0.5635416671875 0.95 0.5703125 0.9324074078125 0.5697916671875001 0.9138888890624999 0.5604166671875 0.8851851859375 0.5484375 0.8851851859375 0.5411458328125 0.897222221875 0.5223958328125 0.8981481484374999 0.5229166671875001 0.9101851859375 0.5286458328125 0.9259259265625 0.546875 0.9481481484375 0.5635416671875 0.95
8 0.5151041671875001 0.36296296250000004 0.5151041671875001 0.35 0.5083333328124999 0.3361111109375 0.49322916718750004 0.3379629625 0.49322916718750004 0.3509259265625 0.49635416718750003 0.3601851859375 0.5067708328125 0.365740740625 0.5151041671875001 0.36296296250000004
8 0.8864583328125001 0.34629629687499996 0.8828125 0.3351851859375 0.8729166671874999 0.325 0.8651041671874999 0.3231481484375 0.8567708328125001 0.33055555625 0.8572916671874999 0.34351851875 0.871875 0.352777778125 0.88125 0.353703703125 0.8864583328125001 0.34629629687499996
2 0.05208333281250001 0.44351851875000003 0.056770832812500005 0.45 0.0880208328125 0.396296296875 0.0713541671875 0.2870370375 0.065625 0.27870370312500004 0.052604167187499995 0.28148148125 0.0463541671875 0.290740740625 0.0447916671875 0.29814814843750004 0.046875 0.309259259375 0.0453125 0.321296296875 0.0364583328125 0.31759259218749997 0.0333333328125 0.3231481484375 0.0328125 0.33703703749999997 0.0364583328125 0.3490740734375 0.0421875 0.39351851875 0.05208333281250001 0.44351851875000003
2 0 0.2379629625 0.015625 0.25555555625 0.0171875 0.26203703749999996 0.0260416671875 0.2740740734375 0.0286458328125 0.2953703703125 0.0333333328125 0.296296296875 0.0411458328125 0.27777777812500004 0.0447916671875 0.2611111109375 0.0395833328125 0.2518518515625 0.0364583328125 0.2518518515625 0.0364583328125 0.25648148125 0.0307291671875 0.26203703749999996 0.0260416671875 0.2611111109375 0.0151041671875 0.24907407343750002 0.0140625 0.23518518593749999 0.0057291671875 0.23333333281250002 0 0.23518518593749999 0 0.2379629625
2 0.521875 0.54351851875 0.5411458328125 0.525 0.5385416671875001 0.4861111109375 0.4947916671875 0.4879629625 0.4927083328125 0.48981481406249994 0.4927083328125 0.5009259265625 0.496875 0.5453703703125 0.521875 0.54351851875
2 0.7135416671875 0.5287037031249999 0.71875 0.525 0.7119791671875 0.503703703125 0.70625 0.47407407343749997 0.6807291671875 0.47592592656250005 0.6770833328125 0.477777778125 0.6760416671875 0.48425925937500003 0.6755208328125 0.5074074078125 0.6770833328125 0.525 0.6791666671875001 0.5287037031249999 0.7135416671875 0.5287037031249999