6 0.689453653125 0.80021980625 0.681131396875 0.7971311046875 0.664249909375 0.8005164453125 0.65966829375 0.8095050968749999 0.6624619734375 0.8168942937500001 0.6724652515625 0.8207901265625 0.6841023421875 0.8188178125000001 0.692128846875 0.8123903765625 0.6928629046875 0.808509346875 0.689453653125 0.80021980625
6 0.4504644921875 0.688494659375 0.381801821875 0.7135858921875 0.3709459984375 0.7183524578125 0.3677140125 0.724360428125 0.4011330984375 0.7443374703125001 0.416463621875 0.74776723125 0.4816814046875 0.7201147812500001 0.5029788109375 0.7058468828125 0.4721048625 0.6904181781250001 0.4504644921875 0.688494659375
6 0.1343663609375 0.8611882703125 0.130957109375 0.852898728125 0.11428945312500001 0.8219141140625 0.029056731250000002 0.8539504375 0.03385078125 0.9087466734375 0.053178415624999996 0.9026425437500001 0.1337979984375 0.8669632046875 0.1343663609375 0.8611882703125
7 0.49475329375 0.059617995312500005 0.49064562343749996 0.049481156250000005 0.48989999375000004 0.040958578125 0.4826075484375 0.043504985937500004 0.4778486671875 0.0381961265625 0.47313699375 0.0395625453125 0.46187942968750006 0.009058809375 0.4638802703125 0.0012501484375 0.41913141875 0.005165165625 0.420978134375 0.007866203125 0.4149756125 0.031292189062499996 0.38604279531249996 0.031915078125 0.393393096875 0.09138669687499999 0.397050890625 0.10251709843750001 0.40460252499999994 0.1581542953125 0.40731335625 0.1645965390625 0.434979390625 0.1679012828125 0.5108748015625 0.1641238984375 0.49475329375 0.059617995312500005
7 0.5378567640624999 0.049167521874999995 0.5261368265625 0.05019288281249999 0.5445665 0.1688098671875 0.627553025 0.16632049531249998 0.6111829734375 0.05897373125000001 0.5982675296875 0.0524700765625 0.59515403125 0.053696673437499995 0.5921705890625 0.062545503125 0.5841325140625 0.056569334375 0.5807232625000001 0.0482797921875 0.5786048625 0.0179306859375 0.5766752984375 0.01428269375 0.5656181421875 0.0228836828125 0.5639014828125 0.027804876562500004 0.56604395 0.040022053125 0.561178153125 0.051898170312500005 0.56037281875 0.06723585 0.5573421671875 0.0694094015625 0.5552469078125 0.063867503125 0.5500853578125 0.0662274828125 0.54610774375 0.063712875 0.5460961734375 0.0513092703125 0.5431483703125 0.054429773437499995 0.5378567640624999 0.049167521874999995
7 0.3523126828125 0.1617748625 0.350644159375 0.13043219374999998 0.3383933484375 0.045625879687499996 0.3330429625 0.021284740625 0.32525343125 0.01814943125 0.301647859375 0.0183062484375 0.29665200625 0.022560134375 0.290184065625 0.016446596875 0.197466078125 0.0245583703125 0.1986066421875 0.04926781875 0.20696361093750001 0.0895673375 0.2115915109375 0.1301931078125 0.22149944375000002 0.163677525 0.251130678125 0.1649019328125 0.2810343375 0.1594230984375 0.3004727171875 0.1644018703125 0.31469058125 0.16124956562499998 0.3285057796875 0.1657661 0.3523126828125 0.1617748625
7 0 0.157107075 0.026913396875000002 0.16066336875 0.0396159359375 0.1585978390625 0.043049253125 0.14875544999999998 0.0595637109375 0.147310621875 0.0629729625 0.1556001625 0.082813825 0.161497925 0.14199344687499998 0.1629997875 0.150351340625 0.1603601640625 0.1515709140625 0.1497572484375 0.14557024375 0.08730495 0.139687134375 0.06301042031250001 0.135770446875 0.029956037499999998 0 0.0418344125 0 0.157107075
7 0 0.2832353296875 0.014693593750000001 0.284824440625 0.10648789218750002 0.27870188281249997 0.10561220625000001 0.262557071875 0.096793790625 0.2108475078125 0.08668452343750001 0.1811975109375 0.08418659687499999 0.183324453125 0.0805760109375 0.17886933124999999 0.071886725 0.17772114375 0.06983867499999999 0.1788545265625 0.06943600625 0.186523365625 0.05505244687500001 0.1877817640625 0.051228957812499996 0.17475745781250002 0.0333533 0.1667793609375 0.025409642187499998 0.17415375 0.014838 0.17603285 0.005746046875 0.1825535015625 0.002253946875 0.17331700781249998 0 0.17351420312500002 0 0.2832353296875
7 0.227546396875 0.275744246875 0.240331784375 0.27462567031249996 0.24319674062500002 0.2705582125 0.23783478281249998 0.23381347031250002 0.23920848125 0.21270085781249998 0.237113221875 0.20715896093750003 0.23894836718749998 0.19745639375 0.23532621250000002 0.180597665625 0.2167993421875 0.17744755 0.198236834375 0.180025759375 0.192779534375 0.1728696015625 0.189690103125 0.1559642671875 0.1838185625 0.1440733421875 0.174442428125 0.15348146093749998 0.17601653281250002 0.1714735703125 0.1693512296875 0.1873239296875 0.16234296406249998 0.186982871875 0.1554647546875 0.194264046875 0.14643250624999998 0.17692444062499998 0.13815745937499999 0.1805110171875 0.14066603125 0.233726821875 0.14873882031250002 0.2769138078125 0.227546396875 0.275744246875
7 0.2826202 0.18123098437500001 0.28188614218749997 0.18511201093750002 0.25999723124999996 0.1803476328125 0.2505738859375 0.183080471875 0.269631628125 0.272062265625 0.31844094218749996 0.271608809375 0.349173265625 0.2670116765625 0.3381536 0.1840060515625 0.3362240359375 0.1803580609375 0.308439515625 0.181834690625 0.299537325 0.1721173171875 0.29474280625 0.1725367828125 0.2885630171875 0.18166525625000002 0.2826202 0.18123098437500001
7 0.3906785609375 0.256701025 0.39355508906250003 0.2650371734375 0.459163040625 0.260251421875 0.457837478125 0.24510017187500002 0.44449715312500004 0.1785190015625 0.43334557812499996 0.1737694296875 0.43125031875 0.1682275328125 0.4233423 0.169873596875 0.41165799999999997 0.1651706328125 0.4050933625 0.1791037828125 0.37872350312499997 0.181410846875 0.3906785609375 0.256701025
8 0.498826253125 0.0325440203125 0.50397623125 0.017780434375 0.5012181906250001 0.0046629125 0.48929691875000003 0.00952269375 0.4839812453125 0.022392373437499998 0.48640789531250006 0.0317220828125 0.49276495000000003 0.036891121875 0.498826253125 0.0325440203125
1 0.5087121890625 0 0.5094932390625 0.0010763359375 0.5300797296875001 0.0154966734375 0.5422495421875 0.013477751562500001 0.548760721875 0.008137090625 0.5540407578125001 0.0009957375 0.5543975921875 0 0.5087121890625 0