8 0.6869174890624999 0.9933607375 0.6958763125 0.9782423578125 0.6947112953125 0.97020623125 0.6853809296875 0.9640390156249999 0.6751365890625001 0.96421783125 0.6702052093749999 0.975237678125 0.666479015625 0.9965948015625001 0.6670478390625 0.9971603328124999 0.6831952125 0.9968784796874999 0.6869174890624999 0.9933607375
8 0.8411365609375 0.4940454390625 0.8339253546875 0.49186946562499995 0.8298979093750001 0.49596799531249997 0.8300987421875 0.5074737218750001 0.8383042578125 0.5079059578125 0.8443504453124999 0.5020458031249999 0.8411365609375 0.4940454390625
8 0.457436053125 0.4098200171875 0.45559805937500003 0.42193679375000004 0.4608608140625 0.4299013953125 0.47624740781249997 0.43078374531249997 0.4895248859375 0.4282501390625 0.4915034625 0.424187371875 0.47072357187499997 0.40786169843750003 0.46251805625 0.4074294640625 0.457436053125 0.4098200171875
7 0.4956365890625 0 0.350638559375 0.0025309499999999997 0.3584588609375 0.023111065625 0.36978788749999997 0.0263660859375 0.3811872046875 0.0336481125 0.365961275 0.04197034375 0.3778425921875 0.0768661140625 0.3809560609375 0.079113615625 0.39787930625 0.0799691421875 0.408696115625 0.083233103125 0.42057743125 0.118128875 0.4073602046875 0.1241141984375 0.4166604453125 0.12855555624999998 0.40344321875 0.1345408796875 0.402539284375 0.141462196875 0.40787232968750003 0.153453803125 0.4140591015625 0.155647659375 0.413366040625 0.174649990625 0.43590340781250003 0.23295368593750002 0.4400413109375 0.23518330625 0.509682746875 0.23281678593750002 0.53932104375 0.22827121718750001 0.5700540671875001 0.22773477031249997 0.57625088125 0.2305039125 0.58849388125 0.227412903125 0.66017414375 0.2244353328125 0.6785737921874999 0.22181231875 0.6907665859375001 0.2158448765625 0.6901540453125 0.18075240937499998 0.6804923031250001 0.15560074375 0.6709211234375 0.0769295640625 0.649801325 0 0.4956365890625 0
7 0.9645110406249999 0.34112098125 0.96215088125 0.32332286718750003 0.956918253125 0.31708412343750003 0.9128475015624999 0.3167024578125 0.9036577203125 0.3185892515625 0.9040292609374999 0.339874846875 0.914635103125 0.360406340625 0.9229611171875 0.3677420109375 0.9331652921875 0.3652620484375 0.9618394046875001 0.3641860796875 0.9645110406249999 0.34112098125
7 0.9460710421874999 0.4001399390625 0.9523180625000001 0.40578551406249996 0.9546581406250001 0.4224330546875 0.9588362109374999 0.42696381875 0.9690705093749999 0.42620971562500004 0.9721036453125 0.4238549265625 0.966198225 0.3790719984375 0.9139520843750001 0.3799839578125 0.9079159390625 0.386419396875 0.9132791078125001 0.40013686249999997 0.9358668671875 0.40261990000000003 0.9408986640625001 0.3973529140625 0.9460710421874999 0.4001399390625
7 0.9745441375 0.44625533125 0.9714407109375 0.4445831171875 0.9581331093750001 0.44539086406250006 0.9586251499999999 0.473579896875 0.966057271875 0.48841217031250006 0.9773059625 0.4870649 0.9745441375 0.44625533125
7 0.9824279484374999 0.5456725828125 0.97971633125 0.507739446875 0.9766028625000001 0.505491946875 0.964309653125 0.505706525 0.9634810328125001 0.5169424890625 0.9553909968750001 0.5231260484375 0.9461409640625 0.5215611234375 0.9420833953125 0.523933796875 0.9424248109375 0.5434935328125 0.9465627140624999 0.5457231515625 0.9824279484374999 0.5456725828125
7 0.98128283125 0.5974841171875 0.9873993109375 0.59565096875 0.9826589078125 0.5589041703125 0.969331221875 0.5585613421875 0.97303715 0.5947507390625 0.98128283125 0.5974841171875
7 0.947426296875 0.595197778125 0.9556820187499999 0.5985064437500001 0.970024096875 0.598256103125 0.9719926328125 0.5936180484375 0.9693513062499999 0.559711915625 0.9661173375000001 0.5505609781249999 0.961989475 0.5489066453125 0.9435597046875 0.5498038015625 0.947426296875 0.595197778125
7 0.955571378125 0.650875384375 0.957670453125 0.6537160531249999 0.9638270999999999 0.65418405 0.9750858328125 0.6534120671875 0.9780988859375 0.649906703125 0.974392959375 0.61371730625 0.9661472765625 0.610983928125 0.950780765625 0.6112521515625 0.955571378125 0.650875384375
7 0.95075045625 0.6682233828124999 0.9282028640625001 0.6680414906250001 0.9232313187500001 0.6767601953125 0.92842378125 0.680697790625 0.957168184375 0.683648825 0.9637767078125 0.7100047093749999 0.9801877359375 0.710869175 0.98418505625 0.7050447859375 0.9795149453124999 0.6723249906250001 0.95075045625 0.6682233828124999
7 0.9247786578125 0.4718688421875 0.9073431953125001 0.47102225468750003 0.8910727484375001 0.478211796875 0.885297684375 0.49960468281250003 0.8996698875 0.5010801984375 0.9079256109375 0.5043888640625 0.9366499312500001 0.5061893265624999 0.9420934359375 0.5245090828125 0.9595288999999999 0.52535566875 0.9635663859375001 0.5218324234375 0.9621503265625 0.49941413749999997 0.9597801265625 0.48104073593749996 0.9545374546875 0.4742267078125 0.9319798203125 0.47346952968749995 0.92881614375 0.468345596875 0.9247786578125 0.4718688421875
7 0.9377247593750001 0.45035078593750005 0.9318494640624999 0.4072937171875 0.9194859640624999 0.4034812921875 0.8938851515625 0.40450361562500003 0.8951405453125 0.41771732031250003 0.8880498390625 0.42244478281250003 0.8968176874999999 0.45509305468749994 0.9163823515624999 0.46050616718750004 0.923553390625 0.460380996875 0.9347518750000001 0.45615729531250004 0.9377247593750001 0.45035078593750005
7 0.7880974984375 0.3321155953125 0.7400394703125001 0.3381336078125 0.7360421500000001 0.343957996875 0.74704965625 0.38750094375 0.7512175 0.4501535125 0.7994462375 0.45391537031249996 0.8128442140625 0.45828520156249997 0.8160179328125 0.46398441874999996 0.8590140406250001 0.46150753437500003 0.8589136234374999 0.455754671875 0.8680431562500001 0.450416159375 0.876268753125 0.45199896562499997 0.8854484953125 0.4495368875 0.8753350640625 0.33980024375 0.8700622703124999 0.3312603578125 0.8168318625 0.33449134375 0.7880974984375 0.3321155953125
7 0.8585829875 0.2019818609375 0.8692790203125 0.2863880203125 0.87240253125 0.2892108078125 0.8867747328125001 0.29068632499999997 0.909322325 0.2908682171875 0.9194863328125 0.28608710937500004 0.910738753125 0.19589232343750002 0.87184038125 0.19829768125 0.8585829875 0.2019818609375
7 0.8361060578125 0.08843279062500001 0.81463310625 0.09110945000000001 0.80263110625 0.1080073328125 0.8109370374999999 0.11419243125 0.8186101593749999 0.142831578125 0.8238026218750001 0.1467691734375 0.832992403125 0.14488238125 0.8412180015624999 0.14646518749999998 0.8526474437499999 0.15547307187499998 0.8548770609374999 0.16579246406249998 0.9029652140625 0.16150031250000002 0.9059883078125001 0.158570234375 0.8949609031250001 0.055179623437500006 0.8437793640625 0.0583748484375 0.8432268875 0.0854311890625 0.8361060578125 0.08843279062500001
7 0.8359124203125001 0 0.8378839843750001 0.01416720625 0.892078578125 0.0074666203125 0.8921944046875 0 0.8359124203125001 0
7 0.6565365359374999 0 0.6615608171875 0.0103393984375 0.6729174578125 0.015176457812499999 0.6752901687499999 0.0336936796875 0.6661204703125 0.036731046875 0.6662710953125 0.045360340625 0.6751895671875 0.08663790625 0.680602946875 0.103231803125 0.6847508921875 0.10603670937500001 0.6908874546875 0.10535413281249999 0.7022466046875 0.1103350125 0.7440375296874999 0.0975208546875 0.7972478515625 0.09313929531250001 0.8043385578125 0.088411834375 0.8095008953124999 0.0906235703125 0.8360759328125 0.0867069328125 0.8411278125000001 0.0825905203125 0.8321296890625 0 0.6565365359374999 0
7 0.8376018953125 0.291544640625 0.844742809375 0.2896936109375 0.85706614375 0.291204890625 0.8662458828125 0.2887428109375 0.8682345015624999 0.2852553296875 0.8549674359375 0.1709700421875 0.850789365625 0.1664392765625 0.8484794156250001 0.15151759375 0.8432769109375 0.1470047125 0.8319980953125 0.146626121875 0.8146429656249999 0.15038182656250002 0.7798021640624999 0.1504145140625 0.733793003125 0.1563967609375 0.709296959375 0.1620034953125 0.711546659375 0.1734734609375 0.7217608765625 0.171568784375 0.7300166 0.1748774515625 0.7401603390625 0.2276428609375 0.74657806875 0.24306830468750001 0.7491189781250001 0.271221571875 0.7544419828125 0.2826378921875 0.7626977046875 0.285946559375 0.765851340625 0.290495203125 0.7996576671875 0.2899051125 0.817133296875 0.2930528453125 0.8324395578124999 0.2893329015625 0.8376018953125 0.291544640625
7 0.666731534375 0.5414002359375 0.674856715625 0.5372301796875 0.694280796875 0.5345892828125 0.7034404546874999 0.5309766312499999 0.7249636109375001 0.53117640625 0.7474509546875 0.5279065796875 0.753657809375 0.5312510078125 0.76075855625 0.5270988328125 0.7193800796875001 0.32871137031250003 0.71097373125 0.3167734078125 0.6699963671875 0.3174886703125 0.6321525546875 0.32160200625 0.49796172812500006 0.3245197796875 0.4723709578125 0.3261173890625 0.46526016875 0.32969427812499996 0.5158989046875 0.4715248640625 0.52218609375 0.479471584375 0.5223568015625 0.4892514515625 0.53527259375 0.5247046265625 0.5404650546875 0.5286422234375 0.573277071875 0.529795871875 0.5755368140625 0.5418411234375 0.585027846875 0.5572129203125 0.5993598828125 0.5563872921875 0.6197481484375 0.550276796875 0.6269392703125 0.5513021984375001 0.65746141875 0.5386847390625 0.666731534375 0.5414002359375
7 0.5610640109375 0.59330983125 0.576149171875 0.63563068125 0.6165939593750001 0.721819421875 0.609473128125 0.724821025 0.63404950625 0.72381658125 0.6392018 0.7254530328125 0.642606478125 0.7443838390625 0.6518765937500001 0.747099334375 0.80467794375 0.7536395640625 0.8094486546875 0.733415134375 0.776315675 0.596458140625 0.7526432328125 0.5905412671875 0.7157234359375 0.5888838562500001 0.6768250671875 0.591289215625 0.5651115390625 0.5903618749999999 0.5610640109375 0.59330983125
7 0.94304739375 0.5791612875000001 0.940054609375 0.52512013125 0.935665665625 0.508508353125 0.9315177203125 0.505703446875 0.882274590625 0.502534759375 0.8484883484375001 0.504275421875 0.8445512796875001 0.51355153125 0.8599981234375 0.5178855984374999 0.8641962765625 0.523566934375 0.8459171296875001 0.5330933859375 0.8431049093749999 0.5481044749999999 0.8525256499999999 0.55944926875 0.8526863171875 0.56865385 0.8896061109375 0.5703112609375001 0.8999006609375 0.573008875 0.9152470906250001 0.5715900796875 0.9256520968749999 0.5806158453125 0.929900459375 0.589173615625 0.9401347578125 0.5884195125 0.944282703125 0.59122441875 0.94826998125 0.5848247421874999 0.94304739375 0.5791612875000001
7 0.9094720265625 0.5929829640625 0.9012163031249999 0.5896742984375 0.8715378390625 0.5919187234375001 0.8571656375 0.59044320625 0.857386553125 0.60309950625 0.8635231156250001 0.6024169296874999 0.8666466265625001 0.6052397171874999 0.8799943953125 0.606733115625 0.8719897124999999 0.617806609375 0.858722278125 0.6209155015625 0.8753943921875 0.6367374156250001 0.8817819953124999 0.6504369984375 0.92286981875 0.6560498859375 0.9269374296875 0.6542525 0.9361874609375 0.6558174250000001 0.9494850218750001 0.6544343921875 0.95353255 0.6514864328125001 0.9533718828125 0.6422818515625 0.9443329125 0.59410085 0.9094720265625 0.5929829640625
7 0.9150960953125 0.6803549656250001 0.9243057765625 0.738315834375 0.9273389109375 0.7359610437499999 0.9550488406250001 0.7383546734374999 0.9642285828125001 0.7358925953125001 0.9592170546875 0.6836130609375 0.9530403234374999 0.6819944921875 0.9242959187500001 0.6790434578125 0.9150960953125 0.6803549656250001
7 0.9694509828125 0.8002531421875 0.97245399375 0.7961724921875 0.967693509375 0.7582751187500001 0.963505396875 0.7531690671875 0.9286645953124999 0.753201753125 0.937653359375 0.7985063234374999 0.9510412953125 0.8023008687500001 0.9694509828125 0.8002531421875
7 0.9135891078125 0.8288503734375 0.898242678125 0.8302691671875 0.9024709578125 0.837676365625 0.896444853125 0.844687090625 0.939651834375 0.8542912203125 0.9480280578125001 0.8645033218749999 0.97472359375 0.8674901187499999 0.9797252656250001 0.860497275 0.97596913125 0.821431446875 0.9738800953125001 0.8191660640625 0.9605222843749999 0.8170973796875 0.943056696875 0.8145249343750001 0.9340476656250001 0.8267668828125 0.91866106875 0.8258845328125 0.9135891078125 0.8288503734375
7 0.8359028234375 0.8399892390625 0.840271684375 0.85545044375 0.8526251437499999 0.8586875828125 0.852725559375 0.8644404484375 0.8466291640625 0.8674241687500001 0.8621563421875 0.8763605265625 0.8673889703125001 0.8825992687499999 0.8623973421875 0.8901673999999999 0.872772225 0.8974673078125001 0.8975193109375 0.9062427312500001 0.9149547734375 0.9070893171875 0.9325006953124999 0.9142640546875 0.9489117234375 0.9151285203124999 0.9518444421875 0.9070208671875 0.9427753453125 0.85711400625 0.9314262375 0.8527084140625 0.884131559375 0.843751096875 0.8359028234375 0.8399892390625
7 0.8864210578125 0.9749163875000001 0.8823936124999999 0.9790149171874999 0.9080847999999999 0.9831701703125001 0.9634946171875001 0.9873821421875 0.9631532 0.96782240625 0.9553997453124999 0.9345809671875 0.8732542249999999 0.925081053125 0.8589021046875001 0.9247561078125001 0.8569034437499999 0.927668303125 0.8645263578125 0.9534310171874999 0.87687981875 0.9566681578124999 0.8831268390625 0.9623137312500001 0.8864210578125 0.9749163875000001
7 0.8948582703125 0.7537918453125 0.8906902421874999 0.7498363671875 0.8423811718750001 0.74147221875 0.81674019375 0.7401934 0.8150227015624999 0.7592136125 0.8171820265624999 0.7655059984375 0.825427709375 0.768239378125 0.8205565796875 0.7827109453125 0.8484773828125001 0.7971855875 0.8444800625 0.803009978125 0.8518017265625 0.8115141015624999 0.8785675562499999 0.8185279046874999 0.8929096328125 0.8182775624999999 0.91759646875 0.8236012687500001 0.93503193125 0.8244478546874999 0.9380650671874999 0.822093065625 0.93559445 0.7979668015625 0.9256113765625 0.754405971875 0.9163513015625 0.752265759375 0.9081959968750001 0.7547099578124999 0.8948582703125 0.7537918453125
7 0.8237304828124999 0.7297130734375 0.91618059375 0.742485890625 0.920258246875 0.7412637937500001 0.9232311328125 0.735457284375 0.909672675 0.6631857812499999 0.9055146890625 0.6598055890625 0.8859600656250001 0.6549677625 0.867570459375 0.6581660625 0.8295760218750001 0.6536501015625 0.796774046875 0.653071740625 0.7947854296875 0.656559221875 0.8012332828125001 0.6737105234375 0.8025790515625 0.6921018046875 0.8237304828124999 0.7297130734375
1 0.47055138437500005 0.867658553125 0.35069259375 0.869750696875 0.3466249828125 0.8715480812499999 0.34669527499999997 0.8755750859375 0.5055126859375 0.8745293015625 0.5259612015624999 0.871870525 0.5300991046875 0.87410014375 0.5315452890625 0.898244290625 0.60949265625 0.9020628687500001 0.6135502265625 0.8996901968750001 0.6221475515625 0.8638615078124999 0.64976710625 0.8610775609375001 0.658022828125 0.8643862265625 0.684688240625 0.865647165625 0.6898706609375 0.869009475 0.7082301421875 0.8640853156249999 0.731782084375 0.8630987546875 0.76548799375 0.8567557984375 0.8010519796875 0.8394466390625 0.8050493 0.8336222484375 0.804838425 0.8215412359375 0.794413334375 0.8113648984375 0.7727194671875 0.80138525625 0.7224016953125 0.795358015625 0.718243709375 0.791977825 0.624025896875 0.7953487875 0.5738286234375 0.796224984375 0.570725196875 0.7945527703125 0.563664615625 0.8010060906250001 0.52779938125 0.8010566578124999 0.44148583124999996 0.7876012640625001 0.4107528078125 0.7881377109375001 0.47342403906249997 0.797402090625 0.5042876046875 0.804344365625 0.5063967234375 0.8077603218749999 0.498361915625 0.8171079562499999 0.4845721296875 0.8489990468749999 0.4774713828125 0.8531512234375 0.4466680671875 0.8496606640625 0.446738359375 0.8536876703124999 0.47447841406249996 0.857807159375 0.47865648437499997 0.8623379234374999 0.47055138437500005 0.867658553125
1 0.7377979640625 0.9142098328125 0.7214672671875 0.91794765625 0.6988995921875001 0.9166151921875001 0.698075990625 0.9281387999999999 0.7163047453125 0.9744330078125 0.7215273328125 0.9800964640625001 0.7605060359375 0.9822933968750001 0.7993742828125 0.9781621796875 0.803431853125 0.9757895062499999 0.8177538484375001 0.97438859375 0.8228157671874999 0.9708474656250001 0.83001693125 0.9724481546874999 0.8411852906249999 0.9664985937499999 0.8471812703125 0.9577620093749999 0.8375596968749999 0.9349114875 0.8055612390625001 0.9216589453124999 0.784972140625 0.9162637124999999 0.7377979640625 0.9142098328125
1 0.6130602171875 0.22583317187500002 0.5782997484375 0.23046814843750002 0.559829809375 0.22906415781249997 0.47078437500000003 0.2352221453125 0.49678666875 0.3159083640625 0.5020293390624999 0.3227223921875 0.6433811640625 0.3191041640625 0.6525408203125 0.3154915125 0.668901640625 0.31347954843750003 0.6880646406250001 0.2958812078125 0.6959990281249999 0.2807807109375 0.69782698125 0.268088646875 0.687160890625 0.24410543593749998 0.676826175 0.23910667343749997 0.6788147921875 0.2356191921875 0.674636721875 0.231088428125 0.6632574890625 0.224956975 0.6130602171875 0.22583317187500002
1 0.7808466796875 0.1515472046875 0.7787174796875 0.1469806765625 0.755999178125 0.137018915625 0.716970265625 0.131945553125 0.697495975 0.1317100171875 0.689390878125 0.137030646875 0.6918313703125001 0.15943105156249998 0.7808466796875 0.1515472046875
1 0.784009803125 0.332762409375 0.8053220859374999 0.32088116875 0.8173140468750001 0.3034079984375 0.817133296875 0.2930528453125 0.8058243546874999 0.2909483953125 0.7576458265625 0.2900629703125 0.7429924578125 0.272479434375 0.726581428125 0.2716149671875 0.7183156640624999 0.267731015625 0.7162969203125 0.2694926375 0.721007196875 0.3045135796875 0.7318540375 0.33885194531249996 0.784009803125 0.332762409375
1 0.7880162421875 0.62099875625 0.8054215796875 0.620119484375 0.8399912578125001 0.6045540640625 0.8470016296875 0.5952243125 0.8467807125 0.5825680125 0.82186291875 0.5640127203125 0.7776716671874999 0.55672761875 0.7530752078125 0.556581490625 0.7479831625 0.55839675625 0.753547165625 0.5836199484375 0.7577051515625 0.587000140625 0.7720371890625 0.5861745125 0.7880162421875 0.62099875625
2 0 0.3779501640625 0.0039433 0.378028909375 0.023497923437500002 0.3828667359375 0.0541907796875 0.3800291453125 0.06935645781250001 0.36825519375 0.0670465078125 0.3533335125 0.053598321875 0.34608724999999996 0.0444687890625 0.3514257609375 0.036253234375 0.3504182421875 0.0361829421875 0.3463912359375 0.0269429515625 0.345401596875 0.0023766171875 0.346981328125 0 0.348432978125 0 0.3779501640625
2 0 0.40093809062499997 0.026872476562499997 0.40007168281250005 0.08826823125 0.39497178593750004 0.0839797015625 0.38411287031249997 0.0757139390625 0.3802289171875 0.0624967109375 0.3862142421875 0.036946109375 0.39011300000000004 0.0000363546875 0.3890308765625 0 0.3890218828125 0 0.40093809062499997
2 0.109540346875 0.3807894 0.11980477187500001 0.38176115781250003 0.12174318125000001 0.37539724375 0.1006720828125 0.342388265625 0.0904377828125 0.34314236875000004 0.08785652187500001 0.37138504375000003 0.0949974359375 0.36953401406249997 0.109540346875 0.3807894
2 0.20878921718750001 0.6069398125000001 0.1831381984375 0.6050857078125 0.10117342656249999 0.6059409453125 0.08690164218749999 0.6102182921875 0.06841161875 0.607663728125 0.05307523125 0.6096578109374999 0.06992809531250001 0.6358348781250001 0.0739053296875 0.628859915625 0.08102616093750001 0.6258583125 0.0995362671875 0.62956345 0.13642593593750002 0.629495 0.1445712015625 0.6264755140625 0.152826925 0.6297841796875 0.162940725 0.6221266421875 0.22666651249999997 0.6330989984375 0.2614671484375 0.6307651671875 0.2675735875 0.6283567328124999 0.2674932546875 0.623754440625 0.2518054078125 0.6056135015625 0.20878921718750001 0.6069398125000001
2 0.2693714140625 0.613938809375 0.2778380109375 0.6293284906250001 0.2829501390625 0.6286637953125 0.296398325 0.6359100578125 0.3012694546875 0.621438490625 0.2959966578125 0.612898603125 0.287720853125 0.608439365625 0.2692810390625 0.6087612328125 0.2693714140625 0.613938809375
2 0.5571866375 0.7821289296875 0.557287053125 0.78788179375 0.5655126515625 0.7894646 0.6054153734375001 0.7858907875 0.656757578125 0.7919001453125001 0.6721040078125 0.7904813484375001 0.6834029078125 0.7920105109375 0.6864260015625 0.789080434375 0.6830414078125 0.771300203125 0.6726464421875 0.762849721875 0.6672631875 0.747981684375 0.664169803125 0.74688475625 0.6002109359375 0.757784009375 0.571137090625 0.7594424203125001 0.5571866375 0.7821289296875