7 0.215268790625 0 0.1636854453125 0.15327179062500002 0.160512096875 0.1756082328125 0.168354121875 0.17883206093749998 0.2725045703125 0.197792003125 0.31236154531250004 0.20156852500000003 0.335477034375 0.19996711250000002 0.34640315625 0.2016648640625 0.353187746875 0.20595841093749997 0.3708701015625 0.1933834546875 0.407059121875 0.1333974796875 0.4170160140625 0.134481865625 0.4363995140625 0.165876425 0.4403058265625 0.16776885156250002 0.4454165828125 0.1657864203125 0.47487876875 0.119512125 0.4592251671875 0.0933761625 0.4388125890625 0.081617578125 0.4426023375 0.066626834375 0.460109325 0.0382907625 0.47030143593749996 0.034886928125 0.4725045109375 0.0310644046875 0.45300235625 0.021041240625 0.3468524859375 0 0.215268790625 0
7 0.3389958875 0.3047893109375 0.34387142656249997 0.3072951046875 0.3675466046875 0.2759068796875 0.35726837968749997 0.24273923593750002 0.343699196875 0.2341521421875 0.346842096875 0.2315040109375 0.3489580109375 0.210237290625 0.345110503125 0.20722280624999997 0.3361816421875 0.205629728125 0.2603740046875 0.1999691109375 0.2316783671875 0.1934021171875 0.1570163703125 0.18498869843750002 0.1296974078125 0.2476898078125 0.10487449687499999 0.3200853984375 0.11077806718750001 0.32208249843750003 0.2834527703125 0.3328197 0.31943597343749996 0.276760921875 0.3292752578125 0.2800894203125 0.3389958875 0.3047893109375
7 1 0.0255177171875 0.748688690625 0.012347048437499999 0.744220996875 0.02448941875 0.717932159375 0.0484272734375 0.71772634375 0.05235446875000001 0.701101421875 0.06385970468749999 0.68755955 0.09296614843749999 0.8006682609375 0.1129581421875 0.819671625 0.11339149687500001 0.8860211609374999 0.12755753593750002 0.8990033453124999 0.128237903125 0.9650588593749999 0.14801421875 1 0.155914490625 1 0.0255177171875
7 1 0.155826309375 0.969023975 0.148784590625 0.9629733937499999 0.14959263125 0.9562182046875 0.14473805625 0.9237926703125 0.13291246875 0.868104634375 0.1254934328125 0.8642277249999999 0.12303997656250001 0.853213396875 0.123025309375 0.844431546875 0.11862709062500001 0.840378225 0.11953980312500001 0.8226381109375 0.114109534375 0.723216190625 0.1004605203125 0.7051526531250001 0.10120155625 0.692992684375 0.10393969218750002 0.692492846875 0.11347716562500001 0.6649995640624999 0.141289878125 0.6604758046875 0.151179034375 0.65231035625 0.1541265140625 0.6436744703125 0.1660504390625 0.6302218515625 0.1743465171875 0.6299866328125 0.1788347390625 0.618354859375 0.19060165625 0.6091025734375 0.1951798828125 0.6088967578125 0.199107078125 0.6027873718750001 0.2010371734375 0.5867788515625 0.21988810781249998 0.57646913125 0.2255360546875 0.502360546875 0.30209951562500004 0.48370896406249997 0.314061109375 0.485529809375 0.3175319484375 0.4653209546875 0.340100734375 0.410834225 0.3861886859375 0.40028824218750003 0.4154521375 0.7113314171875 0.44187945624999997 0.7271918796875 0.44496094218750004 0.738235609375 0.4444145828125 0.7421125187500001 0.4468680375 0.764464596875 0.4407260671875 0.9070974375 0.355939865625 0.9159968968750001 0.3580939734375 0.9486555578125 0.4036859 0.9564975828125 0.40690972812500004 0.9687163546875001 0.4030495375 1 0.38682160468750004 1 0.155826309375
7 0.61645638125 0.53254395 0.6316710421875 0.5288407671875001 0.640834075 0.5450729062499999 0.6383663796875 0.5539446796874999 0.6452979828125 0.5554330875 0.6499089015624999 0.562988128125 0.6557536671875 0.5661072828125 0.7248082078125 0.5286587609375 0.6995515859375 0.47557879375 0.7183501796875 0.4608120609375 0.740966878125 0.449620840625 0.7392048375 0.44502794687499997 0.65361671875 0.43491677656250005 0.517979515625 0.42443291875 0.402491315625 0.4116296140625 0.38507358125 0.4191553203125 0.2726621546875 0.538716915625 0.250250225 0.5651082234375 0.25298149375 0.57031448125 0.5276928234375 0.583023784375 0.606381878125 0.533703675 0.6153401421875 0.5347357265625 0.61645638125 0.53254395
7 0.43437505937500004 0.6630810874999999 0.45008955781250004 0.64984043125 0.4638645546875 0.6545003296874999 0.475464834375 0.68154900625 0.5185539625 0.6618670296875 0.51990541875 0.65518703125 0.5067489125 0.6196182671875 0.5204073484375 0.6073949937500001 0.518674709375 0.602241071875 0.4948840125 0.5976188421875 0.2481343109375 0.58637494375 0.24005706875000002 0.587639340625 0.183220253125 0.6403549546875 0.15349449375 0.672551215625 0.15317106875 0.6787225234375 0.3840309046875 0.6874459609375 0.41810296406249997 0.6678539906250001 0.43437505937500004 0.6630810874999999
8 0.52560724375 0.049599326562500004 0.5181180453125 0.0396431640625 0.5141529296875 0.03887279375 0.5090127703125 0.041416253125000003 0.500612103125 0.048851953125 0.493650053125 0.0670518578125 0.49908318749999997 0.0780254015625 0.5079238421875 0.0813015640625 0.51799834375 0.080141840625 0.521170646875 0.07693268125 0.52560724375 0.049599326562500004
8 0.41234210625 0.204558009375 0.4045588859375 0.2002121265625 0.400446759375 0.20224689375 0.3919284828125 0.2119267078125 0.38946078906250003 0.22079848124999998 0.3940717078125 0.228353521875 0.4028535578125 0.232751740625 0.4119588328125 0.230978653125 0.416482590625 0.22108949687499999 0.41234210625 0.204558009375
8 0.3306834265625 0.31054193125 0.3216075546875 0.31175399062500003 0.3173190140625 0.317154925 0.31796481718749997 0.3239395953125 0.3217241171875 0.3286371609375 0.32771589375 0.3289511765625 0.3399934703125 0.32396893125 0.3414625359375 0.315044821875 0.3306834265625 0.31054193125
8 0.9371088515625001 0.4711515796875 0.9414267953125 0.46518961875000003 0.9408986 0.45616083749999997 0.9288572875 0.4375275796875 0.9164631484375001 0.42562665468749994 0.8998686749999999 0.41744358281249994 0.889852978125 0.41748124999999997 0.8784564218750001 0.42475994375 0.870907371875 0.43505312187499995 0.8727859765625 0.4565291875 0.8889688187499999 0.47256665 0.9037130437500001 0.4778399125 0.9156965984375001 0.47846794375 0.9371088515625001 0.4711515796875
8 0.65936281875 0.630991834375 0.6511396109375001 0.6159340890625 0.6356319734375 0.6061202671875 0.6168050234375 0.6023207453125 0.609314778125 0.6114918671875 0.608609125 0.624956534375 0.6131906421875 0.6330726046875 0.6189472015625 0.6378748421875 0.6307543421874999 0.6418690406249999 0.65290060625 0.6396542640625 0.65936281875 0.630991834375
8 0.45193980468749995 0.6527502421875 0.44803349375 0.6508578140625 0.44392136718749997 0.6528925828125 0.4344338625 0.66195903125 0.42004141875 0.66908071875 0.42456413125000003 0.67831884375 0.43231794843750004 0.6832257546875 0.44339108125 0.682118365625 0.44867825000000006 0.6767697671875 0.45193980468749995 0.6527502421875
5 0.950933240625 0.6468349625 0.947673778125 0.6325999234374999 0.9409185890625 0.6277453484375 0.931960325 0.626713296875 0.9177736953125001 0.6299077890625 0.8880489812500001 0.64297676875 0.7300261140625001 0.7157050390624999 0.7438588703125 0.7383701640625 0.75499080625 0.7361407203125 0.9557205718749999 0.6510238375 0.950933240625 0.6468349625
5 0.477690921875 0.256926275 0.4882064578125 0.24735113281249999 0.570599146875 0.1464687984375 0.5698945390625 0.140806184375 0.5519486109375 0.13930310937499998 0.4563962765625 0.2619985265625 0.453957984375 0.270309271875 0.45992035937500003 0.271184315625 0.4637384640625 0.27475982656250003 0.46650018125 0.2602777734375 0.47070051562500004 0.2565599234375 0.477690921875 0.256926275
5 0.6100791234375 0.061902271875000005 0.5917499187499999 0.086819840625 0.5882541921875 0.0962003046875 0.5921311015625 0.09865375937500001 0.596184425 0.0977410484375 0.5975358796875 0.0910610515625 0.6136315625 0.08965431406249999 0.679193928125 0.008704982812500001 0.65191284375 0.0072752421875 0.6100791234375 0.061902271875000005
5 0.4296076015625 0.2954738515625 0.3717417078125 0.367825440625 0.3651618875 0.37873198124999996 0.36862716562500003 0.389039825 0.379025090625 0.3817087953125 0.44441063124999997 0.299625059375 0.44159115625 0.2961018828125 0.4296076015625 0.2954738515625
1 0.5910027625 1 0.602156440625 0.9964762953124999 0.60347849375 0.9903573265625001 0.6764088984375001 0.9744895421875001 0.6854259671875 0.9743995375000001 0.8060270140625001 0.9469658453124999 0.8072314593750001 0.9430909875 0.7997716625 0.9325737984375 0.81319488125 0.9248387484375 0.81827728125 0.9042900625 0.864978696875 0.8921107921875 0.8875071890624999 0.8826026562499999 0.8965830625000001 0.8813905953125 0.9028394593750001 0.8766553609375001 0.91379498125 0.877792084375 0.9301258812500001 0.8718971265625 0.9302728921875 0.8690919859375 0.9090086953125001 0.8544759281250001 0.877613284375 0.8038870843750001 0.8777602953124999 0.8010819453125 0.8899496656249999 0.79778278125 0.9311580968750001 0.79487930625 0.9226408671874999 0.7854318375 0.9108043234375 0.781998665625 0.9203800328125 0.7712491328125 0.9127438234374999 0.7640981109375 0.90933735 0.7526682109375 0.918560234375 0.7486510109375 0.9245520109375001 0.7489650265625001 0.92575645625 0.74509016875 0.917885028125 0.7424273703125001 0.9078105265625 0.74358709375 0.8948871468749999 0.741784671875 0.8727702859375001 0.7434384203125 0.8218107781249999 0.7413303124999999 0.8076535515625001 0.7439637765625 0.762743578125 0.7601749125 0.731668453125 0.760796609375 0.71398714375 0.754244284375 0.6821475625 0.7694527046874999 0.6744220999999999 0.7831120484375 0.6742740421875 0.8050444703125 0.6818514484375 0.813317546875 0.7298392390624999 0.910344028125 0.7451704640625 0.9235240156250001 0.6306788015625 0.9490276109375 0.551374390625 0.9718747421874999 0.5497877171875001 0.9830429625000001 0.5403884203125 0.990426328125 0.5440595140625 0.996806978125 0.5781599296875 0.9957812609375001 0.5819160359375 1 0.5910027625 1
1 0.8162191249999999 0.9435620109375 0.8985477812499999 0.9394381421875 0.9088280984375 0.9343512234375 0.9663380265624999 0.9261138156250001 0.978483534375 0.923651596875 0.9816881343749999 0.8625041609374999 0.9775613062499999 0.8648194421875001 0.8925003374999999 0.8828643359375 0.8658009140624999 0.8955292968749999 0.8466505390625001 0.8979010796875 0.8222129953125 0.9056214625000001 0.8158389890625 0.912600809375 0.814017096875 0.9282572515625 0.80690908125 0.9301350109375001 0.8075842859375 0.9363586546875 0.8162191249999999 0.9435620109375
1 0.983799 0.8222264671874999 0.9917176859374999 0.6711289375 0.95903779375 0.683264103125 0.9343650312499999 0.6954727078125 0.9191503703125001 0.6991758906250001 0.9117483328124999 0.7066639296874999 0.9130987421875 0.7191112125 0.9252870671875 0.73493933125 0.9304261796875 0.7515231546875001 0.9491638765625 0.7761330421875 0.9540688171875 0.77807780625 0.983799 0.8222264671874999
1 0.18274848906250002 0 0.1764397328125 0.02454940625 0.17922980625 0.028633609375 0.1987319609375 0.0386567734375 0.21345037968749997 0 0.18274848906250002 0
2 0.596444859375 0.169200928125 0.5376685453125 0.2398170953125 0.5393129765625 0.24665410156249998 0.5450695359375 0.2514563390625 0.5658947921874999 0.2362332515625 0.6291938187499999 0.17485520937500001 0.6084578171875 0.16926793125 0.596444859375 0.169200928125