8 0.065808753125 0.1927655046875 0.05390506874999999 0.1843349359375 0.04220708125 0.1817946875 0.035097698437500005 0.1840087875 0.032542646875 0.18999551406249998 0.031849734375 0.201814715625 0.036331865625 0.219350703125 0.043643309375 0.238753721875 0.0518190765625 0.2512461390625 0.060859164062500005 0.25682795625 0.0713500078125 0.2564616078125 0.076665809375 0.250378471875 0.0807059 0.239425303125 0.0807438125 0.224680221875 0.0728459375 0.204314765625 0.065808753125 0.1927655046875
8 0.0538449453125 0.594213440625 0.054019989062499996 0.583395240625 0.0493285328125 0.5756957328125 0.039804859375 0.572096640625 0.0320747640625 0.5723665812500001 0.030521162499999997 0.575369584375 0.032139696875 0.5900568203125001 0.0391426 0.6006243609374999 0.049115575 0.6012590125 0.0538449453125 0.594213440625
8 0.23884572187500003 0.6044626609375 0.23850289687499998 0.5946454625 0.232741425 0.5879662375 0.220457003125 0.5844635515625 0.21455476875 0.589584246875 0.21772690625000002 0.601268478125 0.23884572187500003 0.6044626609375
8 0.66233765 0.320354728125 0.65992335625 0.3145415359375 0.644981034375 0.314080415625 0.6176820953125 0.32387997031250004 0.6129527234375 0.330925540625 0.612709115625 0.339780303125 0.615294821875 0.35050209374999997 0.6199519953125 0.35721988125 0.6294756687499999 0.3608189765625 0.6349286015625 0.358662721875 0.6347951015625 0.3390090421875 0.6394901890625 0.33098174999999996 0.6488767328125 0.3306539640625 0.655296834375 0.3245322671875 0.6575054312499999 0.3244551421875 0.659919725 0.33026833437500003 0.6620940421875 0.3292094875 0.66233765 0.320354728125
8 0.9946284734375 0.3374520546875 0.9790585796875 0.33485043281250004 0.9680155859375 0.33523606250000004 0.9554875578124999 0.3405881375 0.9490674562500001 0.346709834375 0.9470645531249999 0.352677278125 0.951995984375 0.3672488234375 0.9764619812499999 0.3713090390625 0.98360564375 0.370076659375 0.9953305765625 0.357557678125 0.9946284734375 0.3374520546875
8 0.7516410718750001 0.6455304749999999 0.7516789875 0.6307853953125 0.7498854078125 0.6269163609375 0.7365652515625001 0.6254156765625 0.73632164375 0.6342704375 0.740148778125 0.6488805453125 0.7516410718750001 0.6455304749999999
8 0.2543345359375 0.7788810125000001 0.2589574265625 0.7846170796874999 0.2617524578125 0.7855023921875001 0.2671025421875 0.7804009781250001 0.2680697109375 0.776435534375 0.2657239828125 0.7725857828125 0.25461242500000003 0.771007971875 0.2543345359375 0.7788810125000001
7 0.4943175609375 0.7488764453125001 0.47989310625000003 0.747414325 0.47181655468750006 0.753593865625 0.46287931406249994 0.7509572109375 0.459737828125 0.7559815000000001 0.45910622031250004 0.8012177390625 0.46165764375 0.8109578109375001 0.46189398906249995 0.83355665 0.46486043125 0.8393505625 0.5273561859375 0.8401169140625001 0.5449564109375 0.837536465625 0.5416580359375 0.7747449578125 0.50507903125 0.77209065625 0.501042571875 0.767317028125 0.4943175609375 0.7488764453125001
7 0.62299544375 0.7768191765625 0.5715769640625 0.7766489156249999 0.574703925 0.834531825 0.576463221875 0.837419140625 0.6550398796875 0.8395897671875 0.6529793046875 0.796413375 0.648089415625 0.7513699500000001 0.6419129234375001 0.7486368875 0.634285675 0.7518519875 0.634765628125 0.765596065625 0.6287605484375 0.7677716015625 0.62299544375 0.7768191765625
7 0.7563720453125 0.7810078171875 0.6865954984375 0.7775469640625 0.6795204 0.7807427859375 0.6818661296874999 0.7845925375 0.6865466921875 0.8394724437500001 0.7010397125 0.8428980046874999 0.7624311687499999 0.84370291875 0.76398476875 0.8406999140625 0.7607476984375 0.81132544375 0.7616805859375 0.8063782828124999 0.7585084484375 0.79469405 0.758097059375 0.7829134125 0.7563720453125 0.7810078171875
7 0.814766409375 0.7593103 0.7991005234374999 0.7539598640625 0.7869532328125 0.7543840562499999 0.7871552953125 0.776001175 0.783530225 0.7830081843750001 0.7837016359375 0.7879167828125 0.7893836515625 0.839812965625 0.7911772312500001 0.8436820015625001 0.86588884375 0.8459875984374999 0.86609816875 0.8361511187499999 0.8588625515625001 0.787257940625 0.8216971140625 0.7836412 0.8170056578124999 0.77594169375 0.814766409375 0.7593103
7 1 0.66163666875 0.961694278125 0.660802346875 0.9622770781250001 0.6774915859374999 0.98199191875 0.78295816875 1 0.7849155359375 1 0.66163666875
7 0.96613646875 0.8513331265625 0.9649329515625 0.83269973125 0.9526973359375001 0.7672715671875 0.9360985656249999 0.7668682921875 0.9365785203125 0.7806123703125001 0.93074485 0.78769650625 0.8876771781249999 0.7892004625 0.8956706406249999 0.843964678125 0.8980506515625001 0.8487961515625001 0.96613646875 0.8513331265625
7 0.8670673656250001 0.6739359625 0.8631680359375 0.6730892125 0.8596494437500001 0.6673145828125 0.8587887515625001 0.6584983859375 0.8470564796875 0.6549764171875 0.8360134875 0.655362046875 0.8350463171875001 0.6593274890624999 0.8293534093750001 0.6546117046875 0.80951030625 0.6562875578125 0.8127130953125 0.6846803078125 0.8133608296875 0.719059784375 0.8176679171875 0.747413971875 0.8192142562500001 0.77586456875 0.8215942671875001 0.780696040625 0.9119031968750001 0.7863886359375 0.9284676859375001 0.7858101921875 0.9333341875000001 0.7826914984375 0.9302721578125001 0.7424988296875 0.9240307328125 0.7220755265625 0.9241714921874999 0.71027560625 0.9216886343749999 0.7024989734375 0.9178235875 0.70263394375 0.913825040625 0.683115234375 0.9088556953125 0.68328876875 0.9047506703125 0.6765517015625 0.9003334734375 0.676705953125 0.89777841875 0.6826926796875 0.895017671875 0.6827890875 0.883494725 0.6694306375 0.8849454796874999 0.663482475 0.8836697687499999 0.6586124375 0.8815640171875 0.6616347234375 0.8823218609374999 0.6675057625 0.8764196265624999 0.67262645625 0.8670673656250001 0.6739359625
7 0.6594320859375 0.648750484375 0.65948975625 0.697894321875 0.662936153125 0.7174323109375 0.664413928125 0.7439194671875 0.6704460296875 0.77417925 0.75740778125 0.7790058140625 0.7843945484375 0.77609758125 0.7798547453125 0.7094177562499999 0.7698547484375 0.676347784375 0.746493053125 0.6722490078125001 0.7429744609375 0.6664743765625001 0.7506017078125 0.6632592765624999 0.7509824453125 0.658331396875 0.73517943125 0.6490540796875 0.729657934375 0.64924689375 0.72672214375 0.660161503125 0.72013063125 0.6613745984375 0.7134019875 0.6586608171874999 0.7097119828125 0.6479775890624999 0.6930789296875 0.6465925921875 0.6876945640625001 0.6507122875 0.6798273390625 0.6470553484375 0.6660235984375 0.6475373859375 0.663712153125 0.6446693515625 0.6594320859375 0.648750484375
7 0.5008586640625 0.6670659109375 0.4994764734375 0.6749775140625001 0.500840509375 0.7456999078125001 0.5055968984375 0.771089653125 0.5714741171875 0.77370375625 0.6012559140625 0.7716808359375 0.6124360359375001 0.7752220859375 0.6227554671875 0.7699471375 0.620481934375 0.752334025 0.6212091281250001 0.7414965421875 0.6249370453124999 0.73743469375 0.623314878125 0.7384742578125 0.6225913171874999 0.733584940625 0.6190114234374999 0.6943932703125 0.611699978125 0.6749902515625 0.6015213078125 0.668465278125 0.5847854078125 0.6641351249999999 0.5759852953125 0.6654253484375 0.566255928125 0.6559359359375 0.55752438125 0.6591895984375 0.5474485578125 0.6556097859375 0.5476199703125 0.660518384375 0.5454799375 0.6625589515625 0.5261547 0.663233803125 0.5138359953125 0.6587493953125 0.5008586640625 0.6670659109375
7 0.745252046875 0.3675880640625 0.7403169843749999 0.368743315625 0.735176225 0.36400825000000003 0.7363527203125 0.35020632812499997 0.7289347984375001 0.34358494687499996 0.7122331796875 0.3402365140625 0.7062623796875 0.34339377031249996 0.701673771875 0.338639421875 0.673894878125 0.334694896875 0.64017946875 0.3348893484375 0.6375215671875 0.337930915625 0.6390263625 0.3968533890625 0.651086934375 0.47309975312499997 0.6543546578125 0.5191827421874999 0.653486703125 0.54182014375 0.6560002140625001 0.566305296875 0.6600709546875 0.5720606453125 0.6712510765624999 0.5756018953125001 0.6844683859375 0.57415741875 0.7399576078125001 0.580083028125 0.7681172390625 0.579099671875 0.7759844625000001 0.5827566109375 0.8075255562500001 0.5836210078125 0.82702220625 0.587854753125 0.8789585531249999 0.5870240140625 0.8831014906249999 0.579016003125 0.8791787718749999 0.5300071359375 0.87400373125 0.5242903484375 0.8769052390625 0.5123940218749999 0.87231663125 0.507639675 0.8653895546875001 0.467581975 0.861223228125 0.42742786875 0.856154665625 0.40892944218749994 0.849608328125 0.3639438625 0.8471597515625 0.3571489484375 0.800988509375 0.3489321140625 0.7970169828125 0.36184872343749996 0.793292696875 0.350183775 0.7738988953125 0.3488951859375 0.77009878125 0.366720396875 0.7495627671875 0.3802154515625 0.7466648890625 0.3763849796875 0.745252046875 0.3675880640625
7 1 0.49127247812499997 0.9959810453125 0.3761846796875 0.974874096875 0.37333032187500004 0.9585874984375 0.366035728125 0.9493038031250001 0.369308671875 0.926597103125 0.36813577343750004 0.9241791781250001 0.3780493796875 0.9317269687499999 0.42005123749999995 0.9298269109374999 0.4289638421875 0.92554684375 0.4330449734375 0.9240960906250001 0.43899313749999996 0.9248196515625 0.44388245625 0.9292368484375 0.44372820312499994 0.9282696796875 0.447693646875 0.930683971875 0.4535068390625 0.9250939109375 0.4517362140625 0.9252653234375 0.4566448140625 0.93023466875 0.4564712796875 0.93437760625 0.44846326875000003 0.9439932359375 0.5021879203124999 0.9489968640625 0.5029961078125 0.9487189734375001 0.5108691484375 0.94481964375 0.5100223984375 0.94333460625 0.5149888421875 0.9447474484375 0.523785759375 0.9529268453125 0.5205513765625 0.9547889890624999 0.5263838515625 0.9609239374999999 0.5595887921875 0.9621960171874999 0.5801856296875 0.95905453125 0.5852099171875 0.96243599375 0.58705766875 0.9648502875 0.5928708609375 0.9798954562500001 0.596277140625 0.9931127656250001 0.594832665625 1 0.5976104109375 1 0.49127247812499997
7 0.036241090625 0.6125206875 0.0344475125 0.6086516515625 0.02937531875 0.6058800265625 0.013983693750000002 0.608383346875 0.0126015046875 0.6162949515625 0.0092200421875 0.6144472015625 0.010118646875 0.6085183171875 0.00739218125 0.6095964453125 0.010068279687499999 0.6281784171875 0.004147740625 0.6275032781250001 0.008524348437499999 0.752832921875 0.0245447046875 0.752503353125 0.027134040625 0.7474983468749999 0.0322171265625 0.703089575 0.035221482812499996 0.6941384078125 0.040087984375 0.6910197140625 0.033325057812499996 0.6873242125 0.031843653124999996 0.67656385625 0.0341280765625 0.646996571875 0.032098153125 0.6205287 0.036241090625 0.6125206875
7 0.07251315781249999 0.748862425 0.2273550296875 0.750335646875 0.2294264984375 0.746331640625 0.23136447031250001 0.72267395625 0.2321711203125 0.6666195171875 0.2335190265625 0.6577261937500001 0.2371783796875 0.6517009046875 0.2364205359375 0.645829865625 0.2379741390625 0.6428268609375001 0.2355598453125 0.63701366875 0.2393563265625 0.634915259375 0.236976315625 0.630083784375 0.24015208437500002 0.6260412171875 0.23891065625 0.6221529 0.240121434375 0.6093326984375 0.23470278437499997 0.6124706718749999 0.23218564375 0.6037123203125 0.20399173125 0.6037139546875 0.1931544328125 0.6099899046874999 0.18960155781250002 0.603233553125 0.1696898890625 0.6029459671875 0.1667883796875 0.6148422953125 0.1519146234375 0.616344615625 0.14736029687500002 0.6125719875 0.14480887343749999 0.602831915625 0.1403231125 0.6010227265625 0.08386671875 0.5990625609375 0.0768456625 0.667129015625 0.075006909375 0.709458659375 0.0722425296875 0.725281865625 0.07251315781249999 0.748862425
7 0.10473626875 0.785088015625 0.10404698906250001 0.78118041875 0.09849121093749999 0.7803915124999999 0.0958712234375 0.7686880015625001 0.09704771875 0.754886078125 0.0947705546875 0.752999765625 0.07261600625 0.7518075843750001 0.0656473859375 0.7422217625 0.0503586078125 0.7476702453125 0.045149284375 0.7409717390624999 0.0408006515625 0.7430894296874999 0.0384206421875 0.7382579578125 0.0345213125 0.7374112078125 0.0317948453125 0.7384893359375 0.0252682671875 0.757392671875 0.0086890859375 0.7575503796875 0.0112325140625 0.8303846437500001 0.0891623390625 0.8298631375 0.0923381078125 0.82582056875 0.09420388125 0.8159262437500001 0.09337747187499999 0.808091765625 0.09596680937499999 0.803086759375 0.095452571875 0.7883609609375 0.0998354859375 0.7872249890624999 0.09966407499999999 0.7823163890625 0.103700534375 0.7870900187500001 0.10473626875 0.785088015625
7 0.23390499843749998 0.779594428125 0.2324578765625 0.7698157921875 0.2363608359375 0.754935740625 0.23163509843750002 0.7462545140625 0.22963219375000002 0.752221959375 0.1318331453125 0.75367134375 0.12968585 0.7871655078125 0.1270965125 0.792170515625 0.11577563125000001 0.8004291859375 0.12540215 0.8069734390625 0.12439706718750002 0.8256839625 0.12953782656249999 0.8304190265625 0.22226468124999998 0.8261980171875001 0.22651046562500002 0.8211351656250001 0.22361258906249998 0.81730469375 0.223304046875 0.808469215625 0.23069131718749997 0.7983820749999999 0.23183352968749998 0.7835984328125 0.23390499843749998 0.779594428125
7 0.0286585953125 0.8703097390625001 0.029869371875000002 0.8574895359375001 0.0403638453125 0.8413963890625 0.0424010328125 0.8364106625 0.0406417359375 0.833523346875 0.0113584765625 0.8339917421875 0.012849596874999999 0.8766918484374999 0.016716996875 0.8766242500000001 0.0286585953125 0.8703097390625001
7 0.062891871875 0.8691142859375001 0.06748048125 0.8738686328125 0.1381556328125 0.8714006015625 0.14471286249999998 0.8692057859375 0.14761437187499998 0.85730945625 0.149274453125 0.8415248125 0.147964459375 0.8356730578124999 0.127432075 0.8334413125 0.1170477109375 0.821026021875 0.12143062499999999 0.8198900484375 0.12350209375000001 0.8158860453125 0.123227834375 0.8080322843750001 0.12019282812500001 0.8002749343750001 0.12115999687500001 0.7963094921875 0.1147056125 0.8014494687499999 0.0960353734375 0.8050501984375 0.094478140625 0.8237800015625 0.090335203125 0.8317880125 0.0605876875 0.834792653125 0.057998351562499995 0.8397976609375 0.058341175 0.849614859375 0.0632383265625 0.8632046859375 0.062891871875 0.8691142859375001
7 0.2473856734375 0.8331841093750001 0.2493200125 0.8252532234375 0.2452835546875 0.8204795953125 0.2459078984375 0.8066969531250001 0.242492153125 0.8038674828125 0.239834253125 0.80690905 0.23313989375 0.8051769890625 0.2327212421875 0.8248499499999999 0.2300976234375 0.8288732359375001 0.171086178125 0.8328997953125 0.158348821875 0.8480883484374999 0.162073109375 0.8597532984375 0.1611745046875 0.8656821812500001 0.171905325 0.872187871875 0.242961215625 0.864791959375 0.247861996875 0.8626549875 0.2486577546875 0.85378094375 0.2473856734375 0.8331841093750001
7 0.0566089 0.8791628625 0.0530903078125 0.8733882312500001 0.056924703125 0.8565447421875 0.0505767984375 0.8489030796874999 0.048059659375 0.8401447265625 0.042904375 0.8983168593749999 0.045215821875 0.9011848921875 0.107574446875 0.8980243640625 0.10933737343750001 0.8851848796875 0.1095467 0.8753483984375 0.1072695359375 0.8734620859375 0.076452003125 0.877487009375 0.0614754 0.8760441703125 0.0566089 0.8791628625
7 0.19916272031249999 0.892860196875 0.19954708906250002 0.872205515625 0.1928870109375 0.871455175 0.138224196875 0.87336404375 0.1361527296875 0.8773680468749999 0.13559694687499999 0.8931141281249999 0.136838378125 0.8970024453125 0.1423941546875 0.89779135 0.1954005203125 0.8959403265624999 0.19916272031249999 0.892860196875
7 0.27874809375 0.860593503125 0.27844318281249997 0.8360312249999999 0.2759946078125 0.8292363125 0.2693688125 0.829467690625 0.2656408953125 0.833529540625 0.264224421875 0.8404594234375 0.2612922609375 0.83564723125 0.25511576874999997 0.83291416875 0.2500056609375 0.844887621875 0.250485615625 0.8586316999999999 0.24900057968749997 0.8635981421875 0.23143463749999998 0.8671603093750001 0.227188853125 0.8722231624999999 0.21883804375000002 0.8705489453125 0.2173836578125 0.8922239078124999 0.230738096875 0.8947063125 0.26607567187500003 0.893472296875 0.2774687515625 0.8714502671875 0.27874809375 0.860593503125
2 0.227768871875 0.30309394218749997 0.23329036875 0.3029011265625 0.23508394687499998 0.3067701625 0.2308038796875 0.31085129375 0.229905275 0.3167801765625 0.22434949531249998 0.31599127031249996 0.2195172796875 0.320091684375 0.219654409375 0.3240185640625 0.21596077187499998 0.32906213281249996 0.215881315625 0.3742790921875 0.2205384890625 0.380996878125 0.2275793046875 0.3768193390625 0.23661939375 0.38240115625 0.23789510468750003 0.3872711921875 0.235237203125 0.390312759375 0.2368593703125 0.38927319374999997 0.23606361250000002 0.39814723750000003 0.240480809375 0.39799298437499997 0.2408272640625 0.3920833828125 0.2435194484375 0.3900235359375 0.24172586875 0.3861545015625 0.24321090625 0.3811880578125 0.2498024203125 0.37997495937500003 0.25011096093749996 0.3888104390625 0.256664559375 0.4023424203125 0.257014646875 0.3807060203125 0.259813309375 0.3658645328125 0.2600984609375 0.3265378953125 0.2583085140625 0.3069420609375 0.26093939375 0.271465175 0.2604667015625 0.22626749687499997 0.25870740625 0.2233801828125 0.24103861875 0.223997190625 0.2336892609375 0.2193392484375 0.22092125468749998 0.21781928437500003 0.2210890359375 0.238454684375 0.22440193281249998 0.2383389953125 0.2234347625 0.2423044359375 0.221226165625 0.2423815625 0.22346904531249998 0.24328615625 0.2260241 0.2372994296875 0.229885515625 0.252891259375 0.22746759062500002 0.262804865625 0.2205296234375 0.26992756406249996 0.21717881249999998 0.28478833125 0.21658875000000002 0.29955269375000004 0.21907160781249999 0.307329325 0.227768871875 0.30309394218749997
1 0.6530337703125 0.560511384375 0.654587371875 0.5575083796875 0.6523824046875 0.54185870625 0.6511861515625 0.4917717125 0.6383370828125 0.392945790625 0.6349213375 0.3901163203125 0.6088331765625 0.38709567031250003 0.5562075484375 0.3840188140625 0.5546882296875 0.3880035359375 0.5549895109375 0.4282926140625 0.5535387546874999 0.43424077812500006 0.5559115046875001 0.47052585156250004 0.5602907890625 0.485116678125 0.5606336125 0.4949338765625 0.572807925 0.526945003125 0.58915945625 0.5519298375 0.6090674953125 0.5679442234375001 0.636191390625 0.5689628703125 0.6530337703125 0.560511384375
1 0 0.5087275124999999 0.000139225 0.5127143937499999 0.018453328124999998 0.53057681875 0.0397778375 0.5396613218749999 0.0728382515625 0.536540990625 0.0869198828125 0.5281859140625 0.0943757171875 0.5200622140625 0.10811452343750001 0.5018899390625 0.1209583578125 0.47391974374999996 0.13125076875 0.436209478125 0.131357246875 0.4234278390625 0.1342930375 0.4125132296875 0.1337102375 0.39582399218750003 0.1354388828125 0.3820027890625 0.1329217421875 0.3732444359375 0.136523421875 0.318075309375 0.1362834453125 0.3112032703125 0.13455843125 0.30929767343750003 0 0.2943818875 0 0.5087275124999999
1 0.0631826828125 0.6558111328125 0.0613205390625 0.6499786578125 0.06691423125 0.6360224828125001 0.0700936296875 0.616253115625 0.071167278125 0.5995060343749999 0.06944226406250001 0.5976004374999999 0.0544999421875 0.5971393203125 0.048079840624999995 0.6032610171874999 0.0370368484375 0.6036466468749999 0.03879614375 0.6065339609375 0.0381718 0.620316603125 0.034368053125 0.6538686109375 0.032330868750000005 0.6588543375 0.03418575 0.696140409375 0.0422622984375 0.68996086875 0.0485452703125 0.6799122921875 0.05451606875 0.6767550359375 0.05544895625 0.6718078734375 0.05355253125 0.664993678125 0.0571776015625 0.6579866703125 0.062284078124999996 0.6617400156250001 0.0631826828125 0.6558111328125
1 0.47121399531249997 0.6730157109375 0.47403967812500003 0.6906095421875 0.48311041718750003 0.712899878125 0.4942526265625 0.7311862062500001 0.499187690625 0.730030953125 0.497706284375 0.7192705984375001 0.4998120359375 0.7162483125 0.49748083281250005 0.6494913609374999 0.49775872187500003 0.6416183203125 0.4998301921875 0.637614315625 0.48865006875 0.634073065625 0.47153342968749995 0.634670790625 0.47121399531249997 0.6730157109375
1 0.6109078515624999 0.66813749375 0.6150128765625 0.6748745625 0.6240763546875 0.7286184953125 0.6411587109375 0.72703905 0.6488581531250001 0.710060590625 0.6537932171875 0.7089053359374999 0.6565575953125 0.6930821296875 0.6548777578125 0.6449778562499999 0.5934177375 0.6422095031249999 0.5930712812500001 0.648119103125 0.5901391234375 0.6433069109375 0.59751913125 0.6646733703125001 0.6109078515624999 0.66813749375
1 0.7773900421875 0.6230071265625 0.7873630171875 0.6236417796875 0.7982688796875 0.6193292703125 0.8121790984375 0.60606559375 0.819429240625 0.5920515749999999 0.818119246875 0.58619981875 0.8142199171875 0.58535306875 0.7455133859374999 0.580871934375 0.7384040062499999 0.5830860328125 0.7433011578125 0.596675859375 0.7565491171875001 0.611939903125 0.7773900421875 0.6230071265625
1 0.8116700968749999 0.7181359109375001 0.8101886921875 0.7073755546875 0.8116051640625 0.7004456703125 0.810919515625 0.6808112734375 0.8066809921875 0.6544205265625 0.7584039984375 0.6492259765624999 0.752330353125 0.6494380734375 0.75036173125 0.6563872390625 0.7492935296875001 0.649544121875 0.74625670625 0.6496501703125 0.7509824453125 0.658331396875 0.754223146875 0.6719790671875 0.7664732859375001 0.6745000343750001 0.771682609375 0.681198540625 0.7827489921875 0.728975028125 0.790581934375 0.731650246875 0.8067693171875 0.7202728828125 0.8106686468750001 0.7211196328125 0.8116700968749999 0.7181359109375001
1 0.42110550937499996 0.6786972062500001 0.42617770312500003 0.68146883125 0.42593409531250004 0.6903235921875 0.4213454859375 0.6855692453125 0.41930829999999997 0.6905549703125 0.4218451984375 0.763202240625 0.4263273296875 0.7807382281249999 0.438505271875 0.7970225546874999 0.44868394218749996 0.8035475265625 0.4573126421875 0.7973487046875001 0.457875684375 0.7501490234375 0.4594292875 0.74714601875 0.4668253796875 0.747870659375 0.46534896562499994 0.7416075328125 0.4375869078125 0.7390625187500001 0.434171165625 0.7362330484374999 0.43793699531249997 0.71742611875 0.4379406265625 0.7016993203124999 0.4324913265625 0.688128775 0.4289005375 0.6961175046875 0.4265890921875 0.693249471875 0.4282148890625 0.6764831078125 0.43646285156250003 0.6752121640625 0.43539646562499995 0.6605056484375 0.43194643906249997 0.6566944578125 0.43512220625 0.6526518890624999 0.43540009687500003 0.64477885 0.43039646718749996 0.6439706625 0.43139428906250005 0.6567137390625 0.42328345624999997 0.6619115609375 0.42110550937499996 0.6786972062500001
1 0.571881875 0.80121119375 0.57099053125 0.7756864765625 0.551562446875 0.7734161703125 0.54448735 0.7766119890625001 0.5511095140625 0.792107409375 0.5635996296875 0.8015004156250001 0.571881875 0.80121119375
1 0.66823743125 0.774256375 0.6639303437499999 0.7459021890625 0.6502761859375 0.745396084375 0.648089415625 0.7513699500000001 0.646364403125 0.7494643562500001 0.64714770625 0.745505334375 0.641878640625 0.7476551671875 0.64871013125 0.7533141078125001 0.650671490625 0.7778185421875 0.6546014718750001 0.7953738109375 0.6682644515625 0.8066916953125001 0.6787210124999999 0.8053436265625 0.6824489296875 0.801281775 0.6822811484375 0.7806463781249999 0.671135309375 0.778086846875 0.66823743125 0.774256375