1 0.072352671875 0 0.0638358578125 0.020754826562500002 0.0581500703125 0.029728814062499997 0.05044696562499999 0.055080571875 0.046764128125 0.059008435937500006 0.042528484374999995 0.08454191875 0.028346306249999998 0.12294696249999999 0.025119321875 0.1402915578125 0.025575176562500003 0.1537082875 0.023464540625 0.16080920468749998 0.017886440625 0.16772839687500002 0.015761434375 0.1861609625 0.00615035625 0.36955126250000003 0.015517165625 0.3787990140625 0.028593735937499996 0.3836052015625 0.06445293125 0.36281969531249997 0.0677983390625 0.3763878609375 0.065055946875 0.3844858875 0.058537399999999996 0.38723491875 0.0541151203125 0.3942146875 0.0540469078125 0.40657373281250003 0.0485764953125 0.411438134375 0.0417205171875 0.431683196875 0.038669434375 0.43461394999999997 0.034703009374999996 0.4550104484375 0.029124909375 0.4619296421875 0.0273229640625 0.474197828125 0.032671321875 0.4827198703125 0.03386661875 0.4930846984375 0.024659521875 0.502904359375 0.018248662500000002 0.5035985984375 0.01280335625 0.5300989031250001 0.013837121875 0.5435459203125 0.00647144375 0.5514016484375001 0.0044936015624999995 0.578083675 0.01410270625 0.5827081390625 0.0109834109375 0.5979979421875 0.00856408125 0.5999315875 0.0107392984375 0.6247708281250001 0.0104162375 0.630935209375 0.007889221875000001 0.634923646875 0.0109797796875 0.6422971453125 0.0195551203125 0.63347459375 0.0240707171875 0.6357716828125 0.023130271875 0.6316015234375 0.025764975000000002 0.625558290625 0.030549790625 0.6227183984375 0.027351545312499996 0.6173996921875 0.0303487859375 0.6154963343750001 0.029516025 0.6092713796875 0.032258415624999995 0.6011733546875 0.036142259375 0.6044675546875 0.03544229375 0.6178237109375 0.038855914062500004 0.6190328296875001 0.0361135234375 0.6271308531249999 0.051638159375000006 0.607340096875 0.05253913125 0.6012060031249999 0.0474994671875 0.5978512296875 0.04688208125 0.587516690625 0.04866965625 0.5865801546875 0.050188015625000006 0.590780603125 0.0541400703125 0.5817157546875 0.0622846625 0.5811123765625 0.0638173890625 0.5739811734375 0.0713984390625 0.562015859375 0.0735772875 0.5425558953125 0.082314159375 0.5306511546875 0.086119053125 0.5133368453125 0.091697153125 0.506417653125 0.0932980921875 0.48692740468749995 0.09782805781250001 0.47789284375 0.097573209375 0.4716981765625 0.095369253125 0.469522234375 0.10006075156250001 0.45740548593749997 0.097440415625 0.452117065625 0.097939378125 0.431538846875 0.0955344171875 0.422140840625 0.0888004953125 0.4289994609375 0.0818117234375 0.42966341406249997 0.08282038281250001 0.4214745265625 0.0879282609375 0.41247025312499996 0.0787499015625 0.399626615625 0.0812230765625 0.39666557343750003 0.08228557812500001 0.3874492890625 0.0802431546875 0.382191159375 0.0828778578125 0.37614792656249996 0.0951755109375 0.3737017640625 0.0934417796875 0.373610903125 0.0936571546875 0.369501315625 0.09613032656250001 0.366540275 0.09582163437499999 0.3613730046875 0.0873145046875 0.357836509375 0.08537976875 0.350523584375 0.08844522031249999 0.3362611796875 0.0929751875 0.3272266203125 0.0940376890625 0.31801033749999996 0.1045226609375 0.29486480625 0.10936132031250001 0.290997515625 0.1173192765625 0.2718404234375 0.13398536562500002 0.263441890625 0.1389711859375 0.2678240609375 0.13687491875 0.263593325 0.1422914890625 0.259756321875 0.13340745625 0.263411603125 0.13425458437499999 0.25830490781250004 0.139671153125 0.254467903125 0.1398865265625 0.2503583171875 0.11342469531249999 0.23557867031250002 0.1231451203125 0.193849140625 0.1255142375 0.1486436875 0.1353136109375 0.12752266406249999 0.1481497015625 0.11480253437500001 0.1597617578125 0.114380878125 0.160888840625 0.1371047515625 0.166545890625 0.150794065625 0.234373175 0.19452726250000002 0.2912345265625 0.22635335625000003 0.29275288593750004 0.23055380468750003 0.2918913875 0.24699215156249998 0.29656851562500003 0.24620704999999998 0.2971069515625 0.2359330828125 0.300789790625 0.23200522031249998 0.3201156890625 0.2391993578125 0.33750684999999997 0.23908057187499998 0.344133084375 0.234276746875 0.359711565625 0.213458590625 0.374902403125 0.166864659375 0.3812486828125 0.1342302625 0.3927028390625 0.09259159375 0.396199040625 0.070110015625 0.3985932640625 0.046540467187500004 0.39515453749999996 0.02369544375 0.388586328125 0 0.1655437484375 0 0.16464359374999998 0.02122990625 0.130564796875 0.01910085 0.1318422875 0 0.072352671875 0
1 0 0.63216308125 0.001894740625 0.6387303625 0.010710560937499999 0.6474341296875 0.01648966875 0.6477369984375 0.032685534375000005 0.6372533859375 0.0438417359375 0.6234149984374999 0.0711830640625 0.5661254437500001 0.085996996875 0.5267232890625 0.0970742484375 0.492276396875 0.10121657343749998 0.457466059375 0.107333109375 0.4402728984375 0.11433624843750001 0.4282772953125 0.12101632656250001 0.42244607343749996 0.1254242375 0.42679795625 0.129710090625 0.4445362828125 0.1341180015625 0.44888816406250004 0.2016904375 0.4864266953125 0.245852125 0.506254825 0.26093164375 0.506014890625 0.2700848953125 0.49722262656250005 0.279306359375 0.4760713140625 0.290627721875 0.414851534375 0.2935065375 0.3820354171875 0.292634303125 0.3655062078125 0.2829462484375 0.3402732359375 0.2814961015625 0.3237137421875 0.287235734375 0.313712359375 0.29167238125 0.2954009421875 0.292641565625 0.2769078015625 0.300211878125 0.23197493281249998 0.2933846390625 0.22955669531249998 0.289055678125 0.24581331875 0.283115040625 0.2485926390625 0.26127649375 0.2340552890625 0.23291939843749998 0.22226697187500002 0.22798742187499998 0.21685740625 0.17947166718750002 0.191649996875 0.16644894062499999 0.1858164125 0.15946017031249998 0.186480365625 0.1548512546875 0.17490641875 0.1538211203125 0.11716019687499998 0.1592915328125 0.11229579687499999 0.1596289640625 0.09479976875 0.153124784375 0.08621714999999999 0.151193678125 0.034605021875 0.1443125953125 0.03321418125 0.14679650625000001 0.06322069375 0.1453714671875 0.06829710156249999 0.14655239375 0.0899935796875 0.1261352546875 0.114679025 0.1254352875 0.12803518125 0.12737002656250002 0.1353481046875 0.130259578125 0.135499540625 0.141993690625 0.121691440625 0.1458775328125 0.1249856390625 0.145654896875 0.2176936328125 0.141501834375 0.21953641875000002 0.140130640625 0.22358543125 0.1395239921875 0.24621844375 0.13705081875 0.2491794859375 0.12133954531249999 0.25041652812500004 0.1068774109375 0.26099100468750003 0.0991886734375 0.2750111140625 0.0962309078125 0.2872187234375 0.091916315625 0.2921436984375 0.085422875 0.316528634375 0.0791591765625 0.325472334375 0.0686203609375 0.3496452609375 0.062073076562499996 0.3750575953125 0.028546996875 0.4618993546875 0.012871567187499999 0.51773985625 0.00044822656249999995 0.577871665625 0 0.5864243375 0 0.63216308125
1 0.72703234375 0.9116230249999999 0.7552459093749999 0.8708626781250001 0.7613086015625 0.854696915625 0.77133771875 0.818134653125 0.7744964890625 0.81314910625 0.783682109375 0.7373943374999999 0.812509428125 0.751267734375 0.835518165625 0.7545340078125 0.8462974609374999 0.7478873984375001 0.900007303125 0.6961006328125 0.9086113828125001 0.66461478125 0.9005098953124999 0.631223209375 0.8941134046875 0.6205858 0.8995981875 0.6043897484375 0.9013068125 0.5828447062500001 0.8994977625 0.5178461343749999 0.9017699296874999 0.5076630296875 0.9003197859375 0.4911035359375 0.896651315625 0.48369975 0.8934925453125 0.48868529687500006 0.8913424328125 0.4854819609375 0.8933848578125 0.49074009218750003 0.8914895953125 0.4937314203125 0.892954109375 0.49895926562500004 0.8883164562499999 0.51004861875 0.8915147015624999 0.5153673234375 0.89211771875 0.5370335140625 0.8902619296875001 0.550329096875 0.8856386453124999 0.5500868 0.8843757015625 0.5538161546875 0.8882589796874999 0.55537521875 0.8924515171875 0.5638366875 0.89013624375 0.60801474375 0.8863995625 0.6129700046875 0.8799348578125 0.614691640625 0.868014109375 0.6099460265625 0.825801528125 0.5860991703125 0.80558539375 0.6180066796875 0.799483228125 0.6238681890625 0.7883665 0.6480108296875 0.7698984671875 0.6686775484374999 0.762802009375 0.6713962953125 0.7479378640625 0.6675266421875 0.74416170625 0.6621776500000001 0.7395384234375 0.6619353546875 0.73511614375 0.668915121875 0.7265551703125 0.6664060234375 0.72173088125 0.6589416640625 0.7236799875 0.6549229375000001 0.718722903125 0.6278774671875 0.714839059375 0.6245832703125 0.7174199203125 0.6195674328125 0.7120177187500001 0.6120727875 0.7107542109375 0.61406700625 0.71026961875 0.623313575 0.7111562218749999 0.6285111328124999 0.7155641328125 0.632863015625 0.7137227125 0.6348269484375 0.7143400984375 0.6451614890624999 0.7189884906249999 0.6670396875 0.7083563546875 0.6819357593750001 0.7039197078125 0.700247175 0.69697751875 0.7884821390625001 0.6936248468749999 0.8635123796874999 0.697210734375 0.8946068640625 0.701241740625 0.906150521875 0.7089555843750001 0.9137663171874999 0.716360734375 0.9162148421874999 0.72703234375 0.9116230249999999
1 1 0.254349709375 0.9511904437500001 0.316571978125 0.93034255625 0.34947659531249997 0.92039601875 0.3623481609375 0.9162968015624999 0.36316354687499997 0.8872361078125 0.409030590625 0.8768731921875 0.418789678125 0.8482827234375 0.4667418 0.8541695171875 0.46498987812500003 0.8614131374999999 0.4705205921875 0.8876201203124999 0.4791055703125 0.8924982531250001 0.48554253437500006 0.894501203125 0.48049641249999997 0.9090028125 0.480226190625 0.9286122984375 0.47095169531250003 0.9333576406249999 0.4578075484375 0.9470264890625 0.4513123734375 0.9516102984374999 0.441250415625 0.96486276875 0.4316427640625 0.9995948796875 0.388133384375 1 0.387357203125 1 0.254349709375
1 0.7391758859374999 0.6577954796875 0.745895440625 0.6622685109375 0.7479522328125 0.6561949921875 0.7452780546875 0.6519339703125 0.74659540625 0.6489123546875 0.7593094390624999 0.64957866875 0.7711907124999999 0.6440200296875 0.7714060875000001 0.6399104421875 0.77503508125 0.6370099734375 0.7802362781250001 0.6372825578125 0.78483445625 0.61588895 0.7846334515625 0.6086668859375 0.7900500203124999 0.604829884375 0.7945117749999999 0.60815436875 0.8014072265625 0.5982135609375 0.8043649921875 0.58600595 0.8153452937500001 0.5865814031250001 0.8172261875 0.5949217234375 0.8178184671875 0.5836203609374999 0.8220253734374999 0.5807501796875 0.81929735 0.5775165546875 0.8179943671875 0.5692065203125 0.8127931703125 0.5689339375 0.8137479875 0.5617724468749999 0.8162750031250001 0.557784009375 0.8190568687500001 0.5599902375 0.8158047796875 0.555698928125 0.8232242984375 0.546815803125 0.8217597859374999 0.5415879593749999 0.8271907234375 0.52641930625 0.83239191875 0.5266918890625 0.8330631484375 0.5359990328124999 0.8376325890625 0.537268725 0.8380094953125001 0.53007695 0.8428481546875 0.5262096578125 0.843332746875 0.5169630890625 0.8478627124999999 0.507928528125 0.8487242109375 0.49149018125 0.8439393953125001 0.494330075 0.8417354390625 0.49215413437500005 0.8442768234375 0.4768340453125 0.841132421875 0.47048794374999997 0.8123947906250001 0.51019060625 0.8082417296875001 0.512033390625 0.8022077734374999 0.5055358531249999 0.799117215625 0.49816235468750003 0.7963102453124999 0.4743202234375 0.7926203 0.40098132968750005 0.7907394062499999 0.3926410109375 0.791600903125 0.3762026625 0.789827696875 0.36580754843749996 0.7868843 0.366683509375 0.7826235500000001 0.3705810875 0.7822466453125 0.377772865625 0.7794647796875 0.3755666359375 0.779342725 0.3889530796875 0.7814928359375 0.39215641875 0.7777561546875 0.3971116796875 0.7796370484375 0.4054519984375 0.7746368593749999 0.41240147968749996 0.770537640625 0.4132168671875 0.7670558078124999 0.4243667953125 0.7483723999999999 0.44914310156250004 0.739258625 0.4682396203125 0.7342296968750001 0.49785240000000003 0.732384646875 0.5441155359375001 0.733849159375 0.5493433796875 0.732474334375 0.5976915968750001 0.734179328125 0.62044575625 0.7400912265625 0.6403297375 0.7358304796875 0.6442273140625 0.7356151046875 0.6483369015625 0.7391758859374999 0.6577954796875
8 0.3513800234375 0.527238584375 0.33861214687499996 0.5275996671875001 0.3356005375 0.5408346749999999 0.336325609375 0.5491144218749999 0.340302771875 0.5616854796874999 0.3565775875 0.5718103703125 0.374492815625 0.57274926875 0.3836999125 0.5629296078125 0.38349890468750003 0.55570754375 0.3770485703125 0.5460975296874999 0.3513800234375 0.527238584375
8 0.466739978125 0.1284084875 0.42947374375 0.0986395484375 0.4184934421875 0.0980640953125 0.410133475 0.102777059375 0.405750671875 0.12006108124999999 0.40593730937499994 0.1386147953125 0.40986062656250005 0.1522132484375 0.41793700625 0.163968915625 0.4466566375 0.17989710625 0.4646257109375 0.17980860781250002 0.47547321875000004 0.16080295 0.476227028125 0.146419396875 0.466739978125 0.1284084875
8 0.9004595265625 0.7538165671875 0.898657584375 0.766084753125 0.90321265625 0.7786860953125 0.91675945 0.7855773640625 0.9331024765624999 0.783343209375 0.9416778171875 0.7745206578125 0.9388026328124999 0.7630375734375 0.9169102421875 0.7495276203125 0.9004595265625 0.7538165671875
2 0.9202630703124999 0.5086322140624999 0.9187159749999999 0.5270950671875 0.9278439640625 0.6625320625 0.9312575828125 0.66374118125 0.9616607343749999 0.6364884265625 0.9630319296875 0.6324394125 0.95311065625 0.5010817171874999 0.94920170625 0.4761516140625 0.9202630703124999 0.5086322140624999
5 0.8687533937499999 0.7727592890625 0.77124076875 0.853157 0.76566266875 0.86007619375 0.7671271828124999 0.8653040390625 0.7899600203125 0.8829841515625001 0.8057646125 0.8910239656250001 0.8780752812499999 0.838151590625 0.90894865625 0.8129839171875 0.911583359375 0.806940684375 0.9014107109375 0.79095428125 0.8687533937499999 0.7727592890625
5 0.9923075890625 0.6598729 0.9475036625 0.696529375 0.9455545546874999 0.7005481 0.9463334718749999 0.7078004499999999 0.9882514953125 0.7372677703125 0.9923075890625 0.6598729
5 0.4314907484375 0.41399210468750003 0.4356725484375 0.389486021875 0.4500162578125 0.3479987859375 0.451186446875 0.3367277109375 0.45571641406249996 0.32769315 0.45482981093749997 0.3224955921875 0.46073097343749997 0.30941201875 0.474403453125 0.2586176390625 0.4533581890625 0.24000099062500002 0.390462884375 0.201677359375 0.340568515625 0.434982534375 0.33853682812499997 0.46269195625000004 0.3770665703125 0.4904666765625 0.399698403125 0.5009247265625 0.4067410171875 0.499233378125 0.40527650312499996 0.494005534375 0.411177665625 0.4809219609375 0.42068271562500004 0.44330201562499993 0.4314907484375 0.41399210468750003
5 0.3264436546875 0.59392614375 0.3143290078125 0.6592252234375 0.3110876546875 0.68790146875 0.30749813593750003 0.701106190625 0.30732223593749997 0.7155200296875 0.3392401125 0.736766925 0.34344701718750004 0.73389674375 0.37221701875 0.627231578125 0.37571321874999997 0.60475 0.352087096875 0.5911491859375 0.32987164375 0.5838036125 0.3264436546875 0.59392614375
7 0.5242791953125 0.7444039765625 0.5240243453125 0.738209309375 0.53018035625 0.731320403125 0.5310418546875 0.71488205625 0.52842151875 0.7095936375 0.47994524062500005 0.6946904828125 0.45578068125 0.691363634375 0.45099586562500005 0.694203528125 0.44103496093750005 0.7184067421875 0.43923301718749996 0.7306749296875 0.44069753125 0.7359027734375 0.4484652171875 0.7424911703125 0.46269760781249997 0.7473579328125 0.46589585468749994 0.7526766375 0.44059695000000004 0.8152243234375 0.42996465937500006 0.9959855578125 0.4300552921875 0.9970205265625 0.43819420156250005 0.99744706875 0.4398429828125 0.9954730406250001 0.48480521718749997 0.9226234640625 0.4934380328125 0.8684743125000001 0.49842037968749997 0.7512905203125 0.5067803468750001 0.7465775546875 0.5076131046875 0.752802509375 0.5106103453124999 0.7508991515625 0.5119671718750001 0.7581817875 0.517961653125 0.7543750734375 0.5242791953125 0.7444039765625
7 0.663426646875 0.52195766875 0.6673787015625 0.5128928203124999 0.6654978093749999 0.5045524984374999 0.667446915625 0.5005337734374999 0.6832120328125 0.4982693328125 0.6838976296875 0.4962448265625 0.6792743437500001 0.4960025296875 0.6890198765625 0.475908903125 0.6903515953125 0.46155563749999995 0.6575327484375 0.44644283281249997 0.655960546875 0.44326978281249996 0.655773909375 0.4247160703125 0.6535699546875 0.42254012812499997 0.6477370046875001 0.42326465312500006 0.638838603125 0.4382515859375 0.6358952062500001 0.439127546875 0.6067986703125 0.4303911328125 0.5871497078125001 0.42936137499999993 0.567874021875 0.46543904375 0.5590689375 0.48970283124999997 0.556473709375 0.5060503171875 0.5730572171875 0.5213424812499999 0.590071475 0.5284154703125 0.5931081890625001 0.536816365625 0.554650134375 0.618248559375 0.5515846796874999 0.6325109656250001 0.552252121875 0.8519824765624999 0.5539714859375 0.8634049875 0.559696746875 0.8647352546875 0.5757992953125 0.844974784375 0.66807488125 0.7097010312500001 0.661463171875 0.53730804375 0.663426646875 0.52195766875
7 1 0.0255177171875 0.8547313031250001 0.01790450625 0.8036906015625 0.123402515625 0.7825196515624999 0.1624715140625 0.7798311046874999 0.169542140625 0.7800572171875 0.1984001078125 0.78335951875 0.2459632234375 0.7858721656250001 0.2533064359375 0.7890236734375 0.3369192953125 0.791536321875 0.34426250625 0.7955278531250001 0.3455019125 0.7966944125000001 0.378530040625 0.794486825 0.4206533015625 0.7983921421875 0.48988260781250004 0.80011150625 0.5013051187500001 0.8047886343749999 0.50052001875 0.8078791937500001 0.5078935171875 0.81313423125 0.507138703125 0.82497603125 0.4912758109375 0.82708666875 0.4841748953125 0.8323955515625 0.48239268593749995 0.8405006687500001 0.471485053125 0.8463479859374999 0.45942887656250003 0.856603215625 0.45172458281249994 0.866241059375 0.43368574843749996 0.892921896875 0.4000566046875 0.9019818296875 0.3819874828125 0.9187161312500001 0.36122990312500003 0.9232999421875 0.35116794375 0.9315522203125 0.3485097734375 0.946875853125 0.3214969515625 0.9909765890625 0.265085721875 1 0.2504904671875 1 0.0255177171875