7 0 0.563853746875 0.0272697640625 0.5515877437500001 0.0347511015625 0.519194709375 0.0361472625 0.49659665625000005 0.0328802453125 0.48081978124999997 0.035634584375 0.4758970734375 0.098767571875 0.4514711375 0.09931823281249999 0.4318973203125 0.08532609062499999 0.219994928125 0.07810056875 0.21626456875 0.02183848125 0.2285545484375 0 0.4781695234375 0 0.563853746875
7 0.3675955875 0.37997878749999997 0.35767955156250003 0.360521990625 0.3587043859375 0.35544796875 0.416866696875 0.3347181 0.42095337187500004 0.3278464828125 0.422220315625 0.2071271609375 0.419171134375 0.19550029062500002 0.4212714421875 0.1316543828125 0.2374449734375 0.17443762812500002 0.23525447656249998 0.19283524218749998 0.239008328125 0.2096874453125 0.23854733593750002 0.22823636875000003 0.2365488328125 0.2311597328125 0.2340255140625 0.273281165625 0.2363963875 0.34578014218750003 0.2420504328125 0.354192796875 0.24103424375000002 0.3658078953125 0.2358842328125 0.3715537453125 0.23610206875 0.37570375 0.23684524375 0.3871288703125 0.24091925781249998 0.39368171875 0.271396834375 0.3839553234375 0.3065639515625 0.4335051890625 0.3326473515625 0.42752529843750003 0.3663661015625 0.413951525 0.37275878281249997 0.40728165625 0.3675955875 0.37997878749999997
7 0.5282317328125 0.14411040625 0.52484973125 0.15620735624999998 0.5268746 0.21938143281250003 0.520508284375 0.29214874218750003 0.5305778125 0.2899315015625 0.574315446875 0.32783835156249996 0.5937883296875001 0.3243783265625 0.624048071875 0.31050192656250003 0.6170145421875 0.2912973171875 0.6050103359375 0.275788775 0.6099425109375 0.26589291875 0.6150028562500001 0.26117195937500004 0.660341303125 0.247582040625 0.6741240859375 0.07012447031249999 0.6654765625 0.06936790937500001 0.5415804125 0.0977723875 0.5286668828125001 0.10593722812499999 0.5282317328125 0.14411040625
7 0.3383223375 0 0.339945696875 0.0718697421875 0.341534371875 0.0802706265625 0.3494260609375 0.08302653125000001 0.36271143906250003 0.10381084375 0.3786229875 0.11449755312500001 0.4111375703125 0.10804758125 0.4161082484375 0.104351515625 0.4061922125 0.0848947171875 0.40690954375 0.076695584375 0.44457413749999997 0.0644997625 0.44533397499999994 0 0.3383223375 0
7 0.1209878375 0 0.121912596875 0.0342050625 0.1292288296875 0.1298569046875 0.155799065625 0.12495234375 0.160142078125 0.1284305171875 0.1651127578125 0.12473444843749999 0.171557121875 0.1573130890625 0.189428671875 0.158876646875 0.2054425453125 0.155113996875 0.21941941250000002 0.148074921875 0.213551546875 0.11554672031249999 0.25210014531249997 0.1065264484375 0.255033815625 0.0995539546875 0.2537004359375 0.0085564921875 0.2530497140625 0 0.1209878375 0
5 0.4541246 0.6126856421875 0.4503707484375 0.595833440625 0.43240901093749995 0.5488215859375 0.4273101625 0.547342759375 0.2132371359375 0.6370511249999999 0.21145646875000002 0.644124490625 0.21814451250000003 0.7004773890625 0.22305136874999998 0.717430465625 0.2308533921875 0.7212112640624999 0.438943565625 0.6268485203124999 0.449948259375 0.6205821515625 0.4541246 0.6126856421875
5 0 0.846038809375 0.0484367875 0.8209183624999999 0.04773159375 0.7692198421875001 0.045169246875 0.7586683015625 0.0458095734375 0.7380695953124999 0.042990889062499996 0.7171682609375 0.036649371874999996 0.71661345 0 0.733369275 0 0.846038809375
5 0.574573878125 0.5240808890624999 0.5847589125 0.5404630109374999 0.5887817640625 0.5542405390625 0.5928172734375 0.5545936 0.738619959375 0.48163255625 0.746921478125 0.4730642171875 0.72544956875 0.43297441875000003 0.71897988125 0.4272447125 0.7151748671875 0.41761718906249995 0.71171585625 0.4173145640625 0.6862474625 0.4295446796875 0.6789196140625 0.4402636765625 0.6740000984375001 0.43673506562500003 0.6604715640625 0.43864968125 0.564055496875 0.4849494015625 0.5635560015625 0.4972985375 0.574573878125 0.5240808890624999
8 0.5134267312499999 0.559007928125 0.5068800390625 0.540878646875 0.4931848296875 0.53141858125 0.4827181359375 0.5315356 0.47526211875 0.5370797015625 0.47272561562500004 0.5461524140625 0.4747114609375 0.5566535171875 0.490033846875 0.5807142546875 0.5036008843750001 0.5849994265625 0.5111465671875 0.5784304328125 0.5135037390625 0.571407503125 0.5134267312499999 0.559007928125
8 0.1482728375 0.7222482921875 0.1490924953125 0.6995998015625 0.142865965625 0.6711711671875 0.14025245625 0.6678443046875 0.12920926093750001 0.6679108874999999 0.12020307187499998 0.6712538921875 0.1088397140625 0.6816198296875 0.10705904531249999 0.6886931953125 0.1082505515625 0.694993859375 0.1219589421875 0.7375026453125 0.13419364375 0.743736725 0.1443143328125 0.73429480625 0.1482728375 0.7222482921875
8 0.7493419484375 0.39891895625 0.7378119171875 0.397910209375 0.7303558984375 0.4034543109375 0.728754565625 0.40847789375000004 0.7313169109375 0.41902943437499995 0.7482406312500001 0.4380665890625 0.76016783125 0.44117555625 0.7664708453125 0.43553057968750003 0.7670215046875 0.41595676406250004 0.7631268234374999 0.40735413125 0.7493419484375 0.39891895625
1 0.0822247015625 0.122646365625 0.08832306250000001 0.14590010625 0.10251776562499999 0.1430110359375 0.099583571875 0.103510340625 0.0891801765625 0.036505028125 0.08604133124999999 0.02590305 0.0744342921875 0.012494729687500001 0.0723719640625 0.0360672375 0.0822247015625 0.122646365625
1 0.5690643671875 1 0.5691600953125 0.9976332781249999 0.5732979328125001 0.9835369828125 0.580049278125 0.9727675484375 0.583341615625 0.9616954874999999 0.602659440625 0.8404899406249999 0.612650915625 0.732926753125 0.6062065484375 0.7003481140625001 0.5915503296875 0.6753129234374999 0.5746651125 0.66247555625 0.5567935640624999 0.6609119984375 0.5358986781249999 0.6673458234375 0.501859765625 0.691218953125 0.48565389843749995 0.710455853125 0.468833028125 0.723442528125 0.43458946249999997 0.776214371875 0.4296699453125 0.7726857609375 0.40783989375 0.783168715625 0.3900965140625 0.786780053125 0.35832510625 0.8046551453124999 0.334048215625 0.823185921875 0.322813028125 0.838726753125 0.311296178125 0.8707667265625 0.3096821828125 0.8892147765624999 0.31416655000000004 0.9309165671875 0.30496836875 0.9497338234375 0.31466656875 0.965040615625 0.321287046875 0.9862745609375001 0.478169528125 1 0.5690643671875 1
1 0.8800980453125 0.902973921875 0.8772281968750001 0.88929726875 0.8777661953125 0.8831479203124999 0.8808280359375 0.8813503218750001 0.8768948515625 0.866547903125 0.8759206578125 0.8179240578125 0.899761875 0.7910932734375 0.9167488968749999 0.7430080953125 0.9202717296875 0.722661575 0.9544889296875001 0.6037922890625 0.9599332593750001 0.56812283125 0.9612524125 0.533125203125 0.95430855 0.5128957 0.9424325140625 0.5025620546875 0.9281993078124999 0.4992513359375 0.9108530968749999 0.5049628953124999 0.888216046875 0.5246698750000001 0.8793765312499999 0.5393875640625 0.8669498359375 0.5486277328125 0.8485661312499999 0.5728377796874999 0.8287092625 0.6072463046875 0.8095059015625001 0.6541048421875 0.8012170421875 0.6492487140625001 0.7893025031249999 0.63271528125 0.7704699453125 0.6155765984375 0.7400946937499999 0.6108536359375 0.6651500140625 0.650769965625 0.6464588078125 0.6718549 0.6421416375 0.6880009796875 0.6410144765625 0.7075243578125 0.6460753453125 0.7492765859375 0.6351476578125 0.7679425296875 0.6273461593749999 0.8106349187499999 0.607964509375 0.9524896109375 0.6096813546875001 0.966065390625 0.6179828734374999 0.9574970515624999 0.6288330296875 0.8799583453125001 0.7879864875 0.9465520281250001 0.78917799375 0.9528526906250001 0.8123403828125 0.9404208265625 0.8350671000000001 0.9196889546874999 0.8433559578125 0.92454508125 0.8614711859374999 0.949882896875 0.867992034375 0.9483879234374999 0.876690721875 0.9419198062499999 0.87829205625 0.9368962218749999 0.8800980453125 0.902973921875
1 0.529514475 0.2888057359375 0.5249536265625 0.28117755624999996 0.5266446265625 0.27512908281250004 0.52440244375 0.25427818750000003 0.5263751046875 0.23173057031250002 0.52648956875 0.1573835609375 0.5238760609375 0.1540566984375 0.5054665125 0.158642490625 0.4896193109375 0.1737798234375 0.46398476562499996 0.22110844062499999 0.4553889296875 0.25960038750000003 0.45200744843749996 0.318170525 0.4732995046875 0.3138369203125 0.5274263046875001 0.29275399062499996 0.529514475 0.2888057359375
1 0.23464051874999997 0.279531390625 0.23522967968750003 0.2661573609375 0.23119416875 0.26580429843750003 0.210760796875 0.3001623875 0.20257478906249998 0.3273300890625 0.2008073046875 0.367452175 0.1981811359375 0.3775497796875 0.189572115625 0.38299300625 0.184012275 0.4000631046875 0.1839611109375 0.40728778437499996 0.23839541562500002 0.389329965625 0.2358837109375 0.325080559375 0.23844553125 0.2891589140625 0.23464051874999997 0.279531390625
5 0.23320533281250003 0.2494564703125 0.232218478125 0.2142570921875 0.2300533015625 0.20580577187500002 0.22726046093750002 0.20452869375 0.19988322812499998 0.2186572796875 0.1897240375 0.2218994109375 0.1784630046875 0.2178159890625 0.16403780625 0.22997952187499998 0.12358037031249999 0.240898265625 0.1220175375 0.2521216359375 0.12718073125 0.2794245046875 0.1293970703125 0.2806511453125 0.22969515937499999 0.256378525 0.23320533281250003 0.2494564703125
5 0.48113846093749996 0.1843979453125 0.47848645 0.174871296875 0.4676352453125 0.1594636296875 0.4490078640625 0.1598994171875 0.43693983437500006 0.1650400203125 0.4275876390625 0.159058128125 0.425409803125 0.16403127343749999 0.42409065 0.1990289015625 0.48113846093749996 0.1843979453125
7 0.7753013453125 1 0.785770146875 0.9453253859374999 0.79221346875 0.884957653125 0.7837579375 0.8687268421875001 0.7526141921875 0.8794276921874999 0.71173426875 0.9150951484375 0.687995378125 0.927476575 0.6475637859375001 0.958019571875 0.6128202015624999 0.97666736875 0.582982709375 1 0.7753013453125 1
2 0.14573894999999998 0.9636869390625 0.1612274859375 0.952649171875 0.16464799218749998 0.946752009375 0.1651343046875 0.9013541500000001 0.1618794265625 0.825679625 0.1500803953125 0.8277455515625001 0.077044553125 0.8657634109375 0.0836194859375 0.9654813437499999 0.1351906546875 0.9699932359375 0.14573894999999998 0.9636869390625
2 0.4582508234375 0.704960184375 0.4584169734375 0.66986168125 0.4568668015625 0.6676605875 0.4394309234375 0.6743970359375 0.3703024234375 0.7075930609375 0.368214253125 0.711541315625 0.3720577703125 0.7273686265625 0.3915185171875 0.7838062546875 0.42159892499999996 0.7719796390625 0.43561429531250007 0.7711403515625 0.45462566249999997 0.7397560640624999 0.4582508234375 0.704960184375
2 0.6104203453125 0.6057050187499999 0.6092546828125001 0.6190286109375001 0.6119963625 0.6275303671875 0.6439734687499999 0.6737029328124999 0.6589366671875 0.6553900515625 0.7081951156249999 0.62355383125 0.7190067703125 0.5398153390625 0.7074767375000001 0.5388065906249999 0.617312521875 0.5866860140625 0.6104203453125 0.6057050187499999