8 0.5490120171874999 0.0930870265625 0.555240396875 0.0880146359375 0.55795531875 0.077188634375 0.5556843390624999 0.0676663640625 0.5472616359375 0.062120260937500005 0.537481471875 0.061987159375 0.5348432046875 0.0717169328125 0.5405509859375 0.0880890359375 0.5490120171874999 0.0930870265625
8 0.4543215140625 0.18726060312499998 0.4596140375 0.1815719796875 0.4601506265625 0.173898409375 0.45495709531250006 0.1641717734375 0.44934196093749995 0.1604743703125 0.43675422812500003 0.1584925671875 0.43025755468750004 0.16740174375 0.44282294999999994 0.183702584375 0.4543215140625 0.18726060312499998
8 0.3449799296875 0.28096046874999997 0.337263115625 0.279319271875 0.33130303125 0.28055487968750004 0.32753726875 0.29240898125000003 0.33928179062499997 0.306449253125 0.34684529375 0.3102828984375 0.3536645796875 0.3107597484375 0.3600079421875 0.3040430203125 0.3596853296875 0.2946569921875 0.35535100000000003 0.286642815625 0.3449799296875 0.28096046874999997
8 0.161495046875 0.4129883203125 0.15280405 0.4112790015625 0.1448189421875 0.4134745890625 0.139564746875 0.4186151015625 0.1390281578125 0.42628867187499997 0.15128693124999998 0.446974409375 0.165631390625 0.4518330171875 0.1748206484375 0.44641687812499997 0.177995503125 0.429013534375 0.1737378296875 0.41990313125 0.161495046875 0.4129883203125
8 0.6701465859375 0.3907235140625 0.6655439624999999 0.3865461203125 0.6587630046874999 0.3855211578125 0.654636303125 0.38853734375000004 0.656677315625 0.4013482875 0.662215796875 0.40614191406250005 0.6698399640625 0.395108409375 0.6701465859375 0.3907235140625
8 0.591234659375 0.4832464734375 0.59513139375 0.4835189609375 0.6014364296875 0.47735034374999996 0.602985528125 0.46919678437499995 0.5965878484375 0.4626907 0.5887943796874999 0.462145728125 0.58556520625 0.46632626093749996 0.58674701875 0.47742474531249995 0.591234659375 0.4832464734375
8 0.51191711875 0.5955695921874999 0.505366128125 0.5912559578125001 0.49667513124999996 0.5895466390624999 0.49126762343749997 0.5968796015625 0.4946660984375 0.6042775453125 0.5041013125 0.6093436578125 0.5132905703125 0.6039275187500001 0.51191711875 0.5955695921874999
8 0.4325229234375 0.7089889359375 0.4394571921875 0.70782145 0.4457622265625 0.701652834375 0.44337626406249997 0.6937749 0.435889415625 0.68884503125 0.427160090625 0.6876838249999999 0.42085505625 0.693852440625 0.42133097968750005 0.7010460203125 0.4325229234375 0.7089889359375
8 0.3107182328125 0.8409235468749999 0.316563334375 0.8413322765625001 0.325905903125 0.8337236890625 0.32468576250000003 0.823173315625 0.3171605875 0.818791559375 0.303522015625 0.81783785625 0.29601283125 0.8272270234375 0.30027050625 0.8363374265625 0.3107182328125 0.8409235468749999
8 0.5389008234375 0.8816652796875 0.5458350921874999 0.88049779375 0.5491792484375 0.8746729249999999 0.5495241984375 0.8697399171875 0.543947390625 0.8654944015625 0.5361922484375 0.8644013171875 0.5319888921875 0.868513728125 0.5314523046875 0.8761872984375 0.5389008234375 0.8816652796875
8 0.6156247734375 0.7504338625 0.612379609375 0.7408434703125 0.60275275625 0.7385179187500001 0.5996768953125 0.7405060015625 0.599101978125 0.7487276828125 0.604640459375 0.7535213093750001 0.6095113765625 0.7538619171875001 0.6156247734375 0.7504338625
8 0.6547868078125 0.6523773562499999 0.660954521875 0.6621721125 0.6668379515625 0.66203273125 0.6702587640625 0.6551116375 0.6658477781250001 0.648193684375 0.6580926359375 0.6471006 0.6547868078125 0.6523773562499999
8 0.7055017265625 0.5711016828125001 0.7080409999999999 0.5767871687499999 0.7127969359375 0.5787721125 0.7191402984375 0.572055384375 0.7128192734375001 0.5644530765625 0.7079483546875001 0.56411246875 0.7055017265625 0.5711016828125001
8 0.6528132984374999 0.9325926109375 0.6567100328125 0.9328650968750001 0.6609133890625001 0.9287526875 0.66227085 0.9233396875000001 0.656579059375 0.9207385109375 0.6517464687500001 0.9198497890624999 0.6475047843749999 0.9245103125 0.648095690625 0.9300595546875 0.6528132984374999 0.9325926109375
7 0.813639653125 0.8166056749999999 0.7970658359375 0.87162753125 0.7996051093750001 0.8773130171875 0.8111803296875 0.8797748125 0.8150770656249999 0.8800472984375001 0.8172553984375 0.87689486875 0.83593089375 0.8198168078125001 0.8263806953125 0.8163950312500001 0.8157030031250001 0.8150975828125 0.813639653125 0.8166056749999999
7 0.782951096875 0.695488596875 0.7854903703125 0.7011740828125 0.8425839281249999 0.710674375 0.8504923812499999 0.7095750109375001 0.865763053125 0.6731889671875 0.866414625 0.6638710609375 0.8618120015624999 0.65969366875 0.827009684375 0.6534045078124999 0.8069351046875 0.6464928343749999 0.8029233874999999 0.647864684375 0.7927376078124999 0.6675317390625 0.7982760875 0.672325365625 0.7975478609375 0.6827394953125 0.782951096875 0.695488596875
7 0.8262687625 0.7199985609375 0.780788753125 0.71241195 0.7705103296875 0.7194043046874999 0.763898671875 0.7299578171875 0.7631097796875 0.7552390953125 0.757318996875 0.7680531796875 0.7610240921875 0.771066225 0.820886890625 0.7829633312500001 0.8258727921875 0.7816596031249999 0.8445099578124999 0.7251296546875 0.8262687625 0.7199985609375
7 0.79099076875 0.874507475 0.7959000140625 0.8742999703125 0.800026715625 0.871283784375 0.8153420625000001 0.806259665625 0.75570923125 0.7910738875 0.750876640625 0.79018516875 0.7448399 0.7925169999999999 0.7404832328125 0.798821859375 0.74095915625 0.8060154390625 0.7211401765625001 0.8514469015625 0.7276911687500001 0.8557605374999999 0.7757871078125 0.8679364093749999 0.79099076875 0.874507475
7 0.772858209375 0.8958220062500001 0.740234225 0.8863804140625 0.7073419484375 0.8807756093749999 0.6770688953125 0.9497109109374999 0.6816715203125 0.9538883046875 0.7529179 0.9709877656250001 0.7793708734375 0.9006837515624999 0.772858209375 0.8958220062500001
7 0.74520861875 1 0.747373071875 0.9942841015624999 0.74561634375 0.9914072968750001 0.7331819234375 0.9872330437500001 0.672498253125 0.9730753671875 0.66001915625 0.9975391890624999 0.659383253125 1 0.74520861875 1
7 0.6414190093750001 1 0.65595946875 0.9575982640625 0.6415383515624999 0.9538358796875 0.60446505625 0.9380244484375 0.56888019375 0.9289266062499999 0.5563691171875 0.9258485765625 0.552319071875 0.927768540625 0.5472725046875 0.9439394171875 0.538674153125 0.9549048000000001 0.527613184375 0.9590884703125001 0.516191275 0.9544342265625 0.5075929234375 0.9653996093749999 0.49644895 0.9987694671874999 0.49925224999999995 1 0.6414190093750001 1
7 0.7111907125 0.8397353203125 0.702959646875 0.8314486593750001 0.630739084375 0.814281075 0.6142546171875 0.812026784375 0.573358190625 0.8928874499999999 0.5796025609375001 0.9015859828125 0.6632833609375 0.922859696875 0.67247261875 0.9174435578125 0.6998391109375001 0.8620748140625001 0.7048633390625 0.8602229749999999 0.709334990625 0.8522737796875001 0.7111907125 0.8397353203125
7 0.6358590109375 0.7270631265625 0.62018906875 0.7551593671875 0.6354981390625001 0.7742226125 0.6347571484375 0.7848192640625 0.6526533953125 0.794883365625 0.696376675 0.7995931749999999 0.7213605000000001 0.8062973437500001 0.7296522296875 0.7997168578125 0.7518795093749999 0.7478442921874999 0.7541185078125 0.7298247140624999 0.67905205 0.7113565421875 0.670322725 0.7101953359375 0.65488275 0.735002903125 0.6498968484375001 0.73630663125 0.6441667296875 0.734253565625 0.6358590109375 0.7270631265625
7 0.7834333671875 0.6745922140625 0.7935424906249999 0.6560213859374999 0.7957048343750001 0.63909803125 0.7948839609375 0.6368374593749999 0.7503398078125 0.629867084375 0.7221651375 0.626795334375 0.71710258125 0.6291952875 0.7087341953124999 0.636871996875 0.68654524375 0.68819645 0.732692815625 0.700236078125 0.7676867703125 0.703784678125 0.781500990625 0.688226896875 0.7834333671875 0.6745922140625
7 0.8296669921875001 0.5594048500000001 0.7597557359375 0.551211425 0.7492473453125 0.5614924515624999 0.74236739375 0.57588275 0.7440474671875 0.579855778125 0.7299649546875 0.5992503453125 0.7295433484375 0.6052795796875 0.771011640625 0.6142380390625 0.8060822515625 0.616690415625 0.8297213093750001 0.5726276625 0.8296669921875001 0.5594048500000001
7 0.78839009375 0.37971417500000004 0.7350016312500001 0.37322692968750004 0.72128640625 0.3733694515625 0.6975547015625 0.4047575046875 0.6830729203125 0.41586226875000004 0.6814854921875 0.42456394218750004 0.7068142671875 0.426335103125 0.77170129375 0.4363803671875 0.800479565625 0.3888214375 0.8008628421875 0.38334031562500004 0.78839009375 0.37971417500000004
7 0.6447221140625 0.47431845937499995 0.6315051484375 0.46733552500000003 0.6308759140625 0.46233439374999996 0.625069140625 0.461377553125 0.6164707890625001 0.472342934375 0.614500084375 0.486525728125 0.6152059734375 0.490430634375 0.62557704375 0.49611298125000003 0.621657971875 0.51015953125 0.626260596875 0.5143369250000001 0.68373743125 0.5183560953125 0.7170129859375 0.5184797796875 0.7506238468750001 0.4718095703125 0.7545045906250001 0.45831113125 0.744992721875 0.45434124374999996 0.66931301875 0.44464286406250003 0.6631612953125 0.4486190328125 0.6447221140625 0.47431845937499995
7 0.598635453125 0.6154033359375 0.6277459796875 0.61909131875 0.6547164999999999 0.6253836203125 0.6617274234375 0.623119909375 0.702984790625 0.5510971609374999 0.699394678125 0.546439778125 0.6790901328125 0.542816775 0.621996575 0.5333164828125 0.611165571875 0.5342114828125 0.58342215 0.566971384375 0.5739039328125 0.5910914578125 0.56343386875 0.6008243734375001 0.5669089984375 0.607126090625 0.598635453125 0.6154033359375
7 0.5620093953125 0.64919448125 0.5593934671875 0.6446052203125 0.550817453125 0.641251565625 0.5382297203124999 0.6392697609375 0.5302446125 0.6414653484375 0.499824596875 0.6845031390625 0.49476204062500007 0.6869030921875 0.4795423890625 0.6665611015625 0.4746714703125 0.66622049375 0.4476339375 0.702885303125 0.45578834687500003 0.7122681890625 0.46327519375000004 0.717198059375 0.4729020484375 0.7195236109375001 0.46415038593749997 0.7326814421875001 0.465753803125 0.73775069375 0.47230479374999995 0.7420643296875 0.5308867859374999 0.7582782124999999 0.5743417734375 0.766824803125 0.5848118359375001 0.7570918875 0.635680065625 0.673623765625 0.61707793125 0.6596547562499999 0.5839556875 0.6573386234374999 0.5620093953125 0.64919448125
7 0.4840495609375 0.9240962546875 0.49129045156249995 0.9185438734375 0.5359686296875 0.8396000296875 0.55127763125 0.8026658734375 0.5495975578125 0.7986928453125001 0.540124015625 0.7941748453125 0.4553157203125 0.7750254578125 0.43886958125 0.77222305625 0.4347812078125 0.7746911296875 0.36612536875 0.8745407734375 0.3602962578125 0.88790296875 0.3618230203125 0.8940684453125 0.372270746875 0.898654565625 0.4840495609375 0.9240962546875
7 0.29510211875 0.5462592921875 0.2530812484375 0.5312034765625 0.24127606250000003 0.5320303546875 0.20339788281249999 0.527729278125 0.14902254374999999 0.5773538312500001 0.144189953125 0.5764651125 0.1193051203125 0.5543456828125 0.11267747343750001 0.5511282703125 0.1076532453125 0.5529801109375 0.054098778125000004 0.6048652359375 0.05262633437499999 0.6119225703125 0.087843909375 0.640272459375 0.060598746875 0.66590690625 0.065124715625 0.671180521875 0.17963444374999998 0.6995671359375 0.2020023390625 0.70168204375 0.2406247359375 0.7093399140625001 0.27537908125 0.6743163015625 0.36747599375 0.5612344265625 0.363770896875 0.5582213796875 0.31649583125 0.548306078125 0.29510211875 0.5462592921875
7 0.481378578125 0.40230921875 0.4607674109375 0.403071115625 0.3716024484375 0.3902265875 0.3472861859375 0.38797543437500004 0.3432744671875 0.389347284375 0.3022150875 0.4305395140625 0.29531914531250003 0.4311588875 0.2781894546875 0.4101325421875 0.2707026078125 0.40520267343749994 0.26151335000000003 0.4106188125 0.223798125 0.445986171875 0.2252482328125 0.45324787187500004 0.2498647703125 0.4792040875 0.2372163734375 0.49208943125 0.239793975 0.49722680625000004 0.3161029109375 0.5119263140625 0.361659575 0.5184167000000001 0.3818491375 0.5236840375 0.3925651578125 0.5244333734375 0.3975893875 0.522581534375 0.47642465781250004 0.431154796875 0.48859713125 0.41107587343749996 0.481378578125 0.40230921875
7 0.5924449125 0.2839443078125 0.53126298125 0.2769120890625 0.4926022578125 0.2698023296875 0.4741694234375 0.267411796875 0.46918352187499995 0.268715525 0.43053244062499996 0.3034666515625 0.4208289328125 0.3022373234375 0.41851962499999995 0.293263165625 0.40778761562500004 0.27874290468749996 0.37053232343750003 0.30753291875 0.3772142875 0.3239731421875 0.374844315625 0.3298661328125 0.384164546875 0.33657658125 0.38838389375000004 0.3462350953125 0.3988316203125 0.350821215625 0.43004382343750003 0.3524529953125 0.435658959375 0.356150396875 0.44255490000000003 0.35553102187499996 0.51519706875 0.3666693734375 0.5259897437500001 0.3663224859375 0.5331156515625 0.362414440625 0.6010592531250001 0.28674985 0.5924449125 0.2839443078125
7 0.5039665531249999 0.191282915625 0.47656807968750003 0.219109809375 0.49562380156249997 0.254591434375 0.5220417421875 0.2547863796875 0.6183326124999999 0.2637228625 0.6276368531250001 0.2566623875 0.6725769781250001 0.2019717203125 0.6730752390625 0.19484626249999998 0.6537448765625 0.1912913828125 0.6458747515625001 0.1918426359375 0.5761168078125001 0.18145676093750002 0.560491540625 0.1809149296875 0.52382715625 0.21525418593749998 0.51528946875 0.21135241875 0.5039665531249999 0.191282915625
7 0.6986946453125 0.1784616015625 0.7017321796875 0.1770216296875 0.7448389203125 0.12055038437500001 0.7285077640625001 0.11610364531249999 0.6760934859375001 0.1096845203125 0.6430095703125 0.10682027499999999 0.6337053296875 0.1138807515625 0.62482269375 0.11491199375000001 0.5966193390625001 0.154249240625 0.5970952609375 0.16144282031249998 0.6519338296875 0.1751917671875 0.6676357515625 0.1746373765625 0.6986946453125 0.1784616015625
5 0.526622275 0.4412744625 0.5360958171875 0.44579246406250006 0.583175946875 0.3884974796875 0.5858142140625 0.3787677046875 0.5743763140625 0.3603425375 0.57153041875 0.3590419484375 0.5603161375 0.3654180671875 0.513350990625 0.421068715625 0.526622275 0.4412744625
5 0.211408134375 0.24518219062500002 0.21530486875000002 0.245454678125 0.2244941265625 0.24003853749999998 0.31791981406250003 0.1639526625 0.29032640781249996 0.12456927031250001 0.285570471875 0.12258432500000001 0.269293634375 0.1313603984375 0.2251040734375 0.1613178984375 0.2248741078125 0.16460657031249998 0.20154801875 0.1761944671875 0.168342771875 0.2030645171875 0.20111371875 0.2384036203125 0.211408134375 0.24518219062500002
5 0.14632946875 0.2378774859375 0.13519184374999998 0.2431573828125 0.01153535625 0.31757633749999997 0.0093530359375 0.348784965625 0.0455352125 0.3773400046875 0.053405337500000004 0.376788753125 0.101338321875 0.34929618906250004 0.11601174218750002 0.3354508625 0.1897940984375 0.2882849640625 0.1934065484375 0.278623309375 0.1898547640625 0.2734178140625 0.1633665140625 0.2462291328125 0.151162059375 0.23876620625 0.14632946875 0.2378774859375
5 0.5168134249999999 0.48355035781250005 0.5029129078125 0.45834347812500004 0.4981186453125 0.4569066484375 0.49294110468749996 0.46095093593750003 0.43107257031249996 0.5337355828125 0.443561309375 0.551132646875 0.4540090359375 0.5557187703124999 0.5168134249999999 0.48355035781250005
5 0.4266488921875 0.58299755 0.42605798437500003 0.577448309375 0.4106083671875 0.560394990625 0.40780079999999996 0.5585462890625 0.3985732140625 0.564510540625 0.3249921390625 0.6507967640625 0.32367300625 0.6556616515625 0.3499152984375 0.6723680828124999 0.3549012 0.6710643546874999 0.380312978125 0.6436493296875 0.38065792656249997 0.6387163203124999 0.4266488921875 0.58299755
5 0.20272116874999999 0.81739868125 0.20012122968749999 0.8265803453125 0.2274526890625 0.841710559375 0.2615778015625 0.8016858171875001 0.2749320875 0.7927053796875 0.323522990625 0.727804946875 0.3241745625 0.718487040625 0.311225890625 0.707667321875 0.2987914703125 0.7034930687500001 0.20272116874999999 0.81739868125
5 0.4206090640625 0.9956693937500001 0.44052756249999997 0.9585067734375 0.40885542499999994 0.9634523406250001 0.40274202968750006 0.9668803953125 0.38847683593750004 0.9934224890625 0.4206090640625 0.9956693937500001
5 0.6041899234375 0.6339678875 0.6027558078124999 0.6404771109375 0.6075500703125 0.64191394375 0.6129352390625 0.6489000171875 0.61881866875 0.6487606359375 0.6389379234375 0.6270342359375001 0.6391295609375 0.624293675 0.6276693250000001 0.62018754375 0.6130565703124999 0.6191657203125 0.6041899234375 0.6339678875
1 0.7401575703125001 0.8874766390625 0.7747299203125 0.897054471875 0.7773841781249999 0.9010956218749999 0.7813575671875 0.9002718843749999 0.7924951921875001 0.8949919875000001 0.7979410265625 0.8871109140625 0.79851594375 0.8788892328125 0.7908757843750001 0.8761518109375 0.7503816765625 0.8672614718749999 0.7401575703125001 0.8874766390625
1 0.47337186875 0.92279880625 0.463821671875 0.9193770296875 0.379987559375 0.9002957640625 0.3560929015625 0.8920153796875001 0.33014453593750004 0.9271039734375 0.32613281875 0.9284758234374999 0.31463425312500004 0.9249178046875001 0.2958021515625 0.9142374671875 0.2975972078125 0.9165661593750001 0.28716547187499997 0.9257509609374999 0.282425528125 0.9375369421874999 0.289091503125 0.940206240625 0.2942690421875 0.936161953125 0.300152471875 0.93602256875 0.31396034375 0.948554746875 0.331533978125 0.949232821875 0.371836446875 0.9608637218749999 0.4039461796875 0.9636598453125 0.43179823749999996 0.9573455671875 0.45504767187499995 0.946853896875 0.4750519421875 0.926771834375 0.47337186875 0.92279880625
1 0.4575004015625 0.74378306875 0.44093293125 0.7707149609374999 0.530458834375 0.7923974046875 0.552750075 0.7956085374999999 0.561118459375 0.787931828125 0.5671008828125 0.7723771859374999 0.572278421875 0.7683328953124999 0.47698407343750004 0.7451454984375 0.46248630312500005 0.7424793375000001 0.4575004015625 0.74378306875
1 0.09782865156250001 0.7494767343750001 0.1231254453125 0.7237060468750001 0.170806125 0.7138211890624999 0.191992209375 0.7048376140625 0.19128631875 0.7009327062499999 0.1807236109375 0.697990921875 0.0939669484375 0.6787052890624999 0.0735090921875 0.6772747375 0.00940790625 0.739989 0.0025119656250000002 0.7406083734375 0.01658813125 0.7493037671875 0.050968843750000006 0.7616221609375 0.0753617625 0.7627770875000001 0.09782865156250001 0.7494767343750001
1 0.2289949515625 0.525663653125 0.2787166453125 0.528589740625 0.324678925 0.51527996875 0.3103344640625 0.5104213609375 0.26586696718749997 0.502354759375 0.2512542125 0.5013329359375 0.2289949515625 0.525663653125
1 0.48465242656249996 0.3694906140625 0.47873066875000003 0.370178109375 0.446850903125 0.3640933125 0.3971675375 0.3606191140625 0.376380721875 0.3778924953125 0.36879488125000004 0.3883778859375 0.39771376875 0.394806428125 0.48107195625 0.406694115625 0.488006225 0.4055266296875 0.5017054609375 0.39161318437500003 0.4986902640625 0.3787341203125 0.48465242656249996 0.3694906140625
1 0.538024896875 0.36220693593750003 0.5548159859374999 0.3600763296875 0.576078725 0.34999652812500004 0.5885354828125 0.33985174375 0.5852903203125 0.3302613515625 0.5740600484375 0.3228665484375 0.5689974921875 0.3252665 0.542573203125 0.353161515625 0.538024896875 0.36220693593750003
1 0.544157334375 0.27450899687499997 0.5595526343749999 0.278339503125 0.598404996875 0.2827087015625 0.6085461015625 0.2916797203125 0.6302847625 0.288793496875 0.6595709375000001 0.2759699953125 0.67319351875 0.2631527734375 0.6747809453125 0.2544511 0.671382471875 0.24705315625000002 0.66588231875 0.24171141875000002 0.6572679765625 0.238905875 0.6456161015624999 0.23754030468749998 0.6242160421875 0.26358348125000003 0.6123725265625 0.26495847031249997 0.5569973703125 0.25888309375 0.544157334375 0.27450899687499997
1 0.1438646484375 0 0.2189680953125 0.011073335937500001 0.219482346875 0.0177188046875 0.20675729375000002 0.031700371875 0.209526534375 0.0340971859375 0.26925835781249996 0.033867703124999995 0.3285302484375 0.040215565625 0.388016115625 0.029503832812500002 0.42813329375000003 0.01578533125 0.44898795468749997 0 0.1438646484375 0
1 0.23587111562500002 0.10533920156250001 0.26781154687500003 0.0965568484375 0.2851008953125 0.087300784375 0.30086348281249997 0.07187924531249999 0.317216975 0.0620069484375 0.3204301578125 0.044055490625 0.2993813953125 0.037075695312500004 0.24872384531249997 0.0335333734375 0.21034740625 0.0363577546875 0.175714390625 0.0416470703125 0.1725235453125 0.0452794890625 0.140391475 0.056802403125 0.1300204046875 0.051120057812499994 0.1053591921875 0.053801915624999995 0.08809218125 0.0487389421875 0.0308386875 0.0415258328125 0.02989350625 0.055042548437500005 0.05513923750000001 0.0580012859375 0.0772005125 0.06450109062500001 0.0779447296875 0.067857884375 0.026432475 0.10453761875 0.0232345203125 0.1502705046875 0.028948212499999997 0.1525584734375 0.051999660937500004 0.172897325 0.11278232343750001 0.171639740625 0.1546338921875 0.1751170796875 0.199644325 0.14742015 0.20925518906249999 0.135974778125 0.2191503359375 0.13446354375 0.22833959375 0.1290474046875 0.2213510078125 0.11699207812500001 0.23587111562500002 0.10533920156250001
1 0.0498596546875 0.1755016421875 0.021237828125 0.178824534375 0.015118578125 0.266333875 0.02397525 0.2656739359375 0.0746551375 0.2548972203125 0.11796315937499999 0.237546296875 0.1579110359375 0.21224932187499998 0.167675209375 0.19861149843749998 0.1638008125 0.1840199765625 0.1573264765625 0.1786101171875 0.1477379515625 0.175736453125 0.10682223906249999 0.17287534843750002 0.0498596546875 0.1755016421875
2 0.1585922734375 0.8324890343750001 0.155155471875 0.8256392015625 0.1677272125 0.81385008125 0.17227551875 0.8048046609374999 0.080686265625 0.7846303109375 0.0419872140625 0.7780686640625001 0.013691214062500002 0.8047312109375 0.0112445859375 0.8117204265625 0.171978540625 0.8510504437499999 0.18651463906250002 0.853168490625 0.193640546875 0.8492604453125001 0.1994856484375 0.849669175 0.1585922734375 0.8324890343750001
2 0.24459094062500003 0.9833610078125 0.3490073640625 0.990662515625 0.357009715625 0.9769014953124999 0.35139458125 0.97320409375 0.33366763593750004 0.9747184671875001 0.2789823796875 0.958777071875 0.2563845171875 0.9599508359375 0.2438351125 0.9574209187499999 0.23678586093749998 0.9602327421875 0.22788088750000002 0.9755830203125001 0.2372777734375 0.9811972453125 0.24459094062500003 0.9833610078125