7 0.3308469875 0.254326153125 0.324920184375 0.255196190625 0.3117244671875 0.26931396875 0.2918826921875 0.270577603125 0.29502302812500003 0.25452532968749997 0.291663496875 0.228408378125 0.1582038453125 0.188970353125 0.14013105625 0.1860015265625 0.1198446859375 0.2547552234375 0.11596312187499999 0.2756574046875 0.1184162765625 0.2844796546875 0.177948865625 0.2998207390625 0.270444346875 0.3173502921875 0.285392925 0.317685721875 0.2991441640625 0.31416792031249996 0.3323966 0.2838945125 0.3308469875 0.254326153125
7 0.2930504375 0.42581303125 0.2970503671875 0.4261628296875 0.30572128906249996 0.4206735734375 0.3391491515625 0.39374752812499997 0.339409459375 0.360727759375 0.3353510515625 0.3592621734375 0.312287075 0.37501597656249996 0.2915286453125 0.37778215937500004 0.29459012812499996 0.32223855 0.2863855984375 0.3176336984375 0.12770119375 0.2907061640625 0.113774528125 0.29087660312499997 0.084672465625 0.3813504953125 0.07769734687499999 0.41919758125 0.2723811390625 0.4492732984375 0.282249396875 0.44763727343750004 0.28458418281250003 0.43520754375 0.2930504375 0.42581303125
7 0.11359253750000001 0.5912978453125 0.12474585 0.59518873125 0.13467258437500002 0.59466849375 0.15484767187499998 0.599764846875 0.1627598234375 0.5987907625 0.17992765156249999 0.60348529375 0.2067883125 0.6031964375000001 0.22696339999999998 0.6082927921875 0.255984834375 0.61124725 0.27586754375 0.6107646671875 0.27522288906250003 0.5794706015625 0.29665237499999997 0.5705155671875 0.3340509328125 0.543381428125 0.3327922828125 0.500371596875 0.32578509375000003 0.49961997656249996 0.2881818703125 0.5228488609374999 0.281057728125 0.519865665625 0.283946615625 0.49901550781250004 0.2807931671875 0.49582421875 0.27848336875 0.451750625 0.11985744218750001 0.42593887812500003 0.08283614218749999 0.4222848234375 0.072415196875 0.45136168281250005 0.043082065625 0.5754132359375 0.030557403125 0.5833421624999999 0.0517836390625 0.5895022796875 0.06571030781250001 0.5893318390625 0.078790490625 0.592002890625 0.11359253750000001 0.5912978453125
7 0.2776163359375 0.701113721875 0.2779142015625 0.64981721875 0.2762476375 0.618017284375 0.27309418750000003 0.61482599375 0.25618949999999996 0.6151525062500001 0.21905125 0.609266875 0.14608903906249998 0.6035804234375 0.1169214140625 0.5978364968750001 0.0919291484375 0.59578973125 0.054032128125 0.5944192734375 0.033215223437500004 0.5960696671875 0.0097270734375 0.698696571875 0.016215025 0.822494075 0.2585120546875 0.8304097531249999 0.277314375 0.8283055140625001 0.27824432187500003 0.7700764859375 0.2978054109375 0.7634570734375 0.344021078125 0.7336231421875 0.3402508 0.680675275 0.33598772499999996 0.675304434375 0.3165435875 0.684155421875 0.290530828125 0.7006231921875 0.2776163359375 0.701113721875
7 0.3707321265625 1 0.37142644687500004 0.99064165 0.3650860609375 0.926639959375 0.36076451249999997 0.9201533312500001 0.3518889265625 0.9217373328124999 0.2955126203125 0.9476283499999999 0.2856151234375 0.94870648125 0.28508883906250004 0.938664396875 0.2797746171875 0.93222979375 0.2824894953125 0.9270526796875 0.2777293765625 0.9121976484375001 0.28161235625000003 0.9103158718750001 0.2801811140625 0.9019994921875 0.27507155625 0.8994701421875 0.27977178281250004 0.8941889812499999 0.27752329375 0.8892719874999999 0.2833623828125 0.8867282703124999 0.2830407640625 0.880591440625 0.2794195078125 0.868473853125 0.2720907015625 0.8615854015625001 0.27953504375 0.851685021875 0.2702208890625 0.84490061875 0.2696946046875 0.8348585343750001 0.2256661171875 0.8304528578125 0.137084271875 0.8306198296874999 0.1250259984375 0.8284546453124999 0.09524579375 0.8300153609375001 0.016480576562499998 0.8275610906249999 0.0255177171875 1 0.3707321265625 1
7 1 0.486907046875 0.9948307265624999 0.38827143125 0.90932383125 0.371138475 0.898345946875 0.3705949515625 0.8922144781249999 0.36755973124999997 0.816945303125 0.355840496875 0.805267125 0.36092793125 0.8016472875 0.36783075 0.8592893296874999 0.48005159218750004 0.8674075625000001 0.5020031687500001 0.8725171203125001 0.5045325187499999 0.8801383062499999 0.516999903125 0.9235014093749999 0.60367605625 0.9516207203124999 0.64639703125 0.9607608640624999 0.668854478125 0.972381984375 0.6816716640625 0.9737547515625 0.68887225625 1 0.7322526015624999 1 0.486907046875
7 0.7241097812499999 0.0849088375 0.710300065625 0.08731085 0.70714661875 0.0841195609375 0.68597885625 0.07907523125 0.6817450203125001 0.074262284375 0.6637014703124999 0.07185135000000001 0.661746778125 0.0915336984375 0.672229034375 0.1016134375 0.6695141546875 0.10679055156249999 0.6747713203125 0.131129775 0.7082647468750001 0.200421546875 0.720150425 0.2372801796875 0.7371734828125 0.2582056484375 0.7402406328125 0.278743665625 0.7486205906250001 0.286695878125 0.758053115625 0.3147322609375 0.78168865 0.3288777859375 0.78287136875 0.3324520703125 0.8318047500000001 0.3354818390625 0.9524459437499999 0.35824945 0.9935709218750001 0.364232925 0.98181996875 0.1400113828125 0.9143564890625001 0.1252867578125 0.9074077734375001 0.125650925 0.893217965625 0.120800321875 0.8682257 0.11875355624999999 0.8197587093750001 0.1056296796875 0.8057150906249999 0.10356854374999999 0.784898184375 0.1052189375 0.7665622546875 0.0972290703125 0.74650411875 0.094364290625 0.7241097812499999 0.0849088375
7 0.6450102703125 0 0.6576534625 0.0134285953125 0.70238508125 0.050244121875000006 0.7337427187500001 0.05978925625 0.79178700625 0.084718578125 0.8635532937500001 0.10557220468749999 0.8765165250000001 0.1060116828125 0.8807503625 0.1108246296875 0.8866479265624999 0.1093967015625 0.9189105234375001 0.11721612968749999 0.9291588765625001 0.12283272187500001 0.936166065625 0.1235843421875 0.9404291406249999 0.1289551828125 0.976487003125 0.133219153125 0.9815339078124999 0.13455301718749998 0.97697601875 0.04758331875 0.9520738296875001 0.0662486359375 0.9352276171874999 0.067690934375 0.9297964421874999 0.05902475625 0.9063509546875 0.0485055375 0.8586705531250001 0.012403975000000001 0.8383492765625 0.0045181546874999996 0.8326589249999999 0 0.6450102703125 0
8 0.9606993578124999 0 0.9408884437499999 0.023759042187500003 0.9437216921875 0.0398339109375 0.9546118625 0.0387037546875 0.9702607359375 0.0334082234375 0.976017425 0.0292922625 0.9744822828125 0 0.9606993578124999 0
8 0.3542152078125 0.795185165625 0.357338 0.7787981562499999 0.3451335390625 0.7738435046875 0.3361994765625 0.7743117203125001 0.3284042796875 0.7775173796875 0.3160550453125 0.7887936671875 0.3121734828125 0.8096958484375 0.31970695625 0.8204895531249999 0.3345093453125 0.818035515625 0.3542152078125 0.795185165625
8 0.34190885937500004 0.5983527750000001 0.34401115781249997 0.6004803 0.35487209062499997 0.598792253125 0.3729727 0.583298565625 0.380300090625 0.571166609375 0.379044275 0.5661975906250001 0.37393471875 0.5636682421875 0.362956834375 0.5631247171875 0.3474541515625 0.571209715625 0.3393095140625 0.58674105625 0.34190885937500004 0.5983527750000001
8 0.35021616718750004 0.41498514062499997 0.339325996875 0.416115296875 0.32688905 0.42571790312499996 0.3225396796875 0.43769378750000004 0.326131696875 0.44925348125 0.339853696875 0.4451777859375 0.3520567421875 0.43111203124999997 0.3563476375 0.4180203578125 0.35021616718750004 0.41498514062499997
8 0.3415966375 0.3264881546875 0.350004415625 0.31597785312500004 0.349741275 0.3109568109375 0.345653628125 0.3089333328125 0.336690328125 0.3088436546875 0.3250998640625 0.3156047703125 0.3187943859375 0.3282425953125 0.32025486718749996 0.33711686875 0.3311450375 0.3359867125 0.3415966375 0.3264881546875
8 0.30970846406249997 0.24983971718750003 0.3247739953125 0.252406721875 0.3297666 0.2527044953125 0.33832056875 0.2449836640625 0.337006278125 0.23889885781250003 0.3248602921875 0.23505999531250002 0.3142625015625 0.24176908749999998 0.30970846406249997 0.24983971718750003
2 0.5202415421875 0.22146394374999998 0.5051760109375001 0.21889693906250002 0.48745407968750004 0.22262283593749999 0.458055384375 0.250456571875 0.45353058593749995 0.259085096875 0.4549910671875 0.26795936875000004 0.58614375625 0.3013646125 0.5970924015625 0.3013502453125 0.6334690484375 0.2737102328125 0.634052390625 0.2658477 0.6262557734375 0.25003295312499996 0.581788715625 0.237258871875 0.5466358125 0.23126919687499997 0.5202415421875 0.22146394374999998
2 0.4797579328125 0.3796654234375 0.48393329218750003 0.3833625828125 0.606676784375 0.40825771875 0.614618171875 0.40784152812499996 0.6665559765625 0.3732323078125 0.6671393203125 0.365369775 0.6582038406249999 0.34681758125 0.646962815625 0.34125301406249997 0.59455436875 0.32889512656250003 0.5171244171875 0.3139325765625 0.47301105000000004 0.34589403281250003 0.4797579328125 0.3796654234375
2 0.6928125609375 0.494370528125 0.68376013125 0.4735867625 0.6785043828124999 0.4682679453125 0.6684022203125 0.46544082343750004 0.6001402359375 0.45447320781249995 0.5568412781250001 0.44499446562499995 0.540783075 0.4424794859375 0.5238783875 0.44280599687500005 0.514419459375 0.4522525328125 0.49602647187500004 0.46216728281249997 0.49591093593749996 0.47895611562499996 0.5064837421874999 0.5287503484375 0.5848478890625 0.5425450859375001 0.6179277328125 0.546965128125 0.6248179703125001 0.5454851765625001 0.6904485375 0.506242365625 0.6928125609375 0.494370528125
2 0.57922015 0.5850757 0.5790901390625 0.5843562375 0.5755172234375 0.5845434859374999 0.5522006984375001 0.5956113484375 0.5208462468749999 0.6053102984375001 0.542204921875 0.7165236578124999 0.5472852406250001 0.7184951125000001 0.6051819218750001 0.7216145609375 0.6191085875 0.7214441218750001 0.6483917484374999 0.7103992156250001 0.7543418359375 0.6617708140625 0.754691275 0.64944513125 0.744295315625 0.622018665625 0.735739928125 0.610719090625 0.7228059359375 0.61083750625 0.7006162640625 0.6052873062499999 0.67968240625 0.604706125 0.60552285625 0.5951664421875 0.5994206265625001 0.592689115625 0.580472115625 0.5920038890625 0.5794317640625 0.5862467312499999 0.5772936171875 0.588030715625 0.57922015 0.5850757
2 0.8245127921875 0.8231239468749999 0.8138551078124999 0.8096968453125 0.7618267546874999 0.8045915734375001 0.6280775578125 0.7976154234374999 0.606267978125 0.7993178421875 0.5731310765625001 0.8128024171874999 0.5644893953125 0.8188495671875 0.5641107187500001 0.83061735625 0.5796789625 0.9187501765625001 0.5830955531249999 0.9269625078124999 0.5871247234375 0.9278701999999999 0.669721290625 0.9274574796874999 0.837275609375 0.8767193875 0.8401366781249999 0.8743317421875 0.83949344375 0.8620580828125 0.8245127921875 0.8231239468749999
5 0.5130929671875 1 0.537059025 0.9987439921875 0.5085195859375 0.814510284375 0.5044305234375 0.7934663984375 0.500225925 0.7892113453125 0.4843723875 0.7906016203124999 0.48375980781249994 0.7979062609375001 0.51117453125 1 0.5130929671875 1
5 0.49417650156250004 0.711768184375 0.47229852499999997 0.5792119718750001 0.4678015484375 0.5693779828125 0.45588946718749995 0.5700022687499999 0.47613436875000004 0.72837765625 0.493944015625 0.7263254406249999 0.49417650156250004 0.711768184375
5 0.44256404062500004 0.4107048203125 0.435761515625 0.413858453125 0.432229390625 0.42243495312499996 0.44365151562499994 0.50742850625 0.44940430625000005 0.5222315140625 0.4623967765625 0.523228884375 0.46312630937500004 0.51815581875 0.4479075015625 0.417697315625 0.44256404062500004 0.4107048203125
5 0.422585115625 0.29539128593749997 0.41770946093749994 0.297325084375 0.41715535781249996 0.30574551250000004 0.42402061093750004 0.3607688828125 0.4285760625 0.37171865937500004 0.43450286718750003 0.3708486234375 0.432894778125 0.340164475 0.42772391093750006 0.29847852656249996 0.422585115625 0.29539128593749997
5 0.411692109375 0.258480628125 0.4167431921875 0.25989419062499997 0.42161884374999997 0.2579603890625 0.41046128125000003 0.197008284375 0.4037464703125 0.20183560156250002 0.411692109375 0.258480628125
1 0.5441395234375 0 0.5460647 0.0114447515625 0.5566346703125 0.023198171875 0.5813652125 0.0392443015625 0.6427676124999999 0.0712701703125 0.6326083921875 0.086347665625 0.6133981562499999 0.0996618015625 0.5917654234375 0.12373198593750001 0.5820725921875 0.1287153734375 0.57746008125 0.13567021562499998 0.55924251875 0.1489323265625 0.5633301640624999 0.15095580625 0.569198490625 0.14896998125 0.5732569 0.1504355671875 0.56327310625 0.168860425 0.5640040546875 0.18280776406250002 0.580997875 0.203175340625 0.60736290625 0.2124227 0.6262529390625 0.211992140625 0.642748296875 0.20385511875 0.65264579375 0.2027769875 0.6557115265625 0.20429459687499998 0.662892728125 0.189373171875 0.6667172328125 0.186375609375 0.6795342734375 0.18402561875 0.6868616640625 0.1718936625 0.6689892890625 0.115768871875 0.6420074265625 0.056764935937500004 0.641676071875 0.050442328125000005 0.65193274375 0.0372242921875 0.5934498859375 0.0039265656250000005 0.5816396671875 0 0.5441395234375 0
1 0.6959796578125 0.288895246875 0.7197745828125 0.28708878125 0.737233375 0.2783418421875 0.6999140265625 0.1930272265625 0.6913294046875 0.181169759375 0.661521378125 0.20119298593749999 0.6447935359375 0.22388726406249998 0.6494381203125 0.255531128125 0.6573516875000001 0.27357745 0.675921521875 0.28603046718749997 0.6959796578125 0.288895246875
1 0.8056458 0.3491601421875 0.7846827046875 0.34802106875 0.7713686203125001 0.3408868671875 0.7527096531249999 0.3077397625 0.7403604203125 0.31901605 0.7352815171875 0.3360650015625 0.7371805671875 0.3533076796875 0.7487738671875 0.384587375 0.7625557609375 0.4006478734375 0.775782134375 0.40610839375 0.8008621125 0.409828840625 0.8187009984375001 0.40833451875 0.799749653125 0.3696084796875 0.8070478062499999 0.3569186296875 0.81382109375 0.3532071 0.8056458 0.3491601421875
1 0.7789120140625 0.4848234140625 0.7768403703125 0.5022741875000001 0.803531271875 0.5747195953124999 0.820203471875 0.5889503406250001 0.8533710296875 0.595044065625 0.86937075625 0.5964432578125 0.9060412015624999 0.5934025890625 0.911938765625 0.5919746609375001 0.9135732578125 0.5851758890625 0.8353746171875001 0.44158567031249996 0.81978421875 0.4479969875 0.7909396296875 0.46741029687499996 0.7789120140625 0.4848234140625
1 1 0.7292846734375 0.986660921875 0.707216353125 0.9575197015624999 0.6639895078125 0.952497859375 0.6631338390625 0.9202951546874999 0.6754506046875 0.8913920890625 0.693748125 0.87848875 0.7134448421874999 0.8765632953125 0.7336850828125 0.9068155609374999 0.798111884375 0.9405707124999999 0.8534042921875 0.9602209328125 0.8674789671875001 1 0.8785081796875 1 0.7292846734375
1 0.031142162499999997 0.594500034375 0.0043399781249999995 0.5959046765625 0.007404117187500001 0.654371925 0.0163732640625 0.654573184375 0.0192635703125 0.65274343125 0.034237134375 0.5965755374999999 0.031142162499999997 0.594500034375
1 0.0032667734375 0.5754267015625001 0.005272759375 0.5757164609375 0.011521178125 0.580983253125 0.0246598375 0.5847700921875 0.0366011578125 0.5847037 0.040308709375 0.5794745625 0.053267690624999996 0.522852821875 0.0441582015625 0.5199736749999999 0.0010931468749999999 0.5149580828125 0.0001059546875 0.5151147109374999 0.0032667734375 0.5754267015625001