8 0.8796875 0.665740740625 0.8807291671874999 0.6574074078125001 0.8755208328125 0.6388888890625 0.8661458328125 0.6231481484375 0.859375 0.6166666671875001 0.8526041671875 0.615740740625 0.8489583328125001 0.627777778125 0.8458333328125001 0.6537037031249999 0.8619791671874999 0.6666666671875 0.8770833328125001 0.66851851875 0.8796875 0.665740740625
8 0.5875 0.7416666671875001 0.5947916671875 0.7351851859375 0.5958333328125 0.7240740734375 0.59375 0.7129629625 0.5875 0.69351851875 0.5807291671875 0.6824074078125 0.5739583328125 0.678703703125 0.565625 0.6805555562500001 0.5604166671875 0.6879629625 0.5578125 0.7 0.559375 0.715740740625 0.5692708328125 0.7361111109375 0.5796875 0.7416666671875001 0.5875 0.7416666671875001
8 0.7635416671875 0.377777778125 0.7619791671875 0.3703703703125 0.753125 0.3583333328125 0.7458333328125 0.3583333328125 0.7416666671875001 0.3648148140625 0.7427083328124999 0.3740740734375 0.7510416671875 0.38055555625 0.7609375 0.38148148125 0.7635416671875 0.377777778125
8 0.9078125 0.3731481484375 0.903125 0.3611111109375 0.8953125 0.353703703125 0.8890625 0.353703703125 0.8838541671875 0.35925925937500003 0.8838541671875 0.36851851875 0.8921875 0.375 0.9052083328125 0.3768518515625 0.9078125 0.3731481484375
8 0.8885416671874999 0.2675925921875 0.8875 0.27870370312500004 0.9010416671874999 0.27870370312500004 0.8963541671874999 0.2648148140625 0.8885416671874999 0.2675925921875
8 0.6036458328125 0.39351851875 0.6046875 0.384259259375 0.603125 0.3768518515625 0.5958333328125 0.36759259218749996 0.590625 0.36851851875 0.5864583328124999 0.3759259265625 0.5859375 0.384259259375 0.5880208328125 0.3888888890625 0.5953125 0.39351851875 0.6036458328125 0.39351851875
8 0.4557291671875 0.3916666671875 0.453125 0.38148148125 0.4348958328125 0.377777778125 0.434375 0.3879629625 0.4390625 0.39444444375 0.4515625 0.397222221875 0.4557291671875 0.3916666671875
8 0 0.7398148140624999 0.017708332812499998 0.73148148125 0.0244791671875 0.722222221875 0.025 0.7120370375 0.0182291671875 0.696296296875 0.013020832812499999 0.6925925921875 0.0026041671875 0.6925925921875 0 0.69351851875 0 0.7398148140624999
8 0.4234375 0.2166666671875 0.41979166718750005 0.21296296250000002 0.4140625 0.2175925921875 0.4140625 0.222222221875 0.4166666671875 0.225 0.42552083281249997 0.22407407343750002 0.4234375 0.2166666671875
7 0.6854166671875 0.6870370375 0.6869791671875001 0.6888888890625 0.6848958328125 0.6796296296875 0.6875 0.6740740734374999 0.6932291671875 0.6759259265625001 0.6947916671875001 0.6861111109375 0.7244791671875 0.6833333328125 0.7255208328125 0.6675925921875 0.7421875 0.66944444375 0.7473958328125 0.6898148140625 0.7489583328125 0.6870370375 0.7463541671875 0.68148148125 0.7510416671875 0.6768518515624999 0.7526041671875 0.6870370375 0.75625 0.6870370375 0.7588541671875 0.6805555562500001 0.784375 0.6777777781250001 0.7859375 0.6703703703125 0.7848958328125 0.665740740625 0.7864583328125 0.6638888890625 0.7895833328124999 0.665740740625 0.7880208328125 0.6731481484375 0.7916666671875 0.6777777781250001 0.8390625 0.672222221875 0.8416666671874999 0.66851851875 0.8463541671874999 0.634259259375 0.853125 0.6046296296875 0.8572916671874999 0.603703703125 0.8578125 0.578703703125 0.8609375 0.55648148125 0.8682291671875 0.5287037031249999 0.8677083328125 0.5240740734375 0.86875 0.521296296875 0.8708333328125001 0.522222221875 0.8729166671874999 0.527777778125 0.8744791671875 0.522222221875 0.8744791671875 0.5166666671875 0.8713541671874999 0.5129629625 0.871875 0.509259259375 0.8756942703125 0.5074074078125 0.8760416671875 0.5018518515625 0.878125 0.5009259265625 0.8796875 0.5009259265625 0.8784723953125001 0.5074074078125 0.8869791671874999 0.50555555625 0.8807291671874999 0.5 0.8807291671874999 0.4879629625 0.8765625 0.48981481406249994 0.8755208328125 0.4861111109375 0.8760416671875 0.4768518515625 0.88125 0.47407407343749997 0.8807291671874999 0.4703703703125 0.8828125 0.46666666718750005 0.8796875 0.459259259375 0.8802083328125001 0.4546296296875 0.8734375 0.440740740625 0.8692708328125001 0.43981481406249995 0.8505208328125 0.44444444375 0.7822916671875 0.44629629687500005 0.771875 0.45185185156249996 0.6348958328125 0.4611111109375 0.6322916671875001 0.48148148125 0.6302083328125 0.5370370375 0.6265625 0.559259259375 0.6171875 0.6666666671875 0.6161458328125 0.6898148140625 0.6203125 0.6972222218749999 0.6817708328125 0.690740740625 0.6854166671875 0.6870370375
7 0.95625 0.646296296875 0.9567708328125001 0.640740740625 0.9609375 0.6416666671875 0.9619791671875 0.646296296875 0.9828125 0.646296296875 0.9854166671875 0.65 0.9869791671874999 0.665740740625 0.9859375 0.66944444375 0.9885416671874999 0.6796296296875 0.9859375 0.6925925921875 0.9921875 0.7074074078125 0.9963541671874999 0.7120370375 0.9927083328125 0.7166666671875 0.9994791671875 0.7148148140624999 0.9994791671875 0.4296296296875 0.9234375 0.427777778125 0.9119791671874999 0.4388888890625 0.9088541671874999 0.4509259265625 0.9098958328125001 0.4546296296875 0.9072916671875 0.46296296249999996 0.9036458328125001 0.49629629687500004 0.8947916671874999 0.5324074078125001 0.8911458328125 0.571296296875 0.8828125 0.603703703125 0.878125 0.6361111109375 0.878125 0.646296296875 0.88125 0.6537037031249999 0.9421875 0.6509259265625 0.95625 0.646296296875
7 0.9416666671874999 0.35648148125 0.94375 0.352777778125 0.9432291671874999 0.34722222187499996 0.9463541671875 0.3361111109375 0.953125 0.3361111109375 0.95625 0.3398148140625 0.9552083328125001 0.34629629687499996 0.9588541671874999 0.35555555625 0.9661458328125001 0.3490740734375 0.9708333328125001 0.3509259265625 0.9760416671875 0.34351851875 0.9869791671874999 0.3425925921875 0.9901041671874999 0.334259259375 0.9994791671875 0.33148148125 0.9994791671875 0.22870370312500002 0.9744791671874999 0.22870370312500002 0.93125 0.23518518593749999 0.9208333328125 0.3083333328125 0.9208333328125 0.32777777812500003 0.9171875 0.352777778125 0.9192708328125001 0.3611111109375 0.9416666671874999 0.35648148125
7 0.7932291671875 0.35925925937500003 0.8078125 0.3620370375 0.8104166671874999 0.3601851859375 0.8125 0.3518518515625 0.8166666671874999 0.35 0.8302083328125001 0.3509259265625 0.8354166671875 0.35648148125 0.8354166671875 0.3611111109375 0.8369791671875 0.3574074078125 0.8382520828125 0.3611111109375 0.8708333328125001 0.35925925937500003 0.8744791671875 0.35 0.8765625 0.3333333328125 0.8755208328125 0.3138888890625 0.8817708328125 0.29444444375 0.8875 0.259259259375 0.8859375 0.2518518515625 0.8890625 0.24722222187499998 0.8895833328125 0.2370370375 0.8817708328125 0.234259259375 0.7828125 0.2370370375 0.7760416671875 0.2416666671875 0.771875 0.2666666671875 0.7692708328125 0.271296296875 0.7671875 0.29444444375 0.7640625 0.30648148124999997 0.7635416671875 0.3231481484375 0.7567708328125 0.35648148125 0.75625 0.3611111109375 0.759375 0.365740740625 0.7786458328125 0.365740740625 0.7932291671875 0.35925925937500003
7 0.6005208328125 0.372222221875 0.6234375 0.371296296875 0.6338541671875 0.35925925937500003 0.6401041671875001 0.3703703703125 0.6489583328124999 0.3703703703125 0.6515625 0.365740740625 0.6520833328125 0.3583333328125 0.6578125 0.3518518515625 0.6677083328125 0.352777778125 0.6723958328124999 0.3574074078125 0.6755208328125 0.3574074078125 0.6770833328125 0.353703703125 0.6828125 0.3583333328125 0.6927083328125 0.3574074078125 0.6963541671875 0.3611111109375 0.6963541671875 0.3648148140625 0.7036458328124999 0.3583333328125 0.7130208328125 0.35925925937500003 0.7171875 0.3416666671875 0.7203125 0.29444444375 0.7223958328125 0.2824074078125 0.7265625 0.27870370312500004 0.725 0.26851851875 0.7255208328125 0.24259259218749998 0.7213541671875 0.23518518593749999 0.6098958328124999 0.2398148140625 0.603125 0.24907407343750002 0.603125 0.275 0.6005208328125 0.2898148140625 0.6 0.3231481484375 0.5963541671875 0.3611111109375 0.596875 0.36759259218749996 0.6005208328125 0.372222221875
7 0.4322916671875 0.3759259265625 0.4348958328125 0.38055555625 0.43645833281249996 0.3916666671875 0.4447916671875 0.39444444375 0.4505208328125 0.3879629625 0.4546875 0.39074074062499997 0.4546875 0.38240740781250004 0.4578125 0.3796296296875 0.48645833281249995 0.3796296296875 0.490625 0.378703703125 0.49375 0.3731481484375 0.5046875 0.3731481484375 0.5078125 0.3759259265625 0.50625 0.38055555625 0.5083333328124999 0.38333333281250004 0.50625 0.3916666671875 0.5072916671875001 0.3953703703125 0.5041666671875 0.397222221875 0.5026041671875 0.3916666671875 0.4953125 0.3925925921875 0.4994791671875 0.39351851875 0.49427083281249995 0.3990740734375 0.49375 0.4046296296875 0.49114583281249996 0.4074074078125 0.49322916718750004 0.41018518593750003 0.49375 0.42592592656250006 0.4916666671875 0.43055555625 0.5078125 0.43333333281249997 0.5109375 0.43240740781250003 0.5119791671875 0.4268518515625 0.5145833328125 0.43148148124999997 0.5109375 0.41944444374999995 0.5130208328125 0.4148148140625 0.5125 0.4 0.5088541671875 0.3879629625 0.5119791671875 0.375 0.51875 0.3731481484375 0.525 0.377777778125 0.5276041671875 0.375 0.5578125 0.3759259265625 0.5619791671875001 0.3731481484375 0.5635416671875 0.325 0.5661458328125 0.3101851859375 0.5645833328125 0.303703703125 0.5671875 0.28611111093749997 0.5666666671875 0.259259259375 0.5682291671875 0.24722222187499998 0.5666666671875 0.24351851875000002 0.5359375 0.24444444375000002 0.5161458328124999 0.2416666671875 0.43958333281249995 0.24444444375000002 0.4369791671875 0.24814814843750002 0.43645833281249996 0.253703703125 0.43645833281249996 0.33703703749999997 0.43385416718750003 0.3518518515625 0.434375 0.3731481484375 0.4322916671875 0.3759259265625
7 0.5713541671875 0.246296296875 0.5776041671875001 0.24722222187499998 0.5796875 0.25555555625 0.584375 0.253703703125 0.5880208328125 0.25648148125 0.5989583328125 0.24722222187499998 0.6036458328125 0.2370370375 0.6359375 0.23518518593749999 0.6390625 0.23240740781250002 0.6385416671875 0.21574074062499998 0.6416666671875 0.1861111109375 0.640625 0.17314814843749998 0.5630208328124999 0.17314814843749998 0.5578125 0.1768518515625 0.55625 0.184259259375 0.5557291671875 0.22777777812500002 0.5536458328125 0.2398148140625 0.5677083328125 0.240740740625 0.5713541671875 0.246296296875
7 0.728125 0.2518518515625 0.7322916671875 0.252777778125 0.7364583328125 0.2629629625 0.7473958328125 0.2518518515625 0.7473958328125 0.24722222187499998 0.7552083328125 0.24814814843750002 0.759375 0.240740740625 0.7635416671875 0.1768518515625 0.7598958328125 0.17314814843749998 0.7453125 0.171296296875 0.6864583328125 0.172222221875 0.684375 0.17314814843749998 0.6833333328125 0.2018518515625 0.68125 0.21111111093749999 0.6817708328125 0.23333333281250002 0.725 0.23333333281250002 0.7286458328125 0.24351851875000002 0.728125 0.2518518515625
7 0.8760416671875 0.22870370312500002 0.875 0.172222221875 0.8734375 0.16944444375 0.7947916671875 0.1703703703125 0.790625 0.17314814843749998 0.7901041671875 0.1861111109375 0.7885416671875001 0.1888888890625 0.7875 0.2296296296875 0.7901041671875 0.23518518593749999 0.8729166671874999 0.23148148124999998 0.8760416671875 0.22870370312500002
7 0.8921875 0.25555555625 0.8994791671875 0.25833333281250004 0.8994791671875 0.2629629625 0.9015625 0.25833333281250004 0.903125 0.2629629625 0.9041666671874999 0.25648148125 0.9119791671874999 0.25648148125 0.9145833328125 0.2638888890625 0.9239583328125001 0.2629629625 0.9317708328125001 0.23148148124999998 0.9666666671874999 0.22870370312500002 0.9734375 0.225 0.9822916671874999 0.17962962968750001 0.9822916671874999 0.16944444375 0.9036458328125001 0.1675925921875 0.9005208328125001 0.171296296875 0.8979166671875 0.18148148125000002 0.896875 0.1990740734375 0.8932291671874999 0.2138888890625 0.8916666671875 0.22870370312500002 0.8953125 0.24814814843750002 0.8921875 0.2518518515625 0.8921875 0.25555555625
7 0.5135416671875 0.2416666671875 0.5270833328125 0.2388888890625 0.5291666671875 0.184259259375 0.5260416671875 0.172222221875 0.453125 0.172222221875 0.44322916718750005 0.17314814843749998 0.4421875 0.1759259265625 0.4427083328125 0.1861111109375 0.43958333281249995 0.20370370312500002 0.44114583281249997 0.24259259218749998 0.5135416671875 0.2416666671875
7 0.6463541671875 0.1824074078125 0.6427083328125 0.1898148140625 0.6447916671875 0.1879629625 0.6479166671875001 0.19351851874999998 0.6473958328125 0.196296296875 0.6505208328125 0.1981481484375 0.6578125 0.1879629625 0.6619791671875 0.1888888890625 0.665625 0.184259259375 0.6677083328125 0.1768518515625 0.6677083328125 0.14351851875 0.6630208328125 0.13703703750000001 0.609375 0.13703703750000001 0.6072916671875 0.13888888906250002 0.60625 0.15370370312499998 0.6010416671875001 0.1666666671875 0.6005208328125 0.16944444375 0.603125 0.1703703703125 0.6416666671875 0.1703703703125 0.6463541671875 0.1824074078125
7 0.7458333328125 0.1666666671875 0.7484375 0.1379629625 0.7442708328125 0.1351851859375 0.6911458328125 0.1361111109375 0.6854166671875 0.1425925921875 0.6854166671875 0.15370370312499998 0.6822916671875 0.15555555625 0.68125 0.1611111109375 0.6848958328125 0.172222221875 0.7442708328125 0.16944444375 0.7458333328125 0.1666666671875
7 0.7713541671875 0.20648148125 0.775 0.20277777812500003 0.7817708328124999 0.20277777812500003 0.7869791671875 0.20648148125 0.790625 0.1740740734375 0.7932291671875 0.16851851874999998 0.8234375 0.1675925921875 0.825 0.165740740625 0.8286458328125 0.13888888906250002 0.8270833328125 0.134259259375 0.8145833328125001 0.13333333281249998 0.7739583328124999 0.1351851859375 0.7703125 0.1379629625 0.7671875 0.1574074078125 0.7661458328124999 0.18148148125000002 0.76875 0.1888888890625 0.7677083328125 0.2 0.7713541671875 0.20648148125
7 0.5375 0.1703703703125 0.540625 0.1740740734375 0.5427083328125 0.1851851859375 0.5322916671875 0.1879629625 0.5322916671875 0.19351851874999998 0.5369791671875 0.2009259265625 0.5447916671875 0.1990740734375 0.5536458328125 0.1916666671875 0.5520833328125 0.17314814843749998 0.5760416671875 0.1703703703125 0.5807291671875 0.1583333328125 0.5796875 0.13888888906250002 0.5760416671875 0.1351851859375 0.5161458328124999 0.1379629625 0.5140625 0.1416666671875 0.5140625 0.1518518515625 0.5166666671875 0.165740740625 0.5375 0.1703703703125
7 0.434375 0.17962962968750001 0.43541666718750005 0.1824074078125 0.4390625 0.1611111109375 0.4427083328125 0.172222221875 0.4859375 0.171296296875 0.49635416718750003 0.16944444375 0.5052083328125 0.1518518515625 0.5098958328125 0.1546296296875 0.5098958328125 0.1481481484375 0.5083333328124999 0.147222221875 0.509375 0.1425925921875 0.5026041671875 0.14351851875 0.4947916671875 0.1361111109375 0.45104166718750005 0.1361111109375 0.4291666671875 0.140740740625 0.43125 0.1574074078125 0.4302083328125 0.177777778125 0.43385416718750003 0.1824074078125 0.434375 0.17962962968750001
7 0.5796875 0.15370370312499998 0.58125 0.1611111109375 0.5802083328125 0.16851851874999998 0.5942708328124999 0.16944444375 0.5963541671875 0.146296296875 0.5963541671875 0.11388888906250001 0.5786458328124999 0.1120370375 0.546875 0.1148148140625 0.546875 0.134259259375 0.5765625 0.134259259375 0.5817708328125 0.1425925921875 0.5796875 0.15370370312499998
7 0.665625 0.134259259375 0.6666666671875 0.1148148140625 0.6192708328125 0.1129629625 0.6166666671875001 0.12407407343750002 0.6161458328125 0.134259259375 0.6177083328124999 0.1351851859375 0.6635416671875001 0.1351851859375 0.665625 0.134259259375
7 0.6864583328125 0.146296296875 0.6817708328125 0.15277777812499999 0.6848958328125 0.1518518515625 0.6967015625 0.1351851859375 0.7296875 0.134259259375 0.7317708328125 0.11944444375 0.7317708328125 0.1148148140625 0.7286458328125 0.1129629625 0.6869791671875001 0.1120370375 0.684375 0.1148148140625 0.68125 0.14444444375 0.6828125 0.1379629625 0.6864583328125 0.13981481406250001 0.6864583328125 0.146296296875
7 0.525 0.1148148140625 0.5229166671875001 0.1129629625 0.4734375 0.1148148140625 0.47291666718750003 0.134259259375 0.47447916718750005 0.1351851859375 0.525 0.13333333281249998 0.525 0.1148148140625
7 0.1708333328125 0.2416666671875 0.1734375 0.24259259218749998 0.178125 0.2398148140625 0.1854166671875 0.24351851875000002 0.1890625 0.23611111093749998 0.2046875 0.2370370375 0.209375 0.240740740625 0.21197916718749998 0.25 0.2166666671875 0.252777778125 0.2244791671875 0.24722222187499998 0.22239583281250003 0.1990740734375 0.2192708328125 0.165740740625 0.2171875 0.1629629625 0.1375 0.1583333328125 0.1260416671875 0.1620370375 0.125 0.1675925921875 0.13125 0.22870370312500002 0.16458333281249998 0.23055555625 0.1708333328125 0.2416666671875
7 0 0.259259259375 0.0052083328125 0.25648148125 0.014583332812499999 0.259259259375 0.0223958328125 0.25555555625 0.0197916671875 0.23518518593749999 0.0234375 0.22870370312500002 0.0973958328125 0.22777777812500002 0.0947916671875 0.21203703749999997 0.09322916718749999 0.177777778125 0.0901041671875 0.1620370375 0.07291666718749999 0.1583333328125 0 0.1583333328125 0 0.259259259375
7 0.025 0.271296296875 0.0276041671875 0.29444444375 0.0317708328125 0.3138888890625 0.0322916671875 0.325 0.0364583328125 0.334259259375 0.0364583328125 0.340740740625 0.0416666671875 0.3453703703125 0.040625 0.3490740734375 0.0484375 0.3416666671875 0.059375 0.34722222187499996 0.0682291671875 0.3453703703125 0.0713541671875 0.34722222187499996 0.078125 0.3601851859375 0.0802083328125 0.36944444375 0.0828125 0.3703703703125 0.0901041671875 0.36851851875 0.0921875 0.3601851859375 0.0953125 0.3574074078125 0.11145833281249999 0.3583333328125 0.1135416671875 0.36944444375 0.11614583281249999 0.372222221875 0.1744791671875 0.372222221875 0.178125 0.36851851875 0.1755208328125 0.3546296296875 0.171875 0.2833333328125 0.1692708328125 0.275 0.1708333328125 0.271296296875 0.16875 0.2666666671875 0.1682291671875 0.24722222187499998 0.1666666671875 0.2379629625 0.1630208328125 0.23333333281250002 0.1015625 0.23055555625 0.03125 0.23055555625 0.0244791671875 0.23333333281250002 0.0223958328125 0.23518518593749999 0.0223958328125 0.2416666671875 0.025 0.252777778125 0.025 0.271296296875
1 0 0.6574074078125001 0.0875 0.6509259265625 0.1067708328125 0.6546296296875 0.1067708328125 0.6111111109375 0.1041666671875 0.6074074078125 0.1041666671875 0.5962962968750001 0.1 0.590740740625 0.0984375 0.5833333328125 0.09635416718749999 0.5453703703125 0.09114583281250001 0.540740740625 0.0895833328125 0.5324074078125001 0.08072916718749999 0.51944444375 0.0802083328125 0.5129629625 0.0760416671875 0.5148148140625 0.071875 0.502777778125 0.0640625 0.4990740734375 0.0640625 0.49259259218749996 0.05989583281250001 0.4861111109375 0.0489583328125 0.48333333281249996 0.0473958328125 0.478703703125 0.0401041671875 0.47592592656250005 0.021354167187500002 0.4861111109375 0 0.48148148125 0 0.6574074078125001
1 0.61875 0.63055555625 0.6197916671875 0.622222221875 0.628125 0.5351851859375001 0.6286458328125 0.5129629625 0.6307291671875 0.502777778125 0.6296875 0.497222221875 0.6348958328125 0.4611111109375 0.6296875 0.45 0.6208333328125 0.4388888890625 0.6114583328125 0.43518518593750005 0.6041666671875 0.4268518515625 0.5869791671875 0.4240740734375 0.5651041671875 0.43148148124999997 0.55625 0.4388888890625 0.5380208328125 0.4703703703125 0.53125 0.48981481406249994 0.5223958328125 0.5324074078125001 0.5234375 0.640740740625 0.553125 0.640740740625 0.6151041671875 0.634259259375 0.61875 0.63055555625
1 0.8921875 0.5481481484375 0.8921875 0.48981481406249994 0.8848958328125001 0.45555555625000005 0.88125 0.45185185156249996 0.875 0.477777778125 0.8536458328125001 0.60648148125 0.8536458328125001 0.6111111109375 0.88125 0.6083333328125 0.8885416671874999 0.5703703703125 0.8921875 0.5481481484375
1 0.5963541671875 0.36666666718749996 0.5994791671875 0.334259259375 0.6010416671875001 0.2953703703125 0.5994791671875 0.2888888890625 0.5859375 0.3 0.5848958328125 0.30555555624999997 0.5791666671875 0.3138888890625 0.5739583328125 0.3398148140625 0.5708333328124999 0.35925925937500003 0.5723958328125 0.372222221875 0.5854166671875001 0.3740740734375 0.5963541671875 0.36666666718749996
1 0.7557291671875 0.35648148125 0.7619791671875 0.325 0.7625 0.30648148124999997 0.7453125 0.2870370375 0.7364583328125 0.2824074078125 0.7265625 0.2833333328125 0.7234375 0.2851851859375 0.7213541671875 0.2916666671875 0.7203125 0.309259259375 0.7171875 0.322222221875 0.715625 0.3648148140625 0.740625 0.365740740625 0.7427083328124999 0.3601851859375 0.7557291671875 0.35648148125
1 0.2125 0.3490740734375 0.2088541671875 0.31851851875000003 0.20625 0.3101851859375 0.1927083328125 0.2833333328125 0.1848958328125 0.28055555625 0.1734375 0.2666666671875 0.17135416718750002 0.26944444375 0.17239583281249998 0.3138888890625 0.1765625 0.36944444375 0.21197916718749998 0.36851851875 0.2125 0.3490740734375
1 0.2234375 0.259259259375 0.2484375 0.2611111109375 0.2515625 0.2666666671875 0.2479166671875 0.29814814843750004 0.2515625 0.302777778125 0.25 0.3351851859375 0.2510416671875 0.3574074078125 0.2541666671875 0.3759259265625 0.253125 0.3879629625 0.2578125 0.3925925921875 0.2578125 0.3974074078125 0.2536458328125 0.396296296875 0.2546875 0.41273148125 0.2578125 0.41185185156250004 0.2578125 0.4166666671875 0.2546875 0.41805555625 0.2546875 0.4233796296875 0.25833333281250004 0.42129629687500003 0.2588541671875 0.42592592656250006 0.2546875 0.42870370312499995 0.259375 0.427777778125 0.2588541671875 0.4379629625 0.2552083328125 0.4361111109375 0.2567708328125 0.440740740625 0.2567708328125 0.46296296249999996 0.259375 0.4675925921875 0.2598958328125 0.44907407343749994 0.25729166718749996 0.44351851875000003 0.25833333281250004 0.4388888890625 0.2755208328125 0.4379629625 0.2765625 0.43518518593750005 0.2760416671875 0.43240740781250003 0.27291666718749996 0.43518518593750005 0.2723958328125 0.42129629687500003 0.2760416671875 0.425 0.275 0.4175925921875 0.2713541671875 0.41944444374999995 0.2713541671875 0.4129629625 0.275 0.41111111093749997 0.2734375 0.4046296296875 0.2703125 0.403703703125 0.2734375 0.3990740734375 0.2703125 0.396296296875 0.27291666718749996 0.3916666671875 0.2692708328125 0.3916666671875 0.2692708328125 0.3851851859375 0.27291666718749996 0.3851851859375 0.2677083328125 0.38148148125 0.2723958328125 0.3759259265625 0.2708333328125 0.352777778125 0.2682291671875 0.3425925921875 0.26875 0.3138888890625 0.2645833328125 0.23333333281250002 0.2557291671875 0.21203703749999997 0.2427083328125 0.1990740734375 0.2359375 0.196296296875 0.2244791671875 0.2018518515625 0.22291666718749997 0.2046296296875 0.22291666718749997 0.2138888890625 0.22552083281250002 0.25648148125 0.2234375 0.259259259375
1 0 0.375 0.0424479171875 0.372222221875 0.0411458328125 0.3648148140625 0.0442708328125 0.3601851859375 0.0463541671875 0.3601851859375 0.0453125 0.372222221875 0.0625 0.372222221875 0.061979167187499996 0.36759259218749996 0.0640625 0.3638888890625 0.060416667187499995 0.3574074078125 0.054166667187499996 0.352777778125 0.051041667187499994 0.353703703125 0.0515625 0.3583333328125 0.0489583328125 0.35555555625 0.0401041671875 0.3638888890625 0.0348958328125 0.3583333328125 0.0322916671875 0.34444444375 0.0307291671875 0.3120370375 0.025 0.28148148125 0.0098958328125 0.2796296296875 0.0114583328125 0.28611111093749997 0.00625 0.28796296250000003 0.0057291671875 0.2953703703125 0 0.29814814843750004 0 0.375
1 0.128125 0.2296296296875 0.1276041671875 0.2203703703125 0.11927083281249999 0.20740740781250003 0.1109375 0.2009259265625 0.0973958328125 0.2 0.0958333328125 0.2009259265625 0.0958333328125 0.2101851859375 0.0984375 0.22870370312500002 0.128125 0.2296296296875
2 0.41979166718750005 0.7425925921875 0.45104166718750005 0.7398148140624999 0.45885416718750005 0.7324074078125 0.45625 0.69351851875 0.45885416718750005 0.65 0.4526041671875 0.6490740734375 0.45989583281249996 0.627777778125 0.4583333328125 0.622222221875 0.4583333328125 0.5916666671875 0.45520833281249995 0.5833333328125 0.45625 0.5740740734374999 0.4546875 0.5620370375 0.4515625 0.559259259375 0.45104166718750005 0.546296296875 0.44635416718750004 0.5518518515624999 0.44322916718750005 0.547222221875 0.4421875 0.55 0.43854166718750004 0.547222221875 0.4390625 0.553703703125 0.43333333281249997 0.5518518515624999 0.43385416718750003 0.547222221875 0.4302083328125 0.5518518515624999 0.4291666671875 0.547222221875 0.42760416718750005 0.5518518515624999 0.42552083281249997 0.546296296875 0.4223958328125 0.546296296875 0.41822916718750003 0.565740740625 0.4192708328125 0.5888888890625 0.4171875 0.6083333328125 0.41875 0.7398148140624999 0.41979166718750005 0.7425925921875