7 1 0.17655010625 0.9874415953125 0.17657099375000002 0.9704965624999999 0.19583215781250002 0.9606732984375 0.2173438453125 0.943728265625 0.2366050078125 0.9443972265625 0.24190934843749998 0.9752384984375 0.24698684843750002 1 0.24846204374999997 1 0.17655010625
7 1 0.24871834218750002 0.95868141875 0.2458290640625 0.9503215781250001 0.24641283593750002 0.943665515625 0.2523733078125 0.932160571875 0.25332132343749997 0.9277773968749999 0.2565198640625 0.9305159937499999 0.261968928125 0.9186451953124999 0.26814892343749996 0.8910046828124999 0.306524090625 0.8777332093749999 0.3178637046875 0.8811814171875 0.3280357765625 0.867322284375 0.33290838906250003 0.8678692937499999 0.33995672187500003 0.9141921765625 0.34670097499999997 1 0.34880229687500003 1 0.24871834218750002
7 1 0.3505665046875 0.8757819796874999 0.34576759375 0.8583305859375001 0.3573990921875 0.8328003578125 0.3953376484375 0.8123443640625 0.4201950390625 0.8071296265625 0.4204145625 0.7765251671875 0.4714342875 0.7855133171875 0.4767361890625 0.8308826859374999 0.48224541875 1 0.49718839375 1 0.3505665046875
7 1 0.5025447765625 0.964008284375 0.4968120296875 0.9513872203125 0.498850346875 0.9464163875 0.49558188437500006 0.9142557437500001 0.494501340625 0.8670199953125 0.485940734375 0.78336238125 0.47775412812500007 0.7741709765625 0.47535888281250005 0.7683279265625 0.469692734375 0.7600087375 0.4696951734375 0.7466338640625 0.49738441718750004 0.68203948125 0.5734834953125 0.6621304984374999 0.60538921875 0.6244855671875 0.6529957578125 0.62156226875 0.6650589874999999 0.6141965953125 0.66629645 0.60849405 0.6734919453125 0.6121861625 0.6801760328124999 0.6368998312499999 0.6836567015624999 0.646050584375 0.6866332796875 0.6479169671875 0.6896846562500001 0.7047099765625 0.6954085328125 0.721023153125 0.700054303125 0.9654618828125001 0.7288305953124999 0.98447463125 0.73948350625 1 0.5174603906249999 1 0.5025447765625
7 0.891181465625 1 0.9759284625 0.757602821875 0.976641621875 0.7325332265625 0.9541195421875001 0.7274532875 0.7467716375 0.7036073328125 0.64509706875 0.68539825625 0.62651100625 0.68351441875 0.61695374375 0.6863511515625 0.6035824171875 0.6842477890625001 0.5962573953125 0.6849039218749999 0.59071745 0.6897740921875 0.4621569984375 0.8478579203125 0.4615878890625 0.8559965546875 0.46643677187500004 0.8610090093749999 0.46408258125 0.8649336046875 0.44931058281249997 0.867989859375 0.431471234375 0.90004030625 0.41779325624999997 0.91719323125 0.411381096875 0.9196657171875 0.4063475140625 0.9321655546875001 0.37377681875 0.9666909265625 0.3586981640625 0.98900346875 0.35809985 0.9912983234375 0.482539621875 1 0.891181465625 1
8 0.8912556796875 0.24345089375 0.900365784375 0.2470088015625 0.9046270046875 0.24555425312499998 0.91073605625 0.23254544843749997 0.9035144328125 0.2168519484375 0.8952765453125 0.21569172656250002 0.8867540999999999 0.2186008203125 0.8894299484375001 0.23981818437500002 0.8912556796875 0.24345089375
8 0.8057245906249999 0.2917981203125 0.8072436671875 0.314687115625 0.8137963296875 0.3250762734375 0.8200052343750001 0.3255104421875 0.82653934375 0.32129396250000003 0.8327703484375 0.3065411640625 0.830519559375 0.294116128125 0.8236823421875 0.2877962875 0.8122993515625 0.2870003109375 0.8057245906249999 0.2917981203125
8 0.695760840625 0.36238796875 0.686488134375 0.361155384375 0.6749018890625 0.3632660640625 0.6680425734375001 0.372133190625 0.6818575109375 0.3976345171875 0.6898514953125 0.40228272499999995 0.698130034375 0.4028616171875 0.7070589859374999 0.3941392125 0.7092320203125 0.37793430625 0.7056618578125 0.3695062265625 0.695760840625 0.36238796875
8 0.6033306046875 0.583752321875 0.5951333640625001 0.5820107671875 0.5721641265625 0.5833254703125 0.5612061921875 0.5913218203125 0.5614686484375 0.602439471875 0.5682245625 0.6099219734375 0.595717478125 0.618270375 0.6030018515625 0.618195575 0.61479135 0.613178240625 0.6111619859374999 0.5907258546875 0.6033306046875 0.583752321875
8 0.2596023203125 0.7852075078125 0.2673709546875 0.807949340625 0.27781898125 0.8221159312499999 0.29583593750000003 0.832138403125 0.301050675 0.8319188796875 0.31626983124999997 0.82246798125 0.32743101874999997 0.8115649765624999 0.33345876875 0.79971883125 0.3340499765625 0.7763932296875 0.3235612984375 0.7628079703124999 0.31254416093750004 0.7567800140625 0.2939987484375 0.7543148453125 0.27723841562499996 0.7560637156250001 0.2686346703125 0.760135471875 0.26053728593750003 0.77183689375 0.2596023203125 0.7852075078125
5 0 0.707213678125 0.059682840625 0.744355790625 0.07743734062499999 0.7432606109375001 0.092697146875 0.7332283828125 0.3275071390625 0.5130575890625 0.32779169375 0.5089882718750001 0.3176061203125 0.5059393328125 0.3200822625 0.5002707453124999 0.3114193140625 0.49031819531250004 0.30131504374999996 0.48610659375000004 0.3016808984375 0.480874615625 0.29683201718749996 0.475862159375 0.26343685 0.447823303125 0.256274428125 0.44615411250000003 0.24328751093749998 0.4534244078125 0.0867719796875 0.56515623125 0.0755294921875 0.5772218984374999 0.0681638171875 0.5784593609375001 0.0613045015625 0.5873264890625001 0.049474353124999995 0.5929251546875001 0.0263610640625 0.61117081875 0.027030026562499997 0.6164751578125001 0.0119734734375 0.6236007328125 0.0093347296875 0.63159464375 0.0019690546875 0.63283210625 0 0.6384499859375 0 0.707213678125
5 0.539156096875 0.3712990015625 0.5438238265625001 0.36403114375 0.5678499796875001 0.347601834375 0.5716454921875 0.33793629062499997 0.5680346796875 0.330089540625 0.53283588125 0.2832310078125 0.526667628125 0.282215509375 0.518185834375 0.284543271875 0.453838903125 0.3273617578125 0.4459447703125 0.3361565234375 0.3806849734375 0.3771586546875 0.37601724375 0.38442651250000004 0.3607167859375 0.395040071875 0.36114184531250004 0.40383240000000004 0.390538246875 0.444443453125 0.40508489374999995 0.4594808203125 0.41316017968749996 0.4629663671875 0.4224735375 0.46361762031250003 0.4320307984375 0.4607808875 0.44199456562500006 0.45213084531250003 0.44227912031249994 0.4480615265625 0.45183638125 0.44522479531250003 0.5024461312499999 0.40553492812499997 0.5120661421875 0.38692989375 0.524302796875 0.37551791875 0.539156096875 0.3712990015625
5 0.618115971875 0.297956978125 0.6547852890625 0.2643023828125 0.698720425 0.21596734999999997 0.69726055 0.20710266093750002 0.67784646875 0.17244720156249999 0.67482331875 0.1710674546875 0.6662602234375 0.1745578796875 0.6455011234375 0.18887895 0.5718187375 0.24623314999999998 0.57295340625 0.2597484859375 0.5990827515625 0.3024677796875 0.6094309265625 0.3031913953125 0.618115971875 0.297956978125
1 0.1021785671875 0.3448317703125 0.114371025 0.36379373125000003 0.111791484375 0.3858119484375 0.11700622187500001 0.38559242656250003 0.12485970312500001 0.377378990625 0.13098730625 0.378975821875 0.14040051874999998 0.39307005156249997 0.1580922671875 0.40774317031249996 0.199910025 0.41942995781250003 0.22038457031249997 0.4091782046875 0.277502784375 0.41025143281250004 0.30402363125 0.4027591734375 0.3031920671875 0.39978015624999996 0.2887452734375 0.3981857640625 0.2837744390625 0.3949173015625 0.2792507609375 0.38525419843750003 0.36742059375 0.3289130578125 0.37113480625 0.3204101765625 0.366285921875 0.3153977203125 0.335636446875 0.2332227171875 0.325391671875 0.21614947343750002 0.3084908359375 0.2050366984375 0.2735509453125 0.199088421875 0.27089365 0.192476696875 0.2742013546875 0.18978712656250002 0.38610569375 0.1806712046875 0.44081051562500007 0.1716447203125 0.45219350937499997 0.17244069687500002 0.4701919125 0.16785753125 0.5002422703125 0.1693746828125 0.5414131640625001 0.16057015937500002 0.548982090625 0.1564260421875 0.5540342265625 0.15853184375 0.5635729359375 0.1410894734375 0.57217668125 0.1370177171875 0.568728471875 0.12684564375000001 0.5459218359375 0.125835021875 0.42868080781250006 0.136914459375 0.3786030625 0.13925441875 0.3640749671875 0.13882268749999999 0.352854578125 0.1357013875 0.3377573734375 0.14340829375 0.2024772921875 0.1596522265625 0.1443834609375 0.1725309453125 0.125797396875 0.17064710624999999 0.11672794375 0.1665078671875 0.023568428125 0.14549539218750002 0.0228441078125 0.1558536546875 0.101630740625 0.174214771875 0.09286439375 0.18061185156249998 0.0696512515625 0.185414540625 0.055507562499999996 0.19435646875 0.0199288765625 0.19754339375000002 0.0173933375 0.23380330625 0.04667491875 0.24631445312500003 0.067574521875 0.244855028125 0.081980665625 0.2470307515625 0.1009732359375 0.2431012796875 0.11852448281250001 0.24491275468749998 0.1562029703125 0.256310096875 0.1725753484375 0.274980171875 0.1704023140625 0.2911850796875 0.15309142343749998 0.3156782234375 0.1021785671875 0.3448317703125
1 0.2602866640625 0 0.30809851718750003 0.0916795875 0.3045469078125 0.09785714375 0.2827344390625 0.097500215625 0.2785138671875 0.0983734296875 0.27818866249999996 0.103024078125 0.28738006875 0.1054193265625 0.311424775 0.103595653125 0.317774184375 0.11689146718750001 0.3123561921875 0.12001764687500001 0.2977061453125 0.12132990937499999 0.1515715296875 0.1292205625 0.14209556875 0.1308946328125 0.142642578125 0.13794296718750002 0.3097581 0.1274302265625 0.32217590937499996 0.1282985640625 0.33065770156249996 0.1259708015625 0.3639751140625 0.12537971406249998 0.39753643125 0.12130063906249999 0.41535013281250005 0.1342297671875 0.42350672031250003 0.13655265156250002 0.5333414234375 0.12729200937500001 0.5492701921875 0.1225641203125 0.5574488796875 0.1097000359375 0.5562956578125 0.0815790625 0.5476954593750001 0.055858212500000004 0.530107109375 0.0248354625 0.5219355203125 0.00031293125 0.5174603953125 0 0.2602866640625 0
1 0.7435605171875 0.06546521718750001 0.7199513640624999 0.014159548437499999 0.6410453781250001 0.0086419046875 0.6630259078125 0.0721013359375 0.6641384796875001 0.100803640625 0.6557158890625 0.117155709375 0.6605647718750001 0.12216816562499999 0.6769998984375001 0.1250699421875 0.70406775625 0.124626015625 0.7189210578125 0.1204070984375 0.736982209375 0.1000556328125 0.7443699828125 0.08363120156250001 0.7435605171875 0.06546521718750001
1 0.6227828843750001 0.1271204546875 0.5720768281249999 0.123574740625 0.5777979249999999 0.1309848828125 0.590134434375 0.1330158828125 0.6227828843750001 0.1271204546875
1 0.7209869921875 0.0142319671875 0.6378730125 0.008420071875 0.6396979078125 0.01906280625 0.6634916171875 0.08031233125000001 0.661784290625 0.10472823281250002 0.643013525 0.12035668749999999 0.67588378125 0.1261602421875 0.7071722078125 0.12484310000000001 0.71883975625 0.12156976093750001 0.7392957484375 0.09671237031249999 0.7435605171875 0.06546521718750001 0.7209869921875 0.0142319671875
1 0.6313459781249999 0.1236300296875 0.6495882859375001 0.11555887812500001 0.6608714250000001 0.102911878125 0.6616252359375 0.077260953125 0.657589365625 0.060621875000000006 0.6387037421875 0.018409112499999998 0.6361636374999999 0.008300540625 0.5248612031250001 0.000517515625 0.530857371875 0.0289771421875 0.5377758890625 0.0341343203125 0.5400673281249999 0.045978025 0.5549170828125 0.0715517125 0.5594999609375 0.095239121875 0.5546475328125 0.12001927187500001 0.5700071921875 0.12343001875 0.5777166234375 0.1321475453125 0.6038309640625 0.1304685953125 0.6313459781249999 0.1236300296875
1 0 0.5562525843749999 0.027262471875 0.5387963250000001 0.07415801093749999 0.5076093375 0.0831682625 0.49772427031250005 0.0797421515625 0.47236522968749994 0.074690015625 0.470259428125 0.0662709734375 0.45681889375000007 0.05724216875 0.452098321875 0.0253289765625 0.41773718593750003 0.01526535625 0.41294425468749996 0.006683709375000001 0.40182904218750004 0.047754751562499996 0.37958154375 0.083936259375 0.352902921875 0.098748909375 0.34926533437499996 0.1016094578125 0.3529704046875 0.10234117031250001 0.342506446875 0.129227871875 0.3297822078125 0.141301925 0.32069555781250003 0.14759213124999998 0.3199670640625 0.15437014531249998 0.3122625984375 0.1729191046875 0.28493516093750004 0.1735695140625 0.2756338640625 0.15827260468749998 0.25645481875 0.1492844515625 0.2511529171875 0.12150698281250001 0.24687383281250003 0.10292091875 0.24498999531250001 0.0372802609375 0.2468258625 0.0162629859375 0.2499680890625 0 0.48253962499999997 0 0.5562525843749999