7 0.3819759046875 0.35559610468749997 0.3907748390625 0.364177940625 0.406990096875 0.3700798125 0.4143737359375 0.36927222187500003 0.4298796875 0.355495796875 0.4299613921875 0.35081486093750003 0.4190084921875 0.34500484375 0.4155209390625 0.33370630156250003 0.44643479375000006 0.3117705734375 0.4502164890625 0.3062177484375 0.4493731375 0.264061778125 0.44744131249999997 0.1937926421875 0.444940865625 0.18625721875 0.364168671875 0.2297980015625 0.36583571875 0.285078959375 0.37207547500000004 0.349804459375 0.37717441875 0.3592581828125 0.3819759046875 0.35559610468749997
7 0.27425462343749996 0.4351889046875 0.2783991421875 0.4390071375 0.2986412140625 0.42531338124999996 0.30165155781249997 0.43379417656249997 0.324116278125 0.443551021875 0.34973509375 0.4233958109375 0.34878066875 0.4177603171875 0.3279273390625 0.40615865468749995 0.3280090453125 0.4014777203125 0.3739516390625 0.36294781875000004 0.366724778125 0.2944592015625 0.36500870625 0.24198680156250002 0.36099491562499997 0.23067907499999998 0.2919142953125 0.2678686296875 0.26315440625000003 0.287032540625 0.2630923578125 0.3207444578125 0.267272878125 0.352657484375 0.27089779687500004 0.4164008671875 0.27425462343749996 0.4351889046875
7 0.1627843265625 0.51846215625 0.1735069265625 0.5254031578125 0.1785587890625 0.5254913375 0.1796814125 0.518816671875 0.1832421515625 0.5225651375 0.2040464578125 0.5369753609375 0.20983505 0.5370764015625 0.24240931875 0.51048729375 0.242491025 0.5058063578125 0.21859466875 0.487596275 0.2171957140625 0.4772706609375 0.22725955625 0.4737004359375 0.2342967140625 0.4625856046875 0.2668056171875 0.43974124375 0.27167246718750004 0.4323344171875 0.2667303015625 0.3535844859375 0.26345518125 0.33011551250000004 0.2629256296875 0.3001391578125 0.2598662625 0.2944669234375 0.251940046875 0.296201515625 0.1264574828125 0.3679925140625 0.1428527375 0.5143683609374999 0.14629126718750002 0.5284754640625 0.1627843265625 0.51846215625
7 0 0.6520315296875 0.021207528125 0.6377323125000001 0.025829260937499997 0.644368290625 0.053902818750000005 0.6645242328125 0.09927015312500001 0.62879370625 0.10145680312500001 0.6241495125000001 0.09995980156249999 0.6194410203125 0.0786946234375 0.6012768656249999 0.0767040703125 0.5946868140625 0.14612785625 0.5378373328125 0.144055596875 0.5359282171875 0.14217943125000002 0.5227848578125001 0.13323981406250002 0.4317910109375 0.1288632 0.41111222812500003 0.12471868125 0.407293996875 0.12040743125 0.382870465625 0.1206035265625 0.371636221875 0.1185802890625 0.3669185453125 0.11387685 0.3649635015625 0.0011753140625 0.4283029046875 0 0.4956365890625 0 0.6520315296875
7 0.086957128125 0.3691759765625 0.0905263890625 0.375793584375 0.113383296875 0.3630819421875 0.1175931828125 0.3631554265625 0.12223125625 0.36885521718750003 0.22965839531249999 0.3061137828125 0.23824157812500002 0.2968988796875 0.22375209843750002 0.28259888125 0.2218595921875 0.2703917078125 0.2098783953125 0.2832931875 0.1899586296875 0.2885643203125 0.087002834375 0.3364002484375 0.084783503125 0.34291681406249996 0.086957128125 0.3691759765625
7 0.663456553125 0.4541565890625 0.6646757531249999 0.474780259375 0.683669259375 0.47230237500000005 0.7004270921875 0.47727724687500006 0.7171816093750001 0.45228494843749995 0.7159297265625 0.4335336515625 0.7097292890625 0.426870115625 0.7125729015625 0.41474561249999997 0.7255784046875 0.39343376406249997 0.739345309375 0.2681867890625 0.7395577453125 0.256016359375 0.7342953890625 0.25592450312500004 0.70588198125 0.28539565625 0.6773541875 0.32142011875 0.6695523109375 0.406502909375 0.664424 0.4288887265625 0.6664308953125 0.434542590625 0.6656595421875 0.448576209375 0.663456553125 0.4541565890625
7 0.5976216859375 0.546654659375 0.5952552828125001 0.5615969093750001 0.5931013171874999 0.564368728125 0.5956671296875 0.568159403125 0.597889778125 0.59161000625 0.60052095625 0.5916559328125001 0.60389080625 0.579540615625 0.609251209375 0.574015346875 0.6354159187499999 0.5829003046875 0.6501962234375 0.55038176875 0.6497516937500001 0.545691646875 0.6371874046875 0.5417264484375 0.629440940625 0.5331629828125 0.6562233 0.47650566562499996 0.6656789562500001 0.32683515937499996 0.6641492718750001 0.3239990421875 0.65938046875 0.325788746875 0.6555170671874999 0.3360225046875 0.6437111062499999 0.34892704218750004 0.605171809375 0.4156803375 0.597108471875 0.5157421171875 0.5976216859375 0.546654659375
7 0.49173393593750003 0.5513616859375 0.48744234375 0.5559691375 0.49677083125 0.5945273296875 0.49396985000000004 0.694680965625 0.49522505156249996 0.743399428125 0.49831710156250003 0.747199290625 0.5052725515625001 0.7407653937500001 0.5188696562499999 0.71571798125 0.53255178125 0.715956803125 0.5502476984375 0.7275033546875 0.56322051875 0.708063878125 0.5757978328125 0.681125721875 0.5743171734375 0.67548104375 0.5545163125 0.6638977515625 0.55796786875 0.6471014984375 0.59111408125 0.5877458453125 0.5947614859375 0.4089433171875 0.586818928125 0.411614096875 0.5797490875 0.42460130312500005 0.5621055109374999 0.4402133609375 0.5463871234375001 0.4661602171875 0.525981640625 0.4892158453125 0.4935904421875 0.535474065625 0.49173393593750003 0.5513616859375
7 0.4828274890625 0.760039528125 0.481653996875 0.7066401296875 0.4783543640625 0.6845754375 0.478597703125 0.5801630328125 0.475273559375 0.5595026203125 0.465817659375 0.5584010953125 0.46243146875 0.5714526 0.42740909218749995 0.6176648921875 0.417328909375 0.6221713046875 0.413449165625 0.6333412484375 0.389065890625 0.6731839421875 0.370190090625 0.6990756859375 0.36058711875 0.70639984375 0.357282634375 0.7147704125 0.3530564078125 0.7156331171875 0.3406098234375 0.735081778125 0.3263720953125 0.7666733125 0.33088275624999997 0.80982976875 0.333076040625 0.8651199125 0.3365635953125 0.8764184546875 0.34305510156249996 0.9870354859375 0.34655899843750004 0.9973978406249999 0.3539262984375 0.9975264375 0.38112050468750003 0.9474316140625 0.3891120859375 0.941952275 0.40840305 0.9525901937500001 0.41718564375 0.9621082171875001 0.42139552968749994 0.9621817 0.45789524843749996 0.8916469171875001 0.457516084375 0.88321205 0.4288999484375 0.8639831078125001 0.428981653125 0.8593021734375 0.4828274890625 0.760039528125
7 0.1613240578125 0.994164553125 0.343401584375 0.997342728125 0.34507833906249996 0.9917531625 0.340567678125 0.94859670625 0.331935228125 0.8098481390625001 0.3295001453125 0.7985679671875 0.32939878125 0.7742179203124999 0.3268329671875 0.7704272453125001 0.3193512796875 0.7768519578124999 0.22127228593749998 0.9071825656250001 0.170021628125 0.9783963421875 0.1613240578125 0.994164553125
8 0.3941316640625 0.382965978125 0.3853163890625 0.3753203296875 0.3789525359375 0.3780186640625 0.376667840625 0.3882799796875 0.38128957343750003 0.3949159578125 0.390202896875 0.3969444859375 0.3939519109375 0.39326403593750003 0.3941316640625 0.382965978125
8 0.31206519843749997 0.47049836406249995 0.31221226875 0.4620726796875 0.3086266671875 0.45639126093750004 0.3018182859375 0.45439947500000005 0.29334949374999997 0.45706106875 0.2874138296875 0.46538571093750003 0.2899306203125 0.47198494843749994 0.3067211359375 0.47508744375 0.31206519843749997 0.47049836406249995
8 0.2104986484375 0.5895304296874999 0.21072742500000002 0.5764238109375001 0.2082106359375 0.5698245749999999 0.1998235484375 0.5678052328125001 0.192949803125 0.569558196875 0.18857650625 0.57884658125 0.193100190625 0.59109968125 0.20142191406249998 0.5968637718750001 0.2104986484375 0.5895304296874999
8 0.039266267187499995 0.65864991875 0.037210349999999996 0.6558046156249999 0.028280684374999997 0.654712275 0.0170499828125 0.6648174359375 0.015817759375 0.6750971234375001 0.0197661859375 0.6901495984375 0.028679507812499998 0.6921781234375 0.0372463484375 0.683899409375 0.039266267187499995 0.65864991875
8 0.4006599046875 0.9739938984375 0.3894618859375 0.9822266859375001 0.3871608484375 0.9934241874999999 0.3881316125 0.99812349375 0.41865327968750005 0.9986562515624999 0.417237984375 0.9892668265625 0.41113559375 0.9769861687500001 0.4006599046875 0.9739938984375
8 0.59767426875 0.7245852984375001 0.598939178125 0.7124332390625 0.5974421750000001 0.7077247468750001 0.586587321875 0.696297609375 0.5739740078125 0.6951409703125 0.568103709375 0.699720865625 0.5642403078125 0.7099546234375 0.5693065703125 0.721280721875 0.589666346875 0.731000825 0.59767426875 0.7245852984375001
8 0.617510884375 0.6134913531249999 0.6156183765625001 0.6012841812499999 0.602083321875 0.5926196765625 0.5914278796875 0.5999254625 0.591346175 0.6046063968750001 0.598994590625 0.618786984375 0.6109999625 0.6246153718749999 0.6147326343749999 0.621871109375 0.617510884375 0.6134913531249999
8 0.6887845453125 0.48081991406249996 0.6789331390625 0.47221970625000004 0.6646594109375 0.47571644687500003 0.6629663171875 0.48224219843749994 0.66809794375 0.48982355 0.6843458828125 0.4938530484375 0.6886374734375 0.489245596875 0.6887845453125 0.48081991406249996
1 0.9015637359375 0.6250048203125 0.89256870625 0.627657228125 0.8875514687500001 0.61352256875 0.8451715 0.598735740625 0.8410433218750001 0.5939813218750001 0.80742960625 0.5896487031250001 0.7994707062499999 0.59325566875 0.792878078125 0.609060621875 0.790498653125 0.654906228125 0.7917505359375 0.673657525 0.797722196875 0.693427675 0.79635924375 0.7111968578125001 0.806785909375 0.7169976890624999 0.8185591859375 0.705965525 0.828031428125 0.7061308640624999 0.8703787140625 0.722790065625 0.8786677546874999 0.73042653125 0.8889833484375 0.7727478390625 0.8880582890625 0.735272803125 0.892052421875 0.71754955 0.8946802843749999 0.6876283078125 0.8974585312500001 0.6792485515625 0.9021783109375001 0.6802674078125001 0.9023090406250001 0.6727779140625 0.915098790625 0.633669325 0.9285651640625 0.6161114109375 0.938645346875 0.6116050000000001 0.9408973625 0.603216059375 0.9481109546875001 0.551836 0.9476140859375001 0.519987271875 0.949323521875 0.5125253328125 0.9478755453125001 0.5050082796875001 0.9447834953124999 0.50120841875 0.9369063015625001 0.5001344515625 0.9305424500000001 0.502832784375 0.9240642109375001 0.5120844296875 0.9037470671875001 0.5903934578125 0.9037830671875 0.618488253125 0.9015637359375 0.6250048203125
1 0.7756255203125 1 0.78173620625 0.9759632484375 0.78928325625 0.9657937890625 0.796124321875 0.9659131999999999 0.8031287953125 0.956670740625 0.8079106234375001 0.92397768125 0.8151275328124999 0.9025647921875001 0.832565065625 0.8082854703125 0.836490515625 0.7643397953125 0.8328558890625001 0.7614669375 0.8201118453125 0.76779979375 0.813600925 0.7789238109375 0.8062696234375 0.8068900093750001 0.8025075859375 0.8414738156249999 0.79307134375 0.869403271875 0.7854459046875 0.9142208359374999 0.7747054375 0.8962403875 0.767452528125 0.8895584828124999 0.7445105953125 0.8769838906249999 0.7299884328124999 0.864556265625 0.711668234375 0.858617653125 0.707902878125 0.8632342906250001 0.6697787468749999 0.9665172453125 0.6638594234374999 0.9739057015625001 0.663434553125 0.9982465625 0.6684600125 1 0.7756255203125 1
1 0.8024194234375001 1 0.8042009265625 0.98572009375 0.8040995609375001 0.961370046875 0.798376334375 0.957524259375 0.788932259375 0.9657876625 0.7829684296874999 0.9656835640624999 0.7754540140625 1 0.8024194234375001 1
1 0.8737904875 0.744461525 0.8035351937499999 0.7162563859375 0.768145996875 0.7171379578125 0.758026234375 0.8143834578125 0.7750800703125 0.85065196875 0.76776888125 0.8834975375 0.7877147875 0.8988339328125001 0.8144074859374999 0.768904528125 0.8364035046874999 0.7632931734375 0.8210226484375 0.8724374328125 0.8692557781250001 0.9077518234375 0.884512346875 0.998734190625 0.870861278125 0.91227585 0.9060884874999999 0.8724229703124999 0.9449561234375 0.6722618296875 0.9384244765625 0.612195803125 0.9120616484375 0.626723878125 0.8856827828125 0.7386738109375 0.8737904875 0.744461525
1 0.46755977812499994 0.54906678125 0.4749924421875 0.5454506296875 0.48222901250000005 0.553068721875 0.4946919375 0.532683875 0.496891609375 0.49713632656250006 0.5071842281250001 0.480459484375 0.48406254375 0.4781829484375 0.4632778953125 0.49280370781249994 0.45523728906249994 0.501091609375 0.44760853125000005 0.5159420031249999 0.44252924531250004 0.5355192609375 0.4507529203125 0.546900471875 0.46755977812499994 0.54906678125
1 0.5111783609375 0.46273623124999996 0.5093381953125 0.477687665625 0.510900559375 0.47865140781250004 0.5217684375 0.45917519218749997 0.53966045 0.45948749843750003 0.5422262625000001 0.46327817343750005 0.562631746875 0.440222546875 0.56534463125 0.43558753906250003 0.5649654671875 0.42715267187499995 0.562595746875 0.4121277515625 0.5585165921875 0.40456477343749997 0.5527933640625 0.400718984375 0.5432721 0.4033622078125 0.52280125 0.43016258125 0.5205002140625 0.44136008281250005 0.5111783609375 0.46273623124999996
1 0.2412493375 0.7277286000000001 0.2405433484375 0.738017471875 0.2329145890625 0.7528678656250001 0.22502437187500002 0.782697253125 0.21089771562499998 0.7777683109375 0.18983195 0.7783370781250001 0.149086346875 0.8207035828125001 0.135587290625 0.8401338718750001 0.1218431171875 0.8736069671875001 0.12153263437499999 0.8913945203125 0.12727551875 0.924271290625 0.136041771875 0.9347255000000001 0.1379669609375 0.9450602984375 0.1661549078125 0.9586629312499999 0.1709237109375 0.956873228125 0.20372675624999997 0.9171775015625 0.230773890625 0.8755083609375 0.2921374140625 0.7979157984375 0.29873004375 0.782110846875 0.29943271562499996 0.7418548046875 0.2939839703125 0.6921266703125 0.28576029531249997 0.6807454578125001 0.27467666562500004 0.6824249375 0.2701889796875 0.6982666328125 0.26597909375 0.6981931484375 0.24764587031250002 0.7231578921875 0.2412493375 0.7277286000000001
1 0.016458871875 0.9700970609375 0.0092419609375 0.99150995 0.1223826203125 0.9934848281249999 0.124059375 0.9878952625 0.120718890625 0.9681710375 0.1131848625 0.9474371421875001 0.09665580625 0.9293556531249999 0.0872489296875 0.9254455687500001 0.070919284375 0.92609700625 0.0486212921875 0.936945459375 0.0464019625 0.943462025 0.0336415765625 0.9507310703125 0.016458871875 0.9700970609375
1 0.4264873515625 0.610157025 0.4631211171875 0.562099915625 0.465422153125 0.5509024124999999 0.44914153125 0.548745290625 0.44172520937500004 0.551425253125 0.42779796562500005 0.5652292359375 0.4099256109375 0.5939479125 0.4099616109375 0.6220427078124999 0.41364525937499996 0.62210700625 0.4264873515625 0.610157025
1 0.4832163609375 0.7076038734375001 0.4929337203125 0.6937264062499999 0.495953771875 0.6413366765624999 0.49658776250000003 0.5748582171875001 0.495058078125 0.5720220984375 0.49648639531249994 0.5505081703125 0.4934923953125 0.5410911859375 0.48436663593749996 0.5512330890625 0.47997699687499995 0.5614576640625 0.480003290625 0.6504229828125 0.4832163609375 0.7076038734375001
2 0.23409705781249998 0.29308064843750004 0.24932520937499997 0.2952194015625 0.270652434375 0.27967164218749996 0.26964898593750003 0.276844709375 0.25764361562500004 0.2710163203125 0.2172705421875 0.2618833578125 0.193887396875 0.27458581406250004 0.1921452796875 0.2839201265625 0.197374953125 0.2858843546875 0.22490261718750001 0.27700013125 0.23409705781249998 0.29308064843750004
5 0.2746896875 0.65152158125 0.3513303875 0.5732592125 0.35456950625 0.5686333890624999 0.3520527171875 0.5620341546875001 0.33593550625 0.550515159375 0.3252964046875 0.556884759375 0.249394378125 0.622985884375 0.2466978359375 0.6266847046875 0.24659978906250002 0.6323018265625 0.267322390625 0.6513929843749999 0.2746896875 0.65152158125
5 0.1182181984375 0.8098635828124999 0.23077033125000002 0.6947691609375 0.233038684375 0.6854440328125 0.2309991078125 0.6816625421875 0.212397790625 0.661671940625 0.20345178437500003 0.6615157875000001 0.09265811093750001 0.7663397078124999 0.089435334375 0.77002934375 0.0882357921875 0.77843665625 0.10677174375000001 0.80217200625 0.1182181984375 0.8098635828124999
5 0 0.9351053984375 0.057511640625000006 0.8799758359375 0.0591557125 0.87625864375 0.055092896875 0.8677594765625001 0.038201017187500005 0.8403069328124999 0.034533709375 0.8393064484374999 0 0.8679998015624999 0 0.9351053984375
5 0.6260258734375 0.8795980921875 0.6259114859375 0.886151403125 0.63411881875 0.8984688000000001 0.6647255078125001 0.9242877921874999 0.6684091578125 0.924352090625 0.703640653125 0.8360021968750001 0.7142274125 0.802473990625 0.7185353453125 0.7969303531249999 0.7251933375 0.7773806515625 0.7247488093750001 0.77269053125 0.7014277109375 0.751681071875 0.6868075015625 0.7448705703125 0.6748381296875 0.7671369765625 0.6627216875 0.797829065625 0.6535305625000001 0.8117157171875 0.6451794734375 0.8377911703124999 0.6260258734375 0.8795980921875
5 0.640584234375 1 0.6402638453125 0.9987785890625 0.5974196890625 0.950270659375 0.5794983125 0.9817978953125 0.5761284625 0.9939132140625 0.5721289796875 1 0.640584234375 1
2 0.0863892359375 0.8842257828125 0.0824277859375 0.9000766640625001 0.08519301093750001 0.922600265625 0.10083300937499999 0.9313015109375 0.11267496875 0.94649176875 0.1233010453125 0.9710255265625 0.1266578703125 0.9898135640625 0.1304395671875 0.984260740625 0.13071736875 0.9683455625 0.11631598437499999 0.8585269343749999 0.11013188593750001 0.8509272140625 0.10725227343749999 0.834956921875 0.0704614859375 0.8015382093750001 0.07633841875 0.8568926515624999 0.083591328125 0.8635745578125 0.0863892359375 0.8842257828125