7 0.3592005875 0.8741634984375001 0.36763380625000003 0.8662556703125001 0.366306903125 0.855969625 0.3493827671875 0.84242158125 0.32279413749999997 0.8569453156250001 0.3137160359375 0.8463861375 0.3029135140625 0.8418690859375 0.1639609640625 0.8532471296875 0.157252165625 0.855112834375 0.15857906875 0.8653988796875 0.18935784375 0.9154421578124999 0.19328086093750002 0.916936590625 0.3224922515625 0.903723478125 0.3686959640625 0.8966719124999999 0.3592005875 0.8741634984375001
7 0.4388376765625 0.965461559375 0.44766920624999995 0.968959821875 0.4514784203125 0.967195371875 0.4449387359375 0.9184808859375 0.43889298906249996 0.9116224828125 0.424072615625 0.9028952609375 0.4173069140625 0.9031315234375 0.41912696250000003 0.9275393953125001 0.4077372546875 0.9339190374999999 0.37407865625 0.9122544203125 0.3564345625 0.9058010421875 0.206206109375 0.9268176125 0.1937550375 0.9305152703124999 0.21119128593749997 0.9587282890625 0.24032071406250002 0.9892520203125 0.3627284703125 0.9751888750000001 0.4146554875 0.9657622109374999 0.4388376765625 0.965461559375
7 0.4804973421875 1 0.44194590156249997 0.971334921875 0.4110359453125 0.9729581312500001 0.3994565671875 0.9739063015625 0.397599378125 0.9761463953125 0.3466957890625 0.9871687484375 0.2655915140625 1 0.4804973421875 1
7 0.591024415625 0.50171564375 0.5023693015624999 0.5124248812500001 0.45330393593749996 0.520663996875 0.41180009687499997 0.5237447703125 0.3752427046875 0.52991566875 0.3783319625 0.535245884375 0.391010640625 0.5380659921875 0.41712588593750005 0.5376978390625 0.42411919375 0.5439793421875 0.45015857031250006 0.5414385968750001 0.4540815875 0.54293303125 0.5836723218750001 0.5405828609375 0.6695606187500001 0.5337769078125 0.773585359375 0.5198119046875 0.783402384375 0.5238195609375 0.7925563546875 0.5365513265625 0.8004213546875001 0.5400833421875 0.80915805 0.54086586875 0.8119059 0.5364194359375001 0.8215711875 0.5360819171875 0.82460354375 0.539782690625 0.8372063531249999 0.540430209375 0.8539787515624999 0.5496330765625 0.9613393218749999 0.5480592 0.9737145249999999 0.5421889531249999 0.964142484375 0.48977369218750005 0.9774083484375 0.48169710468750004 0.999498290625 0.4769054 0.9988118625 0.45724864531250003 0.9573190874999999 0.4606462546875 0.9525804843750001 0.43579649218750005 0.9399587078125 0.4346058265625 0.9187709421875001 0.43752095625000004 0.842737603125 0.44942086249999996 0.8434773203124999 0.47060360156250003 0.8378298843750001 0.4751512921875 0.699067009375 0.4919608078125 0.65655870625 0.493989040625 0.591024415625 0.50171564375
7 0.207696478125 0.027304596874999996 0.29982019375 0.03278851875 0.40630907031249996 0.03396413125 0.41997324375 0.037293634375 0.431476753125 0.034172875000000005 0.44847596406249995 0.0221592484375 0.46147628906250004 0.0064786015625 0.45831268124999996 0.00115098125 0.2079732140625 0.009893028125 0.207696478125 0.027304596874999996
7 0.41999459375 0.12103955625 0.4350228109375 0.10800714062500001 0.43629202031250003 0.0889294859375 0.43113614062499994 0.052130484374999994 0.425280065625 0.0507035546875 0.4196705640625 0.0563375375 0.41087696874999996 0.05392556875 0.41917741875000003 0.042215709375 0.41703572343750006 0.036308595312500004 0.20288279999999997 0.0280165046875 0.157818703125 0.1231254171875 0.1591266390625 0.1328683140625 0.3110044390625 0.131371290625 0.3399623703125 0.12927243906250002 0.4101965359375 0.1175750453125 0.41222442812500004 0.120223278125 0.41999459375 0.12103955625
7 0.28278781249999996 0.2101214 0.33985095 0.2092163328125 0.3520933828125 0.1995440546875 0.350765684375 0.1615237515625 0.344814775 0.157381084375 0.3419531234375 0.15856863593749998 0.3321929984375 0.15619041875 0.338503490625 0.14291862187499998 0.3373283234375 0.1369777546875 0.1702895375 0.1477051640625 0.1587480921875 0.149739628125 0.154218921875 0.1585987421875 0.1319903453125 0.2148435546875 0.13121348906250002 0.220308778125 0.13714543125 0.2239082984375 0.2587573609375 0.2147672296875 0.28278781249999996 0.2101214
7 0.256560353125 0.26269919062499997 0.268347784375 0.258480896875 0.2970597296875 0.258565871875 0.3008120421875 0.2551719828125 0.2999016203125 0.22910091718749998 0.29499310625 0.22709708750000002 0.295769965625 0.2216318640625 0.285877071875 0.2154516171875 0.24626835625000001 0.2173785921875 0.137183365625 0.2249945921875 0.11300197187500001 0.25302950156250004 0.11036792499999999 0.26073481875 0.21192932187500002 0.2593634546875 0.23499324375000002 0.2547513765625 0.2475960546875 0.25539889531250004 0.256560353125 0.26269919062499997
7 0.3283008625 0.571253009375 0.3332852421875 0.575429428125 0.338856809375 0.56870915 0.3446180484375 0.5674203437500001 0.3495265625 0.5694241734375 0.35130788281249997 0.5650114921875 0.36526565 0.562892646875 0.3958440796875 0.5656314921875001 0.40251494374999996 0.5626794921875 0.40319696718750003 0.5544985328125 0.3991980828125 0.5508315109375 0.2890517265625 0.555765525 0.23081342343750003 0.550729728125 0.136093596875 0.5540374171875 0.1372118625 0.558348840625 0.161735459375 0.5678248406249999 0.20145797812500002 0.569156746875 0.2738907390625 0.5649959109375 0.287896321875 0.5781020625 0.3012190859375 0.5716549171875001 0.3283008625 0.571253009375
8 0.37936492187500004 0.8696526765625 0.3754229375 0.8676150953124999 0.366743146875 0.8684620109375001 0.3592005875 0.8741634984375001 0.3428454640625 0.87690986875 0.350786334375 0.8826144734374999 0.36299162812499997 0.899590159375 0.380313278125 0.8968100375000001 0.3831180296875 0.8939930437499999 0.37936492187500004 0.8696526765625
8 0.47257055625 0.9338302468749999 0.4599867140625 0.933725875 0.4543772125 0.9393598578125 0.45270969531249994 0.947031421875 0.45991163906250004 0.95928754375 0.46885697187500003 0.966044690625 0.477366059375 0.9603094515624999 0.47656944062499995 0.9374972703125 0.47257055625 0.9338302468749999
8 0.5367218359375 0.9419224171874999 0.524100059375 0.94073175 0.5156668390625 0.948639578125 0.5151555203125 0.9617088624999999 0.5263563515625 0.9776320078125 0.5400774265625 0.9825909515625 0.5457058953125 0.9775001156249999 0.541801053125 0.9488145703124999 0.5367218359375 0.9419224171874999
5 0.7123835140625 0.9287186515625001 0.7371536812499999 0.9452555640625 0.7429907890624999 0.946139346875 0.7866371187500001 0.9766999453125 0.8072187312500001 0.9841383625000001 0.8102511343750001 0.9894705640625 0.83667448125 0.988547840625 0.85023755625 0.9413065875 0.84707243125 0.93380378125 0.8410835875 0.928574821875 0.7543409750000001 0.8832048921875 0.721876509375 0.868024290625 0.6944153921875 0.8575632531249999 0.6876307234375 0.8572563687500001 0.6762987109374999 0.8929997125 0.679862146875 0.9119086078124999 0.7123835140625 0.9287186515625001
5 0.527677696875 0.793778240625 0.524002046875 0.8270789796875 0.5282664718750001 0.8383500625 0.627592925 0.8838243640625001 0.6353251578125 0.8835543484375 0.6390395359375 0.8790741640625 0.6394931578125 0.8366411796875 0.527677696875 0.793778240625
8 0.9984435843749999 0.44670253750000005 0.996249325 0.383867196875 0.9854219093750001 0.37863726249999996 0.9631348453124999 0.377784115625 0.949812078125 0.3842312609375 0.941454728125 0.3943116796875 0.93902931875 0.40799161406250006 0.94329374375 0.41926269843749997 0.9564465999999999 0.435661484375 0.97030044375 0.44442246093750004 0.98106503125 0.44785321875 0.9984435843749999 0.44670253750000005
8 0.7275863140625 0.39416679375 0.7273207734375 0.386562734375 0.7222984578125 0.381300021875 0.707686721875 0.37854741718749996 0.6942311875 0.3811925328125 0.6829173484375 0.38974476406249997 0.6785588812500001 0.40349220468749997 0.681932646875 0.41696962812500005 0.691920375 0.425865609375 0.7101326875 0.42087914687500005 0.7240426375 0.4035353046875 0.7275863140625 0.39416679375
8 0.414129875 0.47961484062500004 0.4025125625 0.47947671718749996 0.39688409375 0.48456755312500005 0.395330378125 0.4954980015625 0.4024943890625 0.5066678296875 0.412292446875 0.5101323390625 0.417920915625 0.505041503125 0.41716223125 0.48331561562500003 0.414129875 0.47961484062500004
5 0.5576092125 0.37617490625 0.5568884609375 0.3555353125 0.55000895625 0.35251269375 0.54330015625 0.3543783984375 0.49552376093749995 0.37181726249999997 0.4812913671875 0.37992760312499996 0.469749921875 0.38196206718750003 0.46785559374999997 0.41085012499999995 0.49757141562499996 0.40274289999999996 0.5548423953125 0.3800781921875 0.5576092125 0.37617490625
5 0.7107538375 0.272397453125 0.6010255531250001 0.3170149625 0.59543501875 0.32319209375 0.5872871 0.3669813875 0.7307111234375 0.31738052968749997 0.7330029671875 0.2721643046875 0.7260855281249999 0.268055390625 0.7107538375 0.272397453125
5 0.8031794375000001 0.23110321250000002 0.7900084078125 0.241895534375 0.7804189874999999 0.24440564375 0.7777470078125 0.25102466562500003 0.7851394171875 0.29644651718750004 0.7995425140625 0.293224503125 0.881753575 0.2642507703125 0.99066595 0.2239802390625 0.988201340625 0.15340305468749998 0.9870830734375 0.1490916296875 0.964151921875 0.15750573750000002 0.9146131734375 0.1799004296875 0.9023897062499999 0.1901158546875 0.8946005734375 0.188756428125 0.8850680546874999 0.19289597812499998 0.867026446875 0.20277076875 0.864278596875 0.20721720000000002 0.8080689812499999 0.23256389375 0.8031794375000001 0.23110321250000002
1 1 0.7393157734375 0.9466572765624999 0.7372738171875 0.8799857546875 0.7401458484375001 0.85091401875 0.7389858171875 0.820060965625 0.74223846875 0.8153041890624999 0.7445798171875 0.7949122484375 0.7425728703125001 0.78824138125 0.7455248703125 0.7836553109375 0.75275454375 0.7702187406250001 0.75594280625 0.76963155625 0.7668395015625 0.77069291875 0.7695214874999999 0.79533031875 0.7822563687499999 0.8860520546874999 0.8030159156250001 0.9443282937499999 0.8091380062500001 0.9681696593750001 0.8083054484375 0.9976770500000001 0.812713121875 1 0.8127692968750001 1 0.7393157734375
1 0.8481725906250001 0 0.809806015625 0.00519085 0.7694583765624999 0.013669343749999998 0.6976325609375 0.035210890625000005 0.68057645 0.0455950734375 0.6665906296874999 0.060766328125000005 0.6630469546875 0.0701348375 0.6646963015625 0.08965438437499999 0.67574539375 0.10123235156249999 0.688424071875 0.104052459375 0.7072622984375 0.11698985312500002 0.7239208953125 0.1229338359375 0.756081884375 0.1294240828125 0.8550092375 0.1357580359375 0.8772583671874999 0.1355248875 0.9002653890625 0.12928337031249998 0.9176818750000001 0.1292189828125 0.9352121625 0.13241347812499998 0.9490280734375001 0.14008815937500002 0.932161634375 0.1559038140625 0.9303992796875 0.16085964218749998 0.934246428125 0.1601814875 0.987640721875 0.13734905 0.9831444140625001 0.0085916578125 0.9752721187500001 0.004850740625000001 0.9780958359374999 0.002576896875 0.957470396875 0 0.8481725906250001 0
1 0.5260693703125 0.221202965625 0.5369856953125 0.22897890156249998 0.5742069359374999 0.2418181546875 0.6323693703125 0.2446813640625 0.6391919734375 0.2460745421875 0.6393626765625 0.2509628671875 0.704878 0.24269311718750003 0.7311260171875 0.2461269921875 0.738119325 0.2524084953125 0.758207790625 0.24572508593750003 0.765579646875 0.2351352734375 0.8389971109375001 0.20374957343750003 0.8664574343749999 0.1864763515625 0.8742465656249999 0.18783577812500002 0.8837221828124999 0.1820667859375 0.8639743296875 0.1707925859375 0.8347318921875001 0.16474423124999998 0.692045203125 0.1523250546875 0.6552412390625 0.1514350390625 0.6272498375 0.15350013906249999 0.5915641375 0.1569215515625 0.5301804703124999 0.17266035468750002 0.5093530796875 0.18589528125000002 0.5056576671874999 0.1909186140625 0.50427465625 0.2067373859375 0.516309246875 0.21882474843750002 0.5260693703125 0.221202965625
1 0.534012621875 0.3101103453125 0.5523387343749999 0.3083827640625 0.56401295 0.3101503296875 0.5593889437499999 0.3162937078125 0.550766053125 0.3187700640625 0.5547839046874999 0.322980234375 0.55419671875 0.3338769296875 0.5795540734375 0.3395171453125 0.5901479578125 0.3380595796875 0.5918723765625 0.3320174578125 0.591644771875 0.325499690625 0.5857697296875 0.3235296125 0.5845755953125 0.3170455984375 0.596117040625 0.315011134375 0.6017265421875 0.30937715 0.6188395546875001 0.3006224078125 0.613021415625 0.3002817734375 0.612793809375 0.29376400625 0.6319536828125 0.28820064375 0.640728309375 0.2900694640625 0.6493891359374999 0.288679403125 0.6559841343749999 0.2835548140625 0.6451626453125 0.27849461249999996 0.6043408265625 0.273394428125 0.59454276875 0.26992991875 0.597195784375 0.2627677484375 0.635591396875 0.25381360937499997 0.6354017265625 0.2483821390625 0.5892359484374999 0.2565199984375 0.56725235625 0.26435720625000003 0.552811325 0.2664929265625 0.5383323609375 0.2675423515625 0.49072587343749996 0.2621352828125 0.40665683125 0.2656148484375 0.38465427343749997 0.272908909375 0.3820960953125 0.282786815625 0.40874241875 0.29762678125 0.4467594859375 0.3055439578125 0.5127489859375001 0.3108528875 0.5234946078125 0.31374049843749996 0.534012621875 0.3101103453125
1 0.4141654265625 0.397498359375 0.41721754375 0.4294765390625 0.4335347328125 0.425643875 0.46215125625000003 0.413768371875 0.46650972187499995 0.4000209328125 0.46284670937500005 0.3782605140625 0.46647099374999995 0.37120037968749997 0.473141859375 0.36824838125000003 0.47302805625 0.364989496875 0.47196669375000005 0.3623075140625 0.44079119687499996 0.3563266625 0.44829582187500006 0.34953887968749997 0.454076028125 0.348793221875 0.4530525984375 0.34719753125 0.4375691703125 0.34719441406249996 0.43068966406250003 0.3441717953125 0.41029772343750004 0.34216484999999996 0.3570817359375 0.3423917640625 0.350240165625 0.340455440625 0.3029181875 0.343195578125 0.284592071875 0.344923159375 0.280839759375 0.3483170515625 0.29569806718749997 0.3581305671875 0.40796715 0.358560521875 0.4207027296875 0.363010071875 0.41619252656250005 0.3724123328125 0.4141654265625 0.397498359375
1 0.74847129375 0.8182614828125001 0.7606962625 0.8578589593749999 0.8894544265625 0.9081786265625 0.9217877250000001 0.902699046875 0.9549400984374999 0.876308578125 0.9433824671875 0.811455034375 0.8482615703124999 0.7930243484374999 0.7921178671875 0.7819335015625 0.766669975 0.7628099703125 0.7802276874999999 0.75189538125 0.8139556921875 0.7420166218750001 0.9024887265625001 0.7360971703125 0.8704329140624999 0.7182920109375 0.8146533796875 0.717629590625 0.7599347328125 0.7030085984375 0.53881825 0.713340440625 0.5424583625 0.7288750390625001 0.6931757421875 0.7427539703125 0.74740883125 0.74347039375 0.74847129375 0.8182614828125001
1 0.4393918375 0.7046311546874999 0.4570448734375 0.722286696875 0.5407176812500001 0.7243086625 0.5358154328125 0.7160555875 0.6653279890625 0.7063123375 0.5892291421875 0.6933080546875 0.4393918375 0.7046311546874999
1 0.6319987921875 0.8092773640625 0.7260265203125 0.840797653125 0.7102531437499999 0.743897803125 0.6155580781250001 0.7376335796875 0.5614966203125 0.7334636156250001 0.5643581531249999 0.73507104375 0.615618771875 0.7393716515625 0.6203804671875 0.7426857499999999 0.6319987921875 0.8092773640625
1 0.53075056875 0.74842598125 0.578644203125 0.7450133078125 0.593901065625 0.738389859375 0.5534077749999999 0.731973059375 0.5359975171875 0.7212698015625 0.45689313593750003 0.7179415203125 0.4523939 0.71468721875 0.45695383125 0.719679590625 0.5112163015625 0.7212650843749999 0.5164645203125 0.73848371875 0.53075056875 0.74842598125
1 0.415094603125 0.6297813453125001 0.3486985109375 0.635580328125 0.355250396875 0.645792675 0.40508499374999996 0.653623459375 0.5057856921874999 0.654457390625 0.5030569687499999 0.6649938234375 0.5150988875 0.6993771203125 0.43924010156250004 0.7002859765625 0.441501121875 0.702761421875 0.6001482078125 0.6955370375000001 0.5983577125 0.6442639421874999 0.7504552203125 0.5945777234375 0.5934442796875 0.6366046671875 0.5792179578125001 0.6284005078125 0.5155221765625 0.62279395625 0.415094603125 0.6297813453125001
1 0.439299525 0.657649234375 0.42716686875 0.665033678125 0.43038338749999994 0.71277659375 0.45143375468749997 0.7390144515625 0.4901065078125 0.73766396875 0.509821590625 0.7256642656250001 0.4600476890625 0.7195715500000001 0.4439411 0.7018620062500001 0.493441875 0.7001334 0.485627903125 0.65929426875 0.44236303593750004 0.656672159375 0.352065496875 0.6432936078125 0.3563425984375 0.6327031062499999 0.32076370625 0.6339455484375 0.2995315578125 0.646868325 0.31202838125 0.6499123078125 0.439299525 0.657649234375
1 0.543300215625 0.309459728125 0.5233120062500001 0.31363811406250003 0.444024571875 0.3050956546875 0.394098934375 0.29465776093749996 0.3812075921875 0.28031631875 0.40711039375 0.268100534375 0.48284875781250003 0.2637155015625 0.5542796703125 0.2690519359375 0.479210665625 0.2538364515625 0.3554562265625 0.25250243125 0.317238684375 0.266888446875 0.3180884109375 0.291221440625 0.3975569609375 0.304978146875 0.45809915781250005 0.308954634375 0.4694737375 0.368593996875 0.552005496875 0.3369987828125 0.543300215625 0.309459728125
2 0.5959220468749999 0.130992796875 0.75865069375 0.134011140625 0.7429386203125 0.12759905625 0.6755420296875 0.10471983437500001 0.6641971359375 0.0903243875 0.6238565484375 0.08825273125000001 0.568278290625 0.0886709 0.5959220468749999 0.130992796875