7 0.12525610468749998 0.9056007749999999 0.128393690625 0.9017369093750001 0.13829165000000002 0.8422008625 0.14241650156250002 0.799615003125 0.13299893125 0.794873196875 0.045539065625 0.7826325078124999 0.035783176562500005 0.84013685625 0.034078334375000005 0.8645172406249999 0.10356270781250002 0.8795842265625 0.11383992031250001 0.8966359453124999 0.1101364640625 0.9167933046875 0.12190782343749999 0.9206788875 0.1243326484375 0.9188068156250001 0.12525610468749998 0.9056007749999999
7 0.2361093984375 0.9031442249999999 0.2462842734375 0.815044678125 0.14776580625 0.7969266140625 0.143415809375 0.8017265140625 0.1391440703125 0.8300106703125 0.13316508124999998 0.8745085093749999 0.1334540390625 0.8867785140625 0.22512424062499997 0.9044177031249999 0.2361093984375 0.9031442249999999
7 0.2459290984375 0.8201239250000001 0.2356807796875 0.9010726203124999 0.2371087046875 0.9052557374999999 0.27705933125 0.916215890625 0.3401216484375 0.9247089046875001 0.3498396125 0.8595457796874999 0.3550775484375 0.8420477609375 0.3545044515625 0.833841153125 0.2724649234375 0.8178962249999999 0.249637371875 0.8162999671875 0.2459290984375 0.8201239250000001
7 0.34375407187499996 0.9055673921875 0.34126302656249996 0.9247887171875 0.3454733609375 0.9301872156250001 0.4616145546875 0.9587249296874999 0.46624387812499996 0.9335282296875 0.47328357656250003 0.8574592484375 0.4707853078125 0.85218046875 0.4436763859375 0.8462015609375 0.3797568296875 0.8335653390625 0.35964065 0.8342003109375 0.34375407187499996 0.9055673921875
7 0.5933038203125001 1 0.6022664718749999 0.8909782078124999 0.5999102749999999 0.8836677312500001 0.584428234375 0.8754394046874999 0.5431941609375001 0.8664311375 0.487122178125 0.8563853031249999 0.4757084015625 0.8555871749999999 0.47371219531250003 0.859530853125 0.46439696406250003 0.9599403125 0.47588659218749996 0.97605599375 0.47425278437499996 0.999420528125 0.4825396171875 1 0.5933038203125001 1
7 0.9662575421874999 1 0.9700061062499999 0.946393053125 0.8749184734375 0.9284185921875 0.8706341156249999 1 0.9662575421874999 1
7 0 0.9662575421874999 0.10139086718749998 0.9733474828125 0.11234336874999999 0.9016353796875001 0.11233855156250001 0.8853019765625 0.058833465625000005 0.87135236875 0 0.8622313796875 0 0.9662575421874999
7 0.28904620312499996 0.9252206265625 0.2859062109375 0.920917790625 0.13901885625 0.8892092765624999 0.13331196875 0.8888102124999999 0.13046093125 0.8967773828125001 0.1212851890625 0.9747386296875 0.2817404234375 0.985958753125 0.2886199921875 0.931315721875 0.28904620312499996 0.9252206265625
7 0.29047172187500003 0.9212370421875 0.28186724375 0.9859676203125 0.469987128125 0.9991222453124999 0.472246946875 0.9706974015625001 0.4681076453125 0.9642830546875001 0.32057615781250004 0.9253837828125 0.29047172187500003 0.9212370421875
3 0.822417509375 0.9329139015625 0.8312041906250001 0.7334482718750001 0.8388073546875001 0.63291909375 0.8379453015625 0.61244248125 0.6822188921875 0.602573846875 0.6698052062500001 0.5976225312500001 0.64897626875 0.6002492953125 0.5576660578125 0.5938642640625 0.5531763984375 0.608862565625 0.5381807671875001 0.7987066734375 0.5342028 0.8555942359375001 0.5354886578125 0.8618090515624999 0.7102783609375 0.9291556328125001 0.8194978468749999 0.95006361875 0.822417509375 0.9329139015625
6 0.5591553874999999 0.080497659375 0.564791240625 0.0819125734375 0.5689257234375 0.07199351875 0.569565040625 0.062850875 0.5667802234375 0.0534687921875 0.5466741265625 0.0020428234375 0.5244790187499999 0.000490790625 0.5550160875000001 0.0740833125 0.5591553874999999 0.080497659375
6 0.0878940640625 0 0.1419818625 0.0513260453125 0.17987246875000001 0.091745828125 0.2127641328125 0.113441353125 0.22631859375 0.1164308078125 0.2212486125 0.09872239687499999 0.12050566250000001 0 0.0878940640625 0