7 0.2809730765625 0.707655840625 0.278863240625 0.677483771875 0.2695383328125 0.6127591859375 0.2664268703125 0.598764446875 0.26351004375 0.5951784609375 0.0622012609375 0.62157268125 0.0297675578125 0.6228931796875 0.007715565624999999 0.62779811875 0.0292159453125 0.9352678640625 0.1684624234375 0.9211281640625 0.174628896875 0.9254344015625 0.1949902234375 0.9268530609375001 0.235521396875 0.9117015078125 0.307089053125 0.905749521875 0.31067152343750004 0.903604034375 0.312401565625 0.8902182328125001 0.31029172968749996 0.8600461625 0.3040624828125 0.8472169265625 0.2809730765625 0.707655840625
7 0.27491677812500004 0.598170775 0.28318044531250003 0.66296956875 0.2861632046875 0.6674984312500001 0.28635784062499997 0.6779071859375 0.28801563125 0.6787387500000001 0.292844496875 0.709668171875 0.2960909828125 0.7179685453125 0.295491271875 0.72464289375 0.302178884375 0.751652390625 0.313538215625 0.8683465343749999 0.327459859375 0.8844278156250001 0.3324960015625 0.8954455046875 0.363074115625 0.8904648109375 0.4561962015625 0.88774303125 0.4668792578125 0.8765736359374999 0.475568540625 0.8750185343749999 0.5169568375 0.8721243828125 0.5349947296875001 0.8784429515625 0.5530357828125 0.8771813984374999 0.5600029234375 0.8700617953125 0.5613938234375 0.8747019734375 0.56636719375 0.8771966625 0.57552274375 0.8708715187499999 0.5976046328125 0.8816447421875001 0.6161103703124999 0.8794032078124999 0.619491884375 0.8820092125000001 0.6216175203125001 0.874280671875 0.6009459203125 0.6625414562499999 0.5947482749999999 0.5739110015625 0.5938220624999999 0.56829084375 0.5893133796875001 0.564816171875 0.5824153296875 0.5652985296875 0.5741232187499999 0.568720834375 0.40910065624999997 0.5802603359375 0.2821476484375 0.5948226796875 0.27491677812500004 0.598170775
7 0.6178471609375 0.6907317234375 0.6138627765625 0.7023801890625 0.6194326984375 0.7057806531249999 0.6200920234375 0.7152094250000001 0.6176367234375 0.7182235796875001 0.6211501 0.7227153390625001 0.62702124375 0.7990512843750001 0.6340290375000001 0.853515534375 0.6496807234374999 0.8562110109375001 0.7619051 0.8521534687500001 0.9206920984375 0.8429449765625 0.9493455328125 0.8409413328124999 0.9584351515625 0.8336733109375001 0.9624195359375 0.8220248437500001 0.9638230765625 0.796344534375 0.9632676046875 0.6968971765624999 0.96672495625 0.5175802546875 0.9593653812499999 0.5114624734375 0.9210948671875 0.5131911203125 0.6122681890624999 0.5499461875 0.60994159375 0.56242621875 0.6173260218750001 0.6680284624999999 0.6143997171875 0.687182840625 0.6178471609375 0.6907317234375
7 1 0.4825396125 0.9995740703125 0.47644853437499995 0.9593120890625 0.480199109375 0.948897503125 0.48376983124999995 0.9473024859375 0.49146126562500003 0.9476949187500001 0.50469865 0.9517389156249999 0.5091533046875 0.963544403125 0.5102227609375001 0.9678521265625 0.5184489234375 0.968247721875 0.5241061859375 0.9634338015624999 0.7755270265624999 0.9659487125 0.7886159953125 0.9650161796875001 0.7981560796875 0.9672705203125 0.7998934156249999 1 0.7991512203125 1 0.4825396125
7 0.8088551203125001 0.3950238359375 0.8135616015625 0.40132713906250006 0.8178661671875 0.417133425 0.8445289890625001 0.41716395312500004 0.8520204296875 0.425167490625 0.8550754406250001 0.4154789859375 0.8725199421875001 0.41331166093749994 0.865698884375 0.3882064703125 0.8710725890625 0.384988240625 0.9449636796875 0.37413634687499997 0.9480250078125 0.3492876 0.9475761234375 0.312366971875 0.9535827187500001 0.2228831140625 0.951199671875 0.2116799015625 0.9510145140624999 0.17853078125 0.9454445937499999 0.17513031875 0.7495707046875 0.21061937031250003 0.7468485171875 0.2174421390625 0.7503993859375 0.2910978703125 0.7520129375 0.398051140625 0.75546038125 0.4016000234375 0.8088551203125001 0.3950238359375
7 0.6912523015625001 0.4136697890625 0.692049809375 0.409824071875 0.70670935 0.40595651562499996 0.724417578125 0.40756069687499996 0.7304553484375 0.4024010578125 0.7425277234375 0.3996619 0.74425460625 0.3938562171875 0.7436738546874999 0.3550498359375 0.7347070484375 0.226818540625 0.7375642625000001 0.21430140625 0.7361074296875 0.20871835156250002 0.5551568109375 0.2441113546875 0.5535617921875 0.2518027890625 0.5622052562500001 0.3601594546875 0.5704657656250001 0.43253837031250003 0.6227992671875 0.42603639375 0.64939931875 0.4175439234375 0.6912523015625001 0.4136697890625
7 0.380287771875 0.3283484484375 0.38691261093749996 0.34683494531250003 0.39649176875 0.4380714046875 0.400137009375 0.4444489171875 0.41233809218750006 0.4511756359375 0.4537263859375 0.448281484375 0.471635575 0.4451341765625 0.477607409375 0.439031659375 0.54844665 0.43028814843749996 0.562842459375 0.42264908125 0.5613196953124999 0.41612315000000005 0.5649053234375 0.406397540625 0.55322265 0.2698287703125 0.5511755875000001 0.24817969843749998 0.5458725546875 0.24097062187499999 0.398884721875 0.2664088140625 0.37599900625 0.274641553125 0.37467087656250003 0.278524375 0.3770476046875 0.30488783124999996 0.380287771875 0.3283484484375
7 0.2143417265625 0.4868131046875 0.2599749765625 0.4836221171875 0.37864219375 0.45732183437499996 0.382824375 0.44850199843749994 0.3737004234375 0.3790259234375 0.3643032640625 0.32851870625 0.35729546874999996 0.27405445624999997 0.187622878125 0.302973896875 0.18052387187500002 0.3082077453125 0.19983933125 0.43192544218749995 0.20864310000000003 0.47394676562500004 0.2143417265625 0.4868131046875
7 0 0.349181384375 0.037510515625000004 0.5048632750000001 0.042016039062499996 0.51591806875 0.0511684296875 0.517173046875 0.0910998921875 0.508695840625 0.092958640625 0.5047759140625 0.0952789140625 0.5074561265625 0.1295054296875 0.5012728265625 0.133222925 0.493432971875 0.1448274546875 0.49925391875 0.1498699171875 0.49511136406249995 0.2079083640625 0.48631548281250003 0.20639191875 0.4646293078125 0.197453125 0.42830235156249996 0.18759759843749998 0.36361487187499997 0.18144060625 0.33656827031250003 0.179327609375 0.31397632343750004 0.1760811203125 0.30567595000000003 0.0592067171875 0.32711343125000003 0 0.34233264218750004 0 0.349181384375
7 0.77662323125 0.0713419703125 0.7748335765625 0.0686246515625 0.6563673171875 0.0901734453125 0.6647375703125 0.21749896875000002 0.726757240625 0.20463474218750002 0.7524247578125001 0.20568235625 0.7792226062500001 0.2000185203125 0.7773453265625 0.0892937390625 0.77662323125 0.0713419703125
7 0.61532089375 0.22758693124999999 0.6594313781250001 0.2178700140625 0.65152265 0.0971446296875 0.6495352 0.09159868125000001 0.6441630734375 0.09102685 0.53445045 0.11575348125 0.5321238562499999 0.1282335109375 0.541034209375 0.23278156249999998 0.54660413125 0.2361820265625 0.61532089375 0.22758693124999999
7 0.527549240625 0.1238159609375 0.5249652375 0.1173642390625 0.5069241859375 0.1186257921875 0.4076920796875 0.14072457968750002 0.4219054640625 0.252481709375 0.42581759531249996 0.2550506078125 0.5373858078125 0.23398417187499998 0.527549240625 0.1238159609375
7 0.291608865625 0.17347658593749998 0.302519309375 0.2532501 0.3060263671875 0.27290210312499996 0.309009125 0.27743096562499997 0.42011265 0.2573445125 0.41569202031249997 0.20175186250000002 0.4077580125 0.1416674546875 0.40470932187499997 0.136195715625 0.3581467 0.1413466671875 0.2841865171875 0.1588358046875 0.28418335625 0.16641592656249998 0.2896873453125 0.1688735140625 0.291608865625 0.17347658593749998
7 0.164257103125 0.1899617890625 0.18431361875000002 0.286150525 0.18895100625 0.299091075 0.3021770078125 0.2788562015625 0.3038379578125 0.27210764374999996 0.299797121875 0.26007286875 0.298742203125 0.2449868328125 0.293244534375 0.22736900312500002 0.284246128125 0.1749389265625 0.2807359125 0.16286704531250001 0.2779509515625 0.1611668140625 0.1726183046875 0.179902240625 0.16591805312500002 0.18321323125 0.164257103125 0.1899617890625
7 0.5337251937499999 0.10538183125 0.42282262499999995 0.12071679531249999 0.4218900921875 0.1302568796875 0.4232150609375 0.13395418125 0.43648053906250006 0.1330265671875 0.5264911624999999 0.1163100484375 0.533722034375 0.11296195312499999 0.5337251937499999 0.10538183125
8 0.9451570328125 0.8649214109375001 0.9534459828124999 0.8690792296875 0.964588984375 0.868300034375 0.9896003390624999 0.85233875625 0.9936506546875 0.8416331671874999 0.9930572640625 0.8331472718749999 0.9764825234375 0.817251515625 0.9640145531250001 0.8143334093749999 0.957901371875 0.8412905374999999 0.9408556265625 0.8415350046875 0.9368744031249999 0.84560335 0.939191515625 0.8558636843749999 0.9451570328125 0.8649214109375001
8 0.7073985609375 0.980085815625 0.705216471875 0.9641311124999999 0.701439365625 0.9558678453124999 0.6930844828125 0.9507671500000001 0.680748378125 0.9497348000000001 0.6746446781250001 0.9539515609375 0.6709240234375 0.9693715359375 0.671405115625 0.9892351359375 0.707052625 0.9867424187499999 0.7073985609375 0.980085815625
8 0.34572672187500003 0.9778992328125 0.35806598749999996 0.9713514625 0.37174285937499996 0.938180503125 0.37545719375000003 0.9379207718749999 0.373212334375 0.9134430703125 0.368505853125 0.907139765625 0.353582584375 0.9072358140624999 0.3435635921875 0.9164638 0.3349982734375 0.938854959375 0.335054725 0.962538203125 0.3424111421875 0.97623610625 0.34572672187500003 0.9778992328125
8 0.7999538187499999 0.42786085468749996 0.7992944953125 0.4184320828125 0.7963117375000001 0.4139032203125 0.7821200453125 0.4092106734375 0.7762800734375 0.41719894375 0.7786631203125001 0.4284021578125 0.7833696 0.4347054609375 0.7943116453125 0.43867775781249996 0.797894115625 0.436532271875 0.7999538187499999 0.42786085468749996
8 0.5989746968749999 0.4589694609375 0.5991128812500001 0.4456949703125 0.588899253125 0.4445142015625 0.5802083890625 0.44985936562499995 0.5798724046875 0.460305221875 0.5821235875 0.46962268125 0.589815984375 0.47287472656249996 0.5953890656249999 0.46869506875000005 0.5989746968749999 0.4589694609375
8 0.490323309375 0.4836218828125 0.47957906250000004 0.48247821875 0.47307660625 0.488617840625 0.47764490156250006 0.508195634375 0.481557034375 0.5107645328125 0.48938445625 0.5083222109375 0.491177271875 0.5034594078125 0.490323309375 0.4836218828125
8 0.2633406875 0.52412873125 0.2652685265625 0.5135715609375 0.2574442640625 0.5084337609375 0.2449072015625 0.5121529 0.2385366109375 0.5201782765625 0.237670009375 0.5306612390625001 0.241381184375 0.5379816296875 0.24880985312499998 0.5374621671875001 0.2633406875 0.52412873125
8 0.10406372187499999 0.59495818125 0.1106352703125 0.582181315625 0.1103087671875 0.5698868078125 0.10865097812499999 0.56905524375 0.10062575781250001 0.568668934375 0.088352425 0.576159584375 0.0851655484375 0.5839623328125 0.08761452812500001 0.596108421875 0.09172445781250001 0.601505953125 0.09596940937500001 0.6012091171875 0.10406372187499999 0.59495818125
1 0.3828934671875 0.4418647546875 0.3830190109375 0.4589107515625 0.3854052171875 0.4625338421875 0.39794228125000003 0.45881470156250004 0.3967554984375 0.44184291406250004 0.3859109859375 0.363012275 0.3817351234375 0.3566718671875 0.3824698609375 0.34430315 0.37656711718749997 0.34376842343749997 0.378221746875 0.35218010781250003 0.3701305953125 0.350850921875 0.3828934671875 0.4418647546875
3 0.0911156421875 0.02737103125 0.12121733750000001 0.1768641328125 0.127245625 0.194444859375 0.1594815296875 0.1902957296875 0.1635977796875 0.18053301718749998 0.17746296875 0.1729310546875 0.23404142499999997 0.1661322421875 0.36756597968750004 0.13879303125 0.3667779515625 0.11989838281250001 0.350344090625 0.0092440109375 0.0911156421875 0.02737103125