7 0.067549790625 0.46529346406250005 0.126050825 0.461068559375 0.15079920468750002 0.46151004531249995 0.2030147125 0.45529655937499997 0.34544995312500004 0.3620661578125 0.34103749687499996 0.3565024265625 0.1970505328125 0.36115097343749997 0.181217925 0.373570684375 0.1669858078125 0.3772140453125 0.147407059375 0.39678405625 0.13432348593750001 0.40268522031250004 0.0738935296875 0.44873506250000006 0.06410415625 0.45852006875000006 0.067549790625 0.46529346406250005
7 0 0.5130929703125 0.0024493703125 0.55982971875 0.021901840625 0.5575079453125 0.0504569375 0.55195495 0.11004122031250001 0.5094264140625 0.11176285625 0.5029617109375 0.1259949734375 0.499318346875 0.1537323203125 0.478161765625 0.14747708125 0.4767510953125 0.14243095781249998 0.4787540453125 0.0347360328125 0.487875084375 0.0174520125 0.4922578890625 0 0.5052984453125 0 0.5130929703125
7 0.2712885890625 0.30336701875 0.2634934328125 0.31188851562500003 0.26781502968750004 0.31571851562500003 0.4175750046875 0.3229368734375 0.6172998 0.20236514218749999 0.6180849 0.1976880140625 0.613823878125 0.195013834375 0.54006096875 0.1832331421875 0.53190236875 0.1848197125 0.48926422656249996 0.1772028171875 0.461342796875 0.17518913125 0.3967426796875 0.220298528125 0.38368939375 0.2267775984375 0.37991296406249997 0.23334999218750002 0.318998415625 0.2701532640625 0.3073056828125 0.28293551093749997 0.2941918234375 0.28825876250000004 0.2712885890625 0.30336701875
7 0.7049128703124999 0 0.620092875 0.059082784374999996 0.6155010578125 0.06975439375 0.5875517015625 0.0868656 0.5807536546875001 0.09475534375 0.5664609625 0.0972428859375 0.5689700625 0.10580385625 0.6594741890625 0.122502159375 0.7154079125 0.12826326562499998 0.741514484375 0.11530511875 0.7824262671875 0.0899811078125 0.7872300921875001 0.0833548734375 0.8402889124999999 0.053917276562500005 0.928615315625 0 0.7049128703124999 0
7 1 0.8428677562500001 0.789957171875 0.9020424671875 0.7166835765624999 0.9389139515625 0.6662526421875 0.9595213593749999 0.6645612921875 0.966563975 0.649332065625 0.9708390921875001 0.6509652015625 0.9823434593749999 0.66036320625 0.9847484203124999 0.7518294328125 0.9608314484375 0.7704437203125 0.96217390625 0.8275236265625001 0.9504900078125 0.9658866546875 0.9171613031250001 1 0.907478553125 1 0.8428677562500001
7 0.5130929640625 1 0.5871005015625 0.9961214296875 0.599807378125 0.9890810140624999 0.6211707 0.9839049234375 0.6230437703125 0.9803297734375 0.6492412046875 0.9691053593750001 0.6560089625 0.96063770625 0.680575621875 0.9576117296875 0.6936591937500001 0.9517105656249999 0.6977990671875001 0.9520731031249999 0.6954414046874999 0.946401684375 0.7041730953124999 0.9360926125000001 0.720247996875 0.9282961859375 0.7177994734375 0.9208910359375 0.7003640171875001 0.9223842875000001 0.397016509375 0.9921753593749999 0.398195340625 0.99501106875 0.3932400796875 0.99874775 0.3871019484375 1 0.5130929640625 1
8 0.5393317171875001 0.1496604828125 0.5197506078125 0.149527690625 0.507876153125 0.158842471875 0.512833775 0.17480859531249998 0.52253465 0.1829926609375 0.5525411625000001 0.185476571875 0.558039228125 0.172439478125 0.5490325921875 0.15784455 0.5393317171875001 0.1496604828125
8 0.3211814421875 0.33146563281249997 0.3296126234375 0.3350802578125 0.3357770046875 0.334757196875 0.3446601296875 0.3273376765625 0.34538465625 0.32150472812499997 0.31126855781249996 0.31923619062499997 0.3211814421875 0.33146563281249997
8 0.360470365625 0.8845655609374999 0.34496619375000004 0.8639366781250001 0.3365350109375 0.8603220531250001 0.329373521875 0.8612768687499999 0.3174687796875 0.870013740625 0.31695626250000003 0.8798920656250001 0.33657002187499996 0.9003055718749999 0.34506177656250003 0.9050760203125 0.354338634375 0.9051693375 0.3631006109375 0.8954381765624999 0.360470365625 0.8845655609374999
8 0.6471093046874999 0.8301375953125 0.6507040125 0.8200977406250001 0.6453526578125001 0.7966187796875001 0.632297009375 0.7833950484375001 0.6147706937499999 0.7831545671875 0.6057361328125 0.7876845328125001 0.60096259375 0.7948886796875 0.6038957093749999 0.8115403999999999 0.617314803125 0.8316990593750001 0.6257156968750001 0.8347357734375 0.6391324265625 0.8351916296875 0.6471093046874999 0.8301375953125
1 0 0.366628159375 0.0048667875 0.3700639 0.023753656249999998 0.37660755468749996 0.0591091609375 0.3828676203125 0.10153529218749999 0.386439140625 0.13441198593749998 0.384716146875 0.1510017671875 0.386744203125 0.155957028125 0.383007521875 0.1413311796875 0.37913804687499997 0.1390038015625 0.3740445375 0.1704872921875 0.3457376546875 0.1855045109375 0.3374171640625 0.18501991874999998 0.32817059375 0.1930270828125 0.3236944703125 0.20946542968749998 0.3228329734375 0.21798747187499998 0.32818133125000004 0.239744525 0.3305180796875 0.24294786093749998 0.332668190625 0.2479939828125 0.330665240625 0.24778197500000002 0.32661986718749997 0.23418352343749999 0.32269654999999997 0.17193398437500002 0.3143689515625 0.1149728640625 0.3086616890625 0.06768233125 0.3105605828125 0.047346407812500005 0.31568282812500004 0.028853267187499997 0.31665201249999997 0.00857791875 0.3229300796875 0 0.3283649234375 0 0.366628159375
1 0.22880188124999998 0.298639678125 0.2721948375 0.30100153281250003 0.2762135625 0.2990524265625 0.27192225312499996 0.2958003375 0.27742031875 0.28276324218750004 0.3369440265625 0.23907888437499997 0.3465213921875 0.2252485046875 0.37562165468750003 0.23009790156249998 0.38456535468749997 0.22383420312500002 0.26088166562500004 0.20307978906250002 0.2001744015625 0.2045228296875 0.1756683171875 0.208704628125 0.1244219953125 0.23341125312500002 0.11285041093749999 0.24850514218750003 0.1146652703125 0.263476975 0.122371925 0.27292455000000004 0.14561067968750002 0.2838761140625 0.1758594875 0.290983309375 0.22880188124999998 0.298639678125
1 0.412356190625 0.14472503125 0.439250225 0.14679256093749998 0.481948940625 0.15556527656250002 0.4836402890625 0.14852266249999999 0.46487456875 0.14429065000000002 0.46052268593749995 0.139882740625 0.5041532125 0.1074622703125 0.5630129671875 0.070766684375 0.5679379421874999 0.0664520921875 0.567415490625 0.056483134375 0.5859767765624999 0.05681425 0.6068275796875 0.061516482812499995 0.615016465625 0.060507825 0.61885346875 0.0550912546875 0.495379425 0.018679410937499998 0.45392011718749997 0.0138982265625 0.41898862968749995 0.015728909375 0.37617112812500003 0.02434735625 0.32024212812499997 0.057991857812500006 0.306827759375 0.0772388078125 0.308915203125 0.09741183437499999 0.32638330625 0.1161993 0.3664541375 0.133802203125 0.412356190625 0.14472503125
1 1 0.486907034375 0.999513009375 0.47761471093749996 0.9964142984375 0.477461015625 0.9867134234374999 0.46927694999999997 0.9582771140625 0.45743878125000004 0.8173699781250001 0.4422229953125 0.7454219265625001 0.4454141328125 0.6943549640625 0.45388541875 0.6314135484375 0.4716714859375 0.5733388921875 0.50368994375 0.570620146875 0.5107864015625 0.5763931578125 0.52265330625 0.5827998328125 0.5269535296875001 0.6028352484374999 0.5357549828125 0.619515890625 0.5395167703125 0.67638615 0.5434903015625 0.7062109390625 0.5425067484375 0.7358540078125 0.53805573125 0.7607538234375 0.5413867703124999 0.7580374390625 0.5681860328125 0.76492870625 0.581732825 0.9808542765625001 0.49508192187500005 1 0.4944265625 1 0.486907034375
1 0.3517103328125 0.65844098125 0.3749793734375 0.66997045625 0.386462459375 0.6728456421875 0.4245972828125 0.673165071875 0.43088281093749997 0.675153653125 0.49648475937500003 0.6688181109375 0.522894203125 0.661639071875 0.5373686171875 0.6626189921875001 0.540783965625 0.6688144781250001 0.5346522328125001 0.6894182546875001 0.585819503125 0.7614919203125 0.6487003453125 0.74255003125 0.7589602203125 0.7037401765625 0.6982132234375 0.6257940875 0.7014444859375 0.60881930625 0.712473265625 0.60302583125 0.7007478859375 0.5955273625 0.6829792718750001 0.590663596875 0.6633678749999999 0.58995289375 0.5562157546875001 0.5897735187500001 0.5069007140624999 0.592358009375 0.483391740625 0.59590805625 0.4540515421875 0.6061381781249999 0.422293109375 0.6095410593749999 0.375668890625 0.6241539875 0.350680575 0.638792021875 0.347297878125 0.6528772515625 0.3517103328125 0.65844098125
1 0.2875692453125 0.7516246468750001 0.3489101734375 0.7426149265624999 0.3442274953125 0.751552803125 0.34386641406249996 0.7643206796875 0.382432340625 0.831839271875 0.408841784375 0.82466023125 0.5798368453125 0.7652824453125 0.5816493421875 0.760551471875 0.5739426875 0.751103896875 0.5496183234375 0.758753159375 0.5454178781250001 0.757234803125 0.521904178125 0.7213792390625 0.514710040625 0.702053340625 0.51857733125 0.69721468125 0.5356796296875 0.6893644109375 0.531297459375 0.684378590625 0.50715481875 0.6954953171875 0.49790824999999994 0.695979909375 0.4882376625 0.688373753125 0.46608687968750007 0.6785241671875 0.3130350671875 0.6871247687500001 0.25785851875 0.6958114296875 0.19382913125 0.7124955187500001 0.1667860234375 0.7272412390625 0.1633730375 0.7407485578124999 0.182562778125 0.7530713171875 0.2094871015625 0.755716759375 0.2875692453125 0.7516246468750001
5 1 0.516953334375 0.9840599750000001 0.5169348375 0.8294426874999999 0.57429530625 0.792337621875 0.5936248375 0.7790117515625 0.5949027140625 0.72528661875 0.6116262781249999 0.7205433671875 0.619408334375 0.7572641484375 0.6713771828125 0.766571290625 0.6720484124999999 0.7899288296875 0.6656088140625 1 0.59784171875 1 0.516953334375