7 0.33263294062500004 1 0.33293043125 0.9982807796875001 0.3267808109375 0.98225526875 0.3290790625 0.9680302703124999 0.3143117640625 0.8386238796875001 0.3124480203125 0.78525326875 0.29344831875 0.6680439015624999 0.28762759375 0.661436734375 0.2874448734375 0.656204321875 0.29198789999999997 0.6529023984375 0.2872438828125 0.65044866875 0.28959695 0.6377933921875 0.285619015625 0.63059799375 0.27217131875 0.6190183734375 0.25255706875 0.6176078 0.10263186718749999 0.619700028125 0.07763542031250001 0.6242400796875 0.06727166875 0.6209348343750001 0.04968293125 0.62416844375 0.0087760890625 0.6266447 0.004290925 0.6316035531249999 0.0171556125 1 0.33263294062500004 1
7 0 0.5087275421874999 0.0017846171875 0.559832290625 0.00557983125 0.5617952765625 0.026069795312499998 0.56160363125 0.1888579921875 0.5543473031249999 0.234362675 0.5501388484375 0.2435218140625 0.5456279687500001 0.23070291874999999 0.33861939531249996 0.22834449218750003 0.24440347187499997 0.2201836796875 0.197464396875 0.2052884109375 0.0110345421875 0.2046315109375 0.0100097234375 0 0.0171556125 0 0.5087275421874999
7 0.6598071796875 0.9947241828125 0.9538690203125 0.9844553171875001 0.9533574046875 0.9698045609375001 0.936287834375 0.7744697687500001 0.933258703125 0.7677651171875 0.9288070390625001 0.7736832453125 0.9140098953125 0.7768193703125 0.8980994984375 0.7747555765625 0.6537703593749999 0.7680952375000001 0.65103358125 0.7697624453125 0.649720678125 0.7855246734375 0.6598071796875 0.9947241828125
7 0.801766284375 0.49732027968750003 0.7414096406249999 0.5030951359375 0.73110070625 0.5013596140625001 0.6464406125 0.5048398890625 0.6204953625 0.5088891921875 0.616864596875 0.511635378125 0.61772338125 0.53622771875 0.6217744015625 0.5455160828125 0.6221973375000001 0.6109862296874999 0.61694304375 0.6205995421875 0.6190416421875 0.6273366890625 0.6089154296875 0.6308335796875 0.6203010703125 0.6367225375000001 0.622417940625 0.643982925 0.630342625 0.7641984374999999 0.6379147796875 0.76760116875 0.6500665062500001 0.7687484578125 0.9158344125 0.7757078984375 0.925066640625 0.7732899843750001 0.9004208953124999 0.49439906406249995 0.896643953125 0.49295931875 0.8491868468750001 0.4946165578125 0.8175853203125 0.496767865625 0.8139545546875 0.49951405312499997 0.806510303125 0.4997740125 0.801766284375 0.49732027968750003
7 0.8736034625 0.20667803125 0.7382392078125 0.22554979843749998 0.7056340609375 0.2256406359375 0.69463213125 0.23073974531250002 0.6313742625 0.23347263906250001 0.60822060625 0.2374244578125 0.59517489375 0.23735614531250002 0.590613596875 0.240134825 0.5940264375 0.25782754375 0.5905235765625 0.26423641875000003 0.5939756421875 0.3364112203125 0.5884838125 0.3392223953125 0.5885934453125 0.3423618421875 0.59330091875 0.34376909218749996 0.596494496875 0.35518291562500004 0.594177975 0.36888467343750003 0.5784502984375 0.3720532921875 0.578596475 0.3762392234375 0.5722106578124999 0.380129375 0.5788340109375001 0.383041359375 0.5861686296874999 0.37964195156249997 0.5956749375 0.3850726578125 0.5933766859375 0.3992976578125 0.5963719515625 0.458391425 0.6050404281249999 0.49318863124999995 0.6981301203125 0.4909856265625 0.8291888859375 0.48221791875 0.8597319765625 0.4764364171875 0.868198121875 0.47876016874999994 0.8913700484374999 0.475331590625 0.8936865703124999 0.4616298328125 0.8787129203124999 0.2195965890625 0.8736034625 0.20667803125
7 0.7612857843749999 0 0.7500330468749999 0.00301310625 0.7344698203125 0.010890896875 0.68250623125 0.016896540625 0.65105088125 0.023233778125 0.6437893484375 0.028726151562500003 0.633626590625 0.031176559375000003 0.5640194468749999 0.0388460875 0.5696574515624999 0.0402208421875 0.5755695359375 0.049444215624999996 0.5765562234375 0.07769924375000001 0.5728719812499999 0.10559350625 0.580699946875 0.1163216140625 0.5791312343749999 0.12475846406249999 0.584514771875 0.145525640625 0.5874017453125 0.22819776093750002 0.59502871875 0.2331702140625 0.6126905453125 0.23202957031250002 0.6711678515624999 0.2257964640625 0.67572915 0.2230177828125 0.6860198125 0.22423006406249998 0.7555721390625 0.2149908109375 0.8177898453125 0.209150965625 0.8364552921874999 0.21007079062499998 0.8382615375 0.208436078125 0.8670531984375 0.2058590125 0.8762488812499999 0.20239461718750001 0.8788760281249999 0.197587959375 0.8759903937500001 0.14163363906249998 0.8627043015625 0 0.7612857843749999 0
7 1 0.6551853515625 0.9461163375 0.6557298203124999 0.9219590625 0.65762116875 0.920189359375 0.6603023640625 0.9281127031249999 0.753800078125 0.930320934375 0.763676671875 0.9408308609375 0.771167846875 0.9443912171875001 0.819764296875 0.9472741734374999 0.8222830171875 0.956634303125 0.8235277921874999 1 0.825170228125 1 0.6551853515625
7 1 0.49127247343749997 0.9998233171875001 0.48621294062500003 0.994112225 0.48274522031249995 0.911422825 0.4892999546875 0.9059127234375 0.49158788906249995 0.90520145625 0.49789927812499996 0.9186741250000001 0.6435911390625 0.9262462812500001 0.64699386875 0.9758019859375 0.6520737765625 0.9916210218750001 0.6515213640625 0.99342726875 0.64988665 1 0.6511864375 1 0.49127247343749997
7 0.8831231687500001 0.479286734375 0.8934503749999999 0.4815454953125 0.90012854375 0.48602720312500003 0.9921598015624999 0.480194003125 0.999555328125 0.478538734375 0.9971629156249999 0.4100290109375 0.9960789 0.4056662796875 0.9875721937499999 0.3221426453125 0.9809305687500001 0.3187074203125 0.9753473796875 0.3189023890625 0.929952328125 0.3262502921875 0.8909248218749999 0.32918480156249996 0.8893939937500001 0.365385934375 0.8960592500000001 0.4762155984375 0.8887429015625001 0.480138246875 0.8831231687500001 0.479286734375
7 0.8800779593750001 0.1519684859375 0.8864900875 0.308908371875 0.8894461296875 0.313520059375 0.9257185859374999 0.31172951718749997 0.9842324375 0.3065428921875 0.9887389203125 0.3021944875 0.9754293609375001 0.1344939984375 0.9707218875000001 0.13308675 0.89843278125 0.143993209375 0.8827233781249999 0.1476850703125 0.8800779593750001 0.1519684859375
7 0.8673431953125 0 0.8788185328125 0.1425826375 0.8854418859375001 0.1454946203125 0.9224621515625 0.1384391703125 0.9475316875 0.1359920859375 0.9752831843750001 0.13030806875 0.9726168140624999 0.0806326421875 0.96158914375 0 0.8673431953125 0
8 0.5919898421875 0.7597750734375001 0.5925014578125001 0.7744258296875 0.6006035 0.79300255625 0.6100732640625 0.797386778125 0.6155833640624999 0.7950988453125001 0.6227718078125 0.7875135078125 0.6266935859375 0.7664213828124999 0.6188838953125 0.756216515625 0.6113300109375001 0.7533370265625 0.603885759375 0.7535969859375 0.5964963234375 0.7554266703125 0.5919898421875 0.7597750734375001
8 0.5148546390625001 0.5518691984374999 0.5308381234375 0.5560259578125 0.5503975578125 0.55586680625 0.5545751421875 0.5421000593749999 0.5495205015625 0.530751225 0.543864225 0.5288532296875 0.5280451890625 0.5294056421875 0.51510910625 0.532476778125 0.5098913578125 0.5431365718750001 0.5148546390625001 0.5518691984374999
8 0.5464793125 0.2835863765625 0.5632471515625 0.2835247109375 0.5666221078125 0.2734531453125 0.5623518234375 0.25788588749999997 0.552808971875 0.2514086984375 0.5378839234374999 0.250882134375 0.525969734375 0.25653698125 0.5302400203125 0.272104240625 0.5464793125 0.2835863765625
5 0.33230330937499997 0.005551325 0.25273566875000003 0.0083298890625 0.2579699640625 0.1323065078125 0.26302460625 0.14365534062500002 0.273296996875 0.1443443796875 0.2866167890625 0.1522613125 0.310172428125 0.1598208 0.32518883593750003 0.1629635703125 0.3344576078125 0.1615921390625 0.332228425 0.0977567046875 0.3260605328125 0.081207953125 0.33230330937499997 0.005551325
2 0.2582275984375 0.5398756390624999 0.25355666875 0.5395148734374999 0.2464595859375 0.5497164156250001 0.22890738906250002 0.5539965062500001 0.047563381249999995 0.56347245625 0.0345542125 0.564450625 0.0290989265625 0.5683082828125 0.029391278124999996 0.5766801421875 0.035175459375 0.5822408265625 0.031782229687500003 0.59178915 0.0865935671875 0.6139735453124999 0.2523743484375 0.6123753890625 0.2717510640625 0.606983825 0.2838845171875 0.6076078734375 0.348711096875 0.59643813125 0.3495123859375 0.566025146875 0.3437634078125 0.5347931453125 0.2600155734375 0.537717684375 0.2582275984375 0.5398756390624999
1 0.2362468828125 0.28394234375 0.23257957343750002 0.2856420484375 0.2378053625 0.4352890515625 0.2409441234375 0.4451331515625 0.246435953125 0.44232197500000003 0.273072859375 0.404720240625 0.28162902343749996 0.3829423984375 0.28339738593749997 0.353543403125 0.2779042171875 0.329636778125 0.2698569890625 0.3126297765625 0.2581789953125 0.29836895937499996 0.2362468828125 0.28394234375