1 0.182902584375 0.1262569828125 0.204771371875 0.056983240625 0.18091451249999999 0.053072625 0.159045725 0.054748603124999996 0.150099403125 0.058100559375000006 0.147117296875 0.0625698328125 0.1401590453125 0.11340782187500001 0.145129225 0.11787709531249999 0.158051690625 0.12122904999999999 0.1640159046875 0.1256983234375 0.182902584375 0.1262569828125
1 0.47514910468749993 0.7502793296875 0.33200795156249996 0.7709497203125 0.31510934375 0.7793296093750001 0.30815109375 0.7960893859375 0.36381709687499997 0.7944134078125 0.451292246875 0.7810055859375 0.4831013921875 0.778212290625 0.5586481109375 0.7631284921875 0.5715705765625 0.7530726249999999 0.5834990062500001 0.7513966484375 0.6838966203125 0.7675977656249999 0.6908548703124999 0.765363128125 0.6958250500000001 0.7592178765625001 0.739562625 0.765363128125 0.7654075546875 0.7715083796875 0.7763419484375 0.7709497203125 0.7763419484375 0.76703910625 0.7654075546875 0.7636871515625 0.588469184375 0.7312849156250001 0.5765407546875 0.722905028125 0.5715705765625 0.713407821875 0.5626242546875 0.6832402234375 0.56163021875 0.6743016765625 0.5675944328125 0.6703910609375 0.563618290625 0.6608938546875 0.5288270374999999 0.664245809375 0.4791252484375 0.6737430171875001 0.4632206765625 0.67988826875 0.4572564609375 0.67877095 0.4642147125 0.7251396640625 0.473161034375 0.7385474859375 0.4831013921875 0.74357541875 0.47514910468749993 0.7502793296875
1 1 0.3347892328125 0.9204771375 0.37541899375 0.9045725640625 0.3810055859375 0.8787276343749999 0.3977653625 0.8817097421875 0.42011173125 0.89860835 0.4608938546875 0.9055666 0.466480446875 0.9075546718749999 0.47765363125000004 0.8856858843750001 0.4826815640625 0.8777335984375 0.4815642453125 0.8697813125 0.486592178125 0.824055665625 0.49385474843750005 0.7475149109375 0.511173184375 0.7147117296875 0.5234636874999999 0.689860834375 0.5290502796875 0.6799204765625 0.53296089375 0.6739562625 0.543016759375 0.66302186875 0.5486033515625001 0.66302186875 0.5620111734375 0.739562625 0.5608938546875 0.8290258453125 0.5525139671875 0.87276341875 0.54581005625 0.90954274375 0.5435754187499999 0.9155069578124999 0.5391061453125 1 0.517881328125 1 0.3347892328125
7 0.27137176875 0.49944134062499995 0.27137176875 0.49385474843750005 0.277335984375 0.487709496875 0.2892644140625 0.49106145312500005 0.295228628125 0.5139664796875001 0.2922465203125 0.5279329609375 0.2962226640625 0.5279329609375 0.2962226640625 0.5173184359375 0.306163021875 0.512290503125 0.3180914515625 0.49888268125 0.30914512968749996 0.46256983281249997 0.2972167 0.4659217875 0.1669980125 0.4603351953125 0.1003976140625 0.46256983281249997 0.09045725624999999 0.465363128125 0.08349900625 0.4815642453125 0.0725646125 0.52011173125 0.0725646125 0.532402234375 0.2455268390625 0.5234636874999999 0.251491053125 0.520670390625 0.27137176875 0.49944134062499995
7 0.3449304171875 0.41117318437500006 0.35685884687499997 0.4162011171875 0.3697813125 0.44916201093749997 0.378727634375 0.44469273749999993 0.39761431406250003 0.42458100625000006 0.38469184843750004 0.3743016765625 0.3737574546875 0.3608938546875 0.3379721671875 0.358100559375 0.157654075 0.355865921875 0.1182902578125 0.3519553078125 0.11630218750000001 0.355865921875 0.0944334 0.444134078125 0.0934393640625 0.45251396718750003 0.09741550624999999 0.45530726250000003 0.17992047656250001 0.4614525140625 0.2962226640625 0.46480446875 0.30815109375 0.4592178765625 0.3449304171875 0.41117318437500006
7 0.4413518890625 0.286592178125 0.45328031874999997 0.29050279375 0.46819085468750005 0.33072625625 0.47514910468749993 0.332402234375 0.4791252484375 0.3301675984375 0.5159045718749999 0.29162011250000003 0.5 0.23687150781250002 0.4900596421875 0.22290502812500002 0.50397614375 0.20949720625 0.5079522859375001 0.200558659375 0.45626242499999997 0.19720670468749998 0.45328031874999997 0.1932960890625 0.4463220671875 0.1921787703125 0.33200795156249996 0.1837988828125 0.175944334375 0.18044692812500002 0.12723658124999998 0.331284915625 0.1262425453125 0.3525139671875 0.154075546875 0.354748603125 0.30914512968749996 0.354748603125 0.3777335984375 0.35698324062500003 0.3817097421875 0.355865921875 0.4413518890625 0.286592178125
7 0.2245052421875 0 0.211729621875 0.0486033515625 0.204771371875 0.0586592171875 0.1998011921875 0.0849162015625 0.19085487031249998 0.10446927343750001 0.17793240625 0.1620111734375 0.17793240625 0.167597765625 0.1838966203125 0.16927374374999998 0.5079522859375001 0.1966480453125 0.5168986078125 0.1938547484375 0.61232604375 0.0860335203125 0.6242544734375 0.09050279375 0.645129225 0.1480446921875 0.6510934390625 0.1519553078125 0.665009940625 0.1446927375 0.7326043734375001 0.07988826875 0.7186878734375 0.024022346875 0.7083977609375001 0 0.2245052421875 0
7 0.7677994531250001 1 0.751491053125 0.9413407828125001 0.726640159375 0.9340782125 0.6689860828125 0.924022346875 0.6620278328125 0.9251396640625 0.661033796875 0.9301675984375001 0.5516898609374999 0.9703910609375 0.414512921875 0.9798882687500001 0.288270378125 0.9966480453125 0.24577534843749999 1 0.7677994531250001 1
7 0.23141153124999997 1 0.2385685890625 0.998324021875 0.28628230625 0.9949720671875 0.407554671875 0.97877095 0.5417495031249999 0.9698324015625 0.543737575 0.9681564249999999 0.5258449296875 0.8955307265625001 0.4920477140625 0.886592178125 0.4791252484375 0.8860335203125 0.47614314062499996 0.8877094968750001 0.47614314062499996 0.8977653625 0.46222664062499996 0.9022346375 0.442345925 0.8983240218749999 0.4413518890625 0.8960893859375 0.429423459375 0.8988826812499999 0.41948310156249996 0.9184357546875 0.40954274375 0.9245810062500001 0.360834990625 0.9256983234374999 0.35685884687499997 0.924022346875 0.328031809375 0.9268156421875 0.321073559375 0.9245810062500001 0.2982107359375 0.93072625625 0.2783300203125 0.9312849156249999 0.26242544687499997 0.934636871875 0.23161033749999999 0.934636871875 0.222664015625 0.9402234640625 0.1709741546875 0.9502793296875 0.1620278328125 0.9502793296875 0.1570576546875 0.95418994375 0.161033796875 0.9620111734375 0.186878728125 0.9843575421875 0.2091451296875 1 0.23141153124999997 1
7 0.2693836984375 0.9335195531249999 0.32703777343749996 0.9273743015625 0.40556660000000005 0.924022346875 0.4085487078125 0.919553071875 0.40258449374999994 0.888826815625 0.38469184843750004 0.8810055859375 0.3697813125 0.8810055859375 0.36580516875 0.8860335203125 0.35685884687499997 0.8854748609374999 0.33499005937500004 0.899441340625 0.324055665625 0.8960893859375 0.324055665625 0.9022346375 0.3001988078125 0.9106145250000001 0.2186878734375 0.913407821875 0.114314115625 0.9256983234374999 0.1093439359375 0.9301675984375001 0.11729622343749999 0.9396648046875 0.1461232609375 0.967597765625 0.15606361875000002 0.9687150843750001 0.1620278328125 0.967597765625 0.159045725 0.9519553078125 0.2693836984375 0.9335195531249999
8 0.28031809218750003 0.5301675984374999 0.295228628125 0.5301675984374999 0.2982107359375 0.5284916203125001 0.2972167 0.5173184359375 0.2813121265625 0.513407821875 0.277335984375 0.5178770953125 0.28031809218750003 0.5301675984374999
8 0.3359840953125 0.4592178765625 0.3290258453125 0.479329609375 0.33697813125 0.489385475 0.345924453125 0.49050279375 0.35288270312500003 0.486592178125 0.3508946328125 0.4608938546875 0.34393638125 0.45642458125 0.3359840953125 0.4592178765625
8 0.4373757453125 0.37988826875 0.43141153125000004 0.3748603359375 0.422465209375 0.3748603359375 0.4085487078125 0.39217877031250004 0.407554671875 0.4039106140625 0.4155069578125 0.41396647968750006 0.42544731562500004 0.41675977656249996 0.433399603125 0.4145251390625 0.436381709375 0.40949720625 0.4373757453125 0.37988826875
8 0.5914512921874999 0.24972067031249998 0.5795228625 0.241899440625 0.5755467203125 0.24245809999999998 0.5626242546875 0.2508379890625 0.5516898609374999 0.27486033593750003 0.5566600390625001 0.2921787703125 0.5715705765625 0.300558659375 0.5874751484375 0.29776536249999996 0.5944334 0.2849162015625 0.5914512921874999 0.24972067031249998
8 0.76441351875 0 0.76441351875 0.0055865921875 0.770377734375 0.019553071875 0.7813121265625 0.027374301562499998 0.8031809140625 0.0268156421875 0.810139165625 0.0251396640625 0.8190854875 0.0173184359375 0.8271561109375 0 0.76441351875 0
5 0.980119284375 0.27988826875 0.9532803187500001 0.2301675984375 0.9433399609374999 0.2173184359375 0.93141153125 0.21564245781250002 0.9234592453125 0.2173184359375 0.7047713718749999 0.3631284921875 0.7037773359374999 0.36927374375 0.711729621875 0.386592178125 0.7345924453125 0.42625698281249996 0.751491053125 0.42067039062499995 0.9791252484375 0.29832402187499996 0.980119284375 0.27988826875
5 0.6570576546875 0.41396647968750006 0.645129225 0.4067039109375 0.63419483125 0.40837988750000004 0.5248508953125001 0.47765363125000004 0.523856859375 0.48994413437500006 0.5407554671875 0.5251396640625 0.545725646875 0.5290502796875 0.678926440625 0.4608938546875 0.67793240625 0.45251396718750003 0.6570576546875 0.41396647968750006
2 0.5091451296875 0.5808938546875 0.5234632203125 0.574636871875 0.5282355859375001 0.5656983234374999 0.5091451296875 0.5513966484374999 0.41590457187499996 0.555865921875 0.43755268437500006 0.5808938546875 0.5091451296875 0.5808938546875
1 1 0.610801984375 0.868695825 0.585363128125 0.7796033796875 0.5674860328125 0.7827852875 0.5567597765625 0.6714194828125 0.56927374375 0.6523290265624999 0.5513966484374999 0.6568848125 0.54871511875 0.552100396875 0.5674860328125 0.49482604375 0.5880446921875 0.46618986093750003 0.6086033515625 0.5027813125 0.622905028125 0.5839184890625 0.6166480453125 0.6761928421875 0.611284915625 0.6873290265625001 0.6014525140625 0.7016481109375 0.6023463687499999 0.925969184375 0.6443575421875 0.9355149109375 0.6372067046875001 0.830512921875 0.6184357546875 0.7350576546875 0.59877095 0.715966203125 0.5925139671874999 0.758921471875 0.5755307265625 0.9021053671875 0.6014525140625 1 0.6220781750000001 1 0.610801984375
1 0.8289224656249999 0.42804469218749996 0.820967196875 0.4191061453125 0.7621033796875001 0.4503910609375 0.7016481109375 0.4807821234375 0.6618747515625001 0.49955307187500003 0.6841471171875 0.529944134375 0.6714196609374999 0.5401599296875 0.6857385687499999 0.53173184375 0.7732395624999999 0.50581005625 0.8552683890624999 0.47988826875 0.8289224656249999 0.42804469218749996
1 0.6109642140625 0.5192178765625 0.5664184890625 0.5433519546875 0.533008946875 0.5451396640625 0.5266451296875 0.5388826812499999 0.542554671875 0.5290502796875 0.5314174953124999 0.518324021875 0.5186908546875 0.537094971875 0.5314174953124999 0.5683798875 0.5178466765625 0.5790545078125 0.5298270375 0.571061453125 0.666401590625 0.5413407828125 0.6523290265624999 0.504022346875 0.6109642140625 0.5192178765625
1 0.560054671875 0.619329609375 0.5448354765625 0.6198754078125 0.5584642140625 0.6202234640625 0.5584642140625 0.6291620109375 0.4455079515625 0.638100559375 0.41050695781249996 0.6568715078125 0.3755069578125 0.671173184375 0.3834612328125 0.681899440625 0.4805079515625 0.6774301671875 0.568008946875 0.6631284921875 0.612555665625 0.6461452515625 0.6411918484375 0.645251396875 0.8193767390625 0.67296089375 0.820967196875 0.6667039109374999 0.66823856875 0.6434636874999999 0.6141461234375 0.638100559375 0.620509940625 0.633631284375 0.6730109343749999 0.631843575 0.69528429375 0.6139664796875001 0.709873659375 0.606514609375 0.7064204765625 0.6059217875 0.66823856875 0.6103910609375001 0.6364194828125 0.6139664796875001 0.560054671875 0.619329609375