3 0.7348958328124999 0.3203703703125 0.7395833328125 0.322222221875 0.7416666671875001 0.33055555625 0.7375 0.378703703125 0.7401041671875 0.40648148125 0.7385416671875 0.4388888890625 0.7364583328125 0.45370370312499997 0.7322916671875 0.4546296296875 0.7296875 0.4601851859375 0.7260416671875001 0.478703703125 0.7265625 0.5268518515625 0.7244791671875 0.5583333328125 0.7203125 0.5601851859375 0.7182291671875001 0.5694444437499999 0.71875 0.6166666671875001 0.7989583328125 0.61851851875 0.8171875 0.6259259265625 0.8239583328125001 0.6240740734375 0.8307291671874999 0.6296296296875 0.8364583328125 0.627777778125 0.8421875 0.6129629624999999 0.8401041671874999 0.58148148125 0.8364583328125 0.5648148140625 0.8255208328125001 0.553703703125 0.8223958328125001 0.35648148125 0.9088541671874999 0.3574074078125 0.9114583328125001 0.3546296296875 0.9208333328125 0.1453703703125 0.9234375 0.1324074078125 0.928125 0.045370370312500005 0.9276041671874999 0.028703703125 0.7765625 0.04351851875 0.7473958328125 0.0416666671875 0.7270833328124999 0.048148148437499996 0.6307291671875 0.059259259375 0.6286458328125 0.1740740734375 0.628125 0.26851851875 0.6302083328125 0.3120370375 0.6692708328125 0.31851851875000003 0.7348958328124999 0.3203703703125
7 0.309375 0.9740740734375001 0.31302083281250004 0.98148148125 0.375 0.9990740734375001 0.665625 0.9990740734375001 0.6703125 0.99351851875 0.6677083328125 0.9870370375 0.6697916671875 0.9796296296874999 0.6666666671875 0.9444444437499999 0.6682291671875 0.915740740625 0.6666666671875 0.8768518515625001 0.6645833328124999 0.8703703703125001 0.6651041671875 0.7925925921875 0.6677083328125 0.7759259265625 0.6661458328125 0.7648148140625 0.6677083328125 0.75 0.6697916671875 0.7481481484375 0.6677083328125 0.746296296875 0.665625 0.7333333328125 0.6677083328125 0.6888888890625 0.6677083328125 0.66851851875 0.665625 0.6620370375 0.6286458328125 0.6537037031249999 0.3776041671875 0.61851851875 0.3125 0.6129629624999999 0.3098958328125 0.6138888890625 0.3088541671875 0.6259259265625 0.3072916671875 0.7074074078125 0.3104166671875 0.7925925921875 0.3088541671875 0.9546296296874999 0.309375 0.9740740734375001
7 0 0.8925925921875001 0.0114583328125 0.8953703703125001 0.0166666671875 0.9055555562500001 0.13333333281249998 0.9361111109375001 0.1364583328125 0.9453703703125 0.0994791671875 0.99351851875 0.09895833281250001 0.9990740734375001 0.20208333281250002 0.9990740734375001 0.21354166718749998 0.98055555625 0.2203125 0.975 0.2244791671875 0.9611111109375001 0.2286458328125 0.9601851859374999 0.2828125 0.9759259265625 0.2911458328125 0.9703703703125001 0.2927083328125 0.8925925921875001 0.290625 0.7231481484375 0.2864583328125 0.7175925921874999 0.2859375 0.7074074078125 0.28958333281250004 0.6611111109375 0.2869791671875 0.6490740734375 0.2890625 0.63148148125 0.2880208328125 0.6101851859375 0.24479166718749998 0.6018518515625 0.1604166671875 0.5925925921874999 0.14791666718750002 0.5879629625 0.0151041671875 0.5722222218749999 0 0.5722222218749999 0 0.8925925921875001
7 0.5796875 0.6009259265625 0.584375 0.5981481484375 0.590625 0.6046296296875 0.5958333328125 0.6009259265625 0.5989583328125 0.60648148125 0.6057291671875 0.6074074078125 0.6135416671875 0.628703703125 0.6119791671875 0.6416666671875 0.6088541671875001 0.6453703703125 0.6229166671875 0.65 0.6390625 0.65 0.6708333328125 0.6120370375 0.7067708328125 0.61851851875 0.7135416671875 0.615740740625 0.7203125 0.41851851875 0.68125 0.41203703750000004 0.5255208328125 0.40277777812500004 0.5244791671875 0.5740740734374999 0.5265625 0.5879629625 0.5635416671875 0.5944444437499999 0.5796875 0.6009259265625
7 0.41197916718750005 0.5861111109375 0.425 0.5851851859375 0.428125 0.5898148140624999 0.428125 0.6 0.41510416718750004 0.61851851875 0.42083333281249996 0.6231481484375 0.4640625 0.627777778125 0.4739583328125 0.6166666671875001 0.4760416671875 0.60648148125 0.525 0.60648148125 0.5223958328125 0.4046296296875 0.4557291671875 0.396296296875 0.3854166671875 0.3916666671875 0.3604166671875 0.39351851875 0.3609375 0.5361111109375 0.3630208328125 0.5759259265625001 0.3963541671875 0.578703703125 0.41197916718750005 0.5861111109375
7 0.2109375 0.5546296296875 0.253125 0.5620370375 0.26510416718749996 0.5703703703125 0.28125 0.5759259265625001 0.2833333328125 0.5916666671875 0.28072916718749996 0.5990740734375 0.290625 0.6046296296875 0.31197916718749996 0.5898148140624999 0.3140625 0.58055555625 0.3244791671875 0.5703703703125 0.328125 0.5731481484375001 0.3453125 0.5722222218749999 0.346875 0.5546296296875 0.3453125 0.51851851875 0.3463541671875 0.47222222187499996 0.34375 0.44351851875000003 0.34375 0.396296296875 0.3421875 0.39351851875 0.22291666718749997 0.38055555625 0.2046875 0.3796296296875 0.2015625 0.38240740781250004 0.20208333281250002 0.465740740625 0.2052083328125 0.49351851875 0.20625 0.534259259375 0.2109375 0.5546296296875
7 0.1010416671875 0.5425925921875 0.1140625 0.546296296875 0.1135416671875 0.5796296296875 0.1541666671875 0.5833333328125 0.1697916671875 0.5740740734374999 0.1807291671875 0.5620370375 0.196875 0.5648148140625 0.2036458328125 0.5583333328125 0.20677083281250003 0.54444444375 0.2036458328125 0.5129629625 0.2 0.502777778125 0.2 0.4768518515625 0.1963541671875 0.46481481406249997 0.1942708328125 0.4240740734375 0.190625 0.41111111093749997 0.1921875 0.4 0.1890625 0.3879629625 0.0671875 0.3768518515625 0.078125 0.522222221875 0.08125 0.5379629625 0.0953125 0.54444444375 0.1010416671875 0.5425925921875
7 0 0.5694444437499999 0.0166666671875 0.56851851875 0.0317708328125 0.5611111109375 0.0427083328125 0.5527777781250001 0.0463541671875 0.5425925921875 0.05 0.5398148140625 0.0645833328125 0.5416666671875 0.06875 0.5388888890625 0.0703125 0.5287037031249999 0.0546875 0.38055555625 0.05208333281250001 0.377777778125 0.0015625 0.3740740734375 0 0.3740740734375 0 0.5694444437499999
7 0.1994791671875 0.38148148125 0.2109375 0.377777778125 0.2703125 0.38333333281250004 0.2848958328125 0.38148148125 0.28125 0.3101851859375 0.1885416671875 0.3083333328125 0.1895833328125 0.377777778125 0.1932291671875 0.38703703749999996 0.1973958328125 0.3888888890625 0.1994791671875 0.38148148125
7 0.3473958328125 0.40648148125 0.3458333328125 0.4166666671875 0.3489583328125 0.4203703703125 0.3572916671875 0.41944444374999995 0.3572916671875 0.3990740734375 0.3614583328125 0.3879629625 0.3854166671875 0.38703703749999996 0.384375 0.3490740734375 0.3848958328125 0.32592592656249997 0.3869791671875 0.31759259218749997 0.3848958328125 0.3138888890625 0.3182291671875 0.3101851859375 0.28854166718749996 0.3101851859375 0.2833333328125 0.3138888890625 0.2838541671875 0.3601851859375 0.2869791671875 0.38333333281250004 0.34427083281250004 0.39074074062499997 0.3473958328125 0.40648148125
7 0.4895833328125 0.3916666671875 0.49114583281249996 0.31759259218749997 0.3963541671875 0.3120370375 0.3885416671875 0.3148148140625 0.3864583328125 0.325 0.3859375 0.38333333281250004 0.3885416671875 0.3888888890625 0.4848958328125 0.396296296875 0.4895833328125 0.3916666671875
7 0.6083333328125 0.40092592656250003 0.609375 0.3166666671875 0.49635416718750003 0.3129629625 0.4921875 0.321296296875 0.49114583281249996 0.39351851875 0.49322916718750004 0.396296296875 0.5958333328125 0.403703703125 0.6083333328125 0.40092592656250003
7 0.721875 0.4175925921875 0.7208333328125 0.4546296296875 0.7317708328125 0.4601851859375 0.7364583328125 0.4583333328125 0.7375 0.43240740781250003 0.740625 0.427777778125 0.7385416671875 0.4074074078125 0.7411458328125 0.3351851859375 0.7395833328125 0.322222221875 0.6130208328125 0.31759259218749997 0.6109375 0.3240740734375 0.6104166671875 0.403703703125 0.6536458328125 0.41018518593750003 0.7109375 0.41203703750000004 0.721875 0.4175925921875
7 0.4984375 0.30648148124999997 0.48854166718750003 0.30555555624999997 0.3958333328125 0.30648148124999997 0.3958333328125 0.3120370375 0.4890625 0.315740740625 0.4994791671875 0.3101851859375 0.4984375 0.30648148124999997
8 0.478125 0.6231481484375 0.47291666718750003 0.6259259265625 0.47083333281249995 0.63055555625 0.4895833328125 0.63055555625 0.4859375 0.625 0.478125 0.6231481484375
8 0.1973958328125 0.571296296875 0.1875 0.5722222218749999 0.18020833281249998 0.578703703125 0.18125 0.5888888890625 0.196875 0.590740740625 0.1994791671875 0.575 0.1973958328125 0.571296296875
8 0.05729166718749999 0.565740740625 0.061979167187499996 0.55648148125 0.05625 0.5518518515624999 0.0447916671875 0.5509259265625001 0.034375 0.5601851859375 0.0333333328125 0.5648148140625 0.0354166671875 0.5703703703125 0.0453125 0.571296296875 0.05729166718749999 0.565740740625
1 0.353125 0.5851851859375 0.3609375 0.5851851859375 0.3625 0.5675925921875 0.3609375 0.48981481406249994 0.3572916671875 0.48425925937500003 0.3494791671875 0.4879629625 0.3463541671875 0.497222221875 0.3473958328125 0.546296296875 0.3453125 0.5833333328125 0.3494791671875 0.58148148125 0.353125 0.5851851859375