3 0.9270833328125001 0 0.9 0.41111111093749997 0.8994791671875 0.427777778125 0.9041666671874999 0.43518518593750005 0.9994791671875 0.5259259265625 0.9994791671875 0 0.9270833328125001 0
1 0.6427083328125 0.5925925921874999 0.64375 0.6046296296875 0.6427083328125 0.7240740734375 0.65 0.7240740734375 0.65 0.7166666671875 0.7192708328124999 0.716534259375 0.7171875 0.8111111109375001 0.7203125 0.8175925921875 0.725 0.8175925921875 0.7270833328124999 0.8138888890624999 0.728125 0.6925925921875 0.7359375 0.68148148125 0.7375 0.640740740625 0.7416666671875001 0.634259259375 0.7947916671875 0.6120370375 0.8010416671874999 0.6120370375 0.8151041671874999 0.6231481484375 0.8182291671874999 0.63055555625 0.8182291671874999 0.647222221875 0.8135416671875 0.7629629625 0.821875 0.765740740625 0.8276041671875 0.690740740625 0.8286458328125 0.6018518515625 0.8317708328125001 0.5620370375 0.834375 0.5527777781250001 0.8338541671874999 0.440740740625 0.8364583328125 0.3990740734375 0.8338541671874999 0.3953703703125 0.7479166671875 0.3601851859375 0.7442708328125 0.365740740625 0.7416666671875001 0.378703703125 0.740625 0.42129629687500003 0.7328125 0.43240740781250003 0.7041666671875 0.4388888890625 0.6666666671875 0.4546296296875 0.6567708328124999 0.46666666718750005 0.6463541671875 0.4916666671875 0.6432291671875 0.5129629625 0.64375 0.5490740734374999 0.6348958328125 0.5675925921875 0.6348958328125 0.58148148125 0.6385416671875 0.5870370375 0.6380208328125 0.590740740625 0.6427083328125 0.5925925921874999
1 0 0.9638888890624999 0.010416667187500001 0.9990740734375001 0.0239583328125 0.9990740734375001 0.0234375 0.99444444375 0.05 0.98148148125 0.0536458328125 0.9990740734375001 0.190625 0.9990740734375001 0.19479166718750002 0.9953703703125001 0.19375 0.9620370375 0.1838541671875 0.86851851875 0.1807291671875 0.865740740625 0.1755208328125 0.86944444375 0.165625 0.86851851875 0.1609375 0.8740740734375001 0.1244791671875 0.875 0.1078125 0.8879629625 0.10729166718750001 0.8981481484374999 0.0953125 0.8990740734375 0.0921875 0.8879629625 0.0901041671875 0.8611111109375 0.0838541671875 0.8490740734375001 0.078125 0.8231481484375 0.08125 0.8101851859375 0.078125 0.7740740734375 0.071875 0.7574074078125 0.0661458328125 0.7203703703125 0.0625 0.715740740625 0.0546875 0.6898148140625 0.0432291671875 0.6675925921875 0.0229166671875 0.647222221875 0.00625 0.64444444375 0 0.647222221875 0 0.9638888890624999
4 0.1739583328125 0.8388888890624999 0.1807291671875 0.834259259375 0.1807291671875 0.825 0.1776041671875 0.8148148140625 0.165625 0.8138888890624999 0.1630208328125 0.8027777781250001 0.1671875 0.7888888890625 0.21458333281250003 0.6805555562500001 0.1822916671875 0.6916666671875 0.1734375 0.690740740625 0.1703125 0.6944444437499999 0.1421875 0.7574074078125 0.1171875 0.83148148125 0.115625 0.8453703703125001 0.11875 0.852777778125 0.14895833281249998 0.8425925921875 0.1739583328125 0.8388888890624999
1 0.1307291671875 0.7509259265625 0.1348958328125 0.747222221875 0.13125 0.7296296296875 0.1328125 0.7166666671875 0.1463541671875 0.7129629625 0.1692708328125 0.6805555562500001 0.18125 0.672222221875 0.1932291671875 0.6574074078125001 0.1989583328125 0.6583333328125 0.1984375 0.6666666671875 0.2015625 0.6796296296875 0.20625 0.678703703125 0.20208333281250002 0.65 0.2036458328125 0.6296296296875 0.1942708328125 0.5666666671875 0.1822916671875 0.5333333328125 0.1677083328125 0.5101851859375001 0.15677083281249998 0.5009259265625 0.140625 0.5018518515625 0.12552083281249998 0.5175925921875 0.1177083328125 0.5333333328125 0.11041666718750001 0.559259259375 0.1052083328125 0.6111111109375 0.1078125 0.646296296875 0.128125 0.746296296875 0.1307291671875 0.7509259265625
1 0.2166666671875 0.675 0.22239583281250003 0.6481481484375 0.23177083281250002 0.646296296875 0.26614583281250004 0.559259259375 0.2484375 0.5601851859375 0.24114583281250002 0.547222221875 0.2359375 0.48981481406249994 0.2171875 0.4361111109375 0.2104166671875 0.43055555625 0.2078125 0.42314814843750004 0.20052083281250002 0.42222222187499997 0.196875 0.427777778125 0.1953125 0.4379629625 0.1963541671875 0.509259259375 0.20208333281250002 0.5314814812499999 0.2192708328125 0.6324074078125 0.2166666671875 0.675
1 0.2796875 0.5287037031249999 0.29635416718749996 0.4861111109375 0.2953125 0.4824074078125 0.2916666671875 0.4824074078125 0.2598958328125 0.4879629625 0.2484375 0.4916666671875 0.23854166718749997 0.5009259265625 0.2401041671875 0.5574074078125 0.24895833281250002 0.5601851859375 0.265625 0.55648148125 0.2796875 0.5287037031249999
1 0.22239583281250003 0.44907407343749994 0.23072916718749997 0.48148148125 0.2338541671875 0.4861111109375 0.23802083281250003 0.4703703703125 0.23802083281250003 0.4601851859375 0.2265625 0.3953703703125 0.2208333328125 0.3796296296875 0.2088541671875 0.365740740625 0.2026041671875 0.36666666718749996 0.1994791671875 0.372222221875 0.1994791671875 0.403703703125 0.20729166718749997 0.4240740734375 0.2166666671875 0.4361111109375 0.22239583281250003 0.44907407343749994
1 0.29635416718749996 0.4796296296875 0.2942708328125 0.45370370312499997 0.2869791671875 0.44907407343749994 0.2828125 0.4509259265625 0.278125 0.4611111109375 0.275 0.4611111109375 0.27291666718749996 0.45648148125 0.2645833328125 0.4240740734375 0.2682291671875 0.39444444375 0.2635416671875 0.35925925937500003 0.25729166718749996 0.34444444375 0.24739583281250002 0.3379629625 0.246875 0.396296296875 0.2552083328125 0.4546296296875 0.2619791671875 0.4861111109375 0.29635416718749996 0.4796296296875
7 0.12552083281249998 0.3518518515625 0.1286458328125 0.352777778125 0.1453125 0.33888888906250003 0.1484375 0.3490740734375 0.1473958328125 0.36666666718749996 0.1572916671875 0.36666666718749996 0.1619791671875 0.3620370375 0.1640625 0.32592592656249997 0.15625 0.29814814843750004 0.15 0.24814814843750002 0.1416666671875 0.20833333281250002 0.13333333281249998 0.20833333281250002 0.0994791671875 0.22777777812500002 0.09895833281250001 0.23148148124999998 0.1088541671875 0.2388888890625 0.11145833281249999 0.24722222187499998 0.12552083281249998 0.3518518515625
7 0.0463541671875 0.2888888890625 0.0473958328125 0.302777778125 0.05 0.30648148124999997 0.055208332812500004 0.3879629625 0.058854167187499994 0.403703703125 0.060416667187499995 0.4046296296875 0.06510416718749999 0.39444444375 0.07760416718749999 0.415740740625 0.078125 0.4240740734375 0.1078125 0.42222222187499997 0.1171875 0.4138888890625 0.1177083328125 0.403703703125 0.1145833328125 0.40277777812500004 0.1140625 0.39074074062499997 0.11927083281249999 0.365740740625 0.1260416671875 0.352777778125 0.115625 0.275 0.1135416671875 0.272222221875 0.1119791671875 0.24444444375000002 0.1088541671875 0.23518518593749999 0.0953125 0.23240740781250002 0.025 0.2666666671875 0.025 0.271296296875 0.0276041671875 0.2675925921875 0.0369791671875 0.275 0.0463541671875 0.2888888890625
7 0 0.4953703703125 0.0322916671875 0.49259259218749996 0.0473958328125 0.48148148125 0.0494791671875 0.477777778125 0.0432291671875 0.45555555625000005 0.0416666671875 0.44166666718750003 0.0447916671875 0.4388888890625 0.046875 0.425 0.06875 0.40092592656250003 0.060416667187499995 0.4 0.0578125 0.3879629625 0.046875 0.2898148140625 0.0411458328125 0.26574074062499997 0.029166667187500002 0.2629629625 0 0.2740740734375 0 0.46388888906250003 0.0020833328125000002 0.46388888906250003 0.0057291671875 0.4768518515625 0 0.48148148125 0 0.4953703703125
7 0.3369791671875 0.7333333328125 0.3447916671875 0.727777778125 0.39010416718749996 0.7203703703125 0.3932291671875 0.702777778125 0.3932291671875 0.6898148140625 0.3875 0.6805555562500001 0.3854166671875 0.6453703703125 0.3880208328125 0.6351851859375001 0.3963541671875 0.6388888890625 0.3963541671875 0.61851851875 0.3942708328125 0.6148148140624999 0.3703125 0.60555555625 0.3651041671875 0.5990740734375 0.3651041671875 0.577777778125 0.36770833281250004 0.559259259375 0.3640625 0.48425925937500003 0.359375 0.42870370312499995 0.3515625 0.372222221875 0.3494791671875 0.3361111109375 0.3453125 0.33148148125 0.3369791671875 0.3453703703125 0.3166666671875 0.3990740734375 0.29635416718749996 0.44351851875000003 0.3203125 0.75555555625 0.321875 0.7583333328124999 0.32864583281250004 0.75555555625 0.3369791671875 0.7333333328125
7 0.378125 0.5759259265625001 0.3770833328125 0.5694444437499999 0.38229166718749996 0.5638888890625 0.39791666718749996 0.55648148125 0.4166666671875 0.55648148125 0.4135416671875 0.5083333328124999 0.421875 0.48981481406249994 0.4135416671875 0.477777778125 0.4010416671875 0.475 0.39895833281250004 0.4611111109375 0.4078125 0.4296296296875 0.40833333281249995 0.4046296296875 0.4125 0.396296296875 0.4135416671875 0.372222221875 0.415625 0.3648148140625 0.41302083281249996 0.29814814843750004 0.40416666718750005 0.259259259375 0.4 0.25555555625 0.39895833281250004 0.271296296875 0.3947916671875 0.275 0.375 0.334259259375 0.3682291671875 0.5629629625 0.3651041671875 0.578703703125 0.3671875 0.5824074078125 0.378125 0.5759259265625001
7 0.415625 0.3888888890625 0.4390625 0.39444444375 0.4421875 0.3916666671875 0.44322916718750005 0.38240740781250004 0.43958333281249995 0.3416666671875 0.43385416718750003 0.3351851859375 0.43072916718750004 0.3046296296875 0.43541666718750005 0.290740740625 0.43541666718750005 0.25648148125 0.43125 0.1916666671875 0.428125 0.1861111109375 0.4234375 0.1888888890625 0.4145833328125 0.246296296875 0.4135416671875 0.2916666671875 0.415625 0.3490740734375 0.41822916718750003 0.36759259218749996 0.415625 0.3888888890625
8 0.2744791671875 0.740740740625 0.28072916718749996 0.734259259375 0.2828125 0.725 0.2791666671875 0.7129629625 0.2625 0.702777778125 0.24635416718749997 0.70648148125 0.2359375 0.7203703703125 0.2364583328125 0.73055555625 0.2401041671875 0.7388888890625 0.2494791671875 0.7425925921875 0.2744791671875 0.740740740625
8 0.0760416671875 0.43518518593750005 0.0692708328125 0.427777778125 0.05625 0.4268518515625 0.0484375 0.43055555625 0.0463541671875 0.4388888890625 0.050520832812500006 0.4453703703125 0.0713541671875 0.440740740625 0.0760416671875 0.43518518593750005
2 0.5526041671875 0.39351851875 0.5541666671875001 0.3759259265625 0.5526041671875 0.2638888890625 0.5494791671875 0.24351851875000002 0.47895833281250005 0.2508518515625 0.4770833328125 0.25555555625 0.4847916671875 0.25974351875 0.48645833281249995 0.4 0.540625 0.3981481484375 0.5526041671875 0.39351851875
5 0.5604166671875 0.43148148124999997 0.5567708328125 0.4175925921875 0.5375 0.41203703750000004 0.5286458328125 0.4138888890625 0.5260416671875 0.4175925921875 0.5255208328125 0.4268518515625 0.5255208328125 0.47407407343749997 0.5494791671875 0.47407407343749997 0.5614583328125 0.4703703703125 0.5604166671875 0.43148148124999997
8 0.5614583328125 0.40648148125 0.5604166671875 0.40092592656250003 0.553125 0.3953703703125 0.5364583328125 0.403703703125 0.5354166671875 0.40833333281249995 0.5385416671875001 0.4129629625 0.5578125 0.4129629625 0.5614583328125 0.40648148125
7 0.47083333281249995 0.3953703703125 0.47447916718750005 0.427777778125 0.47083333281249995 0.4370370375 0.46302083281249995 0.440740740625 0.45885416718750005 0.42870370312499995 0.4557291671875 0.4546296296875 0.4921875 0.4546296296875 0.49635416718750003 0.45185185156249996 0.49791666718750005 0.44629629687500005 0.4947916671875 0.4370370375 0.49010416718750005 0.4379629625 0.4869791671875 0.42314814843750004 0.4859375 0.3768518515625 0.48020833281249997 0.32592592656249997 0.4791666671875 0.2629629625 0.4739583328125 0.25555555625 0.4703125 0.234259259375 0.4671875 0.22777777812500002 0.465625 0.22870370312500002 0.4625 0.25740740781250004 0.4614583328125 0.3333333328125 0.46458333281249997 0.3481481484375 0.46770833281249996 0.3916666671875 0.47083333281249995 0.3953703703125