7 0.9900836625 0.62860625 0.9908793640625 0.61722719375 0.9798338484375 0.5068722875 0.9722722453125 0.4386882296875 0.9690022062500001 0.4317893265625 0.7845617890625001 0.4246093453125 0.7674248671874999 0.42436390625 0.76449235 0.42797041093750005 0.7609630562499999 0.4401112078125 0.762638703125 0.46214488593749997 0.7600466953125 0.483880140625 0.7621172031250001 0.4926009484375 0.760664396875 0.5287092375 0.7641363484375 0.5403867171875001 0.7624123296875001 0.56504134375 0.7665533453125 0.5824829578124999 0.764895634375 0.6061893296875 0.7669661421875 0.6149101359375 0.9017317640625 0.6271925421875 0.9839504046875 0.6319889375 0.9900836625 0.62860625
7 0.5466515078125 0.60712736875 0.5535141593749999 0.5933138796875 0.5888579078125 0.6015027046875 0.7523668734375 0.6243710625000001 0.7542294890625 0.6130666109375 0.7528853843750001 0.5862916593749999 0.7557486046874999 0.5760100687499999 0.75374739375 0.573964346875 0.755275478125 0.559777828125 0.7518065140625 0.5557236890625 0.751203759375 0.5490113 0.7535998312500001 0.53774415 0.7523973109375001 0.5319427125 0.755245584375 0.48354441406250004 0.7529761515625 0.47766837031250003 0.754775446875 0.474935515625 0.7532413859375 0.47387535156249994 0.7533017156249999 0.4576804140625 0.7550950328125 0.43970087500000005 0.7511589203125 0.434661178125 0.5701755125 0.40104197187499996 0.5615075875 0.40234163437500003 0.5541957234375 0.4609096140625 0.5466515078125 0.60712736875
7 0.43061176874999996 0.3960471828125 0.385466871875 0.39003166875 0.3651955171875 0.3886141578125 0.36553004843750003 0.391496225 0.36153061875 0.3950281234375 0.3557438484375 0.43178624374999997 0.3502342703125 0.495244709375 0.3428501203125 0.5395142609375 0.34238895 0.5537753859375 0.338925965625 0.5649679296875 0.34113207968750003 0.57941556875 0.387078653125 0.5892987078124999 0.5108436015625 0.605576328125 0.5407171765625 0.607665290625 0.54364969375 0.6040587875 0.5461060953125 0.5765967 0.5450995109375001 0.5603271578125 0.5553169890625 0.4295426015625 0.554244096875 0.41422131249999994 0.5429088890625 0.415334459375 0.5404405296875 0.41230318125 0.51596783125 0.4096389921875 0.5034994015625001 0.41162578906249997 0.4974957703125 0.405488625 0.4842256609375 0.403607796875 0.4778934796875 0.40983524843749997 0.47095854218750005 0.409350309375 0.46508752812500004 0.4013166359375 0.4540175546875 0.398636765625 0.45181741875 0.399435809375 0.44968658125000005 0.40690993750000004 0.4470192984375 0.4067234234375 0.4456841609375 0.40281849531249997 0.4365490890625 0.4031326 0.43061176874999996 0.3960471828125
7 0.145872521875 0.3589842265625 0.1380062765625 0.36415151562500003 0.10612197812499999 0.5058085703125 0.10266198281250001 0.5246244531250001 0.10167333593750001 0.554094959375 0.103541928125 0.558037190625 0.11201092812499999 0.5595822921875 0.317063209375 0.5863085328125 0.3285704375 0.51374055 0.3325005703125 0.5035335625 0.33523416250000004 0.5027718234375 0.3325638890625 0.4949619671875 0.3330280484375 0.48832418437499997 0.34612967031249997 0.40062142500000003 0.34299225 0.39182601093749997 0.145872521875 0.3589842265625
7 0 0.5445377640625 0.0962061515625 0.5556184390625 0.10658613750000001 0.49917078593750003 0.135344971875 0.3792116828125 0.1364088953125 0.371662946875 0.13113765 0.36271832187499997 0.07465754687500001 0.35781595781250003 0.0575176328125 0.3499471765625 0.0483162515625 0.3512095375 0.0386447328125 0.3438629984375 0.014105725 0.3421470625 0.011173207812499999 0.3457535671875 0.009622568750000001 0.3449304671875 0 0.48253961562500003 0 0.5445377640625
7 0.711266246875 0.7291737703125001 0.650120640625 0.7296625109375 0.6449635296875 0.8417430937500001 0.6463076328125 0.86851804375 0.781205871875 0.8789039390625 0.776149040625 0.7365694921875 0.711266246875 0.7291737703125001
7 0.645922284375 0.7360391749999999 0.6434509375 0.7253845531249999 0.5170216953125 0.716543759375 0.5056680078125 0.840578625 0.506939825 0.8530551484375 0.5290134640625 0.8593631453125001 0.6371725609375 0.86883215 0.63897185625 0.8660992937499999 0.6455274234374999 0.7493520453125 0.645922284375 0.7360391749999999
7 0.3831240625 0.707180725 0.3807942984375 0.7174996203124999 0.37488985937499997 0.79427095625 0.3691693984375 0.8300808203125 0.3701729921875 0.8387270234375 0.3976475078125 0.8444597937499999 0.4850681 0.8515257281249999 0.4973376046875 0.852383696875 0.5014033421875 0.8479035421875001 0.50750371875 0.7606641 0.5116267984375 0.73236566875 0.511153671875 0.716133428125 0.48187986250000003 0.7131335125 0.4720094171875 0.7086317375 0.3831240625 0.707180725
7 0.251691796875 0.693225628125 0.24816250312500002 0.7053664265624999 0.227806359375 0.8278188859375 0.229008878125 0.8336203234375 0.3655074875 0.844118128125 0.368039165625 0.8385778109375 0.37648424999999996 0.7791361828125 0.38152668125 0.7146921578125001 0.3803904703125 0.707942465625 0.37432053125000003 0.70275355625 0.333777821875 0.699918534375 0.32344022968749997 0.6944312015625 0.3173732796875 0.696865634375 0.251691796875 0.693225628125
7 0.218270446875 0.8261991796875 0.243159478125 0.7002521234375 0.244223403125 0.6927033875 0.24088705625 0.6867527390625 0.1119231484375 0.6758289203125 0.08156992187499999 0.8109227984375 0.09410765 0.8156110875 0.218270446875 0.8261991796875
7 0.3852453859375 0.8454983359374999 0.3826533796875 0.8672335906249999 0.38405482343749997 0.8701902640625001 0.432599384375 0.87358483125 0.509148928125 0.8751261296875 0.5101435546875 0.8609023078125 0.5020724046875 0.8536676765625 0.3891122 0.843862946875 0.3852453859375 0.8454983359374999
3 0.1632730421875 0.8614219390625 0.16406874375 0.8500428796874999 0.166600421875 0.8445025640624999 0.1654642109375 0.837752871875 0.168261121875 0.8284195359375 0.1619259484375 0.8270236453124999 0.16113024843749998 0.838402703125 0.1559342765625 0.8513798453125 0.1553375 0.859914140625 0.15133806875 0.8634460390625 0.038245246875 0.85553781875 0.032449510937499995 0.8694259140625 0.0105466828125 0.9669950390625001 0.30654420781249997 0.9876932015625 0.3114079640625 0.9584936703125001 0.32091697343750003 0.89150330625 0.32151375 0.8829690140625001 0.319310625 0.876144715625 0.235024465625 0.8702508531250001 0.21501834375 0.8650403234375 0.18601275625 0.8658707296875001 0.17974688125 0.8711499265624999 0.17534362187500002 0.8651246703125001 0.1632730421875 0.8614219390625
5 0.38724877812499997 0.1728970015625 0.53948585625 0.1883069125 0.543732584375 0.135241946875 0.542394459375 0.12371367656250001 0.42603159843749994 0.1089065515625 0.38322244375 0.10781882812500002 0.38437659062499996 0.1603085671875 0.38724877812499997 0.1728970015625
5 0.14750686562499998 0.10562936249999999 0.145240421875 0.10737666093750001 0.1486490546875 0.1276257375 0.15552665000000002 0.1519289546875 0.1627328 0.16386755625 0.2003429921875 0.17030908281249998 0.3156992703125 0.16884666406249998 0.31789641562500004 0.16042427812499999 0.3155546953125 0.14024980781250002 0.3084721953125 0.10354467187500001 0.305069540625 0.09854227812500001 0.14710303593750002 0.0960722078125 0.1485707890625 0.0980806265625 0.14750686562499998 0.10562936249999999
8 0.6621129531250001 0.7038201328125 0.6643764078125 0.69444949375 0.6627730484375001 0.6867142421875 0.6525047546875 0.6879019984375 0.6514438203124999 0.703074075 0.6621129531250001 0.7038201328125
8 0.5252798125 0.6904402609375 0.53641310625 0.6845485375 0.53747703125 0.6769998 0.5354065234375 0.6682789921875 0.5273383640625 0.668667703125 0.5223413171875 0.678800084375 0.5219434656249999 0.6844896125 0.5252798125 0.6904402609375
8 0.38796457812499996 0.637958125 0.3862345796875 0.6473660671875 0.3883713953125 0.6551386203125 0.3935070375 0.6583564140625 0.40270841874999996 0.6570940546874999 0.4038386515625 0.6485970640625001 0.39916716874999997 0.6387414875 0.396165353125 0.6356729046875 0.38796457812499996 0.637958125
8 0.277816228125 0.656936765625 0.2767523046875 0.6644855015625 0.2794888859375 0.671347103125 0.2904925515625 0.674975228125 0.296625809375 0.6715925421875 0.297023659375 0.6659030125000001 0.2891514375 0.6558236171875 0.2802152890625 0.6532929578125 0.277816228125 0.656936765625
8 0.145175465625 0.6219335484374999 0.1435117765625 0.6303932359375 0.14484691249999998 0.6342981640625001 0.150449703125 0.6385015140625 0.1591839359375 0.6362535968749999 0.1604467859375 0.6258600984375 0.15724305624999999 0.6180129390625 0.149907278125 0.6155941890625 0.145175465625 0.6219335484374999
8 0.7883503375 0.3934288453125 0.785022959375 0.4103482203125 0.7899596765625 0.41641077812500005 0.80189465 0.41438667812499996 0.8120243484375 0.3998487515625 0.8127537421875 0.3894179484375 0.81028239375 0.378763328125 0.80074648125 0.3771436203125 0.7883503375 0.3934288453125
8 0.5721587859375 0.3573476453125 0.5688314078125 0.3742670203125 0.57217074375 0.3878410109375 0.5767066203125 0.39196975625 0.5897085046874999 0.3900202625 0.59203826875 0.37970136718749997 0.5861612765624999 0.35642101249999997 0.576224525 0.3528674921875 0.5721587859375 0.3573476453125
8 0.457315040625 0.305483978125 0.4500545390625 0.324986996875 0.44986159218750005 0.34307844374999996 0.4554643828125 0.3472817953125 0.46906603437500005 0.3444213484375 0.470862340625 0.3340651515625 0.469786459375 0.311120521875 0.4643825953125 0.30407240625 0.457315040625 0.305483978125
8 0.17152083906249999 0.29883978125 0.1717920515625 0.3102934453125 0.1793327328125 0.3251141140625 0.19220499062500002 0.3326844703125 0.204206271875 0.32971211562499997 0.2040013671875 0.3173101984375 0.18745524375 0.2932837828125 0.17805194687499998 0.289767565625 0.17152083906249999 0.29883978125
1 1 0.033742456250000004 0.878115515625 0.025219464062500002 0.8822971515625 0.038852353125 0.8988402890625 0.05525542812499999 0.9195817796875 0.0652818375 0.9627947625 0.075926715625 0.9751305765625 0.075836428125 0.9873970906249999 0.0690710546875 0.9993953843750001 0.058475357812499996 1 0.0575230140625 1 0.033742456250000004
1 0.4257834015625 0 0.4275931078125 0.0099150234375 0.44507353125 0.0359125546875 0.45761424531249995 0.048224184375 0.48895856562500006 0.0599449078125 0.5108302890624999 0.061474328125 0.5371656046875 0.052834065625 0.5560295375 0.036048221875 0.5686879234375 0.0083466359375 0.56928619375 0.0036240140625 0.5174603828125 0 0.4257834015625 0
1 0.2405540390625 0 0.266160628125 0.01101415625 0.3073031046875 0.012938226562499999 0.32497049375 0.005597625 0.330935028125 0 0.2405540390625 0
1 0.0337424578125 0 0.03281011875 0.01333305625 0.05525527031250001 0.0219942875 0.1133357421875 0.0270085609375 0.1244690359375 0.0211168359375 0.133039278125 0 0.0337424578125 0
2 0.10951077812500001 0.135370728125 0.11524020625 0.1224308875 0.122630334375 0.09340801875 0.12395949218749999 0.0820662640625 0.1208190828125 0.065647509375 0.11000238437500001 0.028681253125 0.0635466265625 0.0235269671875 0.0327102359375 0.014761453124999999 0.0250049421875 0.1249522859375 0.10951077812500001 0.135370728125