7 1 0.4825396203125 0.9965581312499999 0.43331860468750005 0.9917936062500001 0.437235921875 0.98356963125 0.43221076406250003 0.9243539109375 0.44101839218750005 0.90858571875 0.4647067546875 0.9107277796875 0.4569076765625 0.9105728890625 0.4570980203125 0.9070183281249999 0.466309753125 0.90699629375 0.4664998359375 0.9081056140625 0.466422265625 0.909421375 0.46464832031250003 0.9085975515625 0.46638786562499995 0.9129854937499999 0.46608103125 0.914874415625 0.478082784375 0.936875328125 0.47747770312500004 0.9433349140624999 0.48729310000000003 0.9027727625 0.5451984515625 0.90224779375 0.5527021390625 0.9375661750000001 0.7350401609375 0.9420042531249999 0.7384633109375 1 0.6986250984375 1 0.4825396203125
7 0.8541499218749999 0.54337160625 0.84618038125 0.556996103125 0.8435013234375001 0.5637170484375 0.8438910249999999 0.5692900328125 0.8685473828125 0.5666325171875 0.8726140078125001 0.574748503125 0.8465486140625 0.62230641875 0.8504563578125 0.6481675890624999 0.8721491671875 0.7782561796875 0.9130929703125 0.7483253109375 0.92426116875 0.7354105140625 0.922962165625 0.7168339031250001 0.9086978265625 0.6254275 0.9010256562500001 0.538226990625 0.8541499218749999 0.54337160625
7 0.812667734375 0.61814199375 0.8026793718749999 0.6179070765625 0.7891595484375 0.6347198046875 0.7950968484375001 0.644571721875 0.799334709375 0.6601427125 0.7900581171875001 0.677592096875 0.8041115031249999 0.8110150062500001 0.8059381578125 0.8146207640625001 0.8147520500000001 0.8130710640625001 0.85967928125 0.78006153125 0.84815895 0.682863015625 0.8370825359375 0.6220349781250001 0.82389283125 0.6285575265625 0.812667734375 0.61814199375
7 0.457537646875 0.39563143749999996 0.4691363453125 0.45642295156249996 0.476751615625 0.52029313125 0.48418008593749995 0.5589753203125001 0.487560178125 0.599807346875 0.4932972609375 0.62180710625 0.4962361203125 0.618801484375 0.501066584375 0.6203304484375 0.5020488859375 0.611861409375 0.49807887656250005 0.57760424375 0.5004412328125001 0.5438376468749999 0.4983681953125 0.499180734375 0.49922864999999994 0.466452534375 0.4939027359375 0.390288425 0.48882857187499995 0.34024113906250003 0.47117877343750003 0.2229370453125 0.47294316406250003 0.21814680625 0.483194009375 0.2146298796875 0.4934475390625 0.2036457859375 0.4912743921875 0.165062796875 0.4942484109375 0.1550544234375 0.5002560265625 0.150900840625 0.49422102968750004 0.0495852625 0.48874106250000005 0.038767990625 0.43920988281250006 0.045965039062500004 0.4323343015625 0.0427123359375 0.422781871875 0.0041786687500000004 0.404387496875 0.005464928125 0.403751953125 0.009242859374999999 0.409026334375 0.0471423046875 0.40713204531249997 0.0500748828125 0.38780750468749997 0.0514261875 0.3846061625 0.058183653125 0.3956798921875 0.1264788546875 0.40219637812500003 0.1596245828125 0.42119348125 0.16109629375 0.42687098125 0.167232890625 0.457537646875 0.39563143749999996
7 0.090831965625 0.5930145078125 0.0904422640625 0.5874415234375 0.09390340781249999 0.58439938125 0.0949506609375 0.576859171875 0.0807244375 0.5610532640625 0.0696941875 0.5534242218750001 0.019032559375 0.556966828125 0.014656746875000001 0.5619396765625 0.0192247265625 0.5672204859375001 0.0162182328125 0.5767644453125 0.0036579359375 0.56977130625 0.019735265625 0.7996878374999999 0.0213605765625 0.80041421875 0.10014722031250001 0.8313064421874999 0.1051752171875 0.8281547328125001 0.1000709890625 0.680105453125 0.097797734375 0.64759638125 0.0921256015625 0.6265254515625001 0.0963065640625 0.6187661125 0.085406215625 0.6129947328124999 0.08168795625 0.6048543875 0.090831965625 0.5930145078125
7 0.1773798796875 0.6448315734375 0.1672643015625 0.6352718281249999 0.15884279375000002 0.6349273453125 0.1307043625 0.6378283484375 0.126785884375 0.6418358453125 0.128547590625 0.6445127703125 0.12625823281249998 0.6568066984375001 0.111636940625 0.650362140625 0.10700132656250001 0.651619665625 0.106083975 0.6610175375 0.11317159218749999 0.7398585718749999 0.1219532828125 0.8279148703124999 0.19467004062499998 0.8545646781249999 0.19852356875 0.84962835 0.1892276453125 0.7392070765625001 0.1760701421875 0.656123628125 0.1792714859375 0.6493661625 0.1773798796875 0.6448315734375
7 0.23141086875 0.71198965625 0.2322010046875 0.6932669578125 0.229069978125 0.6860189234375 0.1961660328125 0.688319790625 0.1870869734375 0.7010885015625 0.1957929796875 0.8180846328125 0.1991108046875 0.8505206609375 0.20087251093749997 0.8531975859375001 0.2338333546875 0.8742270484375 0.237424396875 0.873042565625 0.2378028203125 0.728343390625 0.233299790625 0.7239914109375001 0.23141086875 0.71198965625
7 0.5315244359375 0.7031375125 0.5389040578125 0.696087871875 0.5354590140625 0.65432701875 0.533045125 0.6498289515625 0.5268426578125001 0.6511960421875 0.5246209328125 0.656951634375 0.518548365625 0.6601763875 0.521146371875 0.6973296109375 0.5178639781250001 0.7479612437500001 0.5199450671875 0.77021665625 0.5174608593750001 0.77972409375 0.5213090203124999 0.7897221 0.5224131734374999 0.8055122203125 0.52071105 0.8186984562499999 0.5231845234375 0.8390596859375 0.5254035640625 0.8407712609375 0.5325883359375 0.830935128125 0.53664208125 0.8138509609375 0.53626848125 0.763474978125 0.5308695671875 0.7087835390625 0.5315244359375 0.7031375125
8 0.3940910234375 0.006184928125 0.33272255624999997 0.0104762296875 0.3293899703125 0.0191096171875 0.3282724 0.040655329687500005 0.3401470015625 0.060359168750000004 0.3520919171875 0.0660575046875 0.36514903906249996 0.06514446093750001 0.38369417499999997 0.05264719062499999 0.394667525 0.0369459015625 0.3970867828125 0.026509635937499998 0.3962424296875 0.0144348375 0.3940910234375 0.006184928125
8 0.3516920265625 0.2704940109375 0.33948194374999996 0.276014684375 0.338234471875 0.2957027359375 0.3414953984375 0.3048084328125 0.3516759265625 0.315297009375 0.3649928484375 0.31809928906249996 0.37779016875 0.3134709234375 0.38451760468749996 0.3046001453125 0.3809319296875 0.29085029375000004 0.376886234375 0.2855329625 0.3516920265625 0.2704940109375
8 0.4462400921875 0.5868293984374999 0.46027414999999994 0.5923816468750001 0.47281166875 0.5840379609374999 0.4749684421875 0.5773535359374999 0.4713800828125 0.5710708531249999 0.4478123140625 0.5717855000000001 0.44467592187499994 0.5794717953124999 0.4462400921875 0.5868293984374999
8 0.83356449375 0.6017467921875 0.8133902359375 0.60595763125 0.8114959468749999 0.6088902093749999 0.8126027828125 0.6172131640625 0.8176930484374999 0.6224574515625 0.821538525 0.639922625 0.8226507281250001 0.6333112453124999 0.8318596890625001 0.6224001953125 0.8406735812499999 0.6208504968749999 0.8380025734375 0.6051699421875 0.83356449375 0.6017467921875
8 0.8690390640625001 0.5311299875 0.8736070453125 0.536410796875 0.8835954078125001 0.536645715625 0.8987470343749999 0.520652253125 0.8914377296874999 0.513696390625 0.8736150953124999 0.5140092984375 0.8681947125 0.5190551906249999 0.8690390640625001 0.5311299875
8 0.8789243625 0.45483558124999995 0.8730466453125001 0.46084682499999996 0.8732388125 0.47110048281249994 0.8816576359375 0.4789121328125 0.8932128531249999 0.47903748437499993 0.9061427562500001 0.46879961562499994 0.9116307734375001 0.45721538749999996 0.9075201281249999 0.450969225 0.903799184375 0.45029604687499997 0.8789243625 0.45483558124999995
5 0.9214586265625 0.177449825 0.90722971875 0.169111084375 0.9020068718750001 0.1694763015625 0.8982832421875001 0.1762702890625 0.8634903765624999 0.166569403125 0.8554585687499999 0.171797903125 0.817762275 0.2481703 0.7997286890625 0.290499715625 0.791296446875 0.3200238984375 0.8082044109375 0.32164169375 0.8302675921875 0.329432609375 0.8440445328124999 0.32380237031250003 0.909500290625 0.20908732031250002 0.918452134375 0.186993784375 0.921913278125 0.1839516390625 0.9214586265625 0.177449825
5 0.7403240281250001 0.4617273421875 0.7406487796875 0.4663714953125 0.7713959515625 0.47075505 0.7791003234375 0.4683495640625 0.8178465546875 0.37696979062499997 0.818046771875 0.36482195 0.7743723796875 0.3632090984375 0.750650559375 0.4292705828125 0.7403240281250001 0.4617273421875
5 0.1921079703125 0.1724486515625 0.20867776562499998 0.20675812656249998 0.24425540156249997 0.2126706484375 0.252482059375 0.21022863906249997 0.2468748765625 0.190086540625 0.1894122640625 0.04383176875 0.1823004953125 0.0321952328125 0.1800191890625 0.0220876609375 0.17890966875 0.0212318734375 0.12081552343749999 0.025294212500000003 0.12106326875 0.0346106125 0.1311085296875 0.05817585937500001 0.171427528125 0.1318930140625 0.179913984375 0.1331663265625 0.180560803125 0.1499218 0.185453534375 0.15984676250000002 0.18839239218749998 0.1568411390625 0.1939399921875 0.161120075 0.1912609328125 0.1678410203125 0.1921079703125 0.1724486515625
5 0.2300699765625 0.26499806875 0.22869797187500002 0.267894125 0.2306518453125 0.2808247109375 0.2515920875 0.3250956703125 0.26189714999999997 0.352376240625 0.2851213828125 0.3992876046875 0.3308172796875 0.4072927046875 0.2849018359375 0.28356478749999997 0.275833509375 0.2664648328125 0.2300699765625 0.26499806875
5 0.31918637968749997 0.43610718750000005 0.317616840625 0.44368392031250004 0.32420364375 0.46282414374999997 0.3399886703125 0.5009219859375 0.3431819625 0.5165660187500001 0.3487945125 0.5217737859375 0.37725769374999996 0.5235169359375 0.3747815375 0.510622871875 0.3428190984375 0.436321371875 0.31918637968749997 0.43610718750000005
1 0.6758195640625 0 0.6743416671875 0.04352360625 0.6812102828125 0.1867826484375 0.6851802921875 0.2210398140625 0.6950333875 0.23435140312499997 0.7067834546875 0.2372632484375 0.7215480640624999 0.2082296359375 0.728681303125 0.160128840625 0.73547905625 0.1372525609375 0.7375112968749999 0.11377614375 0.7372729640625 0.050323490625 0.74001965625 0.037064210937499995 0.739463309375 0 0.6758195640625 0
1 0.791217246875 0 0.79127925625 0.004545246875000001 0.7969460203125001 0.040550509375 0.7903458015625 0.058746115625 0.7826387453125 0.0686187703125 0.770363709375 0.0732106140625 0.7635793750000001 0.05875106249999999 0.7586324265625 0.018028604687499998 0.7547788984375 0.0229649296875 0.7580913578125 0.070335290625 0.75371554375 0.0753081390625 0.74875518125 0.0719215109375 0.7398087046875 0.07908071562499999 0.715030359375 0.23661189999999999 0.686202253125 0.23265230781250001 0.675686834375 0.11529921406250002 0.6747775328125 0.10229558750000001 0.664718853125 0.1160661703125 0.65877886875 0.1136814171875 0.65778583125 0.1520191234375 0.65959906875 0.1929607125 0.6573016609375 0.227656140625 0.6607143421874999 0.298976359375 0.6568636578125 0.3564921515625 0.659967846875 0.43841185156250007 0.6632937234375 0.44844637968749995 0.667926653125 0.45465602031249996 0.6715826468749999 0.45440036875 0.6796171375 0.4417047015625 0.6815275265625 0.3939691234375 0.6838791515625 0.39007119375 0.684471753125 0.37602916875000003 0.68299936875 0.294928734375 0.6847718078125 0.2677369953125 0.6937832328125 0.261506621875 0.7516919 0.25652388125000003 0.7877322390625 0.246536715625 0.8313846187499999 0.1277460734375 0.8273469734375001 0.1000272421875 0.8235610796874999 0.098425234375 0.8185384484375 0.086642609375 0.808685353125 0.0733310203125 0.8026884703125001 0.0476159359375 0.80203896875 0.03832763125 0.8055001125000001 0.035285487500000004 0.80909920625 0.011699504687499999 0.80937573125 0 0.791217246875 0
1 0 0.3065237265625 0.007433315625000001 0.3160344890625 0.02022526875 0.32634045624999997 0.0319753359375 0.3292523015625 0.0439878875 0.3284123015625 0.054893603125 0.31924934843749997 0.07318430625 0.2881024234375 0.08167881406250001 0.2669742375 0.08567029375 0.2414940734375 0.09033274218750001 0.165564884375 0.0908061796875 0.11979653125 0.08350224218749999 0.0979063359375 0.0828581078125 0.0736836984375 0.0861270828125 0.060387896875 0.0926596703125 0.048730626562500004 0.1117163578125 0.06606549843750001 0.11374054687499999 0.06499058125 0.0954137328125 0.027070478125000002 0 0.0337424578125 0 0.3065237265625
1 0.17992312500000002 0.4710464765625 0.1912861765625 0.46091817031250004 0.19899591562500002 0.44357835156250003 0.20801807499999997 0.4074793109375 0.2076417921875 0.3645704953125 0.2110487203125 0.33073085468749996 0.20851029687499997 0.30944079687500003 0.2051844203125 0.29940626875 0.20466750312499998 0.28450845625 0.20702449375 0.26567619374999996 0.2128372609375 0.25873611875 0.21239334375 0.2223656390625 0.20769277968750002 0.222694334375 0.20494608906249998 0.23595361406249998 0.1962647796875 0.23189380937499998 0.1624080515625 0.1605248875 0.15881700781250002 0.1617093703125 0.136234225 0.146487809375 0.143879015625 0.128219159375 0.139771053125 0.1145058296875 0.135135440625 0.11576335625 0.12690341562500002 0.133139696875 0.1217997328125 0.16523124218750002 0.1120824515625 0.3189838046875 0.111552115625 0.34142182499999996 0.11415548906249999 0.363640715625 0.1202769046875 0.40614779375000004 0.13533943125 0.45642999843750004 0.1455822265625 0.4753145703125 0.1567423765625 0.48480127343749996 0.16999434687499998 0.48667472187499994 0.1805726265625 0.4803347828125 0.17992312500000002 0.4710464765625
1 0.2779800921875 0.4697899 0.2730927296875 0.444930603125 0.273817915625 0.425279075 0.277214109375 0.42130809999999996 0.28654491718749997 0.4346562125 0.2992096546875 0.4356373515625 0.30052207656249996 0.41687813125 0.30078724375 0.40565912187500003 0.298373353125 0.40116105468749996 0.29040918125 0.39985122031250003 0.28642575312499996 0.40292988437500005 0.2759827390625 0.396193153125 0.26880601875 0.383627784375 0.2677641328125 0.3762336625 0.25621428281249997 0.3611739765625 0.2495625296875 0.341104921875 0.2453842515625 0.3413970953125 0.24061337031250002 0.3557312921875 0.23753119374999998 0.39421508437499997 0.23465728593750002 0.39814953750000004 0.2270205484375 0.3940166890625 0.22571617812500003 0.390374409375 0.21365746093750002 0.3380154140625 0.2103911671875 0.34384405 0.21117056875 0.3549900171875 0.22166511562500002 0.3999914109375 0.226752696875 0.412702865625 0.2324844109375 0.449636959375 0.23214624375 0.4823286390625 0.23011937031250002 0.490870721875 0.23194065937500002 0.5094108109375 0.2311451546875 0.5430678421875 0.23394069687500002 0.5755403921875 0.2385033078125 0.5957555343750001 0.24437565781249998 0.6046786234375 0.25338440156250003 0.605915415625 0.2637055640625 0.5883929875 0.270960653125 0.5645513531249999 0.276069703125 0.5175254765624999 0.2779800921875 0.4697899
1 0.3476662078125 0.5731881640625 0.3959112640625 0.5726146578125 0.3945446265625 0.56057638125 0.38071615468750003 0.5279419578125 0.36250381875 0.52268188125 0.34337413125 0.5268196781250001 0.336392259375 0.5170408015625 0.331691696875 0.517369496875 0.3284903546875 0.5241269625 0.32724288281249997 0.5438150140625 0.3224097359375 0.549753215625 0.318366725 0.536968715625 0.3186318921875 0.52574970625 0.3168701875 0.5230727796875 0.31425607968749997 0.5307225546875001 0.315032796875 0.5493356875 0.311498653125 0.5738505015625 0.3136339578125 0.626903409375 0.3125163875 0.6484491218749999 0.3170682671875 0.6985329296875 0.3185025375 0.7040328703125 0.32215853125 0.7037772171875 0.324250353125 0.696163965625 0.33012807187500004 0.6901527203125 0.328709740625 0.5798031499999999 0.3336321515625 0.5676359140625 0.3476662078125 0.5731881640625
1 0.22146841718750002 0.5878192828125 0.23042845625 0.655909475 0.2545504203125 0.6766301718750001 0.27064794999999997 0.6426404812500001 0.272384265625 0.5583911984375 0.2633551890625 0.586384603125 0.250396409375 0.605216184375 0.23421115937499998 0.5899159484375 0.22819105 0.5158332671875 0.22146841718750002 0.5878192828125
1 0.2749948875 0.45261831875 0.280628503125 0.4731384515625 0.27497061875 0.5243244796875 0.274431746875 0.5371038734375 0.2765380109375 0.52272148125 0.33879638125 0.5123925015624999 0.30570624375 0.44748304687499996 0.2749948875 0.45261831875
1 0.6722108578125 0.5249296546875 0.6739575015625 0.456662071875 0.6608518703125 0.44655064375000003 0.6533792171874999 0.351695596875 0.6437391453125 0.39396916875 0.659248109375 0.5557133484375 0.6722108578125 0.5249296546875
1 0.6884892140625001 0.2653573609375 0.68113978125 0.37641523593750004 0.684154378125 0.4195259796875 0.6829150125 0.37778449531249997 0.7522744421875001 0.3729344109375 0.7815588265625 0.2633304203125 0.6884892140625001 0.2653573609375
1 0.59112798125 0.6023039859375 0.5966535796875 0.63328824375 0.613058903125 0.61570905 0.6099686875 0.48745483749999996 0.6516478015625 0.4816608890625 0.6437021890625 0.3934406640625 0.589105596875 0.40525836406250004 0.57812195 0.45233568281250003 0.59112798125 0.6023039859375
1 0.6959534453125 0.432145203125 0.6844702390624999 0.4120341140625 0.6801718390625 0.45864395468749997 0.672958728125 0.47558036562500006 0.6714198390624999 0.5300519375 0.6716870921875 0.5294483343749999 0.6730627140625 0.47706742343749997 0.6968809203124999 0.46942644375000003 0.6959534453125 0.432145203125
1 0.6162854390625 0.6498418 0.6107110234375 0.5808499390625 0.6106680234375 0.58151786875 0.6087766390625 0.6145141671875 0.5960857109375 0.6431806296875 0.600607753125 0.6778266796875 0.6162854390625 0.6498418
1 0.6854854984375 0.49860620781250004 0.6762973171875 0.4872978078125 0.6710633765625 0.520528775 0.6655175437499999 0.549299496875 0.656329365625 0.537991096875 0.649664353125 0.47870359687499997 0.6117439203124999 0.488824096875 0.6130831718749999 0.5440028906250001 0.612057565625 0.559933815625 0.6141267312500001 0.5469176421874999 0.62185150625 0.5613160984375 0.6903793109375 0.54457326875 0.6854854984375 0.49860620781250004
7 0.49951364218750005 0.6251423046875 0.5152373078125 0.7179036562500001 0.5169584921875 0.6224290453125 0.51300431875 0.577890609375 0.5213649109375 0.56535508125 0.5217928234375 0.535447909375 0.52128519375 0.4921618625 0.5025889421875 0.48898811093749994 0.49951364218750005 0.6251423046875
7 0.502956215625 0.6383468062500001 0.48886205625 0.6169239609375 0.490529334375 0.6287582734375 0.5096032890625 0.7724332203125 0.5167141515625 0.7270146375000001 0.502956215625 0.6383468062500001
2 0.09520193437499999 0.2231886859375 0.0880968421875 0.229660971875 0.0767932375 0.2961804109375 0.048788621875 0.3280149984375 0.050521873437499996 0.421852659375 0.09504134374999999 0.3890163125 0.09520193437499999 0.2231886859375