7 0 0.5087275390625 0.013595823437499998 0.8980609609375 0.02021978125 0.9038722453125001 0.029371501562500003 0.9054549609375 0.0508115515625 0.9218269515624999 0.135075259375 0.9597838390625 0.15547961562499998 0.977143146875 0.16850506875 0.9823951875000001 0.1708086765625 0.9870704937499999 0.21235815625 0.99703335 0.2141973203125 0.988408778125 0.2173043984375 0.9854468265625 0.218247853125 0.9511724890625001 0.22992408437499998 0.871819315625 0.2537591984375 0.6503202328125 0.150476784375 0.5274240156250001 0.1589318421875 0.5090569140625 0.1952069765625 0.5058878578125 0.21157537343750002 0.49960936250000004 0.213580409375 0.495734746875 0.2116785390625 0.48724081406249997 0.19868990312499998 0.467720240625 0.152076053125 0.40466985 0.1417891171875 0.40122447812499995 0.07040359375000001 0.425593759375 0.06115235 0.421161071875 0.0511676265625 0.4110470984375 0 0.35149468906250003 0 0.5087275390625
7 0.3814583640625 1 0.38523428593750003 0.9063440546875 0.3892480015625 0.8833762984375 0.392436 0.8214402359375 0.337374378125 0.7463199 0.3368435875 0.731120040625 0.3389149734375 0.7291454046875 0.36550395625 0.7244122984375 0.3770624484375 0.71830176875 0.37345775468750003 0.7070138499999999 0.346345265625 0.66611005 0.28835739843749997 0.675744228125 0.2774365078125 0.669467546875 0.2679530421875 0.6583849203125001 0.2599365390625 0.6586648625 0.251710059375 0.698900428125 0.2500662984375 0.7284434703125 0.2469592203125 0.731405421875 0.245219578125 0.74287996875 0.2236692734375 1 0.3814583640625 1
7 0.47481160625 1 0.4774517921875 0.9269024921875 0.47281140468749994 0.9166018906250001 0.462926203125 0.909337890625 0.4542793859375 0.891568 0.43628180156249996 0.8665154453125 0.43568466250000004 0.849415603125 0.46026860625 0.8485571125 0.46334251093749995 0.8446451703125 0.46825193593750003 0.847327178125 0.46808606406250003 0.842577221875 0.45576455937500004 0.826837953125 0.45162543125 0.815568696875 0.416920421875 0.817731771875 0.39410564843749996 0.8232842296875 0.3938993171875 0.8480213296875 0.38894943125000003 0.8748263765625 0.385831425 0.9234438968750001 0.3836791203125 0.9843926421875 0.384224140625 1 0.47481160625 1
7 0.5087275296875 1 0.5388270921875 0.9989489 0.5387275703125 0.9960989265625001 0.509477346875 0.9552697765625 0.511751421875 0.94377656875 0.534131284375 0.941092746875 0.5355023640625001 0.93438681875 0.5230813359375001 0.915797575 0.4782552640625 0.9192652359375 0.4868689078125 0.9360851374999999 0.4828183734375 0.9733214234374999 0.48375001093750003 1 0.5087275296875 1
7 0.5334200499999999 0.9820170234375001 0.5330514890625 0.9867856421875001 0.5398296109375 0.9970115921874999 0.5399931296875 0.99890818125 0.5822231 0.997433478125 0.58251795 0.9936185828124999 0.5740038296875001 0.97964865625 0.5334200499999999 0.9820170234375001
7 0.0620400125 1 0.066365546875 0.9688412828124999 0.07094322812500001 0.962023378125 0.06677092500000001 0.9498041328125 0.05695207343749999 0.9444401156250001 0.052411209375000004 0.9369894859375 0.0334406390625 0.93004275625 0.034144587500000004 0.9195555265625 0.0240235234375 0.9208601109375 0.0172454 0.9106341609375 0.014073925000000001 0.9117520109375 0.0171556125 1 0.0620400125 1
7 0.152404528125 1 0.1192376546875 0.9812621937499999 0.0994967859375 0.982902709375 0.0746510890625 0.960942746875 0.0668999796875 0.9688226203125 0.0636199859375 1 0.152404528125 1
8 0.3417635515625 0.5502297765625 0.3065941015625 0.539092975 0.2980763375 0.540341571875 0.2919617046875 0.5491154468749999 0.2936277109375 0.5661779640625 0.3075193421875 0.580911253125 0.32712387187499997 0.590689296875 0.342522921875 0.5872981 0.35020768125 0.5775182437499999 0.3510443265625 0.5708309796875 0.34730693437500004 0.555743096875 0.3417635515625 0.5502297765625
8 0.36075675937499996 0.7416987703125 0.35237169375 0.7467473328125 0.35039983124999996 0.751571940625 0.3511996609375 0.7591532078125 0.36345481562500004 0.77299249375 0.374342534375 0.778319184375 0.38606689843750003 0.7769586109375 0.393718484375 0.7662287640625001 0.391683915625 0.7539348671874999 0.388912225 0.7511782078125 0.36075675937499996 0.7416987703125
8 0.4603313125 0.8656756171875 0.45909293125 0.8761815093750001 0.46139653750000004 0.8808568156250001 0.476758771875 0.8917341515625001 0.487915528125 0.8894422499999999 0.49195877499999996 0.882643009375 0.4888885140625 0.8713364265625 0.4714880703125 0.8633837156249999 0.4603313125 0.8656756171875
8 0.48046298906249996 0.90587204375 0.4882436296875 0.9141606859375001 0.499433559375 0.9128187750000001 0.5025074640625 0.9089068328125001 0.501106853125 0.8994442453125 0.4922241703125 0.8902429390625001 0.48110058906250003 0.89348483125 0.48046298906249996 0.90587204375
5 0.3907283640625 0.42011467031249994 0.393695459375 0.4437898015625 0.3987375828125 0.45027177500000004 0.40732169531249995 0.4509231609375 0.41059100312499996 0.46792968906250004 0.42231536875 0.46656911562500003 0.473760975 0.43814040312499997 0.4332395125 0.3197105734375 0.3722878046875 0.1525343984375 0.3082148375 0.1871109671875 0.2994612109375 0.1969281484375 0.29304800625 0.197152103125 0.29408005625 0.21138330781249998 0.32789703124999997 0.2910501234375 0.3387811078125 0.3115953375 0.36171400625 0.3707169375 0.37370012343750003 0.3921748171875 0.3796747734375 0.41003802343749995 0.3847832453125 0.4184199796875 0.3907283640625 0.42011467031249994
5 0.5430831781250001 0.6611421109375 0.524525271875 0.60472118125 0.484365084375 0.5119597796875001 0.4757477984375 0.5103584031249999 0.47501067656249996 0.5198956406249999 0.464252921875 0.529782809375 0.4443784453125 0.531427990625 0.44514509999999996 0.5380592671875 0.439598075 0.5477644703125 0.44083281406249997 0.5524771 0.48009364843749996 0.6348072609375001 0.48673907187500004 0.6412332468749999 0.489473946875 0.6582584375 0.5019281484375 0.6777976734375 0.5110466953125 0.6784303953124999 0.5347976359375 0.6690406453125 0.5430831781250001 0.6611421109375
5 0.576911471875 0.8330700562500001 0.5762406984374999 0.8445072781249999 0.58472164375 0.8575272125 0.584953865625 0.8641771515625001 0.6098622687499999 0.9032556203125001 0.6152397781250001 0.904018984375 0.6331119515625 0.8948345265625001 0.6253976609375 0.8884458671875001 0.6130502671875 0.841319559375 0.607809096875 0.8291376390625 0.576911471875 0.8330700562500001
2 0.2464964734375 0.013303514062499999 0.24321988125 0.02673403125 0.23581912031250002 0.105937903125 0.2366189484375 0.1135191703125 0.34525259531249997 0.06787500937499999 0.35246927031249997 0.06001379999999999 0.352373390625 0.041945303125 0.339227734375 0.0053095187500000005 0.25939453437500004 0.00809735625 0.2464964734375 0.013303514062499999
1 0.4912724546875 0 0.4069278984375 0.0029453765625 0.4078622453125 0.0067173484374999995 0.411559178125 0.0512922875 0.4325829203125 0.13235700156250002 0.451081765625 0.1564409 0.4728240265625 0.166144290625 0.498443665625 0.164298484375 0.6241423703125 0.13232564687499998 0.6351664296874999 0.1262337796875 0.643252925 0.11263529531250001 0.6495407156249999 0.0781743296875 0.669613328125 0.0860337265625 0.6760746656250001 0.1638023703125 0.682510115625 0.21018397812499998 0.6925170859375 0.2669035125 0.697890953125 0.2828854 0.6981895234375 0.2914353203125 0.711303571875 0.3451929046875 0.7208533828125 0.3581755140625 0.7337461390625 0.3596275875 0.7371517875 0.365215559375 0.7367500515625001 0.3690341875 0.743229603125 0.37071021718749997 0.7500445421874999 0.366667634375 0.7533838421875 0.3703556234375 0.7520164046875 0.361843025 0.7556579171875 0.3588624125 0.7649423343749999 0.364245090625 0.767883540625 0.35653318437500003 0.7717682015625 0.31454693906250003 0.7704853265625 0.2318417109375 0.7532576515625 0.0602852078125 0.7425273796875 0 0.4912724546875 0
1 0.76670096875 0.5525113312500001 0.7705747015625 0.55618065625 0.778023596875 0.554969384375 0.7826971578124999 0.5662199796875 0.7818273375 0.5719572515625 0.789128965625 0.627820109375 0.7923650984374999 0.643876646875 0.79760626875 0.6560585671875 0.797738965625 0.6598585328125 0.794130628125 0.6637891375 0.810786665625 0.7117161328125 0.8129207578125 0.72686000625 0.8174947953125 0.735260625 0.8212985375 0.752248490625 0.8433357265625 0.7857203265625 0.8519198390625 0.7863717125 0.8555281765625 0.7824411078125 0.857938590625 0.7595293390625 0.8522475500000001 0.673173446875 0.8407736203124999 0.6050913421875 0.819554475 0.5031081578125 0.8012360734374999 0.422900121875 0.7941262078125 0.4031742578125 0.8054007015625 0.3276397140625 0.8050689578125001 0.3181398015625 0.7981544953124999 0.31933240937499996 0.78993894375 0.313912403125 0.7921134953125 0.2995692203125 0.7908455812499999 0.2939065984375 0.7845319015625 0.29698052656249996 0.7728888453125 0.377283690625 0.76647564375 0.37750764531250003 0.7612971796875 0.3824442296875 0.7563877546875 0.379762221875 0.7549835 0.3855181578125 0.7518100734375001 0.386580125 0.7365141875 0.377602771875 0.68717678125 0.38978831875000003 0.684102878125 0.3937002609375 0.6829344875000001 0.3908876140625 0.6563786796875 0.39657071093749996 0.6534411171875 0.3890640953125 0.6521473140625 0.352014434375 0.649077053125 0.3407078546875 0.6756328593750001 0.33502475625 0.6849872687499999 0.3270888953125 0.6387237671875 0.3353625 0.63004013125 0.331861140625 0.6263690875 0.3186732390625 0.6159822390625 0.17446119375 0.6136786328125 0.1697858875 0.6089019062500001 0.17090384375 0.623118384375 0.36349079375 0.6316915671875 0.40979774999999996 0.618094865625 0.4188329046875 0.61000836875 0.43243138906249995 0.6043913515625 0.455455134375 0.6050180234375 0.4887234921875 0.6200303 0.5661935312499999 0.6263071625000001 0.5773881359375 0.635657928125 0.5846707984374999 0.6635479984375 0.5865503046875 0.7002580453125 0.5805126125 0.7511987515625 0.5682710765625 0.76670096875 0.5525113312500001
1 0.76080073125 0.7819444640625 0.6765592703125 0.7905931390625 0.666272334375 0.7871477671875 0.6637660375000001 0.7919910375 0.6614883203125 0.8187027703125 0.662450378125 0.8462525171875 0.6637514671875 0.85286513125 0.6688267640625 0.8602970953125 0.6855600796875 0.8644685031250001 0.74327890625 0.8624529171875001 0.7644240296875 0.8550564656249999 0.7674279421875 0.8644630640625 0.7654192625 0.8835562046875 0.76715161875 0.9025187046875001 0.7848551703125 0.9903574109375001 0.81482864375 0.9893107140625 0.8122321578125 0.95230654375 0.79541025 0.8996295921874999 0.7892401953125 0.8608479140625 0.7849683703125 0.84577869375 0.7801252937500001 0.84499666875 0.7749468296875001 0.8499332531249999 0.7705718375 0.8472325812499999 0.767099840625 0.839744628125 0.7677742578125 0.813088884375 0.76080073125 0.7819444640625
1 0.7791005296875 0.800328415625 0.7848024984374999 0.8410287375 0.7923472734375 0.8578859640625 0.793209809375 0.8825857375 0.79804924375 0.8985862859375 0.799748425 0.9165987953125001 0.806294325 0.92017480625 0.8072600265625001 0.9325060296875 0.8127334171875 0.9513378906250001 0.821081665625 0.9605578593749999 0.829031821875 0.9583779343750001 0.824837271875 0.8995531265625001 0.8169348624999999 0.8418089500000001 0.788008709375 0.703000059375 0.779796803125 0.68236153125 0.7749537265625001 0.6815795062500001 0.7682051359375001 0.6875220703125 0.6889062734375 0.6998027453125 0.666961321875 0.6996179296875 0.655439646875 0.691459928125 0.6509283140625 0.7001778140625 0.64935454375 0.7164023171875 0.6518535546875001 0.74199609375 0.6589266031250001 0.7759904890625 0.67007971875 0.7889171109374999 0.6861790734375 0.7902572078125 0.7574282578125 0.777306484375 0.7660455453125 0.7789078609375 0.7732585765625 0.786265175 0.7791005296875 0.800328415625
1 0.770077475 0.6798474890625 0.7770251125 0.679604871875 0.7827084765625 0.658481109375 0.7875515531249999 0.659263134375 0.796132021875 0.6751330453125 0.7954907796875 0.7027387796875 0.79288131875 0.7199506015625 0.7974221828125 0.727401228125 0.8026560671875 0.770020196875 0.8072964546874999 0.780320796875 0.824947725 0.8567475312499999 0.8329937609375 0.8726361046875001 0.839572834375 0.8771621062499999 0.84638413125 0.888338046875 0.8548687203125 0.8861394593749999 0.857375015625 0.8812961890625 0.8591478312499999 0.870771634375 0.8527528421874999 0.7949029703125 0.8503497125000001 0.7873776921875 0.8455398093750001 0.7875456578125 0.8410984687499999 0.782945003125 0.8391965984375 0.7744510703125 0.8304797890625 0.7699997203125 0.8213980609375 0.7550984640625 0.803175540625 0.692958925 0.79897370625 0.6645711624999999 0.791462103125 0.6486639281250001 0.7847835046875 0.6412879515625 0.784057309375 0.6051696203125 0.7809207 0.59196305625 0.7791919875 0.5577820328125 0.7711754843749999 0.558061975 0.76670096875 0.5525113312500001 0.76476228125 0.5582859296875 0.7533364859375 0.5681964265625 0.742246078125 0.5723883109375 0.6966165328125 0.5834932265624999 0.6475813390625 0.589010171875 0.6438698359374999 0.6053093265625 0.6457312468749999 0.643290315625 0.648764690625 0.6688654265625 0.653604125 0.684865978125 0.6581781624999999 0.6932665953125 0.669600315625 0.6985746234375 0.6963219953124999 0.6976414828124999 0.7676043531250001 0.68564075 0.770077475 0.6798474890625
2 0.511127225 0.481539584375 0.5119897609375 0.5062393562499999 0.5244403203125 0.5409971140625001 0.534189178125 0.559679671875 0.5338647203125 0.5197427125 0.52825863125 0.4971108875 0.52071385625 0.4802536609375 0.5136998703125 0.4785962953125 0.511127225 0.481539584375
1 0.1871634265625 1 0.14856515312500002 0.9783357562500001 0.1443560328125 0.980385040625 0.144687778125 0.9898849546875 0.14759216718749998 0.9964415796875 0.15410586875 1 0.1871634265625 1