7 0.51953720625 0.17864462187500002 0.5297635671875 0.2276389265625 0.5362796984375 0.242371853125 0.6020704640625001 0.2373087890625 0.6060018671875 0.239256240625 0.6111994593750001 0.2653640859375 0.6095452390625 0.2886007859375 0.6139831171875 0.3002123953125 0.60878945625 0.31071365625 0.589751475 0.31278813906249997 0.5941330796875001 0.323325953125 0.5969690796875 0.322638953125 0.60486001875 0.32707075625000004 0.59674594375 0.33664832499999997 0.6025304953124999 0.3374219140625 0.6060699359374999 0.350157353125 0.568078390625 0.3559170109375 0.5632485515625001 0.3550933875 0.5616486390625 0.36109933125000004 0.5685305578125 0.382811925 0.582236153125 0.4068587671875 0.59105366875 0.410703640625 0.6112714640625 0.412874303125 0.94994518125 0.4268891265625 0.9594641718749999 0.4258518859375 0.965753234375 0.4179850796875 0.991194253125 0.318883375 0.97550890625 0.019589118750000002 0.9456891531249999 0.0168725375 0.9007613781250001 0.018150359375 0.6793524343749999 0.0313690265625 0.5263732921875001 0.035079343750000005 0.49778818593749996 0.037654171874999996 0.4895896984375 0.045621046875 0.489338425 0.059093521875 0.5061411234375 0.16050365312499998 0.5095961515625 0.1716284 0.51953720625 0.17864462187500002
7 0.58984965 0.4425307015625 0.5974068734375 0.4771288375 0.6065620390625 0.48741648125000003 0.6199561546875 0.4872528984375 0.6231298062499999 0.49300866875000005 0.6295314203125 0.48728945156250003 0.6467162484375 0.4863888328125 0.6567698531249999 0.4955526453125 0.6613484203125 0.50984874375 0.6657339546875 0.5569956640625 0.6629823671875 0.5592933578125 0.6689357453125 0.56328833125 0.669254628125 0.5693729921874999 0.6618889328125 0.57496345625 0.6388914156250001 0.5745535875 0.6291473234375 0.5712956484375 0.622548746875 0.57325658125 0.634147953125 0.5936452109375 0.7035625750000001 0.602928278125 0.9178985359375 0.6191523906249999 0.918374909375 0.6099750953124999 0.923934359375 0.6064535046875 0.9621634171875 0.45908950156249995 0.9663159875 0.42872303125 0.5902959203125 0.41451195781249994 0.5875724703125 0.41734654843749996 0.58984965 0.4425307015625
7 0.7372026218750001 0.60547225625 0.716900415625 0.6016909 0.6601784375 0.5971263609374999 0.655236046875 0.594155146875 0.6418700687500001 0.594855628125 0.6403264328125 0.6019353656249999 0.6452145125000001 0.6221373375 0.653133590625 0.6271060375 0.6524602546875 0.6325250484375 0.6587231453125 0.6424258968750001 0.6613621828125 0.6379806125 0.6746437484375 0.6356694390625 0.692025540625 0.638527103125 0.69817588125 0.6462803609375001 0.701771596875 0.6600895953125 0.6975326484375 0.670540821875 0.7053110375 0.672825034375 0.708653515625 0.681802190625 0.7135959062499999 0.6847734046875 0.746421928125 0.6900519046875 0.7524878562499999 0.69619446875 0.7639725453125 0.6961309531250001 0.7746432125 0.6988019624999999 0.7793323625 0.696941096875 0.7948047296875 0.69989883125 0.8226320875 0.7011323218750001 0.8963419328125 0.7010379578125 0.9056639609375001 0.696242434375 0.9196973765625 0.6352092828125 0.9206782609375 0.6173915953125 0.9140796859375 0.6193525281250001 0.8497200046875 0.6151882640624999 0.7832820734375 0.6079026843750001 0.7372026218750001 0.60547225625
7 0.7476861546875 0.6959077437500001 0.7427156265625 0.69239963125 0.7311746609374999 0.6913893515625 0.7097770546875 0.6849735421875 0.6964392125 0.6862109203125 0.6852921734375 0.69271720625 0.6859956140625 0.706139646875 0.705375178125 0.747117040625 0.7906279546875 0.766337509375 0.8270758656250001 0.7676575890625 0.8297711781249999 0.7642861 0.8354994546875 0.7639858937499999 0.8540329234374999 0.7705518078125 0.8551283234374999 0.7731862625 0.8578799125 0.77088856875 0.8673989015625001 0.7698513265625 0.877030440625 0.7709616765625 0.8800634046875 0.7740329578125 0.8914355453124999 0.771821853125 0.9030007171875001 0.736759925 0.9065643640625 0.71342315625 0.9044016984375001 0.708691146875 0.88603705625 0.7053466187499999 0.8544471234375 0.7053870609375 0.7908733296875 0.697951378125 0.7476861546875 0.6959077437500001
7 0.7458670390625 0.7525321640625 0.7123114046875 0.751598878125 0.7066675421874999 0.753509778125 0.70436615625 0.7643978328125 0.7098712984375 0.7781069984375 0.717032625 0.7868840171875 0.73160655625 0.7909655796874999 0.734106871875 0.8021403609375 0.8167749203125 0.8085753562500001 0.8800954750000001 0.8111789609375 0.8857393390625001 0.8092680624999999 0.892896734375 0.7814359750000001 0.8912667203125 0.7686004671875 0.88556658125 0.769437571875 0.8834883296875 0.7663162531250001 0.8006514546875 0.7566598734375 0.777682075 0.756786903125 0.7458670390625 0.7525321640625
2 0.22680163593749997 0.42010257968750003 0.22281395937499998 0.41708133125 0.19905869062499998 0.42047978124999996 0.1903818640625 0.41931939687500003 0.165533159375 0.438387946875 0.163344325 0.45142359218749994 0.167613378125 0.45981381718750003 0.18159838281250001 0.47092508125 0.19097668437499998 0.46720335312500005 0.193446896875 0.459536684375 0.1999610609375 0.45596505781249996 0.20664405000000002 0.45561481718749997 0.2214391484375 0.42738245468749997 0.23180030000000001 0.4241475875 0.23351276250000003 0.4202892359375 0.22680163593749997 0.42010257968750003
2 0 0.487476840625 0.00056875 0.48741128125 0.009245578124999999 0.488571665625 0.008515965625 0.49291688125000005 0.12617073437499998 0.491057834375 0.1300739984375 0.4924683890625 0.1433555640625 0.49015721562500003 0.15868724218750002 0.490430459375 0.1662968078125 0.48949328750000004 0.1619996171875 0.480566165625 0.1486879484375 0.46403588906250004 0.1366405046875 0.45336145156249996 0.127822990625 0.44951658125 0.1418341671875 0.4428601921875 0.17810931875 0.40434978125 0.185662609375 0.4023388109375 0.1976518109375 0.3936349015625 0.20989425156250002 0.38976306875 0.20955659999999998 0.38332029843750004 0.22629122656249998 0.3738293171875 0.217865671875 0.359196459375 0.1512791875 0.2760081796875 0.1463649359375 0.2735738640625 0.118565715625 0.27287727031250003 0 0.2731753375 0 0.487476840625
2 0.1265927984375 0.49911129687500005 0.1238412109375 0.501408990625 0.050983359375 0.59082849375 0.058172825 0.600142409375 0.070865465625 0.6048609390624999 0.0765656046875 0.604023834375 0.07735149218750001 0.6007524156249999 0.10217402499999999 0.5994515218750001 0.11590579062499999 0.6057307078124999 0.1407845984375 0.605503609375 0.14673797500000002 0.6094985859375 0.16383839218750001 0.6069872734375 0.181640284375 0.5995938484375001 0.199667275 0.5964956046875 0.20444083906250002 0.5962454328125 0.21230364218750003 0.6001403390625 0.21410051718749998 0.5978926796875 0.333270784375 0.588416996875 0.3491913875 0.5816605406249999 0.34037190625 0.559511115625 0.3323121390625 0.5518579265625 0.2949356875 0.5328202265625 0.187021078125 0.5013281078125 0.139958778125 0.49841081562499995 0.1265927984375 0.49911129687500005
2 0.27963018125 0.5147793265625 0.302320153125 0.5275878734375 0.3678897484375 0.5548387328125 0.3736180265625 0.5545385265625 0.367242584375 0.5424900874999999 0.33365488125 0.5044107999999999 0.2607590609375 0.5017706421875 0.24169294375 0.503308228125 0.2408226421875 0.5049689546875 0.25253243593749997 0.5092006203125 0.27963018125 0.5147793265625
2 0.2274422890625 0.6332644078125 0.23814109375 0.6364723125 0.25049608437500004 0.6347480703125 0.28031727968750003 0.637492184375 0.308060225 0.6371149828125 0.320694625 0.622455165625 0.32313669843750004 0.614251596875 0.30940493281250003 0.6079724093750001 0.2807072734375 0.6083996468749999 0.25695200625000003 0.6117980953125 0.226149925 0.62687166875 0.2274422890625 0.6332644078125
2 0.4188690765625 0.6872984484375 0.3955901828125 0.68151960625 0.374417675 0.6793989765624999 0.3297130359375 0.666667425 0.3148014546875 0.656143090625 0.3033992109375 0.6395127453125 0.250524221875 0.6352849671875 0.23816923124999997 0.637009209375 0.21233964374999997 0.673895446875 0.199255040625 0.6799649062500001 0.19995848125 0.6933873453125 0.2170045890625 0.7081067921875001 0.2307363546875 0.7143859781249999 0.24890403437500003 0.7139722234375 0.262635803125 0.7202514109375 0.2780237578125 0.72159845 0.2961351625 0.7201109 0.3016383375 0.7155155125 0.3123934171875 0.7197972125 0.318738753125 0.7130042015625 0.32348418125 0.7122171328125 0.356535303125 0.7217908140625 0.3608887703125 0.7317917296875 0.3826502 0.72688265625 0.426820225 0.729413153125 0.4245731484375 0.7230704515624999 0.42976680937499995 0.712569190625 0.4210618453125 0.710871909375 0.42350391875 0.7026683421875 0.4301024953125 0.700707409375 0.43080396875 0.695825296875 0.4188690765625 0.6872984484375
2 0.3495087640625 0.660784625 0.3661328078125 0.66745060625 0.40954508437500003 0.673789421875 0.430044253125 0.6813290609375 0.47806126562499995 0.6841963171875001 0.47865019062499997 0.677166615625 0.45716620468749997 0.650835559375 0.45025811562499995 0.64689061875 0.3531849625 0.6395954453125 0.3437503859375 0.6422433796875 0.3385848609375 0.6532815390625 0.3495087640625 0.660784625
2 0.3021749171875 0.7440211203125 0.30046245625 0.7478794718749999 0.305995734375 0.7621255359375 0.327982265625 0.7615116421875 0.4119426796875 0.774339375 0.4673441546875 0.7719742796875 0.48910558593750003 0.7670652062500001 0.4873348828125 0.7515452093749999 0.43743461562499997 0.731010365625 0.3442365890625 0.7245888515625001 0.3341005375 0.732118896875 0.320734559375 0.7328193781250001 0.3021749171875 0.7440211203125
2 0.52381093125 0.7534021859375 0.5362221953125 0.7527517390625 0.5328515796875 0.7432376859375001 0.5180806875 0.7353978390625 0.49766593124999997 0.7294688921875 0.47666225156250003 0.7305696484374999 0.48972068125 0.742267846875 0.5050804984374999 0.743077990625 0.52381093125 0.7534021859375
8 0.5134988015624999 0.4287657953125 0.5167850046875 0.4366691578125 0.530432359375 0.4413376515625 0.5428154875 0.4401503078125 0.557837653125 0.4345176796875 0.565951728125 0.42494010937500004 0.5680561515625 0.410293771875 0.559041671875 0.4026906171875 0.5295581281249999 0.406389271875 0.5167267640625 0.417290809375 0.5134988015624999 0.4287657953125
1 0.5131802875 0 0.5151660453125 0.0039027296875 0.5193807890625 0.0295237125 0.5339828578125 0.034142171875 0.74786665 0.02347136875 0.7544089515625 0.020436640625 0.7753109609375 0 0.5131802875 0
1 0.26174706875 0.027412929687499997 0.2705364484375 0.030720903124999997 0.4537568828125 0.019503609375 0.46319145937500006 0.016855676562499998 0.466335009375 0.0037699953124999998 0.47454805625 0.00064770625 0.2510189140625 0.012362373437500001 0.2506262015625 0.016151559375 0.26174706875 0.027412929687499997