4 0.4658278421875 0.46358534687499997 0.47003905 0.482692971875 0.48120474843750005 0.4916132421875 0.4985962640625 0.49363079218749994 0.5833250265625 0.485550190625 0.7340086968749999 0.47501336250000004 0.7890604328124999 0.4673911390625 0.894566840625 0.46863656875000004 0.8850246109375 0.44181751562500005 0.8636094062499999 0.4233739640625 0.8547261296875 0.41968356562500003 0.8423656093749999 0.42108684375000005 0.8304551328124999 0.4289260203125 0.8191983203125 0.432407909375 0.7895374000000001 0.41939148125000003 0.48454279843750003 0.4434135171875 0.46881754375 0.45151944843749997 0.4658278421875 0.46358534687499997
4 0.8362150390625 0.3331295828125 0.7987584453125 0.3319761734375 0.790378821875 0.3217831890625 0.7805043484375 0.3176231546875 0.5766388296875 0.335112503125 0.5330314234375 0.3419344609375 0.5257394015625 0.34729489375 0.523365865625 0.35446718125 0.5259697125 0.3779987828125 0.531488253125 0.388391834375 0.5414377328125 0.39362451875 0.6186119484375 0.3871500765625 0.6470727593750001 0.3830041140625 0.78143111875 0.3719920203125 0.7953239937500001 0.365092115625 0.8109956374999999 0.36992466875 0.8125868890625 0.3789755 0.8197664015624999 0.3720060921875 0.8232597531250001 0.35343760625 0.83047676875 0.347004525 0.8427997859374999 0.34506492031249997 0.8539440875000001 0.3399740578125 0.85334403125 0.3313928609375 0.8362150390625 0.3331295828125
1 0.2573969984375 0.6624802140625 0.270748715625 0.661546571875 0.2818930171875 0.6564557078125 0.30188309062499996 0.65451891875 0.3092126140625 0.649694809375 0.3096037578125 0.6415832499999999 0.30064018593749997 0.6093342609375 0.29038010000000003 0.544839096875 0.2849365671875 0.535518696875 0.2750620953125 0.5313586609375001 0.25568818437499996 0.5284018374999999 0.2505446796875 0.523372034375 0.187600865625 0.5277734953125 0.1743027609375 0.51576865625 0.1664481859375 0.5130842171875 0.1539751546875 0.512878521875 0.12052085312500001 0.51413998125 0.0894614875 0.5222402828125 0.060609534374999996 0.5344978046875 0.059152187499999995 0.5410670796875 0.07276643125 0.5438877109375 0.090864984375 0.62454211875 0.0856303625 0.6319144734375 0.044621515625000004 0.6347820921875 0.045762728125 0.6373970265625 0.0638829171875 0.6361299390624999 0.0937474609375 0.638353184375 0.0973586140625 0.6488796140625 0.09212399375 0.65625196875 0.10012858124999999 0.66108170625 0.1117604296875 0.6629630640624999 0.1384638640625 0.661095778125 0.15207810625 0.663916409375 0.1883559859375 0.661918559375 0.208608584375 0.66373604375 0.2573969984375 0.6624802140625
2 0.23097748281250002 0.68211290625 0.2187294734375 0.685125159375 0.21472717968750002 0.6827102890625001 0.2024791703125 0.6857225437500001 0.198514378125 0.6838439984375 0.16223649843750002 0.6858418484375 0.10722226875 0.694000396875 0.0847997578125 0.6885620171875 0.053327851562499994 0.690762746875 0.029319378125 0.7037594765625 0.0180250625 0.706705040625 0.015351496875 0.70958673125 0.017167771875 0.7218555125 0.0226113046875 0.7311759125 0.0342056484375 0.732520946875 0.0637701671875 0.73045359375 0.08361022500000001 0.72637150625 0.10477901249999999 0.7275859765625 0.2081691203125 0.7122720265625 0.21663985624999998 0.710062853125 0.2485190125 0.6862757562499999 0.2444792140625 0.6833245625 0.23097748281250002 0.68211290625
2 0.098815721875 0.7382429671875 0.11196381250000001 0.748102509375 0.1144712578125 0.7565503265625 0.1374724265625 0.7565587703125 0.19442626093749998 0.7213172296875 0.1886290890625 0.7206447125000001 0.10893132187500001 0.73214614375 0.10141427968750001 0.7342886281250001 0.098815721875 0.7382429671875
5 0.06602181093750001 0.1870373078125 0.0345124015625 0.1887017140625 0.034533796875 0.202712846875 0.086316721875 0.4087423140625 0.090506534375 0.41383880624999997 0.11530258125 0.412104896875 0.1304116734375 0.408892578125 0.1306903046875 0.39917204375000004 0.0842008984375 0.2003176796875 0.0785323453125 0.187779328125 0.06602181093750001 0.1870373078125
8 0.1010988609375 0.45567495156250004 0.101886434375 0.4669377734375 0.10611375 0.472570590625 0.139251915625 0.480493340625 0.1458152640625 0.4784175453125 0.147272609375 0.4718482703125 0.143061403125 0.45274064531249997 0.13788039375 0.4471745171875 0.11018576093750002 0.4485721671875 0.1010988609375 0.45567495156250004
7 0.262541459375 0.2837795046875 0.2320607515625 0.2864498703125 0.2188965515625 0.2900651359375 0.2210717546875 0.321171971875 0.2322802453125 0.3581145078125 0.2517291625 0.362143978125 0.285333478125 0.36302781875 0.2964241671875 0.37087543749999996 0.3018354859375 0.40714545625 0.305875284375 0.41009665 0.504897328125 0.3918680953125 0.4854166734375 0.22292298124999999 0.48021427031249997 0.20334572031249998 0.275507565625 0.22251073125 0.2718052984375 0.2243864609375 0.2803241171875 0.2776854953125 0.262541459375 0.2837795046875
7 0.326443059375 0.7864604374999999 0.33605500781250003 0.7868661984374999 0.523370196875 0.7656836359375 0.5794936640625 0.6911570109375 0.580109828125 0.6862633984375 0.5732839546874999 0.684584921875 0.4363270375 0.6995513546875001 0.4156457921875 0.70530910625 0.40194043749999997 0.7148906328125 0.394310884375 0.71542414375 0.39644329375 0.7185087140624999 0.393732225 0.72085408125 0.3650088921875 0.72124576875 0.3457849953125 0.7204342453125 0.3379304203125 0.7177498078125 0.3467172921875 0.706356425 0.345292159375 0.685976084375 0.333622809375 0.6835584015625 0.32651830625 0.6916004578125 0.330633109375 0.6956243015625 0.320442503125 0.7006484765625001 0.3127754453125 0.7006456609375 0.300286309375 0.7139147734375 0.30388135312500003 0.7379160109375 0.3147523125 0.7700316218750001 0.326443059375 0.7864604374999999
7 0.37976315625 1 0.43687300156250003 0.912936290625 0.4400127171875 0.9030156890625 0.4473047390625 0.89765525625 0.46282107968749997 0.87285656875 0.4650070984375 0.8630026562499999 0.4610048046875 0.8605877874999999 0.2874699796875 0.873261471875 0.23039834374999998 0.8794080984375 0.20504503437500002 0.9005830765624999 0.196220659375 0.9114401359375 0.211817296875 0.9152000375 0.21494090312499997 0.9187542437499999 0.2096312765625 0.9250539484375 0.20405912656249997 0.92759938125 0.189753715625 0.9285997125 0.1790755609375 0.9266516656249999 0.16679005 0.92912759375 0.1388703953125 0.9273072953125 0.13490560468749999 0.9254287515625 0.133067934375 0.8991488390625 0.1232631796875 0.8685755140625 0.1131636859375 0.8611975296875001 0.09438983125 0.8668219046875001 0.0387272234375 0.9068236781250001 0.031547712500000005 0.9137930859375001 0.030165371875000003 0.9214350109374999 0.028332990625 0.9226410375 0.0337424578125 1 0.37976315625 1
2 0 0.494550803125 0.05151205625000001 0.48662870937499997 0.0475044734375 0.4567279015625 0.0359584515625 0.41495844374999996 0 0.4182870109375 0 0.494550803125