1 1 0.44830246875 0.9774305562500001 0.43827160468750004 0.9160879625 0.4218107 0.902777778125 0.42283950625 0.8975694437499999 0.4300411515625 0.899884259375 0.450617284375 0.9050925921875 0.4660493828125 0.9178240734375 0.48456790156249996 0.9299768515625001 0.49176954687499996 0.9363425921875 0.50102880625 0.9548611109375 0.5061728390625 0.975115740625 0.49588477343750004 0.9820601859375 0.5051440328125001 1 0.511123971875 1 0.44830246875
1 1 0.5811546843750001 0.975983796875 0.5761316875 0.969328703125 0.5709876546875 0.9629629625 0.5740740734374999 0.9461805562500001 0.566872428125 0.938078703125 0.5740740734374999 0.93460648125 0.5833333328125 0.938078703125 0.6100823046875 0.962384259375 0.6676954734375 0.9901620375 0.7016460906249999 1 0.6997027890624999 1 0.5811546843750001
1 0.8553240734375 0.69032921875 0.8512731484374999 0.7150205765625001 0.8553240734375 0.7170781890625 0.8582175921875 0.7139917703124999 0.8611111109375 0.6965020578125001 0.8697916671874999 0.67283950625 0.8732638890625 0.67078189375 0.8802083328125001 0.6296296296875 0.8952546296874999 0.5761316875 0.8993055562500001 0.5442386828125 0.909722221875 0.546296296875 0.918402778125 0.5637860078125 0.931134259375 0.5730452671874999 0.943865740625 0.5246913578125 0.952546296875 0.5072016453125 0.95601851875 0.5051440328125001 0.95601851875 0.49897119375 0.95023148125 0.4979423875 0.9479166671874999 0.471193415625 0.956597221875 0.46502057656250007 0.9276620375 0.44032921875 0.9149305562500001 0.4485596703125 0.9149305562500001 0.45473251093749995 0.9085648140625 0.4660493828125 0.90335648125 0.4660493828125 0.8802083328125001 0.5936213984375 0.8553240734375 0.69032921875
1 1 0.450339228125 0.9791666671874999 0.44032921875 0.956597221875 0.4362139921875 0.9675925921875 0.471193415625 0.98148148125 0.47633744843750003 1 0.46835640312500004 1 0.450339228125
1 1 0.5265203484375001 0.9953703703125001 0.5246913578125 0.95023148125 0.526748971875 0.9490740734375 0.550411521875 0.9508101859375 0.5545267484374999 0.9635416671874999 0.5514403296875 0.9728009265625 0.566872428125 0.98148148125 0.5730452671874999 0.98726851875 0.5627572015625 0.9895833328125001 0.566872428125 0.9930555562500001 0.565843621875 0.9988425921875 0.5432098765625 1 0.5432098765625 1 0.5265203484375001
7 0 0 0 0.19587670468750001 0.077546296875 0.17695473281250002 0.0862268515625 0.2088477359375 0.0821759265625 0.2139917703125 0.0804398140625 0.2633744859375 0.0914351859375 0.2654320984375 0.1307870375 0.2448559671875 0.1394675921875 0.2335390953125 0.1417824078125 0.22325102812500003 0.1417824078125 0.1666666671875 0.1464120375 0.08333333281250001 0.149884259375 0.059670781250000006 0.151820690625 0 0 0
7 0.151780546875 0 0.141203703125 0.183127571875 0.141203703125 0.2273662546875 0.1481481484375 0.22942386875 0.2008101859375 0.21193415624999998 0.21064814843750002 0.20061728437499998 0.23611111093749998 0.1893004109375 0.2320601859375 0.1594650203125 0.250578703125 0.11728395 0.2667824078125 0.11419753125000001 0.281828703125 0.1409465015625 0.2870370375 0.146090534375 0.2916666671875 0.145061728125 0.2986111109375 0.1584362140625 0.3101851859375 0.1543209875 0.313078703125 0.136831275 0.3125 0.1008230453125 0.3165509265625 0.085390946875 0.31616041875 0 0.151780546875 0
7 0.314585328125 0 0.3142361109375 0.0720164609375 0.30902777812500004 0.10185185156250001 0.3101851859375 0.10596707812499999 0.3078703703125 0.1100823046875 0.30902777812500004 0.1152263375 0.3067129625 0.1193415640625 0.3107638890625 0.125514403125 0.313078703125 0.13888888906250002 0.32118055624999997 0.1409465015625 0.3391203703125 0.12345679062499999 0.34027777812500004 0.0925925921875 0.3449074078125 0.08230452656250001 0.3848379625 0.0699588484375 0.391203703125 0.061728395312499997 0.40199574531250004 0 0.314585328125 0
7 0.39813733125 0 0.39409722187499996 0.085390946875 0.39756944375000003 0.1028806578125 0.40914351875 0.104938271875 0.42592592656250006 0.0936213984375 0.42592592656250006 0.06687242812500001 0.42881944375 0.058641975 0.4386574078125 0.0524691359375 0.45717592656250006 0.049382715625000004 0.46013100937500007 0 0.39813733125 0
2 0 0.84950029375 0.0034722218749999997 0.8405349796875001 0.028935185937500003 0.7839506171874999 0.031828703125 0.769547325 0.037037037499999995 0.7644032921874999 0.043981481249999996 0.7479423875 0.0491898140625 0.7242798359375 0.0040509265624999995 0.769547325 0 0.7742989265625 0 0.84950029375
2 0.15972222187500001 0.8446502062500001 0.15972222187500001 0.858024690625 0.16898148125 0.8971193421875 0.1730324078125 0.9074074078125 0.18402777812499999 0.9218107 0.1956018515625 0.9279835390625 0.19965277812499999 0.9269547328125001 0.1950231484375 0.9228395062500001 0.1950231484375 0.9176954734375 0.20138888906250002 0.8302469140625 0.20023148124999998 0.7870370375 0.1927083328125 0.7818930046875 0.18576388906250002 0.7654320984375 0.1666666671875 0.7623456796875 0.15972222187500001 0.7757201640625 0.15625 0.8034979421875 0.15625 0.8281893 0.15972222187500001 0.8446502062500001
2 0.1620370375 0.9135802468750001 0.1608796296875 0.9043209875 0.1574074078125 0.9002057609375 0.14930555625 0.8456790125 0.14930555625 0.800411521875 0.15451388906250002 0.7572016453125 0.1521990734375 0.7530864203125 0.1307870375 0.7479423875 0.1273148140625 0.7572016453125 0.1296296296875 0.8446502062500001 0.13715277812499999 0.8775720171874999 0.1521990734375 0.9207818937500001 0.1620370375 0.9135802468750001
2 0.14106994687500002 1 0.10358796249999999 0.7952674890625 0.105902778125 0.7530864203125 0.10011574062499999 0.75 0.0821759265625 0.760288065625 0.0549768515625 0.7860082296875001 0.037615740625 0.8106995890625001 0.0295138890625 0.8323045265625 0.0208333328125 0.8415637859375 0.0023148140625 0.8775720171874999 0 0.8836970046875001 0 1 0.14106994687500002 1
2 0.1932870375 0.9619341562500001 0.1915509265625 0.9526748968750001 0.1828703703125 0.9341563781250001 0.1741898140625 0.9279835390625 0.171296296875 0.9300411515624999 0.17881944375 0.9567901234375 0.188078703125 0.9639917703125 0.19039351875 0.970164609375 0.1932870375 0.9619341562500001
2 0.306134259375 0.6347736625 0.2951388890625 0.613168725 0.2910879625 0.5936213984375 0.2858796296875 0.6111111109375 0.2795138890625 0.6502057609375 0.2644675921875 0.703703703125 0.24016203749999998 0.74897119375 0.22453703749999998 0.7654320984375 0.2228009265625 0.7818930046875 0.2702546296875 0.8106995890625001 0.313078703125 0.8292181062499999 0.3425925921875 0.7746913578125 0.34027777812500004 0.7427983546875 0.3478009265625 0.72942386875 0.3489583328125 0.702674896875 0.3304398140625 0.6893004109375 0.3263888890625 0.6656378593750001 0.3234953703125 0.6759259265625001 0.3009259265625 0.6676954734375 0.2980324078125 0.6512345671875 0.30381944375000003 0.6440329218749999 0.306134259375 0.6347736625
2 0.2355324078125 0.7170781890625 0.243634259375 0.71090535 0.25347222187499996 0.6944444437499999 0.265625 0.661522634375 0.29340277812500004 0.5226337453125 0.2951388890625 0.48868312812500003 0.2916666671875 0.48353909531249994 0.2835648140625 0.489711934375 0.2771990734375 0.48662551406250004 0.2696759265625 0.47633744843750003 0.237847221875 0.510288065625 0.230902778125 0.527777778125 0.22569444375 0.7150205765625001 0.2355324078125 0.7170781890625
2 0.32118055624999997 0.6265432093750001 0.3263888890625 0.6059670781250001 0.3269675921875 0.5709876546875 0.3223379625 0.565843621875 0.3206018515625 0.5164609046875 0.3171296296875 0.511316871875 0.303240740625 0.5349794234374999 0.2945601859375 0.5833333328125 0.297453703125 0.6028806578125 0.3067129625 0.6265432093750001 0.311921296875 0.6306584359375 0.32118055624999997 0.6265432093750001
2 0.337384259375 0.5534979421874999 0.3420138890625 0.597736625 0.3489583328125 0.6069958843750001 0.3512731484375 0.6203703703125 0.3570601859375 0.613168725 0.36284722187499996 0.511316871875 0.358796296875 0.5061728390625 0.3512731484375 0.5051440328125001 0.337384259375 0.508230453125 0.33506944375000003 0.5123456796875 0.337384259375 0.5370370375 0.34027777812500004 0.5442386828125 0.337384259375 0.5534979421874999
2 0.3640046296875 0.5226337453125 0.3582175921875 0.59670781875 0.358796296875 0.6152263375 0.37789351875 0.6265432093750001 0.3859953703125 0.6265432093750001 0.3923611109375 0.6203703703125 0.3946759265625 0.6244855968749999 0.4045138890625 0.6275720171875 0.40856481406249995 0.6193415640625 0.40682870312499997 0.6121399171874999 0.40046296249999996 0.608024690625 0.4010416671875 0.5956790125 0.40567129687500003 0.5843621406249999 0.40393518593750005 0.565843621875 0.40682870312499997 0.55761316875 0.40856481406249995 0.5329218109375 0.4079861109375 0.5226337453125 0.40277777812500004 0.5133744859375 0.41030092656250006 0.5072016453125 0.415509259375 0.489711934375 0.41782407343749994 0.48868312812500003 0.421875 0.4557613171875 0.42129629687500003 0.44032921875 0.4079861109375 0.3981481484375 0.399884259375 0.3981481484375 0.39351851875 0.40329218125 0.3848379625 0.42283950625 0.3668981484375 0.48251028749999997 0.359375 0.5 0.3640046296875 0.5226337453125