1 0.54959443125 0 0.5502494171875 0.0020124734375 0.552599625 0.027873065625 0.5645243515625 0.0434252765625 0.5730098796875 0.0640374125 0.575161503125 0.079309140625 0.584929334375 0.095012175 0.5965213296874999 0.09805713125 0.631975953125 0.093650128125 0.653955253125 0.0747632296875 0.6882801703125 0.023204790625 0.6968459484375 0.00621974375 0.6985543625 0 0.54959443125 0
1 0.5162429140625 0 0.505558278125 0.013812560937500001 0.46199421249999995 0.08047536250000001 0.3940177484375 0.1854729296875 0.382551996875 0.2074801953125 0.389556634375 0.222412565625 0.394125540625 0.26450408125 0.40004909531250005 0.287223140625 0.39816049531250003 0.2912107484375 0.40226779375 0.3034540625 0.4144608140625 0.322843059375 0.42719569375 0.3344830734375 0.45159491249999995 0.33470468593749997 0.468112265625 0.3229469296875 0.475664034375 0.3147077671875 0.47721726875000003 0.3059241765625 0.5036497765625 0.27323146875000004 0.522337203125 0.22276650937500003 0.532652165625 0.2152980109375 0.5712211640625 0.1701900015625 0.5856513296875 0.151830990625 0.5896323890625 0.1390220828125 0.5893693640625 0.1197627453125 0.58506348125 0.09693056718750001 0.558595525 0.03612876875 0.5545526640625 0.032555928125 0.5369345984375 0 0.5162429140625 0
1 0.32786426562500004 0.0840713234375 0.3226114453125 0.0709442265625 0.3189039515625 0.07216736562500001 0.31519382500000004 0.08110178125 0.32112265 0.0883982890625 0.328725678125 0.1273859765625 0.33343927500000003 0.14055078125 0.3372033 0.17113194062499998 0.341713040625 0.18913043125 0.340629321875 0.20462839531250002 0.3071816328125 0.253233834375 0.31221741718749996 0.3097509984375 0.2794430984375 0.36023712343750003 0.283145321875 0.37443653593750004 0.2813908671875 0.38034253906250004 0.2660190359375 0.39298407812499997 0.261098946875 0.3923642390625 0.261294896875 0.410664378125 0.2592695125 0.4204448703125 0.260195365625 0.47242999843750005 0.262744159375 0.5088794531249999 0.2683297109375 0.5345138078125 0.27681787343750003 0.5474146671875 0.290497053125 0.5570608765625 0.30235997812500004 0.556231340625 0.311124340625 0.54983515625 0.3226545328125 0.5364983640625 0.33816841875 0.5026413875 0.3477508421875 0.46919918125000004 0.3518042453125 0.44192691875 0.35564852187499996 0.43491089687500006 0.3649494734375 0.4361882828125 0.3758036578125 0.42868207968750005 0.4256989921875 0.3750709625 0.44282791406250005 0.34881214531250004 0.4416179546875 0.3392578890625 0.4272627671875 0.3354422703125 0.409205359375 0.3174272375 0.39977553125 0.29880890625 0.3975541984375 0.290289259375 0.3994428 0.28630165 0.3929800203125 0.263620296875 0.38947638281249997 0.26000975 0.3897473125 0.2561352578125 0.3753276890625 0.2436491671875 0.36259544374999997 0.22429787656250003 0.359969034375 0.21773432812500002 0.3601110875 0.19651889218750002 0.35479119375 0.1824326 0.347043475 0.172371621875 0.3421983671875 0.14957715 0.3370099859375 0.145120525 0.32786426562500004 0.0840713234375
1 0.172305703125 0.6646059234374999 0.1888204203125 0.66055944375 0.215051709375 0.624989146875 0.2231453375 0.609001003125 0.2220024515625 0.60040594375 0.2142494625 0.6057675171875 0.20872307812500002 0.6042261875 0.20218795312500001 0.5960081890625 0.2033387453125 0.581469421875 0.21096549531250003 0.5510556281250001 0.21878555781250003 0.54665325 0.2210792359375 0.5407095421875 0.23091941093749999 0.541949221875 0.23893805937499998 0.548135709375 0.254441403125 0.5451238375 0.265228515625 0.5366584375000001 0.2593983890625 0.437785815625 0.2539522546875 0.3986473015625 0.2323753953125 0.42328937812499995 0.17026859375 0.5114904296875 0.166021875 0.5127512750000001 0.1611044234375 0.5044201593750001 0.1625932203125 0.486966096875 0.15902777968749998 0.46697380156249996 0.159234271875 0.45442883749999996 0.15593185468749998 0.453695878125 0.158207084375 0.5017311015625 0.1423631015625 0.51536954375 0.13498883281250001 0.595887778125 0.137194353125 0.6506750796875 0.14352298593749999 0.671438040625 0.14999103593750002 0.678696840625 0.1592249140625 0.6790150328125 0.172305703125 0.6646059234374999
1 0.071065775 0.6736130828125 0.06712279843749999 0.77220521875 0.0719652703125 0.8027109671874999 0.07829917343750001 0.8080513765624999 0.08584830624999999 0.8075234890624999 0.10506705000000001 0.7801546484374999 0.115727921875 0.7466370296875 0.1280196421875 0.6744499125 0.1349651140625 0.6652892593749999 0.141097796875 0.6677520796875 0.1343799 0.6026775625 0.135200596875 0.5679202625 0.13358556093750001 0.5603221046875 0.1319678890625 0.5604352234375 0.129202059375 0.567375834375 0.1229325953125 0.5707058968750001 0.11949076249999999 0.583477096875 0.1113997671875 0.5917539671875 0.0934606921875 0.6219249828125 0.09318712968750001 0.6335107484375 0.08711888281249999 0.6397184015625 0.08159249843750001 0.6381770718750001 0.079363259375 0.6527912515625001 0.07518625 0.6473000171875001 0.07221920312499999 0.6513630390625 0.07457731875 0.6540898015625001 0.0745049734375 0.668553159375 0.071065775 0.6736130828125
1 0.20615056250000002 0.6371782125000001 0.216264303125 0.6268321265625 0.22388578125 0.6118408859375 0.2228126046875 0.5964937453125 0.216282753125 0.5728531968749999 0.207118584375 0.5657829265625 0.189708190625 0.6267613390625 0.1733841515625 0.6645305109375 0.1915836140625 0.6613301078125 0.202979659375 0.6460749234375001 0.20615056250000002 0.6371782125000001
1 0.6391393765625 0.6300339609375001 0.639147284375 0.6069001328125 0.6316889437500001 0.538985734375 0.627579009375 0.534453696875 0.6233322921875 0.5357145421875 0.59029495 0.56694133125 0.5929160890625 0.58892743125 0.61417985 0.691540259375 0.6224720625 0.6861409796875 0.6391393765625 0.6300339609375001
1 0.786585596875 0.51465989375 0.8014852765624999 0.50301525625 0.8052624796875 0.49504003750000003 0.8062764890624999 0.48629415312499996 0.7967177859375 0.45033487812499995 0.79308 0.4448059390625 0.7915346734375001 0.4304557015625 0.7840578859375 0.41652023125 0.778402625 0.3976379578125 0.7719990125 0.3990496296875 0.7486703359375 0.4218864296875 0.7502827359375 0.43719586406250005 0.7550660406249999 0.4436085875 0.7617971140625001 0.47012672499999997 0.7612552546875 0.47787570781250005 0.7675168125 0.4976794703125 0.7683887687500001 0.510149021875 0.77242899375 0.5214331390625 0.78091715625 0.5343339984375 0.7861752484375 0.5320385453124999 0.786585596875 0.51465989375
1 0.6884952203125 0.9716540109375 0.6917252921875 0.9868503234375 0.6953657125 0.9846679875 0.6992770609375001 0.9786111609375 0.694563465625 0.9654463578125 0.6884952203125 0.9716540109375
4 0.6856136937499999 0.9226972968749999 0.6814419578125 0.9017835125 0.67753324375 0.9001290624999999 0.669579034375 0.9026130484375001 0.6636449375 0.9107390921875 0.6765919296875 0.9888724390625001 0.6998416484375001 0.987246659375 0.691271590625 0.933868296875 0.6856136937499999 0.9226972968749999
4 0.7188134703125 0.9859200203125 0.7094684171875 0.93837916875 0.699765025 0.931346603125 0.6920120359374999 0.9367081781250001 0.7016291156250001 0.9871216671875 0.7188134703125 0.9859200203125
7 1 0.5247072796875 0.9690983609374999 0.5443083625 0.9642427093749999 0.55235899375 0.9979059828124999 0.66181585625 1 0.660927075 1 0.5247072796875
7 0.9245308265625001 0.5888719453125 0.919007078125 0.5796193390625 0.8749143281249999 0.6154747421875 0.8523313671875 0.625728875 0.82192570625 0.6480966625 0.8514119718750001 0.752062290625 0.9544221687500001 0.6908814734375001 0.9546260249999999 0.6860477875 0.9245308265625001 0.5888719453125
7 0.760373940625 0.6899923515624999 0.7549790671875 0.6980806890625 0.7288898328125 0.71243555 0.706843459375 0.7303632515625 0.7289200078125 0.8213526078125 0.731884421875 0.8250008624999999 0.8139964015625001 0.7749202578125 0.8139319640625 0.766249784375 0.8036972531250001 0.7361210984375 0.787340403125 0.6726844890625 0.7798583421874999 0.6741715734375 0.762125759375 0.691797625 0.760373940625 0.6899923515624999
7 0.693873096875 0.816092234375 0.675225203125 0.7508880578125 0.6111785390625 0.79584986875 0.6094911578125 0.8027150656250001 0.6273907000000001 0.8882131890625 0.642692821875 0.8823237265625 0.69918771875 0.8456010812500001 0.7000649453125 0.8426480796875 0.693873096875 0.816092234375
7 0.5617632625 0.825330253125 0.5482103234375 0.8407362656249999 0.5278513296875 0.8517987687499999 0.52191723125 0.8599248140625001 0.5385371046875 0.9426207578125 0.565299709375 0.930146584375 0.6000191625 0.9074771484375 0.6019077640625 0.9034895390625 0.5988815484375001 0.8834595359374999 0.5867017062500001 0.8255141625 0.5828627 0.8171076328125 0.5735591125 0.823541521875 0.5617632625 0.825330253125
7 0.4580114375 0.6899300953124999 0.4390715296875 0.6902906171875001 0.42720070000000004 0.71425398125 0.39106216250000003 0.7476253984375 0.41353324531249996 0.867503759375 0.4544550890625 0.8405450640625001 0.49167207343749997 0.807098234375 0.4868322375 0.768881209375 0.4829958671875 0.7527634062499999 0.47949223124999996 0.7491528578125 0.47532576562499995 0.712816521875 0.468865621875 0.6824238921875 0.4580114375 0.6899300953124999
7 0.3229896359375 0.9364878046875 0.32629205 0.9372207625 0.3882515296875 0.8856576984375 0.3893326125 0.8778710109375 0.3854318046875 0.8530827343749999 0.371977565625 0.77691263125 0.3680714875 0.76754690625 0.347846640625 0.7805278015625 0.34474281093750003 0.7903837078125 0.3060423 0.8258620499999999 0.3229896359375 0.9364878046875
7 0.5143970890625 0.7756286671875 0.5179678 0.780198409375 0.53832679375 0.7691359062500001 0.614917659375 0.70209141875 0.6141154125 0.6828697890625001 0.609943675 0.661956003125 0.604556709375 0.6469105125 0.5908315375 0.5746149015625 0.5857799390625 0.5643653921875 0.5758700546875 0.569877790625 0.5741156000000001 0.57578379375 0.5678461359375 0.5791138578125 0.5655524578125 0.5850575640625 0.5565198 0.5876169609375 0.548973303125 0.5804335734375 0.5373115984375 0.5841406984375 0.5369656890625001 0.6101898203125 0.5006930046875 0.6416428468750001 0.49239815625 0.654753403125 0.5002721140624999 0.6898666 0.5119745359375 0.7642314296875 0.5143970890625 0.7756286671875
7 0.746846171875 0.43454451250000004 0.7231150515625 0.4516261359375 0.6867055859375 0.48887204687499997 0.6356002937499999 0.5329289078125 0.632767390625 0.538910321875 0.655243746875 0.6433661296875 0.6606977875 0.659370815625 0.6635951265625 0.6620598734375001 0.7109232171875 0.6259782328125 0.73438340625 0.6127710984375 0.7824545765625001 0.5718180625 0.7805738812499999 0.5526718453125 0.7613196921875 0.48654617968749997 0.75196484375 0.4457532171875 0.746846171875 0.43454451250000004
7 0.8526339234375 0.5293190734375 0.901174609375 0.49508041406250003 0.996090953125 0.42663764843749996 0.985327075 0.27270700468750003 0.9679938218749999 0.2263030734375 0.9595674624999999 0.2297839609375 0.9188442046875 0.2673315203125 0.8669313937500001 0.3075893046875 0.8648389359375 0.3164106 0.8040249796875001 0.3688574484375 0.79674150625 0.3809333953125 0.8183511765624999 0.45749710156249995 0.8430620421875 0.5319161796875 0.8526339234375 0.5293190734375
7 0.4825396171875 0 0.3317393609375 0.01054498125 0.33516091718749996 0.033438996875 0.3673945625 0.1844429453125 0.37231464999999997 0.18506278437499998 0.48904439999999993 0 0.4825396171875 0
7 0.14163992187500002 0.2648096390625 0.1400866875 0.2735932296875 0.136580415625 0.2776939578125 0.1381954515625 0.285292115625 0.1348233265625 0.291311234375 0.13636601718750002 0.3133727484375 0.144701584375 0.3783341453125 0.149750546875 0.39629493125000004 0.1541129625 0.45093140781249996 0.1617883375 0.475455740625 0.16211579843749999 0.50338555 0.166359878125 0.5098359796875 0.1782925125 0.5022543640625 0.20809978281250002 0.45583126093750004 0.2290032703125 0.42930849843749996 0.2308274328125 0.4166504171875 0.24512081874999997 0.40408428750000003 0.25550812500000003 0.38215243593750003 0.27121795937500004 0.3665956015625 0.30925036875 0.3138140203125 0.3102643796875 0.3050681359375 0.305556053125 0.27648078125 0.3044855125 0.253422365625 0.28464083906250004 0.1401075546875 0.28377151875 0.119926728125 0.279057921875 0.106761925 0.27065001093749996 0.05626388125 0.264181959375 0.04900508125 0.25663019062500003 0.0572442421875 0.2461758109375 0.0782168984375 0.23606207031249998 0.0885629859375 0.23086578124999999 0.1072401875 0.21737728125000003 0.1313166703125 0.20584708906250002 0.1446534640625 0.20240525312500002 0.1574246640625 0.1981585375 0.1586855109375 0.1607245171875 0.2355224078125 0.14163992187500002 0.2648096390625
7 0.0252358359375 0.467654465625 0.01848895 0.4874039828125 0.0118814828125 0.49364934062500004 0.0123483609375 0.5080749906250001 0.001427103125 0.5146219984375 0.001083828125 0.5329598453125 0.0100230578125 0.6065540078125 0.018479593750000002 0.711990178125 0.029602071875000004 0.708320759375 0.031088231249999997 0.6985779734374999 0.0368184734375 0.695285615625 0.0400564515625 0.6873481031249999 0.052192940624999996 0.6749328 0.0733002859375 0.6435763515625 0.07626996875 0.631802053125 0.096095009375 0.605354703125 0.0966368703125 0.5976057203125 0.10068236562499999 0.5934672875 0.10728719843750001 0.5949332046875 0.11220992187500001 0.5878417703125 0.10965058593749999 0.5822374171875 0.117808653125 0.5749197453125 0.10357061406250001 0.42554908124999996 0.10067327343750002 0.42286002343750007 0.10034054218749999 0.410352765625 0.09447615468750001 0.41172673125000003 0.0914446671875 0.40711927968749995 0.08969811875 0.38989145468749997 0.0839060765625 0.3768020640625 0.081207321875 0.384701871875 0.0689393203125 0.38748750625 0.0686657546875 0.39907327187499997 0.06293024375 0.41778818125 0.05180249218750001 0.4368801515625 0.047083626562499994 0.43913789999999997 0.0436470625 0.43648654843749995 0.039668640625 0.441584178125 0.0252358359375 0.467654465625
5 0.284386640625 0.6866489421875 0.2568888625 0.6808606828125 0.2206806140625 0.72098418125 0.1984948234375 0.7524160421875 0.2239027796875 0.759314321875 0.237249228125 0.7564532749999999 0.2899774625 0.6968607437500001 0.289575021875 0.6911055671875 0.284386640625 0.6866489421875
5 0.38323300625 0.5814205140625 0.35695045937500003 0.5697639578125 0.3111676953125 0.6201958359375 0.2858136328125 0.6528131312500001 0.2906640125 0.6601850515625001 0.31654411875 0.6660864296875 0.3835657390625 0.5939277703125 0.385926490625 0.5889432578125 0.38323300625 0.5814205140625
5 0.5087131031250001 0.446376965625 0.47387268281250006 0.4285716296875 0.39585746093749996 0.5217406515625 0.38951828593750004 0.53182279375 0.390121946875 0.5404555609374999 0.3949723265625 0.5478274812499999 0.41377281562499996 0.56097111875 0.43062290000000003 0.56172061875 0.43871652812499995 0.5457324734375 0.461707203125 0.52581096875 0.471890653125 0.5087128015625 0.48368913906250005 0.49921279375000005 0.51706711875 0.457359434375 0.5160583796875 0.450682765625 0.5118787359375 0.45290280781250003 0.5087131031250001 0.446376965625
5 0.5232958671875 0.37595741718750003 0.5173617687500001 0.3840834609375 0.5176971359375 0.38887944218750004 0.5450528609374999 0.41588313593750004 0.5509843234375 0.4154683671875 0.580990178125 0.3796341296875 0.5935961828125 0.3739331984375 0.6089035765624999 0.3526211859375 0.6633165562500001 0.2938747328125 0.6656773078125 0.288890221875 0.664330565625 0.28512884843749997 0.6489048375 0.25825481250000004 0.6355636625 0.245693309375 0.5232958671875 0.37595741718750003
5 0.85268415 0 0.830833840625 0.0238392171875 0.8290793875 0.029745218750000003 0.8153252249999999 0.042273640625 0.81377199375 0.05105723125 0.8013001359375 0.05867655468750001 0.7975229328125 0.06665177343749999 0.7932762171875 0.06791261875 0.7070358546875 0.16744011718750001 0.6950335109375 0.18177381406249998 0.69341320625 0.18959820624999998 0.7198890671875 0.22726617968750001 0.7242028578124999 0.22696452968749997 0.76816409375 0.1814794578125 0.8009896734374999 0.17822018281250002 0.8144084656249999 0.1608957796875 0.8145452484375 0.155102896875 0.8204096375000001 0.15372893125 0.8256703640625 0.14372220156249998 0.8353763921875 0.1430434890625 0.8354461015625001 0.1362914109375 0.8397625281250001 0.128278484375 0.8509520796875 0.1255682625 0.8510217890625 0.11881618125 0.8568217406249999 0.1087717453125 0.86059630625 0.10850780156249999 0.868689934375 0.0925196578125 0.8794073375 0.0908063375 0.8844451843750001 0.0750318734375 0.8934995015625 0.07536262031249999 0.8969387 0.0703026953125 0.8968071875 0.06067302812499999 0.8916858796874999 0.05717560000000001 0.89061006875 0.0495397359375 0.8781487531250001 0.026313954687500002 0.8756591265625 0.013957521875 0.866977065625 0 0.85268415 0
8 0.014089903125 0.1455319078125 0.009301328125 0.1545417375 0.0119895390625 0.1774870328125 0.0187929578125 0.18954181406249998 0.026339454687500003 0.196725203125 0.0424464609375 0.2023460984375 0.0625989625 0.20382855625000001 0.0753391125 0.2000460203125 0.08046569218750001 0.188120896875 0.0797949578125 0.178528934375 0.0747433578125 0.16827942499999998 0.056415018750000004 0.154138884375 0.025818679687500002 0.1427839796875 0.014089903125 0.1455319078125
8 0.6018567703125 0.46106922812500006 0.5814333375 0.463461259375 0.5751612359375 0.47450259843750003 0.5804140578125 0.487629696875 0.5876922609374999 0.4909763 0.599286890625 0.4863099796875 0.609738634375 0.4730485984375 0.60933619375 0.467293421875 0.6018567703125 0.46106922812500006
8 0.8241473062500001 0.26142285 0.8219312437499999 0.2374806515625 0.8093949484375 0.23642950156250003 0.800088725 0.25057466562499997 0.7965771828125 0.2700979453125 0.7977871421875 0.2796522015625 0.8013578515625 0.2842219453125 0.81099680625 0.2825840375 0.8194928765625 0.2723510703125 0.8241473062500001 0.26142285
8 0.6891266890625001 0.70172165 0.6902025 0.7093575125 0.6937732109375 0.7139272562500001 0.7069184390625 0.7081886203125001 0.706448925 0.7014742484375 0.7023389890625 0.6969422109375001 0.6947227828125 0.6965109 0.6891266890625001 0.70172165
8 0.6062098265625 0.7402919 0.5965037984375 0.7409706125 0.592997525 0.745071340625 0.5940062640625 0.7517480078125 0.598183271875 0.7572392421874999 0.6051261078125 0.7557898640625 0.611666503125 0.7485853109375 0.6119374328125 0.74471081875 0.6062098265625 0.7402919
8 0.5056195484375 0.8205812281249999 0.51006485 0.829909246875 0.5165355359375 0.8294567718750001 0.5221316296875 0.8242460218750001 0.52402023125 0.8202584140625 0.52152796875 0.81561325625 0.5075081484374999 0.8165936171875 0.5056195484375 0.8205812281249999
8 0.464655803125 0.5757268765625 0.4537371796875 0.574562609375 0.44659048749999997 0.5808456718749999 0.449080115625 0.593202103125 0.45440264375000006 0.599577121875 0.4662655671875 0.5987475859375 0.4744236328125 0.5914299125 0.47442626875 0.5837186359375 0.464655803125 0.5757268765625
8 0.3592664046875 0.695871134375 0.3440339921875 0.6950085171875 0.33891004687500004 0.6992223625 0.341399675 0.7115787953125 0.347733578125 0.7169192046874999 0.35892313124999997 0.7142089796875 0.3644521515625 0.7080390359375001 0.365600309375 0.7012115421875 0.3592664046875 0.695871134375
8 0.266292334375 0.7765917703125 0.257664753125 0.7771950703125 0.25321418125 0.783289603125 0.2548962890625 0.79184695625 0.26069096875 0.797225071875 0.2724197453125 0.79447714375 0.27842091562500004 0.7873102953125 0.27626665625 0.7797498453125 0.266292334375 0.7765917703125
2 0.69976145625 0 0.6904370656250001 0.023053965625 0.670274021875 0.052416609375 0.663258840625 0.0683293421875 0.6808927234375 0.142279403125 0.7330146609375 0.08176538125 0.73564634375 0.0729063796875 0.73261485625 0.0682989296875 0.7155846343750001 0.0029816328125 0.7153761390625 0 0.69976145625 0
2 0.5921574625 0.24487302031249997 0.5924283921875 0.2409985296875 0.5835351531249999 0.23005376718749998 0.5714894578124999 0.1740267859375 0.5249662500000001 0.22161878124999998 0.5205827484375 0.2286725109375 0.5105281749999999 0.2631116203125 0.522638309375 0.327809075 0.5473834375 0.3019815671875 0.5921574625 0.24487302031249997
2 0.391647640625 0.4150436375 0.3976974359375 0.462814915625 0.40706809687499995 0.4573402234375 0.45298764374999995 0.40111546249999996 0.45426994687500005 0.39620636249999996 0.444040509375 0.35065512499999996 0.4373633296875 0.3636525625 0.391647640625 0.4150436375
2 0.38274649374999997 0.42723270312499995 0.386046275 0.43567693749999997 0.38663939531249997 0.47515480625000006 0.39203163281250003 0.4747777453125 0.3939202328125 0.47079013593749997 0.38948547499999997 0.4306170140625 0.3841629453125 0.4242419953125 0.38274649374999997 0.42723270312499995