7 0.6890625 0.3379629625 0.6984375 0.3453703703125 0.7015625 0.3518518515625 0.6947916671875001 0.3583333328125 0.6875 0.3601851859375 0.684375 0.3648148140625 0.6859375 0.3703703703125 0.7036458328124999 0.38703703749999996 0.7244791671875 0.38240740781250004 0.7322916671875 0.3759259265625 0.740625 0.3796296296875 0.7473958328125 0.372222221875 0.7505208328124999 0.3574074078125 0.7510416671875 0.3453703703125 0.7604166671875 0.29444444375 0.7651041671875001 0.24814814843750002 0.6921875 0.20277777812500003 0.6796875 0.1981481484375 0.6770833328125 0.20555555625 0.6708333328125 0.2740740734375 0.6677083328125 0.3129629625 0.66875 0.321296296875 0.6854166671875 0.33888888906250003 0.6890625 0.3379629625
7 0.86875 0.4879629625 0.8697916671874999 0.49351851875 0.8765625 0.5018518515625 0.9036458328125001 0.5259259265625 0.9026041671874999 0.5388888890625 0.8822916671875 0.5490740734374999 0.8822916671875 0.5527777781250001 0.8885416671874999 0.5601851859375 0.91875 0.5870370375 0.9541666671875 0.5722222218749999 0.9703125 0.584259259375 0.9765625 0.5851851859375 0.9786458328125001 0.5916666671875 0.9927083328125 0.6 0.9994791671875 0.6 0.9973958328125001 0.5796296296875 0.9994791671875 0.575 0.9994791671875 0.4046296296875 0.8885416671874999 0.33055555625 0.8760416671875 0.32777777812500003 0.8744791671875 0.3296296296875 0.8734375 0.352777778125 0.8640625 0.396296296875 0.8541666671874999 0.4620370375 0.8536458328125001 0.4703703703125 0.8567708328125001 0.4796296296875 0.8598958328125 0.478703703125 0.86875 0.4879629625
7 0.7541666671875 0.3879629625 0.7557291671875 0.3916666671875 0.7614583328125 0.39074074062499997 0.7630208328125 0.40092592656250003 0.7895833328124999 0.425 0.7854166671875 0.4388888890625 0.7739583328124999 0.44259259218749997 0.7703125 0.4453703703125 0.7703125 0.44907407343749994 0.7942708328125 0.471296296875 0.8229166671874999 0.46296296249999996 0.8395833328125001 0.45277777812500003 0.84375 0.45370370312499997 0.8458333328125001 0.4583333328125 0.853125 0.4509259265625 0.8572916671874999 0.4361111109375 0.8619791671874999 0.384259259375 0.8723958328125001 0.3379629625 0.8744791671875 0.32592592656249997 0.8734375 0.321296296875 0.8625 0.309259259375 0.7708333328125 0.2509259265625 0.7666666671875 0.2509259265625 0.7640625 0.25833333281250004 0.7578125 0.31944444375000003 0.7463541671875 0.384259259375 0.7473958328125 0.3879629625 0.7541666671875 0.3879629625
7 0.9994791671875 0.352777778125 0.940625 0.3203703703125 0.915625 0.3101851859375 0.9098958328125001 0.3120370375 0.9052083328125 0.3296296296875 0.9046875 0.33703703749999997 0.921875 0.3509259265625 0.9994791671875 0.40092592656250003 0.9994791671875 0.352777778125
7 0.41614583281249995 0.41203703750000004 0.41614583281249995 0.425 0.4135416671875 0.42870370312499995 0.4010416671875 0.43148148124999997 0.41302083281249996 0.4546296296875 0.4390625 0.45 0.44739583281249995 0.4620370375 0.44947916718750003 0.45277777812500003 0.44947916718750003 0.427777778125 0.4447916671875 0.30648148124999997 0.40260416718750003 0.25 0.3932291671875 0.2398148140625 0.3885416671875 0.2388888890625 0.3885416671875 0.2796296296875 0.39375 0.3740740734375 0.4057291671875 0.3990740734375 0.41614583281249995 0.41203703750000004
7 0.4614583328125 0.5296296296875 0.459375 0.5351851859375001 0.47239583281249997 0.56851851875 0.496875 0.5638888890625 0.503125 0.571296296875 0.5057291671875 0.58055555625 0.5104166671875 0.584259259375 0.5135416671875 0.5796296296875 0.5119791671875 0.5629629625 0.5171875 0.5370370375 0.5151041671875001 0.5009259265625 0.5166666671875 0.497222221875 0.5140625 0.46944444374999994 0.5145833328125 0.4074074078125 0.49895833281249996 0.3731481484375 0.4760416671875 0.334259259375 0.4671875 0.3203703703125 0.4546875 0.309259259375 0.45729166718750003 0.46296296249999996 0.48020833281249997 0.51944444375 0.47291666718750003 0.5259259265625 0.4614583328125 0.5296296296875
7 0.528125 0.675 0.5520833328125 0.7240740734375 0.5651041671875 0.7166666671875 0.5789932296875 0.7138888890625 0.590625 0.727777778125 0.6020833328124999 0.7509259265625 0.6067708328125 0.7509259265625 0.609375 0.7398148140624999 0.6119791671875 0.6925925921875 0.6140625 0.5990740734375 0.6208333328125 0.5675925921875 0.6203125 0.5453703703125 0.540625 0.41851851875 0.5255208328125 0.403703703125 0.5234375 0.41018518593750003 0.51875 0.5398148140625 0.5177083328125 0.58055555625 0.5541666671875001 0.659259259375 0.5302083328125 0.66944444375 0.528125 0.675
7 0.6421875 0.896296296875 0.6395833328125 0.902777778125 0.6734375 0.98148148125 0.6791666671875001 0.9851851859374999 0.7130208328125 0.9675925921875 0.7291666671875 0.9990740734375001 0.7614583328125 0.9990740734375001 0.7661458328124999 0.98148148125 0.7833333328125 0.8629629624999999 0.7890625 0.80648148125 0.7875 0.79351851875 0.7619791671875 0.747222221875 0.7520833328125 0.734259259375 0.7359375 0.6990740734374999 0.6536458328125 0.5648148140625 0.6369791671875 0.5648148140625 0.6317708328125 0.6324074078125 0.621875 0.7203703703125 0.6208333328125 0.7703703703125 0.6729166671875 0.88055555625 0.6671875 0.8861111109375001 0.6421875 0.896296296875
7 0.7947916671875 0.8129629625 0.7901041671875 0.8194444437499999 0.7682291671875 0.9648148140625 0.7651041671875001 0.9990740734375001 0.9182291671874999 0.9990740734375001 0.853125 0.8953703703125001 0.7947916671875 0.8129629625
7 0.0796875 0.915740740625 0.0703125 0.872222221875 0.056770832812500005 0.772222221875 0.0557291671875 0.7388888890625 0.053125 0.7333333328125 0.0484375 0.734259259375 0.0458333328125 0.74351851875 0.046875 0.76944444375 0.0432291671875 0.85648148125 0.0395833328125 0.8666666671875 0.0375 0.9990740734375001 0.078125 0.9990740734375001 0.0796875 0.9898148140625 0.0796875 0.915740740625
7 0.065625 0.8268518515625001 0.0760416671875 0.9055555562500001 0.0802083328125 0.921296296875 0.08854166718749999 0.921296296875 0.1203125 0.9 0.11875 0.85555555625 0.11510416718750001 0.8379629625 0.1130208328125 0.8370370375 0.1130208328125 0.8296296296874999 0.103125 0.8222222218749999 0.1057291671875 0.8101851859375 0.1041666671875 0.803703703125 0.0984375 0.8 0.08723958281250001 0.8018518515625 0.0822916671875 0.7925925921875 0.07864583281250001 0.7231481484375 0.08125 0.6953703703125 0.0703125 0.6555555562500001 0.0614583328125 0.5990740734375 0.051041667187499994 0.553703703125 0.0484375 0.5203703703125 0.0390625 0.521296296875 0.0489583328125 0.725 0.05625 0.7361111109375 0.0609375 0.8138888890624999 0.065625 0.8268518515625001
7 0.0484375 0.5166666671875 0.0536458328125 0.565740740625 0.065625 0.622222221875 0.071875 0.6703703703125 0.0760416671875 0.6870370375 0.0796875 0.6916666671875 0.11510416718750001 0.6777777781250001 0.11510416718750001 0.6490740734375 0.10729166718750001 0.6333333328124999 0.1057291671875 0.6231481484375 0.10625 0.6111111109375 0.1109375 0.60648148125 0.1041666671875 0.5990740734375 0.09427083281250001 0.597222221875 0.0921875 0.6 0.0848958328125 0.5935185187500001 0.08072916718749999 0.5361111109375 0.0817708328125 0.5203703703125 0.0796875 0.5166666671875 0.08072916718749999 0.509259259375 0.075 0.490740740625 0.07552083281250001 0.48148148125 0.07083333281250001 0.4675925921875 0.0703125 0.4574074078125 0.0625 0.42314814843750004 0.052604167187499995 0.3898148140625 0.0515625 0.396296296875 0.0515625 0.4601851859375 0.05 0.48518518593750004 0.0479166671875 0.4888888890625 0.0484375 0.5166666671875
7 0.07083333281250001 0.38703703749999996 0.08541666718749999 0.5129629625 0.08645833281250001 0.5416666671875 0.0890625 0.5509259265625001 0.0927083328125 0.5527777781250001 0.0973958328125 0.5379629625 0.11614583281249999 0.5324074078125001 0.1213541671875 0.527777778125 0.11927083281249999 0.5111111109375 0.1145833328125 0.50555555625 0.11041666718750001 0.48333333281249996 0.11510416718750001 0.475 0.11510416718750001 0.4675925921875 0.09427083281250001 0.4620370375 0.0848958328125 0.3796296296875 0.078125 0.3490740734375 0.060416667187499995 0.2916666671875 0.0557291671875 0.2870370375 0.05989583281250001 0.33055555625 0.06770833281250001 0.3583333328125 0.0666666671875 0.36851851875 0.07083333281250001 0.38703703749999996
8 0 0.7666666671875 0.0041666671875 0.76944444375 0.0135416671875 0.76851851875 0.0375 0.75555555625 0.0427083328125 0.7490740734375 0.0442708328125 0.740740740625 0.0369791671875 0.73055555625 0.0182291671875 0.73148148125 0.0067708328125 0.7388888890625 0 0.7453703703125 0 0.7666666671875
8 0.10364583281249999 0.5796296296875 0.1067708328125 0.5601851859375 0.09375 0.5583333328125 0.084375 0.5666666671875 0.0838541671875 0.5768518515625 0.08645833281250001 0.5879629625 0.0927083328125 0.590740740625 0.10364583281249999 0.5796296296875
8 0.4505208328125 0.46666666718750005 0.4390625 0.4509259265625 0.4296875 0.45555555625000005 0.4244791671875 0.46296296249999996 0.42552083281249997 0.47222222187499996 0.4302083328125 0.47592592656250005 0.44635416718750004 0.4731481484375 0.4505208328125 0.46666666718750005
8 0.5140625 0.6018518515625 0.5161458328124999 0.5953703703125 0.5145833328125 0.5888888890625 0.5057291671875 0.5833333328125 0.49583333281249997 0.5861111109375 0.490625 0.5944444437499999 0.49010416718750005 0.602777778125 0.49583333281249997 0.6129629624999999 0.5046875 0.6111111109375 0.5140625 0.6018518515625
8 0.5395833328124999 0.70555555625 0.5395833328124999 0.7009259265625001 0.534375 0.690740740625 0.5291666671875 0.6879629625 0.5177083328125 0.6870370375 0.5057291671875 0.6990740734374999 0.5057291671875 0.7138888890625 0.5135416671875 0.7212962968750001 0.5322916671875 0.715740740625 0.5395833328124999 0.70555555625
8 0.740625 0.40833333281249995 0.7395833328125 0.4018518515625 0.7322916671875 0.397222221875 0.7255208328125 0.3981481484375 0.7223958328125 0.40277777812500004 0.7223958328125 0.41203703750000004 0.7270833328124999 0.4166666671875 0.7375 0.4138888890625 0.740625 0.40833333281249995
8 0.834375 0.5009259265625 0.8296875 0.4916666671875 0.8182291671874999 0.4861111109375 0.8072916671874999 0.49259259218749996 0.8072916671874999 0.5018518515625 0.8104166671874999 0.50648148125 0.8291666671875 0.5074074078125 0.834375 0.5009259265625
8 0.940625 0.63148148125 0.9348958328125001 0.622222221875 0.9239583328125001 0.61851851875 0.915625 0.6259259265625 0.915625 0.64351851875 0.9239583328125001 0.65 0.934375 0.6453703703125 0.940625 0.63148148125
5 0.8651041671874999 0.6861111109375 0.8723958328125001 0.6777777781250001 0.8723958328125001 0.6740740734374999 0.8666666671875 0.665740740625 0.7833333328125 0.5833333328125 0.778125 0.58055555625 0.765625 0.5870370375 0.7567708328125 0.5953703703125 0.8421875 0.696296296875 0.8458333328125001 0.6972222218749999 0.8651041671874999 0.6861111109375
5 0.9994791671875 0.8027777781250001 0.9166666671874999 0.7138888890625 0.9078125 0.7166666671875 0.8854166671874999 0.7361111109375 0.884375 0.7398148140624999 0.8927083328125001 0.753703703125 0.9994791671875 0.8768518515625001 0.9994791671875 0.8027777781250001
5 0.43125 0.8990740734375 0.43541666718750005 0.897222221875 0.47083333281249995 0.86944444375 0.47083333281249995 0.859259259375 0.4671875 0.8444444437499999 0.41979166718750005 0.7194444437499999 0.4125 0.7175925921874999 0.3838541671875 0.7351851859375 0.3802083328125 0.7398148140624999 0.38333333281250004 0.75555555625 0.4291666671875 0.896296296875 0.43125 0.8990740734375
5 0.49791666718750005 0.9351851859375 0.49322916718750004 0.9361111109375001 0.4536458328125 0.9731481484375 0.4526041671875 0.9796296296874999 0.4583333328125 0.9990740734375001 0.5270833328125 0.9990740734375001 0.49791666718750005 0.9351851859375
2 0.9098958328125001 0.3129629625 0.9140625 0.3101851859375 0.946875 0.325 0.95 0.325 0.9510416671874999 0.3203703703125 0.95 0.3138888890625 0.946875 0.3111111109375 0.9244791671874999 0.29722222187499997 0.9088541671874999 0.29722222187499997 0.8682291671875 0.30648148124999997 0.8682291671875 0.3101851859375 0.8869791671874999 0.32685185156249996 0.9067708328125 0.3240740734375 0.9098958328125001 0.3129629625
1 0.9338541671874999 0.9990740734375001 0.9911458328125 0.9990740734375001 0.9994791671875 0.9824074078124999 0.9994791671875 0.9518518515625001 0.9963541671874999 0.9490740734375 0.990625 0.93148148125 0.9755208328125 0.9 0.95625 0.878703703125 0.9552083328125001 0.872222221875 0.9338541671874999 0.8490740734375001 0.9182291671874999 0.8398148140625 0.8916666671875 0.8416666671874999 0.88125 0.79351851875 0.884375 0.7870370375 0.8802083328125001 0.7861111109375 0.8567708328125001 0.740740740625 0.8453125 0.728703703125 0.84375 0.722222221875 0.8375 0.7175925921874999 0.8296875 0.7175925921874999 0.8192708328125 0.734259259375 0.8119791671875 0.7648148140625 0.8098958328125001 0.790740740625 0.8104166671874999 0.815740740625 0.85625 0.884259259375 0.865625 0.89444444375 0.9338541671874999 0.9990740734375001
1 0.1932291671875 0.5555555562500001 0.2 0.55648148125 0.2166666671875 0.5851851859375 0.2208333328125 0.5870370375 0.2203125 0.6074074078125 0.228125 0.6351851859375001 0.22760416718749998 0.6425925921875 0.2322916671875 0.6703703703125 0.23177083281250002 0.6879629625 0.23802083281250003 0.675 0.24635416718749997 0.6666666671875 0.26510416718749996 0.6620370375 0.2927083328125 0.6583333328125 0.2994791671875 0.6638888890625 0.303125 0.671296296875 0.3104166671875 0.672222221875 0.3125 0.66944444375 0.3109375 0.6518518515625 0.31875 0.634259259375 0.3213541671875 0.6148148140624999 0.3203125 0.5703703703125 0.3182291671875 0.5611111109375 0.3140625 0.5546296296875 0.3057291671875 0.5518518515624999 0.275 0.5527777781250001 0.2375 0.5638888890625 0.23072916718749997 0.5740740734374999 0.225 0.5740740734374999 0.22239583281250003 0.5611111109375 0.2234375 0.5453703703125 0.221875 0.5305555562500001 0.2104166671875 0.4703703703125 0.2052083328125 0.45648148125 0.20052083281250002 0.4509259265625 0.1927083328125 0.45 0.1885416671875 0.4574074078125 0.1895833328125 0.48148148125 0.1864583328125 0.48981481406249994 0.1911458328125 0.5481481484375 0.1932291671875 0.5555555562500001
1 0.30625 0.909259259375 0.3104166671875 0.9074074078125 0.3140625 0.9120370375 0.31979166718749996 0.9111111109375001 0.3260416671875 0.9203703703125001 0.3317708328125 0.9546296296874999 0.3463541671875 0.9990740734375001 0.3765625 0.9990740734375001 0.39791666718749996 0.9879629624999999 0.40416666718750005 0.98148148125 0.40729166718750004 0.9694444437499999 0.4125 0.9694444437499999 0.4166666671875 0.9648148140625 0.4328125 0.9666666671874999 0.43072916718750004 0.9398148140625 0.4265625 0.9351851859375 0.3927083328125 0.8259259265625 0.3885416671875 0.81851851875 0.35208333281250004 0.8333333328125001 0.3348958328125 0.8444444437499999 0.3291666671875 0.8398148140625 0.3213541671875 0.8518518515625001 0.3182291671875 0.8490740734375001 0.3140625 0.8194444437499999 0.3140625 0.8138888890624999 0.3166666671875 0.8101851859375 0.3125 0.8055555562500001 0.3083333328125 0.7888888890625 0.3088541671875 0.7787037031249999 0.3046875 0.7675925921875 0.2989583328125 0.7259259265625 0.2864583328125 0.7111111109375 0.28177083281250004 0.7120370375 0.2828125 0.7425925921875 0.28958333281250004 0.8101851859375 0.3026041671875 0.897222221875 0.30625 0.909259259375
1 0.334375 0.9648148140625 0.325 0.9138888890624999 0.3166666671875 0.9111111109375001 0.3104166671875 0.9 0.3046875 0.902777778125 0.3046875 0.9324074078125 0.3098958328125 0.9990740734375001 0.3375 0.9990740734375001 0.334375 0.9648148140625
1 0.2022916671875 0.994777778125 0.20979166718750003 0.9962592593749999 0.2414583328125 0.8436212968750001 0.25645833281249997 0.8258379625 0.290625 0.8154648140624999 0.2822916671875 0.7132120375000001 0.2897916671875 0.7102481484375 0.3014583328125 0.735440740625 0.318125 0.8480666671874999 0.3314583328125 0.839175 0.32979166718749997 0.7991638890625 0.343125 0.7798981484375 0.340625 0.68505555625 0.32645833281250003 0.67171851875 0.2614583328125 0.68505555625 0.2372916671875 0.693947221875 0.22562500000000002 0.6287425921875001 0.21979166718749998 0.5842842593750001 0.190625 0.5596296296875 0.190625 0.6302240734375 0.2114583328125 0.8050916671874999 0.23562500000000003 0.8288018515625 0.2022916671875 0.994777778125
1 0.6015067375 0.4780010671875 0.583125 0.41830925937499996 0.560625 0.39608055625 0.5472916671875 0.419790740625 0.5797916671875 0.46869444375 0.588125 0.459802778125 0.6015067375 0.4780010671875
1 0.6572916671875 0.5309351859375 0.6389583328125 0.4998148140625 0.6114583328125 0.48351388906250004 0.60267888125 0.48067519843750006 0.6147916671875 0.5309351859375 0.625 0.5466666671875 0.6572916671875 0.5309351859375
1 0.6647916671874999 0.56205555625 0.6449005734375 0.5617441296875 0.693125 0.6287425921875001 0.6972916671875 0.6154046296875 0.6647916671874999 0.56205555625
1 0.6122916671875 0.6954287031249999 0.6197916671875 0.705802778125 0.6272916671875 0.6554166671874999 0.6389228296875 0.5616505375 0.628125 0.56148148125 0.6122916671875 0.6954287031249999