7 0.765756446875 0.6192895218750001 0.75685456875 0.6207183828125 0.7538157890625 0.6191474984374999 0.6953008875 0.6239858828125 0.6515509640625 0.624395665625 0.617813328125 0.6266918078125 0.614891528125 0.6284708390625 0.6093997859375 0.670587596875 0.6065224578125 0.8445369953125 0.6127804390625 0.9963663921875 0.73239861875 0.9921892328125 0.777572496875 0.9861397296875 0.9113736296875 0.9725232937499999 0.9489095140625 0.965063515625 0.95360279375 0.9285646390625001 0.9360034609375001 0.6239653609375 0.9318737640625001 0.6196375749999999 0.8811698281250001 0.6202901953125 0.8651969578125 0.61861198125 0.8523408546875 0.620737925 0.765756446875 0.6192895218750001
7 0.789130846875 0.605057275 0.8747413203125 0.6070986890625 0.9582089578125 0.6047429359375001 0.96303963125 0.600661246875 0.9401222015625 0.286185684375 0.9370834203125 0.28461480156249996 0.91526695 0.28649464999999996 0.7727774921874999 0.279172496875 0.7260667734374999 0.2802446703125 0.7071331078124999 0.2792288484375 0.6989906968749999 0.27392319062500003 0.68605660625 0.2738158609375 0.6810114671874999 0.2717560421875 0.622262603125 0.2698946 0.6173929375 0.27285965 0.6205301171875 0.30573108125 0.6173186015625001 0.3846621953125 0.623830575 0.57114070625 0.6291300875 0.6089676265625 0.789130846875 0.605057275
7 0.62622304375 0 0.6178014609375 0.256075390625 0.620937725 0.26043786875 0.628982653125 0.2629519328125 0.6647851359375 0.2628196828125 0.7395653609374999 0.2680342953125 0.78428921875 0.267031503125 0.9159679265625 0.2780851734375 0.9348430999999999 0.27742603906249996 0.9486341406250001 0.273590446875 0.9464309890625 0.2105004109375 0.9486509 0.1886219 0.9525271375000001 0.18569154062499998 0.94742350625 0.1819567640625 0.9472025484375 0.17562933593750002 0.9532077015624999 0.148214790625 0.9435241218750001 0.0702929859375 0.9510992953124999 0.0023894859375 0.9490701874999999 0 0.62622304375 0
7 0.44853222031250006 1 0.4488250734375 0.999855840625 0.45565571250000003 0.796700403125 0.3890958875 0.7990247234375001 0.287941475 0.8075881109375 0.2582750453125 0.8125370828125 0.24362780781249999 1 0.44853222031250006 1
7 0.27759773593750003 0.7962103265625 0.3372425453125 0.795245484375 0.34215120468750004 0.7933970703125001 0.37497339687500003 0.7933688937500001 0.39575744375 0.7904070984375 0.436488084375 0.788984753125 0.4514480296875 0.790139340625 0.45551923437499997 0.7927921703125 0.46223837031250004 0.7573405484375 0.46961583593749995 0.5983269953125 0.3712857390625 0.60231975625 0.3443851359375 0.601023146875 0.27981216875000003 0.6032780859375 0.2749035078125 0.6051264984375 0.25330698125 0.784201584375 0.25276197968749997 0.7970776109375 0.25780711875 0.7991374296875 0.27759773593750003 0.7962103265625
7 0.45058468593749995 0.594519578125 0.46159040625000003 0.59637125 0.4696325953125 0.5133584484375 0.464956984375 0.49339773124999997 0.4688722140625 0.4915840109375 0.47120910781249997 0.47305541250000005 0.474150403125 0.47183469999999994 0.4699613046875 0.43732300312500005 0.4603770328125 0.4192107015625 0.3168941453125 0.411923240625 0.2831175171875 0.41310274687500004 0.27943624843750003 0.42161629375 0.2649877890625 0.5775227765625 0.267754528125 0.59978615 0.28174053906249996 0.6015337453125 0.44176079531249995 0.5981817140625 0.45058468593749995 0.594519578125
7 0.486160834375 0.21762940312499998 0.4791093375 0.215080646875 0.46226001875 0.21678703906250002 0.385395446875 0.2088502140625 0.317627725 0.2050677171875 0.2938243921875 0.207016946875 0.277350990625 0.39038512812500004 0.28646733750000003 0.395097775 0.3114005765625 0.3970220875 0.4468970296875 0.40347044218750006 0.46775906406249995 0.40274192343750004 0.47461559062500003 0.3997074890625 0.4868051453125 0.26456288125 0.486160834375 0.21762940312499998
7 0.29464235 0.20195738593749998 0.3006614234375 0.2034241953125 0.3813632359375 0.20731402187499998 0.4631949578125 0.215077390625 0.47605105937500003 0.212951446875 0.4796729234375 0.17425398593750002 0.47715964531250005 0.1592487578125 0.48719052031250004 0.133184484375 0.49202119375000003 0.1291027953125 0.49531252031250006 0.10942286718750001 0.49414270625 0.075923734375 0.4899935125 0.0710376296875 0.49772648906250005 0.064618590625 0.4977450734375 0.0366679546875 0.45878682499999995 0.031879409375 0.437729821875 0.0270247375 0.3138620796875 0.011785304687500001 0.3083304296875 0.02427646875 0.2924215265625 0.1953269421875 0.29464235 0.20195738593749998
7 0.24840014687499998 0.8430679078125 0.252214240625 0.7244267703125 0.24520173750000002 0.722994653125 0.1637404578125 0.7258393437499999 0.1210424546875 0.727889390625 0.11416643124999999 0.73036550625 0.1056191484375 0.8558799265625 0.22666166250000003 0.8471810312500001 0.24840014687499998 0.8430679078125
7 0.2568657890625 0.6012843906249999 0.253651534375 0.5946886390625 0.2217642828125 0.5930071671875 0.1621779640625 0.5956469671875 0.15417203125 0.594249540625 0.1264924640625 0.5991291328125 0.11467243593750001 0.7163728421875 0.11685426562500001 0.7218866484375 0.12384727343749999 0.722760446875 0.245065259375 0.7190864218749999 0.24997391875 0.7172380078125 0.253674684375 0.709282778125 0.2556216375 0.6795878015625 0.2568657890625 0.6012843906249999
7 0.12764095625 0.5750520359375 0.1281088828125 0.5884516890625 0.13812117343750002 0.5903380515625 0.224549603125 0.5873199046875001 0.2515087 0.5902914703125 0.2584042203125 0.5883736749999999 0.265686940625 0.512095390625 0.2650621265625 0.46572023125 0.1615309140625 0.4631866234375 0.13969494531249999 0.46450815156249997 0.12764095625 0.5750520359375
7 0.1422816453125 0.339201878125 0.14072371875 0.351554278125 0.13556525 0.46018036562500003 0.14460360625 0.4626597375 0.24012888437500002 0.4637959203125 0.2610104171875 0.4636257203125 0.2669125078125 0.46174261562499996 0.27668718281250004 0.34289333125 0.17806463125 0.33851130937499996 0.1520404765625 0.3338300953125 0.1499171375 0.32999124687500003 0.1422816453125 0.339201878125
7 0.2858787765625 0.2643123890625 0.2865008515625 0.22516068281249998 0.285234465625 0.21737890937499998 0.28116325937500003 0.21472608124999998 0.16734680156249998 0.202489646875 0.158425425 0.2033601890625 0.14742335625 0.3155443359375 0.1477158109375 0.3239191203125 0.158858009375 0.3296790234375 0.22968401093750002 0.33559072031250003 0.2475657546875 0.3349662765625 0.263616615625 0.338877765625 0.27651171093750004 0.3378684609375 0.2858787765625 0.2643123890625
7 0.11548674375000001 0.5972774609375 0.1175320953125 0.5988830359375 0.1244471125 0.5975235578125 0.1281088828125 0.5884516890625 0.13552716874999998 0.487572684375 0.135273709375 0.48031453749999997 0.130248065625 0.4788130375 0.12130719375000001 0.47912525937500006 0.1203917515625 0.48139322656249994 0.11548674375000001 0.5972774609375
8 0.9265285437499999 0.9792610703125 0.931885471875 0.9852229984375 0.974989165625 0.983717784375 0.983757559375 0.96608259375 0.9833286265625001 0.953799578125 0.9780885187499999 0.9461565703125 0.9689526781250001 0.940885603125 0.9579664546875 0.9395922515624999 0.9550836468749999 0.9424879203125001 0.9566619859375001 0.9592027968749999 0.9361119015625 0.9688644171874999 0.924249228125 0.9709556703125 0.9265285437499999 0.9792610703125
8 0.9646859140625 0.306010890625 0.95518054375 0.3186408203125 0.9566808953124999 0.3331224203125 0.9618235171875 0.33797383281250004 0.9827050500000001 0.337803634375 0.99450923125 0.334037425 0.9931281984375 0.2944898359375 0.9783404765625001 0.298267065625 0.9646859140625 0.306010890625
8 0.5627098015625001 0.10259730468749999 0.576598328125 0.10155330781250001 0.5902138984375 0.09269284531250001 0.5949275890625 0.0852612421875 0.5947326203125 0.07967805312500001 0.590661415625 0.077025225 0.582635984375 0.0750694796875 0.5697993796875 0.07775374375 0.5613069375 0.0909073 0.5627098015625001 0.10259730468749999
8 0.54311871875 0.253652371875 0.5437807015625 0.24412626093749998 0.5347228484375 0.24108856875 0.5248470375000001 0.2431104390625 0.516218115625 0.2523557625 0.5146601875 0.2647081609375 0.5198807984375 0.2717928515625 0.5316849796875001 0.2680266421875 0.54311871875 0.253652371875
8 0.538587803125 0.49418048593749997 0.5156219265625 0.4916284734375 0.5100317875 0.5024446796875 0.5133240296875 0.5112737093749999 0.52822548125 0.5107533390625 0.5400491609375 0.5075454484375 0.5427564953124999 0.49962490937500004 0.538587803125 0.49418048593749997
8 0.512178275 0.6208776703125001 0.5128207609375 0.6107932390624999 0.50874955625 0.608140409375 0.491822246875 0.607613525 0.48597864687500003 0.6111715859375 0.4832713125 0.619092125 0.4866220453125 0.629596109375 0.500491075 0.62799379375 0.512178275 0.6208776703125001
8 0.47628469687499997 0.8177810125 0.4666818421875 0.8276193468749999 0.47301286718749996 0.8380192578125 0.4791099265625 0.8417193421875 0.497926609375 0.83938525 0.50059495 0.8303480734375001 0.49130313281250004 0.8206105546875 0.47628469687499997 0.8177810125
3 0 0.4185748875 0.10640391406250001 0.42262771875 0.13225259843749998 0.4222840625 0.1351549 0.4199467140625 0.13521247812499998 0.393112715625 0.144151525 0.3357825828125 0.149251503125 0.2254815390625 0.1544712015625 0.204057271875 0.1621846796875 0.197079915625 0.1620082953125 0.1635460890625 0.1020320390625 0.1550195109375 0 0.14563248125 0 0.4185748875