7 0.22224400156250002 0.5765558890625 0.2187212234375 0.5801874703125 0.22136698593749998 0.5890977953125 0.236144984375 0.6037038890625 0.22950911093749998 0.6206904953125 0.19135836875 0.6286870109375 0.1823208140625 0.7657211453125 0.18360996406250002 0.770658690625 0.22833647343750002 0.7699083546875001 0.28254700625 0.7581874515625 0.293410959375 0.6106167546875 0.29103504999999996 0.5978473796875 0.2519925765625 0.571849753125 0.22224400156250002 0.5765558890625
7 0.134559728125 0.59950879375 0.11782285625 0.6051247953125001 0.12046861874999999 0.6140351203125001 0.134364696875 0.6256711046875 0.1345719890625 0.6382888359375001 0.093440625 0.64995484375 0.07288045 0.7803663609375 0.0891450828125 0.7815036953125001 0.1638225546875 0.7731529390625 0.18262379374999999 0.6523132203124999 0.18356581875 0.6310505421875 0.1743442890625 0.6148940374999999 0.148655740625 0.6004944828125 0.134559728125 0.59950879375
7 0 0.7928432328125 0.0192795359375 0.7911604140625 0.038083225 0.678076703125 0.0415360875 0.6676538765625 0.0514273390625 0.65865074375 0.010556015625 0.635433671875 0 0.6365150203125001 0 0.6621300906250001 0.002366046875 0.6668537999999999 0 0.6692929249999999 0 0.7928432328125
7 0.2282714640625 0.7786291234375 0.2292932140625 0.7951817250000001 0.213910503125 0.7970145 0.20977810937500002 0.8015729328125 0.206660109375 0.7994159421875 0.20469633125 0.8041260203125 0.1959764703125 0.8742882765625 0.19604883906249998 0.88883553125 0.2494498171875 0.8886917734375 0.25900375625 0.8845124515625 0.267044084375 0.8084858 0.2663571953125 0.7793533781249999 0.2469046484375 0.7692678078124999 0.22271254218749997 0.772423528125 0.2282714640625 0.7786291234375
7 0.3683423234375 0.762247884375 0.3420490625 0.7642871999999999 0.349846515625 0.777435684375 0.34368288125 0.78766895625 0.3304687890625 0.789653375 0.320917303125 0.8015887062499999 0.3134890453125 0.884444515625 0.321284046875 0.88983699375 0.377937953125 0.889920703125 0.38308719375 0.8864028546875 0.386942378125 0.8624354453124999 0.3931538546875 0.7891893453125001 0.38447448125 0.7730707515625 0.3683423234375 0.762247884375
7 0.519600940625 0.7650690796874999 0.5046880171875 0.7523925109375 0.4751418296875 0.754204359375 0.4752792078125 0.76003084375 0.48266697968749994 0.7634558859375 0.4863295890625 0.773406796875 0.48125026249999997 0.783715890625 0.452720921875 0.786568321875 0.44839104374999994 0.8095330593750001 0.4436711046875 0.8848224171875 0.44604456406250004 0.8898357828125001 0.4568201875 0.8915587671875 0.5272978046875 0.8887312062499999 0.5327549281249999 0.7873174484375001 0.5316007046875 0.7804503796875 0.517437228125 0.780429453125 0.519600940625 0.7650690796874999
7 0.889940221875 0.7279495515625001 0.8957739 0.7458081140624999 0.8938125749999999 0.7582742015624999 0.8741600937499999 0.7588389249999999 0.8705674 0.755679259375 0.8642663875000001 0.7600860484374999 0.8440717515625 0.7606128609375 0.8417682078125001 0.762390740625 0.841230959375 0.7778648453125 0.8422146765624999 0.8884543078125 0.8449279000000001 0.896399871875 0.9730778671874999 0.9024648234375 0.9822911328125 0.77070898125 0.9787934343750001 0.7583997640625 0.9430931812500001 0.7578423187500001 0.9367077828125 0.752548409375 0.9303393078125 0.757919959375 0.9249177640624999 0.7575408484375 0.9199684593749999 0.750408403125 0.92050325625 0.7271782890625 0.9223995703125001 0.7234329749999999 0.89746046875 0.7216890625 0.889940221875 0.7279495515625001
7 1 0.47753680000000004 0.9769437578125 0.48099925781249997 0.9721968406249999 0.470972525 0.97191718125 0.4438075421875 0.964996740625 0.4181171484375 0.960252278125 0.4158464234375 0.9288772406250001 0.4204388234375 0.8951986578125 0.4268091046875 0.8794786328124999 0.433465690625 0.8729825906249999 0.46403478906249995 0.8721754890625 0.4833679421875 0.874144171875 0.4941698828125 0.8616096109375 0.502018696875 0.8152590890625 0.5104113078125 0.8124833078125 0.518942521875 0.812350834375 0.52862805625 0.8132818046875 0.686718328125 0.81668191875 0.7237963125 0.9862291828125 0.714392240625 1 0.5174603796875 1 0.47753680000000004
7 0.355291646875 0 0.3475467125 0.14808261250000002 0.3512093203125 0.158033521875 0.361442790625 0.1597185953125 0.42086757343750003 0.135759071875 0.5994767859375 0.0513006859375 0.677025253125 0.0111578625 0.5174603828125 0 0.355291646875 0
1 0.0639371890625 0 0.060397471875 0.0940713953125 0.0556336109375 0.1024635890625 0.049489375 0.10203394218749999 0.037769271874999996 0.113817628125 0.033974190625 0.11355225 0.0257793171875 0.12946036249999998 0.0240743515625 0.13826035 0.023056628125 0.1528144765625 0.02510959375 0.15462 0.024165115625 0.16812666874999999 0.021876565625 0.16969015781250002 0.0069298203124999996 0.38343856875000004 0.01128954375 0.3834202703125 0.0321588078125 0.3732458359375 0.050179923437499996 0.35705536250000003 0.058582089062499995 0.35376498125 0.075246590625 0.3336017265625 0.1058623734375 0.2853296515625 0.11818718749999998 0.2571070984375 0.1257098875 0.258602615625 0.1351338046875 0.2718648359375 0.1527575 0.284730959375 0.1699040515625 0.28883840312500003 0.197484009375 0.2839806234375 0.24586331718749999 0.262157165625 0.2558870421875 0.2434685 0.2566193234375 0.20183208281249998 0.2650190375 0.19078569375 0.2705706015625 0.1737232640625 0.2970846640625 0.012704737499999999 0.29471120625 0.007691370312499999 0.2889523484375 0.0121360703125 0.273124375 0.10603827031249999 0.269061896875 0.1173879484375 0.2658089703125 0.11716048125 0.23746485 0.0628265703125 0.2280409328125 0.0495643515625 0.2148844921875 0.0195599765625 0.2058678046875 0.008265192187500001 0.20383725625000002 0 0.1662962640625 0 0.0788111015625 0.033312307812500004 0.0729124140625 0.0241745140625 0.0736304859375 0 0.0639371890625 0
1 0.44006739687499996 0.6325057265625 0.44717060468750003 0.5932537671875 0.4500837640625 0.5905490375 0.4702109390625 0.5909869859375 0.47874803125 0.58576708125 0.49528251250000005 0.583045365625 0.50259791875 0.5719231546875 0.5027254859375 0.54672560625 0.5072626578125 0.5363786 0.50915651875 0.5248772765624999 0.521047128125 0.409371196875 0.5202326703125 0.40543632656249995 0.5179965906249999 0.40624944531249996 0.5154231953124999 0.4118863734375 0.5092068140625 0.46962045625000004 0.505616575 0.47421680000000005 0.5029107078124999 0.48953926093750005 0.5058962359375 0.5013817859375 0.50468190625 0.518747503125 0.5016362734375 0.531137765625 0.49757134062499997 0.5347314359374999 0.48021504375 0.51025025625 0.47275245000000005 0.4845219515625 0.4729781578125 0.3410547546875 0.4709420125 0.331217578125 0.4676890875 0.3309901109375 0.466267465625 0.3357380984375 0.4662269796875 0.4220189515625 0.462571728125 0.43533606562499993 0.4403458515625 0.44153771875 0.43600616406250003 0.43347842031250006 0.43255085 0.436145240625 0.4284883703125 0.4474949203125 0.429712509375 0.46115323437500005 0.42571749375 0.4715381515625 0.4186964640625 0.5563613968750001 0.42608668906249997 0.567542446875 0.42514221093750004 0.5810491171875001 0.36259697343749997 0.5950956390625 0.3559660046875 0.6275942640625 0.35346743125 0.6555344546875 0.35639285468750004 0.691609765625 0.357682003125 0.696547309375 0.3732045453125 0.7082970265624999 0.3894017140625 0.710399121875 0.39787134218750003 0.7061439796875 0.4106082921875 0.695400878125 0.42916665624999994 0.6637362984374999 0.44006739687499996 0.6325057265625
5 0.27322983125 0.4395466234375 0.25492415 0.41306009687499995 0.249095378125 0.41071355 0.126380815625 0.4515759703125 0.1291615015625 0.4585567734375 0.1377709625 0.4678841203125 0.14780204375 0.47246347968749997 0.15715849843750002 0.48669046250000003 0.171526815625 0.49157311249999996 0.2748636515625 0.4629283828125 0.28021527968750004 0.456516246875 0.27322983125 0.4395466234375
5 0 0.5252504890624999 0.007880825 0.533451246875 0.0206901421875 0.5372554 0.1019360265625 0.5128827984375001 0.1045768828125 0.5062811078125 0.10233835 0.4993382171875 0.0738666609375 0.47020185468750003 0 0.49081275468749996 0 0.5252504890624999
5 0.9692849265625 0.2633002734375 0.9707691078125 0.2420755046875 0.971154265625 0.174238865625 0.9698651140625 0.16930132343749998 0.9611231828125 0.16965950624999998 0.7184722921875 0.25060914218749997 0.711019509375 0.25590487031250003 0.7110219609375 0.263660878125 0.720800359375 0.32639134531249997 0.7241232015625 0.3334100578125 0.7278508203125 0.334640196875 0.8136363265625001 0.3076765984375 0.867102315625 0.2988120703125 0.9674560765625 0.266080825 0.9692849265625 0.2633002734375
5 0.4059337421875 0.6999214 0.4078325109375 0.7039320921875001 0.4714645078125 0.6977173999999999 0.49301330468750004 0.6934073625 0.495451771875 0.6896999562499999 0.49036508906250004 0.6767410265625 0.48270501406250005 0.6694190250000001 0.42341025156249995 0.6759370062500001 0.4059337421875 0.6999214
5 0.3298248375 0.6819961125 0.2901825578125 0.6879493703125 0.28720193437499997 0.6916188625 0.2861924453125 0.713846303125 0.29188629375 0.7181223734375 0.3325454203125 0.7132097 0.3480630546875 0.7094474 0.35056898593749997 0.7047752359375 0.349007534375 0.69594073125 0.3390414609375 0.6826406015625001 0.3298248375 0.6819961125
8 0.28406065625 0.40152480468749996 0.28406556250000004 0.417036821875 0.2944388609375 0.4323043875 0.3051470234375 0.434992134375 0.31083841875 0.431512196875 0.31076605156250003 0.4169649421875 0.30127221875 0.396911478125 0.2858895078125 0.39874425156250004 0.28406065625 0.40152480468749996
8 0.0976515375 0.46507869687500003 0.09785883281249999 0.47769642812499996 0.10531652031250001 0.487912715625 0.113178984375 0.49234043125 0.122328146875 0.49394968281249996 0.130390546875 0.487727103125 0.121778634375 0.470643746875 0.10835724843750001 0.4600104359375 0.0976515375 0.46507869687500003
1 0.7685590343750001 0.056337712500000005 0.80007635625 0.07308381093750001 0.8303695390625 0.076171596875 0.8683853546875 0.0701046046875 0.903822871875 0.054162524999999996 0.9374525046875 0.029368709375000003 0.7393043203125 0.0155128390625 0.7467980390625 0.032518004687500005 0.7685590343750001 0.056337712500000005
2 0.33298211875 0.3797392578125 0.348711953125 0.4041067046875 0.3499311859375 0.40225300312499995 0.3731150515625 0.2109477375 0.3718259015625 0.20601019375 0.356173340625 0.2117020171875 0.35177109375 0.22011949999999997 0.33298211875 0.3797392578125
2 0.187930071875 0.2881599453125 0.16590658281249998 0.2914673109375 0.15170262031249998 0.3777272359375 0.14405480625 0.409185275 0.17088776875 0.3994278640625 0.187930071875 0.2881599453125