7 0.34652462812499996 0.41239490156249997 0.34641142343750003 0.405909403125 0.333535978125 0.3845092296875 0.3163441265625 0.3912967890625 0.3059480546875 0.40175008749999996 0.291527175 0.4020018046875 0.270639846875 0.3623603015625 0.1158085640625 0.3623597765625 0.11300929062500001 0.3672742453125 0.1436434609375 0.469457871875 0.30227314375000003 0.4666889796875 0.3166468546875 0.46373497031250005 0.3401816671875 0.43467115625 0.34093551718750004 0.4227642953125 0.34652462812499996 0.41239490156249997
7 0.3621178375 0.644590559375 0.382363671875 0.6474809031250001 0.6113353453125 0.652674778125 0.6941274140625 0.6025735765625 0.7047027265625 0.602388984375 0.7379466453125 0.633705459375 0.747654903125 0.6389422312499999 0.7772788140625 0.628153309375 0.8305696093750001 0.5958669875 0.8342359374999999 0.58553115625 0.8074293171875 0.537343009375 0.8168734296875 0.5274469500000001 0.8378070796875001 0.514647225 0.8328491796874999 0.5060838000000001 0.7914432859375 0.50302218125 0.7788885875 0.49999758906249997 0.7730070312499999 0.493612775 0.7356070796874999 0.4996718234375 0.6084957921874999 0.48999685625 0.5430550984375 0.48735476718750004 0.48709710156249997 0.532121971875 0.47277055937499995 0.5377782703125 0.461488565625 0.552572015625 0.41783055625000004 0.5857714421875 0.3695731296875 0.6309448546875001 0.3620235 0.6391859765625 0.3621178375 0.644590559375
7 0.201416978125 0.8041762390624999 0.37355331718749996 0.8038747031250001 0.42961508437499996 0.7650525390625 0.44321607968750004 0.7729244765625001 0.460945653125 0.796943034375 0.47245405625 0.7951202859375 0.49815692968749997 0.7800748234375 0.507544440625 0.7669360140625 0.497232425 0.7271099171875 0.48417773750000004 0.6954410375 0.4773253546875 0.68853255 0.4639130359375 0.6914697765625 0.46002973125 0.68937506875 0.4496808296875 0.702530659375 0.4142696984375 0.7123393515625 0.2863007890625 0.7086262062500001 0.266130425 0.7100595249999999 0.17910685312500002 0.7932125828125 0.1763830515625 0.8024507156249999 0.201416978125 0.8041762390624999
7 0.7366319609375 0.33800769375 0.99774441875 0.36641443749999997 0.993387103125 0.11678394218749999 0.8814325421874999 0.2041088296875 0.87298755625 0.21614994062499998 0.8567853984375 0.22454209375 0.8274539328125 0.2520852203125 0.8131556906249999 0.2593628953125 0.7714015984375 0.291447840625 0.7477535828125 0.3140261578125 0.7324279125000001 0.31753740625 0.7297984468750001 0.3321801203125 0.7366319609375 0.33800769375
1 0.530852940625 0.1188629515625 0.558054928125 0.134606825 0.5871231 0.1470743890625 0.65963315 0.1690555046875 0.655938521875 0.1777699609375 0.635089778125 0.195433809375 0.598340753125 0.23878447343750003 0.5976718062499999 0.255555459375 0.6134785968750001 0.2796075796875 0.6350254390625001 0.301937640625 0.6613320703125 0.321481503125 0.6892124390625 0.32099485 0.7198543453124999 0.31343189374999997 0.72961920625 0.3219114140625 0.735321521875 0.3180275203125 0.7379509859375 0.3033848046875 0.77963904375 0.26751665 0.798612171875 0.25258865468749997 0.81101593125 0.24696591875 0.8166710796875 0.24037973125 0.8453713328125 0.2317694234375 0.853872921875 0.2229710625 0.8490470921875 0.2219740515625 0.8441363624999999 0.21611291718749998 0.851657690625 0.20625042031250002 0.8504981921875 0.194917578125 0.846577153125 0.19066103750000002 0.8339281171874999 0.1822318609375 0.8194129 0.177078996875 0.795293196875 0.1726344015625 0.7884691140625 0.1673472875 0.790288128125 0.16136868437500002 0.79696126875 0.15800846875000002 0.8082432624999999 0.143214721875 0.8159060968749999 0.141459096875 0.82651914375 0.1434363375 0.8264719749999999 0.140734046875 0.8359915578124999 0.135161653125 0.9455808140625 0.1327081421875 0.9522350890625001 0.1282670078125 0.9512076609375001 0.12450058281250001 0.949256575 0.1229127703125 0.8963800140625 0.12383573437499999 0.757996165625 0.12949497031249999 0.753810984375 0.1101056 0.7372597765625 0.09850079843750001 0.708314246875 0.0930591921875 0.704421509375 0.09042402656250001 0.6928848046875 0.0906254015625 0.5702408625000001 0.06141003125 0.531700278125 0.057217153124999996 0.513443265625 0.058076453125000004 0.5057804296875 0.059832078125 0.497231671875 0.0659281484375 0.49257565156250005 0.0746593859375 0.49363138125 0.0800471875 0.5005403671875001 0.090198425 0.529816078125 0.1145560671875 0.530852940625 0.1188629515625
2 0.7226647484375001 0.41934492343749996 0.5830364968749999 0.40880719374999996 0.5628566984375001 0.40970005781249996 0.5297079671875 0.43893168281249995 0.5335818359375 0.44048593281250004 0.6452825515625 0.44880802500000005 0.727095209375 0.45278620781249995 0.752072534375 0.45126898125 0.729451096875 0.42247020468749996 0.7226647484375001 0.41934492343749996
5 0.40484709687500003 0.282708634375 0.383837978125 0.2911846921875 0.390926203125 0.3116046359375 0.43856355156250004 0.39619153749999997 0.44349315 0.40313358906249996 0.4463773265625 0.40308324687499997 0.46534102187500004 0.3876147921875 0.46327673125 0.37954148125 0.40484709687500003 0.282708634375
5 1 0.7299665390625 0.853316234375 0.797122278125 0.91413005625 0.8652604984375 0.929795340625 0.8812057453125 0.9356014265624999 0.883266890625 0.950974265625 0.8824579343750001 1 0.865858090625 1 0.7299665390625
5 0.5623943484375 0.9892558546875 0.57622604375 0.9987456328125001 0.5876343015625001 0.9985465015624999 0.5999452390625 0.9918441390625 0.752900059375 0.9394369984375001 0.7614582484375 0.933881384375 0.7111348359375 0.8606944500000001 0.70235966875 0.853819521875 0.6927740484375 0.855608709375 0.5305732265625 0.9292615312500001 0.54355244375 0.9566067453124999 0.5513662187499999 0.9634984546875 0.5623943484375 0.9892558546875
8 0.88117943125 0.905841746875 0.89070845 0.900809809375 0.8905197749999999 0.8900006453125 0.8855052703125 0.8781944718749999 0.8687842578125 0.8568614234374999 0.8521481484375 0.840392496875 0.8424398906249999 0.8351557265625 0.8241828765625 0.8360150265625 0.813730203125 0.8432255765625 0.813862275 0.8507919906250001 0.827972690625 0.887848671875 0.8358147656250001 0.8963617546875 0.8494157609374999 0.904233690625 0.8629318515625 0.9072415046875 0.88117943125 0.905841746875
8 0.5426570859375001 0.960406734375 0.5319591359375 0.9535653703125 0.521421559375 0.9559117953125 0.5176514609375 0.9603025859375001 0.5160399906250001 0.97817126875 0.5248588296875 0.9996422515625 0.56438011875 0.9989524046874999 0.56240378125 0.9897963125 0.5426570859375001 0.960406734375
4 0.11246552968750001 0.5565017437499999 0.1181301109375 0.5504560171875 0.12175870312499999 0.537958353125 0.1184688765625 0.51476899375 0.10009865625 0.5091427953125 0.000023953125 0.50573566875 0.000941421875 0.5582974203125 0.09231403125 0.55901598125 0.11246552968750001 0.5565017437499999
4 0.0023402484375000003 0.638436175 0.180197771875 0.635331659375 0.195542309375 0.632901328125 0.2069280734375 0.6240526234375 0.21058496718750003 0.6131763343750001 0.20933112812500002 0.5964389109375 0.2034212703125 0.588432725 0.19277992187499998 0.584834109375 0.13986562656249998 0.583595240625 0.0014336671875 0.586498140625 0.0023402484375000003 0.638436175
1 0.38814919375 0.5381740953125 0.388300134375 0.546821428125 0.4140698921875 0.5907026906249999 0.4804522609375 0.5371035625 0.4255397125 0.531574590625 0.39577429375 0.5342566390625 0.38814919375 0.5381740953125