7 1 0.18543158906249999 0.9371617406249999 0.2483027921875 0.9451276109375 0.2551910328125 0.9561159124999999 0.259125015625 1 0.263257828125 1 0.18543158906249999
7 1 0.27065548437500003 0.9594115406249999 0.26568667968750004 0.9452906671875001 0.2662820546875 0.9323608406250001 0.263267509375 0.9284043625 0.2661564515625 0.873323575 0.315592528125 0.8659775265625 0.3266860640625 0.8402237031249999 0.3459892234375 0.6817399640625 0.49160445625 0.672305534375 0.505717565625 0.6496842828125 0.5204913640625 0.591617778125 0.5723566640625 0.5734832 0.59008220625 0.5727856359375 0.600057846875 0.6259896984375 0.6043058390625 0.688754534375 0.6060567796874999 0.83785570625 0.6080413328125001 0.8652735453125 0.605210165625 0.900804109375 0.607167103125 0.9413191453125 0.59153415625 0.9967555359375 0.5638583765625 1 0.51746038125 1 0.27065548437500003
7 0.3796600390625 0.7981211906250001 0.380190234375 0.8039618765625001 0.4185963734375 0.8050646921875 0.6639617921875 0.7995354703124999 0.6976814890624999 0.7871205546875 0.7220974124999999 0.7735274515625 0.848687471875 0.7887107046875 0.9034173203125 0.7577161218749999 0.90561584375 0.7531214484375 0.903107409375 0.7487252328125 0.86210751875 0.7041777640625 0.8527508312500001 0.6903334546875 0.9098465734375001 0.6389278734375 0.903858940625 0.6305951609375 0.623056896875 0.6194011859375 0.5630942078125 0.6178461921875 0.5361860515625 0.6402342359375 0.474326125 0.7060795 0.465552546875 0.710742003125 0.4128333390625 0.7666744296875 0.38883746874999997 0.78768331875 0.3796600390625 0.7981211906250001
7 0.4987971703125 0.9198862859375 0.550190365625 0.9097624218749999 0.560354759375 0.9120559874999999 0.570041871875 0.9211749921875001 0.5914882796875001 0.9232022734375 0.5978797640625 0.9257596140625 0.6047118171875 0.9220165484375 0.631909371875 0.9223355828124999 0.64214719375 0.9235790843749999 0.6445454875000001 0.9295503999999999 0.65306206875 0.9285631328124999 0.68397961875 0.9159522703125 0.6861047124999999 0.9124076656250001 0.6570844015625 0.8576182671874999 0.6604372546875 0.8499387078125 0.681300553125 0.8334591765624999 0.67994645 0.8259780749999999 0.6772544453125 0.8242070281249999 0.6678772453125 0.8240789109375 0.38743802656250004 0.8345419484375001 0.2905777296875 0.9042709625 0.26277223906249997 0.92606865625 0.2613976234375 0.932303746875 0.2735035421875 0.9336778765625 0.4194559421875 0.9270006296875 0.4987971703125 0.9198862859375
7 0.321445521875 0.5165323093749999 0.33234419531250003 0.5083252015624999 0.36386536875000003 0.5005049578125 0.38254634374999996 0.5018112593749999 0.3935713578125 0.505220209375 0.39756455156250003 0.5018062328124999 0.40703569375 0.487168090625 0.399840815625 0.4692541421875 0.3923155109375 0.4560654984375 0.388726171875 0.45370410312500004 0.375686203125 0.4522646578125 0.393547584375 0.4250231953125 0.3939881515625 0.41872278906249993 0.38382375625 0.4164292234375 0.26038246875 0.40990777031250003 0.20792888281250002 0.4083502640625 0.165463696875 0.478717346875 0.1504044625 0.5061547562500001 0.150971371875 0.5114704078125001 0.20324138593750002 0.515653084375 0.29780059375 0.519099703125 0.321445521875 0.5165323093749999
7 0.4054947609375 0.38839895156250004 0.415296328125 0.3690355046875 0.42639477187499997 0.3713943875 0.428666721875 0.365749646875 0.44304459375 0.361479034375 0.4610809171875 0.38542710156250004 0.46945064218750004 0.3865399703125 0.492129121875 0.357524946875 0.49876140468749997 0.34321589218750004 0.4772458828125 0.3153313296875 0.4708911109375 0.31224895625000004 0.46611072499999995 0.3134974828125 0.4513862296875 0.309302240625 0.46138756875000003 0.3005047828125 0.48042379375 0.256462240625 0.46753068124999997 0.25292266093750004 0.2736891125 0.23303672656250002 0.20659529375000002 0.3871529703125 0.202618303125 0.40375810312500005 0.20714168906250002 0.4061848125 0.22298380468749998 0.4078202015625 0.33801865468750003 0.41375381874999995 0.38400732656250003 0.41380405312499996 0.4054947609375 0.38839895156250004
7 0.3614119078125 0 0.2717151859375 0.207573846875 0.2752678125 0.21046027500000003 0.2929045953125 0.2132763640625 0.45555541718750003 0.2362572390625 0.480774734375 0.2380207453125 0.5050276 0.2133366203125 0.5327272625 0.16620667656250002 0.541464128125 0.162069209375 0.5544306671875 0.16455872031250002 0.5559316265625001 0.1699396875 0.579865953125 0.1900793734375 0.5843893421875 0.19250608281249998 0.59380325625 0.19210916718749999 0.62613645 0.1458308328125 0.6317979703125001 0.1319814984375 0.6229347625 0.1245029078125 0.5969854812500001 0.1063327265625 0.5894396640624999 0.1068602734375 0.57183959375 0.103519153125 0.5825017828125 0.085271090625 0.5902311703125 0.082118375 0.5989518328125001 0.06478975000000001 0.607651984375 0.06117731562499999 0.6147777484375 0.0532339796875 0.614121209375 0.0357772390625 0.6209370625 0.018843015625 0.6173844374999999 0.0159565875 0.5563246453125 0.0032452546875 0.5556608203125 0.002671234375 0.5174603875 0 0.3614119078125 0
1 0.6585819921875 0.31271115625 0.67149130625 0.3294418953125 0.6840172796874999 0.3382318109375 0.7304422046875 0.3588889921875 0.7693418265624999 0.3663575265625 0.8038649156250001 0.3692992171875 0.813388971875 0.3673271984375 0.9306395984375 0.26103674374999997 0.9391194640625 0.26057451249999997 0.9566828218750001 0.26444066718750003 0.9699063593749999 0.2632549421875 0.950401478125 0.26030822656249997 0.9380641750000001 0.253289996875 0.9335356875 0.24646642968750002 0.9395071171874999 0.241607984375 0.9398008296875 0.2374077140625 0.9343066796875 0.2354407234375 0.8657744968750001 0.22220686875 0.8480275703125001 0.2209658828125 0.8258306828125 0.21624812031250001 0.8089076640625 0.21664755000000002 0.7654274265625001 0.22099353124999999 0.725352959375 0.23032607343749997 0.692163459375 0.24858167656250002 0.6683511609375 0.266965396875 0.6566080671875001 0.287248278125 0.6554332203125 0.3040493578125 0.6585819921875 0.31271115625
1 0.476200640625 0.43766167187500005 0.50271683125 0.46114750468750004 0.5301508703125 0.471507496875 0.5784276937499999 0.47910414843750004 0.58100955625 0.4824502953125 0.5921079984375 0.484809178125 0.654872834375 0.48656011718750003 0.6623862500000001 0.4596502546875 0.6710864015625 0.45603782031250006 0.6726445875 0.4471775625 0.692112753125 0.45064931250000007 0.6920350125 0.4786067296875 0.785363196875 0.392275096875 0.768093553125 0.384208671875 0.7468674296875 0.379031190625 0.7434616593750001 0.37404462656250004 0.7263550703125 0.377069225 0.702033090625 0.3758960671875 0.6212114171875001 0.3639132546875 0.5810106078125 0.36162974062500003 0.5564316296875 0.36413181875 0.5287567937500001 0.370638221875 0.4938093375 0.3871880953125 0.48074885468749995 0.399464840625 0.47419 0.41272382656250006 0.4729417265625 0.43057497343750006 0.476200640625 0.43766167187500005
1 0.48196262343749996 0.596872490625 0.5593418125 0.6043937734375 0.57529406875 0.6044540625 0.576338259375 0.602944275 0.58751013125 0.604253090625 0.5672547703124999 0.598615890625 0.565680384375 0.5942849890625 0.623033121875 0.539204171875 0.5972836109374999 0.5315999796875001 0.5607822828125 0.530102759375 0.49294335 0.5338006156249999 0.45089064375000004 0.5445776312499999 0.431181678125 0.5579722734375 0.43037397187500004 0.569523015625 0.43542755624999996 0.577790409375 0.463538646875 0.591890953125 0.48196262343749996 0.596872490625
1 1 0.0337424578125 0.9586756984375 0.030852779687499998 0.9911302750000001 0.0536986640625 1 0.057335765625 1 0.0337424578125
1 0.8705496203124999 0.8250611203125 0.8621064671875001 0.82499831875 0.8514647921874999 0.829530190625 0.8307116375 0.84443461875 0.8259474515624999 0.8588743031250001 0.83444351875 0.8716032281249999 0.8407248624999999 0.87573566875 0.8629217484374999 0.8804534328125 0.8780295828125 0.8925894968750001 0.893834984375 0.8947499203125 0.924218025 0.9032057218749999 0.9680448875 0.907325596875 0.9727559250000001 0.9070688015625 0.9807554843749999 0.7926697890625001 0.975371475 0.789127696875 0.9678990859375001 0.788605175 0.95897865 0.7953678125 0.9456449703124999 0.7981286375 0.9430631093749999 0.7947824906250001 0.9312671 0.8023992484375 0.8946718312499999 0.8156682875 0.8862286781250001 0.8156054875000001 0.87468966875 0.819547009375 0.8705496203124999 0.8250611203125
1 0.96625754375 1 0.9668776171875001 0.9911325312500001 0.9453944953125 0.989630284375 0.8385458015625 0.9874347078125 0.805266671875 0.9935492187499999 0.780761121875 0.9950012312500001 0.7705600125000001 0.9932326984375001 0.76847163125 0.99625226875 0.7541671890625 0.9994728125 0.739583303125 1 0.96625754375 1
8 0.7307846234375 0.8506370671875001 0.738204096875 0.8384934625 0.73904851875 0.8264176875 0.7313396453125 0.8158542109375 0.710864 0.8133672140625 0.699324990625 0.8173087359375 0.6943243203125 0.8217074625 0.69042075625 0.8372625296875 0.69783591875 0.852026275 0.7112592265625 0.8614065406250001 0.723769 0.8570052984375 0.7307846234375 0.8506370671875001
8 0.8725623640625001 0.608357853125 0.870510696875 0.6108523921875 0.8547787234375 0.607641903125 0.8369216578125 0.6079760171874999 0.8349067046875 0.6099455218750001 0.8555454031249999 0.62352354375 0.8818456250000001 0.6232522296874999 0.8871767187499999 0.6141281984375 0.8847417109375 0.608681915625 0.8725623640625001 0.608357853125
8 0.5078459468750001 0.2267237234375 0.49667407656250007 0.22541490937500003 0.4855184046875 0.237297253125 0.4850778375 0.2435976578125 0.4916323796875 0.2572460203125 0.5016866328125 0.2611146875 0.5125118765625001 0.2539576484375 0.51376015 0.2361065015625 0.5078459468750001 0.2267237234375
8 0.6159893078125 0.03590786875 0.6110987812500001 0.0387314953125 0.6023046890625 0.057110189062500004 0.601864121875 0.0634105921875 0.6046295546875 0.0641315734375 0.6178530921875 0.062945846875 0.6251257125 0.0529023796875 0.623771609375 0.045421278125 0.6159893078125 0.03590786875
2 1 0.160386275 0.84774279375 0.12977651875000001 0.7700065875 0.1243406734375 0.7298993968749999 0.1823157390625 0.8270694203125 0.1891105296875 0.9706081937500001 0.22025177812500002 1 0.18275027187499998 1 0.160386275
2 0.62936819375 0.3095076078125 0.6904195359374999 0.36020562031250003 0.7918977015625 0.36983415000000003 0.6989511546875 0.3456073 0.6589733812499999 0.31579861249999996 0.6475753234375 0.28545592656249996 0.639838384375 0.2908240375 0.62936819375 0.3095076078125
2 0.6841281421875001 0.49314321562499996 0.5827087203125 0.482674634375 0.5038295546875 0.47209389531249996 0.5565573921875 0.5129240953124999 0.6445227765625 0.5224518796875001 0.6841281421875001 0.49314321562499996