7 0.729810915625 0 0.7378732343750001 0.034123803125000005 0.7422852578125 0.0449535265625 0.8575858515625001 0.14827335625 0.869013421875 0.154899759375 0.8713528890625 0.1510234203125 0.8686961765625 0.13543001875 0.8348997875 0.0329081671875 0.8091941640625 0.0012909484375 0.807597709375 0 0.729810915625 0
7 0.917027084375 0.102348409375 0.91293515625 0.10356273125 0.89735391875 0.08980128750000001 0.8919673546875 0.07996789531250001 0.8873558625 0.08121855 0.8800848078125 0.0743014953125 0.8759928796875001 0.07551581874999999 0.874821721875 0.081166834375 0.8807250015625 0.098389590625 0.8740941390625 0.1155606296875 0.8753241859375 0.1256846734375 0.8838281374999999 0.13530007500000002 0.8915570171875 0.1338314328125 0.8944131984375 0.13734445625 0.9150438046874999 0.1934494140625 0.9822386078124999 0.250939221875 0.9837973015625 0.2508302265625 0.977661315625 0.16308153593750002 0.9491612515625001 0.13630066093749998 0.9470858421875 0.129020290625 0.954373996875 0.09138317500000001 0.953534334375 0.0793754609375 0.9503552093750001 0.071244084375 0.9327631500000001 0.051125942187499995 0.9263963468749999 0.0571402734375 0.92268910625 0.0713223125 0.918597178125 0.07253663593750001 0.917027084375 0.102348409375
7 0.649036203125 0.5257776640625 0.645008865625 0.52791565625 0.638128196875 0.5191149296875001 0.63182883125 0.5186272390625 0.5981948625 0.5005590421874999 0.5937125484375 0.5036570375 0.60511161875 0.5845403874999999 0.6089394890625 0.594482771875 0.678285690625 0.6304738390625 0.6862729265625 0.6326998781250001 0.6954959109375001 0.6301985703125 0.6943978921875 0.6144961734375001 0.6862900265625 0.588145709375 0.6772161703124999 0.54051449375 0.649036203125 0.5257776640625
7 0.6524907890625 0.493049553125 0.65047996875 0.4866928546875 0.6521061015625 0.4800818359375 0.634376315625 0.4803934359375 0.6328793609375001 0.488851796875 0.6372913859375 0.4996815203125 0.639038146875 0.5171949265625 0.6485194890625 0.5183883 0.6511201625 0.5107809484375 0.6524907890625 0.493049553125
7 0.522967221875 0.5596543140625 0.5647176093749999 0.5817958890625 0.5743955671875 0.5783345796875 0.574072621875 0.5737162265625 0.56998354375 0.5675048546875 0.5716125265625001 0.5534681406249999 0.5600139875 0.48466517031249995 0.5322889953125001 0.4689683390625 0.51624993125 0.4635925890625 0.512096265625 0.4564575484375 0.47346326562499996 0.43409798281249995 0.4667089265625 0.4345702921875 0.4721344296875 0.5121586078125 0.47615321718750003 0.5322977 0.5041365671875 0.5516892109375 0.5077060796875 0.557936915625 0.5063411531249999 0.560816921875 0.5105622609375 0.561449940625 0.5139408546875 0.5575009375 0.5183557296875 0.56090496875 0.522967221875 0.5596543140625
7 0.792957490625 0.680002796875 0.7920532390624999 0.6670714109375 0.7764948 0.59390440625 0.75266511875 0.5816479359375 0.751252703125 0.539050103125 0.738586534375 0.5445767421875 0.74201831875 0.5712541890625 0.7401338281250001 0.5741705265625 0.7082523187499999 0.5587643484375 0.7021467218749999 0.5610476671875 0.7090777312500001 0.6079005375000001 0.71218086875 0.6448110218750001 0.71529540625 0.6520187281250001 0.7204236125000001 0.6581574375 0.728281671875 0.658536134375 0.7600340015625 0.6720949734375 0.7704898828125 0.672292015625 0.7894497171875 0.6821044578125 0.792957490625 0.680002796875
7 0.893022590625 0.7147739750000001 0.8748017406249999 0.640864959375 0.8703897171874999 0.630035234375 0.8463634171875001 0.6224334484375 0.81091239375 0.6007795640625 0.8053263609375 0.6030265499999999 0.8227018515625 0.6797792421875 0.8264651328125 0.68879795625 0.8851645328125001 0.7143952765625 0.893022590625 0.7147739750000001
7 0.9295412437499999 0.6620982484375 0.9278562203125 0.65293420625 0.92909481875 0.6407811640625 0.9260477187499999 0.627071434375 0.9181868109375 0.63411843125 0.9196077765625 0.6544391796875 0.9181782609375 0.6563955171875 0.8906470359374999 0.6434696953125 0.88603554375 0.6447203499999999 0.8920005625 0.67029246875 0.8903098390625 0.67597981875 0.8961513796875 0.6848532078125 0.908994215625 0.7266517484375 0.9618492281250001 0.7508013734375 0.968538978125 0.74940539375 0.944799534375 0.6712413390624999 0.9295412437499999 0.6620982484375
7 0.688653221875 0.8608674203125 0.7033948 0.8626211500000001 0.7034622374999999 0.8561191234375001 0.698856446875 0.8425183890625 0.69393625625 0.802022215625 0.691341284375 0.7947781796875 0.6763413500000001 0.7893297687499999 0.6737520765625 0.7672343406250001 0.6671915046875 0.7704776609375 0.6668628578125 0.7807107 0.66367803125 0.7874307125 0.6427045296875 0.778687265625 0.6380930375 0.7799379203125001 0.6396431812500001 0.802106009375 0.6439260265625 0.8110883937500001 0.6467765062499999 0.8294528078125 0.6517109453125001 0.83282050625 0.6507335546874999 0.841242534375 0.6548226328125 0.8474539078125 0.688653221875 0.8608674203125
7 0.7737183890625 0.8901901875 0.7647765625 0.83698061875 0.759586615625 0.8224925421875 0.7171200468750001 0.8050419812499999 0.7136122734375 0.8071436437499999 0.7256011984375 0.87406294375 0.7737183890625 0.8901901875
7 0.4639353640625 0.7234303765625001 0.468192559375 0.799244015625 0.535530790625 0.8214526890625 0.5385189984375 0.8193873593750001 0.5390414140625001 0.8119253328125 0.5365898687499999 0.7694001625 0.532436203125 0.76226511875 0.5305602625 0.7429043703125 0.520236409375 0.7371289765625 0.5062081640625 0.7381099265625 0.46685898281249993 0.7204413765625 0.4639353640625 0.7234303765625001
7 0.6185405 0.791515221875 0.6152996328125 0.7750344828125 0.6023133671875 0.768517075 0.5914671 0.77020370625 0.5788066328125 0.76087895625 0.559521003125 0.75387385625 0.5560778171874999 0.7568991890625 0.56456181875 0.818494453125 0.563064865625 0.8269528140625001 0.576635284375 0.834357559375 0.6144286218749999 0.8447094093749999 0.6243003500000001 0.8440191109375 0.625665275 0.8411391046875 0.6238539249999999 0.8227020296875001 0.6184673609375 0.8128686374999999 0.6185405 0.791515221875
7 0.43925177031249996 0.736294665625 0.4350392140625 0.7133845625 0.41789643125 0.7071578078125 0.40334862187500004 0.708175090625 0.3937409515625 0.6977086796874999 0.363479875 0.690542871875 0.3610112328125 0.6925718703125 0.358211090625 0.7122596 0.36279978281249997 0.7704145046875001 0.4076058171875 0.7839887265625001 0.42760478125 0.79372850625 0.44078766406250003 0.7955912296875 0.44345292656249996 0.7889075484375 0.4399651015625 0.7390293453125001 0.44139461718749995 0.7370730109375 0.43925177031249996 0.736294665625
7 0.16869066875 0.24192676093749999 0.1510957609375 0.2292343140625 0.08941099999999999 0.198276628125 0.085448253125 0.2013382921875 0.0755508734375 0.26885984218750003 0.07235749687500001 0.29785694218750003 0.0733937765625 0.3052099734375 0.0867029875 0.3163457328125 0.1128721375 0.32472586406250004 0.1793621578125 0.3572039078125 0.2352053765625 0.3792882015625 0.2391681265625 0.37622653906250003 0.2395642125 0.359491478125 0.2397921796875 0.2731541515625 0.19161325 0.2486775421875 0.16869066875 0.24192676093749999
7 0 0.2902997390625 0.0142982890625 0.2963477140625 0.0277737296875 0.2127967828125 0.0304475421875 0.18383601562500002 0.029475853125 0.1774066546875 0.0190874109375 0.1707075890625 0 0.162412465625 0 0.2902997390625
7 0.1395285390625 0.5864669578124999 0.139792596875 0.57531025 0.135832696875 0.57094621875 0.0969356421875 0.5597433609375 0.080893728125 0.5617933093749999 0.07602387968749999 0.55934928125 0.0718702109375 0.5522142375 0.0264800234375 0.5377526765625 0.023556403125 0.5407416781250001 0.021146648437500002 0.5585457359375 0.0183522078125 0.5633820765625 0.0115722171875 0.630685640625 0.0418950328125 0.6462008140625 0.08852096875 0.655935028125 0.1018976203125 0.6605687640625 0.106441671875 0.6658201328125 0.1305354140625 0.6669198953125 0.13463019062499998 0.6582798796875 0.1395285390625 0.5864669578124999
7 0.099386225 0.773983184375 0.0989398015625 0.7526661 0.097251928125 0.7509277546875001 0.06712003125 0.7456092859375001 0.054389271875 0.75021225625 0.0495840125 0.7486918984375001 0.0469890390625 0.7414478609375 0.0158180125 0.73620205625 0.021372693749999998 0.8156377125000001 0.0246192609375 0.8172670640625 0.04442730625 0.8168101375000001 0.0657266046875 0.8227462421875 0.06968935312499999 0.819684578125 0.0755983328125 0.82205594375 0.07644369375 0.81921226875 0.089884934375 0.8247696734375 0.089887784375 0.817343978125 0.09580246249999999 0.8048639546875 0.099386225 0.773983184375
7 0.0655774765625 0.8728787640625001 0.0488222296875 0.8721940296874999 0.042393685937499995 0.8698589984374999 0.0393437390625 0.8635749625000001 0.0247313390625 0.8636685734375 0.02931718125 0.9292491734375 0.0778921984375 0.9369907203125001 0.093869521875 0.934017103125 0.095169859375 0.930213428125 0.0953721765625 0.9107073531250001 0.09947550468750001 0.8797902531249999 0.097529275 0.874357225 0.07207345781249999 0.868711771875 0.0655774765625 0.8728787640625001
2 0.541324871875 0.277129978125 0.5452790703125 0.2963454 0.5506038953125 0.297829425 0.561127215625 0.2915244421875 0.563337503125 0.2858007609375 0.562301225 0.278447728125 0.5641885640625001 0.2681056984375 0.561150015625 0.23211888281249998 0.5401765140625 0.22337543593750003 0.5384183515625 0.23556480937500002 0.5397101375 0.25403821875 0.5414626 0.2567002359375 0.541324871875 0.277129978125
2 0.5550159203125 0.3086591484375 0.5481295515625 0.3147098140625 0.5484524984375 0.319328165625 0.5561139390625 0.32436154687499996 0.5684514593750001 0.3290679453125 0.56696305625 0.3152492203125 0.5629385671875 0.3099615171875 0.5550159203125 0.3086591484375
2 0.2365779234375 0.0181275046875 0.23358686562500003 0.027618529687499997 0.2352718875 0.03678256875 0.23104223125 0.058426635937500006 0.231362328125 0.07047068281249999 0.22746131875 0.08188171093749999 0.22192847656249998 0.11475514843750001 0.24835313281250002 0.1342556546875 0.2754293796875 0.148141478125 0.2778362859375 0.13776311562500002 0.28000763281249996 0.0642845109375 0.2769016453125 0.0347997203125 0.27930855 0.0244213578125 0.2750257046875 0.0154389734375 0.2365779234375 0.0181275046875
2 0.6676009109375001 0.3806105171875 0.6632116875 0.31037523437500003 0.658676184375 0.28284677812500003 0.6473692421874999 0.3003448015625 0.65098909375 0.3446446515625 0.655982421875 0.363787409375 0.6575354156250001 0.378529803125 0.6562350796875001 0.38233348125 0.6641577265625 0.3836358484375 0.6676009109375001 0.3806105171875
2 0.78721285 0.41865578281250004 0.7887126546875 0.402771728125 0.7837136265625 0.39848035937500004 0.782483578125 0.388356315625 0.7802761421875 0.3866543015625 0.780020634375 0.375533925 0.7836604375 0.367853909375 0.7780801046875 0.35524950781250003 0.7755468703124999 0.3563548359375 0.7724997734375 0.34264510625 0.76899485 0.337321071875 0.75678650625 0.3344620140625 0.757297521875 0.3567027671875 0.7674750953125 0.4051849890625 0.768637703125 0.42181105781249995 0.7788295265625 0.43316480625000003 0.788636665625 0.4315508375 0.78721285 0.41865578281250004
8 0.1042000359375 0.75322645625 0.109457421875 0.7612125062499999 0.11471765625000001 0.7617728625 0.11796707343749999 0.75597651875 0.11757953750000001 0.750434496875 0.1135550484375 0.7451467953125 0.10407370625000001 0.7439534203125 0.1042000359375 0.75322645625
1 0.31025250625 0.95972635625 0.307404878125 0.933936246875 0.30847820625 0.8447552484375 0.3054368078125 0.8161941265625 0.3064787875 0.80869576875 0.28758639218750004 0.7923813015625 0.281875921875 0.9496442093749999 0.282783021875 0.9551499015625 0.2913515640625 0.9656889734374999 0.301872034375 0.966809684375 0.31025250625 0.95972635625
1 0.1107919578125 0.6683004921875 0.10988485781249999 0.6627948031249999 0.10559916093749999 0.6612381125 0.0385838765625 0.6436477921875 0.036115231250000004 0.6456767890624999 0.0414343578125 0.66201220625 0.0479892296875 0.673620275 0.0684403171875 0.689825746875 0.089287490625 0.6892961578125 0.1107919578125 0.6683004921875
1 0.0775445625 0.8274889703125 0.032735676562499996 0.8213404437499999 0.029812056250000003 0.82432944375 0.0364961078125 0.8377848531250001 0.0560400953125 0.8484846359375 0.076954709375 0.8414530203125 0.08156905 0.8327766734375001 0.0818302578125 0.829045659375 0.0775445625 0.8274889703125
1 0.082338453125 0.350993846875 0.0814816921875 0.38354030156249996 0.08699173437499999 0.410072421875 0.091403759375 0.42090214687499994 0.1100320953125 0.4483733234375 0.132367675 0.46166245781250004 0.157629721875 0.464536896875 0.17263535624999998 0.45513391875 0.184332684375 0.4357522234375 0.19051142031249998 0.412115490625 0.1943592421875 0.37007801093750003 0.1927388078125 0.361837640625 0.08949457968749999 0.31893508593750003 0.08644178125 0.320076746875 0.082338453125 0.350993846875
1 0.3950593484375 0.47763618281250003 0.3959636 0.49056756874999996 0.40167881093749996 0.490167921875 0.4144038671875 0.5004163421875 0.410761215625 0.515522053125 0.3984854328125 0.5191650203125 0.394716453125 0.5249976937499999 0.3932641375 0.5863595875 0.40305702656250003 0.62187409375 0.4148692828125 0.6414682140625 0.42798472656250003 0.6498329609375 0.442661715625 0.6506630203125 0.451561753125 0.643543359375 0.45845097187499995 0.6300670015625001 0.46385178437499996 0.60277191875 0.46373685625 0.5637961046875 0.46238332968750007 0.53697333125 0.4569293265625 0.5336419640625001 0.45621884375 0.5234815890625 0.460897775 0.5157289109375001 0.4679779125 0.5124492593750001 0.469213659375 0.5077219125 0.46818022968750006 0.4929431859375 0.42013047812500004 0.4703139171875 0.4166255546875 0.464989884375 0.4220235203125 0.4451204953125 0.4226808125 0.42465442031249995 0.41892038125 0.40821001093750003 0.420613953125 0.39509696562499996 0.4187665140625 0.301479271875 0.41714607968750006 0.2932389 0.4134416890625 0.2999952453125 0.4145140578125 0.3825288953125 0.40885773593749997 0.3987036015625 0.3933971265625 0.4090665828125 0.38958065468749997 0.36942141875 0.38594370312500004 0.3696757390625 0.39137205625 0.43983835937500004 0.397337075 0.465410478125 0.3950593484375 0.47763618281250003
1 0.3021180625 0.6642035374999999 0.29918874375 0.6820439265625 0.29520034375000004 0.7519368453124999 0.29785705625 0.767530246875 0.3093406671875 0.797357403125 0.3247281375 0.8083478375 0.3355744046875 0.8066612046875001 0.34583936875 0.7966615406249999 0.35162486875 0.782334175 0.354231240625 0.75987543125 0.356652396875 0.7123685937500001 0.32814663125 0.7004391078125 0.32756817968749996 0.684700378125 0.33211508125 0.6825260546874999 0.33323875 0.631397196875 0.332460828125 0.6277388484374999 0.328823875 0.62799316875 0.3231761046875 0.621890790625 0.32723479218749996 0.5380701546875 0.326718078125 0.5306807921875001 0.323991075 0.5290151078124999 0.32058683125 0.5997953640625 0.3070050109375 0.6220933953125 0.3039550640625 0.6158093609375 0.301568109375 0.5742078609375 0.29923149375 0.5706585046875 0.29799574687499997 0.5753858515625 0.3021180625 0.6642035374999999
1 0.493584746875 0.63225114375 0.5008558 0.6391681984375001 0.510264003125 0.6617149859375 0.516040953125 0.6696647046875001 0.53350668125 0.6805098125 0.5437042062499999 0.677012171875 0.5526070937500001 0.662466815625 0.5564435140625 0.6501321171875001 0.557819840625 0.6175493328125 0.5562753953125 0.580529853125 0.5543937546875 0.5760204953125 0.4939418921875 0.5477611578125 0.49722454843749997 0.624571128125 0.493584746875 0.63225114375
1 0.6869720109374999 0.6725630328125 0.68951949375 0.6343292296875 0.6319238109375 0.6095829171875 0.6220520828125 0.610273215625 0.623217540625 0.6194735890625 0.6302919765625 0.631045325 0.6308675828125 0.6542097484375 0.651832534375 0.6852302796874999 0.6685849296875 0.6933407078125 0.6869720109374999 0.6725630328125
1 0.44169761406249997 0.7936712265625 0.427281834375 0.789110153125 0.41533184843750004 0.789945778125 0.425192175 0.818958259375 0.43265699687500003 0.828646325 0.441292978125 0.8326833734375001 0.4495414234375 0.8311783984375 0.459286821875 0.8212150640625 0.46611715 0.7919636453125001 0.4632780703125 0.743896453125 0.44087505312499997 0.7371093421875 0.440214909375 0.7650011125 0.44319456874999996 0.7852128671874999 0.44169761406249997 0.7936712265625
1 0.5509410609375001 0.7730375640625 0.5365252796875 0.768476490625 0.5332730140625 0.781698528125 0.5343738828125 0.78997523125 0.5366459078125 0.792600915625 0.5352135437500001 0.8019829453125 0.5384572609375 0.8110379921875 0.5285826828125 0.8191539859375 0.50676381875 0.8132542140625001 0.5041659968750001 0.8134358718750001 0.503514403125 0.8190505578125 0.515517578125 0.84884138125 0.5233727859374999 0.8566457765625 0.5354519515625 0.8576574921875 0.5434420390625 0.8524578359375001 0.55033125625 0.8389814781249999 0.5534628953125 0.8016350140625 0.5509410609375001 0.7730375640625
1 0.578637553125 0.8629913421875001 0.5933088421875 0.8786727921875 0.604610084375 0.8760261578125 0.614099975 0.8549424468750001 0.614622390625 0.8474804203125 0.609103796875 0.843225384375 0.571504228125 0.83564454375 0.578637553125 0.8629913421875001
1 0.6490456828125 0.8395041875 0.6501522515625 0.8329295 0.6461277640625 0.8276417984375 0.6439231765625 0.8185140890625 0.6430189265624999 0.8055827015625001 0.6378261296875001 0.7985203234375 0.6300326609375 0.7990652953125 0.6304676859375 0.8500851562499999 0.641108784375 0.87533029375 0.653963021875 0.8874260546875 0.6607173609375 0.8869537453125 0.666109625 0.8819357468750001 0.672675896875 0.8638410375 0.67163961875 0.8564880046875001 0.6524831671875 0.8513302453125 0.6490456828125 0.8395041875
1 0.72242303125 0.694216915625 0.7326765953125001 0.7139200296875 0.73618436875 0.71181836875 0.74150634375 0.7207280890625001 0.7488448375 0.7211431171875 0.7574219281250001 0.70940510625 0.764120228125 0.685732040625 0.7632805671875 0.6737243265624999 0.7186711515625 0.6554954203125 0.7153599953125 0.6529423984375 0.7119225109375 0.6411163421875 0.713146859375 0.6660917734375 0.72242303125 0.694216915625
1 0.5738648953125 0 0.5635046921875 0.0193994171875 0.562788509375 0.0240904328125 0.5679813046875 0.031152812499999998 0.565442371875 0.047109531249999996 0.5695314484375 0.053320903125 0.5784818265625 0.0842533875 0.596073884375 0.10437153125000001 0.5937961578125 0.116597234375 0.5791220203125 0.10834148125000001 0.573926375 0.10870479531249999 0.56177691875 0.1216207984375 0.5659695265625 0.196510765625 0.574658696875 0.2311742640625 0.5839377203125 0.2518737109375 0.6026306453125 0.28026855624999997 0.623795065625 0.2992087078125 0.6410052875 0.2989334390625 0.6440609359375 0.2903660859375 0.651986434375 0.284242759375 0.656016621875 0.2746790703125 0.6626531828125 0.2426566421875 0.6604656953125 0.1889747640625 0.6526190374999999 0.15889328593750002 0.6517822265625 0.1394598765625 0.649965175 0.1358741875 0.6546441062499999 0.128121509375 0.6675714828125 0.1188638578125 0.6822598703125 0.0899911359375 0.6105856046875 0.0281736296875 0.6088359921875 0.01808591875 0.6198734296875 0 0.5738648953125 0
1 0.6814752875 0.272898828125 0.679934496875 0.28321662812500004 0.6743923015625 0.283604175 0.6675116328125 0.27480344843750004 0.6631584984375001 0.279748784375 0.6656214421875 0.292571175 0.6627624125 0.2964838453125 0.6657278203125 0.353824075 0.6735041890625 0.397833271875 0.6867402625000001 0.43032244531249997 0.7060201937499999 0.4521789359375 0.7146561734375 0.4562159828125 0.7229046171875 0.45471100781249996 0.7312205015625 0.446704009375 0.73537986875 0.4389876640625 0.7374638265625 0.42399094687499994 0.7376044046875 0.3961355078125 0.7345715578124999 0.3452973046875 0.73145701875 0.33808959843749997 0.732695615625 0.32593655625 0.7289969234375 0.3178415125 0.728480209375 0.3104521484375 0.7336141171875 0.30173946875 0.74679985 0.2961764984375 0.7579747640625001 0.284256828125 0.773634840625 0.26181346875 0.793516025 0.240003128125 0.8002114765625 0.223755759375 0.7980125890624999 0.1997766609375 0.7854841484375 0.18487355625 0.7860065640625 0.1774115296875 0.7841249234375 0.172902171875 0.709917421875 0.11218999375000001 0.70621588125 0.11152064218749999 0.7090606609375001 0.144736446875 0.7030139546874999 0.162794825 0.6763727312500001 0.1999288640625 0.665397284375 0.19976815625 0.660724053125 0.19266944531250002 0.6618866609375 0.2092955125 0.6658465609374999 0.21365954375 0.6664924531249999 0.22289624843750003 0.663824340625 0.23700562343749998 0.6734348609375 0.2400463390625 0.6752462125 0.2584834171875 0.6814752875 0.272898828125
1 0.7855116890625 0.282331259375 0.7788893765625 0.2772252140625 0.7761652265625 0.2681338359375 0.77460653125 0.2682428296875 0.77460368125 0.275668525 0.7788190875 0.291152934375 0.7818044468750001 0.2965133 0.78433768125 0.2954079703125 0.7857614953125001 0.308303025 0.7955600828125 0.328966140625 0.8054935499999999 0.3366252078125 0.8328324328125 0.3430671703125 0.831786178125 0.36170407031249996 0.8063949515625 0.3569822875 0.794248346875 0.3624725953125 0.7903530390625 0.3590322359375 0.7873648296875 0.3610975640625 0.7987639 0.44198091406250006 0.81362325625 0.47528476406250003 0.8268004390625 0.491998878125 0.8361497531250001 0.49877060625 0.849071428125 0.5043643421875 0.8631642625 0.5043070625 0.879992646875 0.48363838281250005 0.8823406625000001 0.4574849578125 0.8802766546875 0.420501809375 0.8746402828125 0.384696653125 0.86523778125 0.347298475 0.8658893750000001 0.3416837890625 0.8853155828125001 0.3208334515625 0.9091680656250001 0.2736843625 0.833856846875 0.2121211765625 0.8291161765625 0.211524490625 0.8147592843749999 0.222738478125 0.8106787578124999 0.1942500203125 0.80399185625 0.18822030625 0.80132659375 0.1949039875 0.8065782796875001 0.2177414265625 0.8070275546874999 0.2316328140625 0.8046852390625 0.24293484843750002 0.791813903125 0.2753932578125 0.7855116890625 0.282331259375
1 1 0.48253961093750003 0.9964568093749999 0.431869628125 0.9943139625 0.4310912828125 0.9936034796875 0.420930909375 0.9821198687500001 0.3911037515625 0.9801764890625 0.3782450296875 0.9843358546875001 0.3705286828125 0.992129325 0.36998371093750004 0.9898686984375 0.3376552453125 0.9424087999999999 0.30106192656249997 0.9360448453125001 0.2996505640625 0.9280519093749999 0.3122759140625 0.9244092578125 0.327381625 0.939565909375 0.4321350796875 0.9509203421875 0.46011489531249994 0.9555878734375 0.482064996875 0.9694755390625 0.5089394859375 0.9807064921875 0.5202205703125 0.989539090625 0.519602934375 0.9972708203125 0.510708596875 1 0.5042322203125 1 0.48253961093750003
1 0.7893993765625 0.6440523125000001 0.7936708218749999 0.6827374765625 0.7893176875 0.6876828125000001 0.7914548359375 0.7033125453125 0.8050138546875001 0.740420071875 0.8135823953125 0.7509591437500001 0.8283885625 0.75363654375 0.8374206296875 0.7409385296875 0.8415856953124999 0.71837079375 0.8401647296875 0.6980500453125 0.8253614140625001 0.68794695 0.816088090625 0.6523961125 0.7950499984375 0.6427289953125 0.7893993765625 0.6440523125000001