3 0.47816952500000004 0 0 0.0418344125 0 0.34309921875 0.06677699687500001 0.33823520625 0.06855386249999999 0.2025914984375 0.40196328281250004 0.19262069375 0.40267767499999996 0.200786225 0.42264039843749995 0.206170671875 0.459823675 0.22458470625000002 0.4964354375 0.23646631718750002 0.5131632421875 0.2382940359375 0.5223587734375 0.23200417812500002 0.5441276390625001 0.22461429375000003 0.5397826609374999 0.219509075 0.5442045796875 0.20321468125000003 0.5584082015625 0.176190859375 0.562591990625 0.1571746203125 0.5706298390625 0.1487919046875 0.5745608390625 0.13802581249999998 0.571626334375 0.1267633046875 0.591601065625 0 0.47816952500000004 0
7 0.1195652328125 0.239817275 0.10423324062499999 0.24280425625 0.098422815625 0.3212046328125 0.0945906765625 0.5113331609375 0.09535269375 0.5200430593750001 0.099411915625 0.5218820656250001 0.1506724203125 0.5173973515625 0.2190087671875 0.5075789484375 0.36974586249999997 0.49274555624999994 0.39599162187500003 0.391712971875 0.41175224843749997 0.393625309375 0.44344934687500004 0.41059944843749996 0.45354977500000004 0.41465259374999996 0.457370865625 0.41376975624999995 0.46187337968750003 0.4095360875 0.47718340625 0.3506004140625 0.478355746875 0.3417212796875 0.47516845312499995 0.3387089203125 0.44786395937499995 0.32738436718749997 0.4385878328125 0.3216134984375 0.43298991718749996 0.3133266875 0.4151044296875 0.309406109375 0.43125341562499997 0.23778072187500002 0.42773273749999996 0.23095777968750003 0.37217488125 0.23088164375 0.1195652328125 0.239817275
7 0.25286004375000004 0.504617346875 0.0986828671875 0.5246885265625 0.0927369125 0.5235631234375 0.0910553421875 0.5154822109375 0.0871866234375 0.5158206796875 0.0808119921875 0.654609315625 0.083336175 0.68346085625 0.07980083906249999 0.68760990625 0.0792000125 0.7030214640625 0.0798191515625 0.71009825625 0.0888571484375 0.7131472828125001 0.15080425 0.7082761484375 0.307882965625 0.6879511171875 0.31160880468749996 0.6859795421875 0.321518728125 0.6878552140624999 0.3320258265625 0.640858984375 0.335180153125 0.6323549859375001 0.34423280625 0.6244320203125 0.349002765625 0.600976215625 0.3575645015625 0.5985815546875 0.3861072734375 0.624059690625 0.3942257171875 0.6277377046875 0.39887110937500003 0.62513714375 0.4097592171875 0.5824958640625 0.40803001875 0.5738705828125 0.3764904578125 0.5475575593750001 0.36107787187499996 0.5384838109375 0.36637171875 0.5210160625 0.36316611249999997 0.4955153515625 0.3398109296875 0.49591305781250006 0.25286004375000004 0.504617346875
7 0.2531766578125 1 0.25994889374999997 0.9532476687500001 0.184937540625 0.96474713125 0.080419890625 0.9843134140625001 0.0726678 0.9959623437499999 0.07260374375 1 0.2531766578125 1
7 0.3525206640625 0.7865122421875 0.3641893140625 0.741608534375 0.32074257500000003 0.7085480484375 0.33586472343749996 0.6852836156250001 0.0858593890625 0.715932815625 0.08241143749999999 0.8689467359374999 0.298675315625 0.8307176515625001 0.315036234375 0.7502971546875 0.3525206640625 0.7865122421875
7 0.3171308015625 0.9168686750000001 0.324538 0.876726078125 0.2950977453125 0.843317840625 0.295655578125 0.8318595015625 0.08178649375 0.8654907843749999 0.07528944531250001 0.9880534828125 0.25965706875 0.9552479281249999 0.287158103125 0.8773634234375001 0.3171308015625 0.9168686750000001
7 0.0773609046875 0.7042794359375 0.07940151875 0.6607666062499999 0.0762142265625 0.657754246875 0.051305693750000006 0.6626761375 0.0575849859375 0.812425478125 0.07692857343750001 0.8107331328124999 0.0801781515625 0.8033178718749999 0.0853694390625 0.7178407015625 0.0773609046875 0.7042794359375
8 0.49151890312499996 0.36964203281249997 0.49957506250000006 0.38374766562499996 0.515716696875 0.3900149515625 0.525436115625 0.3897131484375 0.5386908703125 0.38526229375 0.5429552531249999 0.378306784375 0.5422408609375 0.3701412546875 0.5229742171875 0.35043398593749997 0.51388859375 0.346840590625 0.501172384375 0.346307509375 0.4932774140625 0.35632333125 0.49151890312499996 0.36964203281249997
8 0.415859053125 0.5408220390625 0.40024130468749997 0.540542809375 0.3878108515625 0.5432759390624999 0.3879866984375 0.55642540625 0.3964861515625 0.564458365625 0.4015125515625 0.5662127546875 0.4232337890625 0.558278503125 0.42431087968750003 0.5483106328125 0.415859053125 0.5408220390625
8 0.40483167656249996 0.7601039109375 0.411649559375 0.760055959375 0.4239371328125 0.7556897234375 0.4262671578125 0.7489034484375 0.41429465624999995 0.7345919140625 0.40308416874999997 0.7289902796875001 0.3972334671875 0.7289536140624999 0.3915732703125 0.7310944234375001 0.388514196875 0.7406871609375 0.393525940625 0.7534135390625 0.40483167656249996 0.7601039109375
8 0.35334400312500003 0.8622478062500001 0.3428772234375 0.8428677203125 0.3386751234375 0.8393956078125001 0.3308900625 0.8395281765625 0.32565849999999996 0.8465683046875 0.3247719171875 0.85871365 0.33046508281250003 0.8680892015625 0.3396459578125 0.8727713312500001 0.35202878437499996 0.8694938328124999 0.35334400312500003 0.8622478062500001
8 0.3154920921875 0.964295796875 0.30318620625000003 0.9461736828125 0.2943387140625 0.9453021312500001 0.2902025515625 0.9648627390625 0.3016511671875 0.9731862171874999 0.3131144421875 0.970537703125 0.3154920921875 0.964295796875
5 0.602575940625 0.558495625 0.61843181875 0.5614967 0.6610536453125 0.5808062609375 0.6659371671875001 0.58092754375 0.6701063 0.5728832953125 0.7477298234374999 0.3795900703125 0.7464292609375 0.3758641078125 0.7364240859375 0.37289969843750004 0.6677360421875 0.356419171875 0.6562727703125 0.359067684375 0.5982309625 0.5533904078125 0.602575940625 0.558495625
1 1 0.47816952500000004 0.9928108531250001 0.3959972046875 0.9920671531249999 0.387496678125 0.9801093015625 0.38449213125 0.97267228125 0.377463290625 0.9638724156249999 0.3771361078125 0.9309077234375 0.367952365625 0.9262147046875 0.37000855781249997 0.8782514046875001 0.367622378125 0.8434805750000001 0.371212965625 0.821568834375 0.37696974375000003 0.80525500625 0.3910133328125 0.796759209375 0.41644071406250005 0.7734406468749999 0.46181512187499996 0.7718250156249999 0.476766928125 0.7644209625 0.48125444687499996 0.7589842375 0.497089090625 0.7627760140625 0.518150234375 0.768373928125 0.5264370484375 0.7753823140625 0.5285665703125 0.773147540625 0.5364415828125 0.756928965625 0.5515739109375 0.7494626296875 0.5664890515625001 0.7273310687500001 0.5920123359375 0.7149189265625 0.617233815625 0.7129699109375001 0.6283750421875001 0.71522299375 0.6429883796875 0.7220262187500001 0.65391241875 0.7477773609375 0.6697611546875 0.7794414921875 0.6752189328125 0.838391803125 0.669512915625 0.952548278125 0.6375841 0.951200090625 0.6333137671875 0.9566697843749999 0.6289954828125001 0.9677813640625 0.6000480390625 0.980131221875 0.5852541812500001 0.9914039921875 0.58042819375 1 0.5719294421875001 1 0.47816952500000004
1 1 0.680089315625 0.9297206375 0.6774302046875 0.90584156875 0.67183985625 0.8842448984375 0.6589188625 0.8460816124999999 0.6682916078125001 0.7988327046875 0.6740709578125 0.7833102078125 0.6748804640625 0.74883979375 0.670765275 0.7241510812499999 0.655920659375 0.7155563765624999 0.646798959375 0.712145609375 0.6300927656249999 0.7131274453125 0.6190361578125 0.7183590093750001 0.6119960296875 0.7169302265625 0.59566496875 0.7098595578125 0.6039630687499999 0.6763892890625 0.6112796203124999 0.6467107984375 0.63965731875 0.6408930640625 0.6511370125 0.6422265953124999 0.6663793359375 0.64612828125 0.6775572265625 0.66273151875 0.7002401890625001 0.7109219453125 0.7497805453125 0.7164722328125 0.757522990625 0.7148712578125 0.76150280625 0.7042799109375 0.7629779640625001 0.69522725625 0.770900928125 0.657397353125 0.7840842546875 0.610657675 0.8068236515624999 0.6016050203125001 0.8147466171875 0.59497764375 0.8169720421875001 0.5732417484375001 0.8358782859374999 0.5573712125 0.843849203125 0.5463219171875 0.8623690249999999 0.55482136875 0.8704019859375001 0.5686476359375 0.87248355625 0.577289965625 0.8821496234374999 0.87997681875 0.7772273890625 0.9598570343749999 0.7768212015625 0.9795340031249999 0.7789394374999999 1 0.7782597203125 1 0.7680652218749999 0.8919310093749999 0.769050571875 0.8827977609375001 0.764912809375 0.89567150625 0.7561070062499999 0.9108606187499999 0.7514869203125001 0.922767184375 0.742765734375 0.926683528125 0.742971634375 0.9274125765625 0.7401651734375 0.9375752890625 0.733790696875 0.9424111859375 0.7333676109375 0.9533029453124999 0.7241866734375 0.958138840625 0.7237635859375 0.9653523890625 0.7170985937500001 0.973914125 0.71470393125 0.9848535125 0.7060673656249999 0.9896894078124999 0.7056442781250001 0.9968077046875001 0.697890546875 1 0.6968585421875 1 0.680089315625
1 0.5218304781249999 1 0.6698270109375 0.9870519812499999 0.670721653125 0.9809398187499999 0.6783162109374999 0.9786297749999999 0.6731945578125 0.9757866484375001 0.6727659218750001 0.9708873312499999 0.6776164765625 0.9594922546875001 0.7007481859375 0.9454007125 0.70688464375 0.9487035890625 0.7146697046875 0.9485710203125001 0.71891943125 0.9525875015624999 0.7234219453125 0.948353834375 0.7799469796875 0.9483453546874999 0.9584318609375 0.9387638390624999 0.9709099406249999 0.936575078125 0.9714961109375 0.9321355125 0.9672940109375 0.9286633999999999 0.9604761296875 0.9287113515625001 0.8042363734375 0.9363466703125001 0.795103125 0.93220890625 0.7955940421875 0.9266806015625001 0.81238413125 0.9180806984375 0.8109883171875 0.9132659984375 0.8037418000000001 0.90841463125 0.8341933140625001 0.8443145015625 0.839758259375 0.8410849562499999 0.8400110468750001 0.8328348078125 0.8155458078125 0.831684025 0.8063649343750001 0.82700189375 0.7483818 0.8326232953125 0.73165399375 0.8307955781249999 0.7162267515625 0.8326938203124999 0.576575575 0.8739840953125 0.5776233484375 0.88596020625 0.5868518500000001 0.8911867046875 0.587280484375 0.8960860234375 0.5954465546875001 0.9003084046875 0.5990148578125 0.9076757140625 0.5877420875 0.9125017015625 0.578689434375 0.9204246656249999 0.5719668046875 0.92156135625 0.5523704296874999 0.9315038484375 0.509151428125 0.9610661859375 0.48021946875 1 0.5218304781249999 1
2 0.823613103125 0.3669172546875 0.923184946875 0.3576573125 0.9623154109375 0.34819995000000004 0.9688475375 0.34488578593749997 0.98636545625 0.3223259765625 0.9847085859375 0.30338787031250003 0.7987302328125 0.316434821875 0.693450565625 0.32729120625 0.6977002921875 0.3313076875 0.7458870625 0.347387703125 0.7607281359375 0.3499290234375 0.7649778625 0.3539455046875 0.7749830375 0.3569099140625 0.8069952062500001 0.35520628125 0.8192204984375 0.36126766718750003 0.823613103125 0.3669172546875
5 0.4908336953125 0.7739725921875 0.46974625468750003 0.778011646875 0.4655771234375 0.7860558921874999 0.4350486703125 0.8715556375 0.4390932328125 0.884366634375 0.44619687187499996 0.8875848953125001 0.454568103125 0.8830127578125 0.4933395671875 0.7803357828124999 0.4908336953125 0.7739725921875