7 0.7109375 0.3731481484375 0.709375 0.36944444375 0.7026041671875001 0.36851851875 0.6416666671875 0.365740740625 0.6390625 0.397222221875 0.6385416671875 0.415740740625 0.6421875 0.4203703703125 0.7098958328125 0.42314814843750004 0.7109375 0.3731481484375
7 0.7515625 0.45 0.7671875 0.4296296296875 0.8104166671874999 0.43240740781250003 0.8130208328125 0.409259259375 0.8130208328125 0.3768518515625 0.7395833328125 0.371296296875 0.7369791671875 0.377777778125 0.7359375 0.4148148140625 0.7338541671875001 0.41944444374999995 0.7348958328124999 0.43055555625 0.7328125 0.44351851875000003 0.7354166671875 0.4481481484375 0.7515625 0.45
7 0.5875 0.4361111109375 0.5994791671875 0.43518518593750005 0.6026041671875 0.43055555625 0.6125 0.43240740781250003 0.6192708328125 0.427777778125 0.621875 0.396296296875 0.6208333328125 0.3648148140625 0.5984375 0.3611111109375 0.5557291671875 0.3620370375 0.5557291671875 0.41203703750000004 0.5802083328125 0.4148148140625 0.5864583328124999 0.42222222187499997 0.5875 0.4361111109375
7 0.48802083281249997 0.4138888890625 0.4984375 0.41018518593750003 0.5197916671875 0.41018518593750003 0.5192708328125 0.3601851859375 0.5177083328125 0.3583333328125 0.459375 0.35555555625 0.45989583281249996 0.40833333281249995 0.4625 0.42129629687500003 0.4838541671875 0.4203703703125 0.48802083281249997 0.4138888890625
7 0.515625 0.50555555625 0.5296875 0.5203703703125 0.53125 0.5287037031249999 0.5395833328124999 0.5296296296875 0.5416666671875 0.5287037031249999 0.5416666671875 0.515740740625 0.5473958328124999 0.4990740734375 0.5526041671875 0.497222221875 0.5572916671875 0.5 0.559375 0.50648148125 0.55625 0.509259259375 0.559375 0.5120370375000001 0.5791666671875 0.5129629625 0.5822916671875 0.4546296296875 0.5807291671875 0.42314814843750004 0.5786458328124999 0.41944444374999995 0.5041666671875 0.41203703750000004 0.490625 0.415740740625 0.49010416718750005 0.43148148124999997 0.49583333281249997 0.50555555625 0.5010416671875 0.509259259375 0.515625 0.50555555625
7 0.40729166718750004 0.48333333281249996 0.40989583281249997 0.48425925937500003 0.4114583328125 0.49351851875 0.41302083281249996 0.49351851875 0.4145833328125 0.48425925937500003 0.42083333281249996 0.48333333281249996 0.42604166718750003 0.4916666671875 0.4270833328125 0.5009259265625 0.4348958328125 0.48425925937500003 0.4375 0.48703703750000005 0.4369791671875 0.490740740625 0.44322916718750005 0.497222221875 0.4578125 0.5009259265625 0.4614583328125 0.4981481484375 0.4614583328125 0.42314814843750004 0.45989583281249996 0.41018518593750003 0.4557291671875 0.4074074078125 0.3807291671875 0.4046296296875 0.3802083328125 0.4379629625 0.384375 0.49629629687500004 0.4036458328125 0.49444444374999996 0.40729166718750004 0.48333333281249996
7 0.6208333328125 0.5175925921875 0.6229166671875 0.521296296875 0.640625 0.5240740734375 0.6432291671875 0.521296296875 0.6447916671875 0.5120370375000001 0.6546875 0.5138888890625 0.6630208328125 0.5296296296875 0.6619791671875 0.5509259265625001 0.665625 0.5574074078125 0.6708333328125 0.55648148125 0.6703125 0.5509259265625001 0.6744791671875 0.54444444375 0.6734375 0.5314814812499999 0.6786458328125 0.525 0.678125 0.5175925921875 0.6802083328124999 0.5148148140625 0.6953125 0.5120370375000001 0.696875 0.5287037031249999 0.7166666671875 0.5287037031249999 0.71875 0.45370370312499997 0.7151041671875 0.44259259218749997 0.6786458328125 0.4361111109375 0.6390625 0.4361111109375 0.6276041671875 0.4379629625 0.625 0.44259259218749997 0.625 0.45370370312499997 0.6203125 0.48148148125 0.621875 0.4879629625 0.6208333328125 0.5175925921875
7 0.7567708328125 0.525 0.7630208328125 0.5379629625 0.8213541671875 0.54351851875 0.828125 0.540740740625 0.8296875 0.54444444375 0.84375 0.54444444375 0.8453125 0.5398148140625 0.8505208328125 0.5379629625 0.8583333328125 0.546296296875 0.8651041671874999 0.546296296875 0.8708333328125001 0.46944444374999994 0.86875 0.46388888906250003 0.8645833328125001 0.4620370375 0.8625 0.45277777812500003 0.8640625 0.44351851875000003 0.8619791671874999 0.44166666718750003 0.8083333328125001 0.44351851875000003 0.8015625 0.4370370375 0.7697916671875 0.43518518593750005 0.7666666671875 0.4388888890625 0.7630208328125 0.471296296875 0.7583333328124999 0.48981481406249994 0.7609375 0.4953703703125 0.75625 0.5083333328124999 0.7583333328124999 0.51944444375 0.7567708328125 0.525
7 0.7942708328125 0.727777778125 0.7942708328125 0.7203703703125 0.815625 0.725 0.815625 0.73148148125 0.8182291671874999 0.7351851859375 0.8276041671875 0.7361111109375 0.8276041671875 0.727777778125 0.8296875 0.7240740734375 0.8359375 0.7175925921874999 0.84375 0.7175925921874999 0.8557291671874999 0.7231481484375 0.8572916671874999 0.7370370375 0.8640625 0.74351851875 0.8822916671875 0.747222221875 0.9041666671874999 0.74351851875 0.90625 0.7518518515625 0.9296875 0.75555555625 0.9354166671874999 0.7194444437499999 0.9390625 0.6648148140625 0.9479166671874999 0.5990740734375 0.9458333328125 0.5935185187500001 0.9286458328125 0.5870370375 0.8677083328125 0.584259259375 0.8260416671874999 0.5768518515625 0.8182291671874999 0.571296296875 0.7666666671875 0.5675925921875 0.7635416671875 0.5703703703125 0.7619791671875 0.5796296296875 0.7572916671875001 0.6601851859375001 0.7557291671875 0.7203703703125 0.759375 0.725 0.7916666671875 0.7296296296875 0.7942708328125 0.727777778125
7 0.528125 0.6888888890625 0.5385416671875001 0.6851851859375 0.5505208328125 0.690740740625 0.5572916671875 0.6898148140625 0.5598958328125 0.7004629625 0.5598958328125 0.7148148140624999 0.5541666671875001 0.7324074078125 0.5442708328125 0.7388888890625 0.5369791671875 0.7351851859375 0.5333333328125 0.7518518515625 0.5427083328125 0.752777778125 0.5526041671875 0.7601851859375001 0.5958333328125 0.7620370375000001 0.5963541671875 0.7574074078125 0.5875 0.753703703125 0.5817708328125 0.7398148140624999 0.5838541671875 0.7268518515625 0.58125 0.7138888890625 0.5817708328125 0.7 0.5901041671875 0.6796296296875 0.5958333328125 0.6740740734374999 0.609375 0.6861111109375 0.6109375 0.7009259265625001 0.6125 0.696296296875 0.61875 0.7 0.621875 0.6972222218749999 0.6234375 0.7046296296875 0.640625 0.7083333328125 0.6463541671875 0.703703703125 0.6489583328124999 0.60648148125 0.6479166671875001 0.5583333328125 0.6447916671875 0.5481481484375 0.6109375 0.5398148140625 0.5057291671875 0.5314814812499999 0.5015625 0.540740740625 0.5026041671875 0.5740740734374999 0.5010416671875 0.5944444437499999 0.5005208328124999 0.6583333328125 0.5026041671875 0.68148148125 0.50625 0.6851851859375 0.528125 0.6888888890625
7 0.2770833328125 0.65 0.3015625 0.6537037031249999 0.3036458328125 0.64444444375 0.3104166671875 0.6333333328124999 0.3145833328125 0.6324074078125 0.3182291671875 0.6388888890625 0.3291666671875 0.6351851859375001 0.34375 0.640740740625 0.34322916718749996 0.6574074078125001 0.3458333328125 0.659259259375 0.3614583328125 0.6620370375 0.365625 0.6574074078125001 0.3723958328125 0.6574074078125001 0.3802083328125 0.6648148140625 0.3984375 0.665740740625 0.39895833281250004 0.6074074078125 0.396875 0.5916666671875 0.3958333328125 0.5351851859375001 0.3927083328125 0.51851851875 0.26875 0.5083333328124999 0.2671875 0.509259259375 0.2671875 0.5231481484375 0.2744791671875 0.6379629625 0.2770833328125 0.65
2 0.2625 0.9990740734375001 0.2994791671875 0.9990740734375001 0.3192708328125 0.9546296296874999 0.3223958328125 0.9064814812499999 0.3265625 0.9 0.3291666671875 0.88055555625 0.32864583281250004 0.8175925921875 0.3255208328125 0.79444444375 0.3114583328125 0.7888888890625 0.2786458328125 0.7861111109375 0.2515625 0.821296296875 0.2453125 0.834259259375 0.24635416718749997 0.8768518515625001 0.24479166718749998 0.897222221875 0.25 0.99351851875 0.2625 0.9990740734375001
2 0.48333333281249996 0.877777778125 0.4875 0.9037037031249999 0.4895833328125 0.9638888890624999 0.49010416718750005 0.9694444437499999 0.49375 0.9731481484375 0.4927083328125 0.9879629624999999 0.49010416718750005 0.99351851875 0.4927083328125 0.9990740734375001 0.50625 0.9990740734375001 0.5072916671875001 0.9003703703125 0.5104166671875 0.8861111109375001 0.5166666671875 0.872222221875 0.51875 0.8583333328125 0.5223958328125 0.8518518515625001 0.5302083328125 0.8490740734375001 0.5302083328125 0.8370370375 0.5223958328125 0.83148148125 0.48645833281249995 0.8240740734375 0.47760416718750004 0.8259259265625 0.47239583281249997 0.8361111109375001 0.4713541671875 0.840740740625 0.47552083281249996 0.8490740734375001 0.4796875 0.872222221875 0.48333333281249996 0.877777778125
1 0.48645833281249995 0.9037037031249999 0.4828125 0.8824074078124999 0.47239583281249997 0.8453703703125001 0.46510416718750003 0.8296296296874999 0.45 0.80648148125 0.4348958328125 0.790740740625 0.42083333281249996 0.7833333328125 0.4 0.7824074078125001 0.3854166671875 0.7870370375 0.36770833281250004 0.8009259265625 0.3463541671875 0.8351851859374999 0.334375 0.9 0.334375 0.9990740734375001 0.4869791671875 0.9990740734375001 0.48854166718750003 0.952777778125 0.48645833281249995 0.9037037031249999
1 0.10364583281249999 0.9444444437499999 0.10625 0.940740740625 0.146875 0.9425925921875 0.1807291671875 0.953703703125 0.1854166671875 0.9583333328125001 0.1994791671875 0.959259259375 0.2015625 0.9861111109375 0.2036458328125 0.9898148140625 0.2182291671875 0.99444444375 0.22239583281250003 0.9925925921875001 0.22291666718749997 0.8518518515625001 0.22135416718749998 0.827777778125 0.2125 0.7824074078125001 0.2036458328125 0.759259259375 0.19479166718750002 0.74351851875 0.184375 0.728703703125 0.1661458328125 0.7166666671875 0.14895833281249998 0.7148148140624999 0.1338541671875 0.7203703703125 0.1203125 0.7324074078125 0.1109375 0.746296296875 0.0994791671875 0.7768518515625 0.0947916671875 0.80648148125 0.090625 0.85555555625 0.09427083281250001 0.9638888890624999 0.1041666671875 0.9620370375 0.10364583281249999 0.9444444437499999
1 0.84375 0.984259259375 0.8364583328125 0.946296296875 0.8239583328125001 0.9064814812499999 0.7947916671875 0.8611111109375 0.7739583328124999 0.8453703703125001 0.7567708328125 0.8388888890624999 0.7244791671875 0.840740740625 0.6958333328124999 0.8638888890624999 0.6755208328125 0.9 0.6661458328125 0.9388888890624999 0.6609375 0.972222221875 0.6609375 0.9990740734375001 0.8432291671875 0.9990740734375001 0.84375 0.9953703703125001 0.84375 0.984259259375
1 0.5015625 0.5361111109375 0.5052083328125 0.5287037031249999 0.49010416718750005 0.5166666671875 0.4817708328125 0.5166666671875 0.4625 0.5324074078125001 0.45 0.5629629625 0.4458333328125 0.6009259265625 0.4458333328125 0.65 0.5005208328124999 0.6574074078125001 0.5010416671875 0.546296296875 0.5015625 0.5361111109375
1 0.49375 0.465740740625 0.490625 0.45 0.4875 0.44444444375 0.48229166718750005 0.4379629625 0.4770833328125 0.4379629625 0.4703125 0.42592592656250006 0.465625 0.43148148124999997 0.4614583328125 0.44907407343749994 0.4625 0.48333333281249996 0.4604166671875 0.5009259265625 0.49427083281249995 0.5046296296875 0.49375 0.465740740625
1 0.7609375 0.475 0.7536458328125 0.477777778125 0.746875 0.48981481406249994 0.7390625 0.51944444375 0.7395833328125 0.5324074078125001 0.759375 0.5333333328125 0.7625 0.4861111109375 0.7609375 0.475
1 0.7640625 0.540740740625 0.7557291671875 0.540740740625 0.7557291671875 0.5453703703125 0.7635416671875 0.5481481484375 0.7640625 0.540740740625
7 0 0.9990740734375001 0.21458333281250003 0.9990740734375001 0.209375 0.99351851875 0.00625 0.9444444437499999 0 0.9444444437499999 0 0.9990740734375001
8 0.6463541671875 0.5370370375 0.6427083328125 0.525 0.634375 0.5268518515625 0.6338541671875 0.534259259375 0.6380208328125 0.5398148140625 0.6427083328125 0.540740740625 0.6463541671875 0.5370370375