7 0.20384733437500002 0.7803886375 0.2144180484375 0.7393285953125 0.2144652578125 0.732653315625 0.21754311875000001 0.7281515875 0.21053485312500003 0.7284926453125 0.20144289999999998 0.72197199375 0.1927064046875 0.7297954609375 0.1846211203125 0.742446909375 0.184029615625 0.7614791875 0.1788564953125 0.7715228125 0.1582931453125 0.761135940625 0.1481713828125 0.7602504015625 0.134983328125 0.7514629859374999 0.1265782234375 0.755498640625 0.10071447656250002 0.8915950531249999 0.0986076453125 0.90954055625 0.100407153125 0.9135147984374999 0.182305090625 0.9407181671875 0.2137714703125 0.9491963265625 0.22192803125 0.9480015312500001 0.2400494546875 0.8083651484375001 0.216289759375 0.7976986312500001 0.2078133765625 0.790277634375 0.20384733437500002 0.7803886375
7 0.3490691265625 0.844620771875 0.3531527296875 0.816352 0.360437 0.805697909375 0.3496837734375 0.8007812828124999 0.3400118859375 0.8008893046875001 0.3353599203125 0.8233831437499999 0.3282572359375 0.837074759375 0.3000344109375 0.8222009640625 0.2940915953125 0.8226352374999999 0.27601738125 0.9555963406249999 0.3491431828125 0.9848948515625 0.3613958453125 0.9859668218750001 0.37466396875 0.86498985625 0.3523011125 0.8506287421875 0.3490691265625 0.844620771875
7 0.5722644640625 0.66185714375 0.5742768765624999 0.6572622 0.5639297109375 0.634410309375 0.5588510109375 0.631103378125 0.54065553125 0.63046568125 0.5462776015624999 0.578476471875 0.5878888875 0.5630329609375 0.5972409546875 0.554309146875 0.5967198015624999 0.541858934375 0.586491121875 0.523788415625 0.56986975 0.505158609375 0.545127453125 0.49345192656250003 0.5108914609374999 0.5104948921875 0.48333234375 0.530984615625 0.481237084375 0.5365265124999999 0.4858187 0.5455151640625 0.4815453328125 0.5575459109375 0.4561990359375 0.5343359671875 0.45230427031250003 0.535903621875 0.4459365703125 0.5964154078125 0.43587729062499997 0.748207553125 0.43478870000000003 0.77292155 0.43748796093750003 0.7788829125000001 0.5621232640625 0.8575353859374999 0.5726949046875001 0.8594144859374999 0.5745059828125 0.8509851218750001 0.57726031875 0.6661110296875 0.5722644640625 0.66185714375
7 0.6844939078125 0.7718670921874999 0.677165821875 0.76359235625 0.6790000421875 0.73035578125 0.6824092937499999 0.722066240625 0.71688225625 0.71458601875 0.7193445453125 0.7109846359375 0.7186576953125 0.7004283296875 0.7051498234375 0.6830251203125 0.6839709015625 0.67353859375 0.6301425921875 0.6936384624999999 0.6228742125 0.709223984375 0.6184110828125 0.70501670625 0.613817896875 0.708431659375 0.6115578687500001 0.7588066062500001 0.6077371578124999 0.900648340625 0.689162075 0.9516653609375 0.69448931875 0.9521314343749999 0.6964660921875 0.9418081624999999 0.6961666375 0.7795677328124999 0.689004246875 0.769399090625 0.6844939078125 0.7718670921874999
7 0 0.512182015625 0.00913724375 0.5209865640625 0.1255447078125 0.5893771812499999 0.156514003125 0.6035370609374999 0.16482468749999998 0.6128519640625 0.19492986875 0.630753046875 0.2782015015625 0.6790690296874999 0.29090404062499997 0.681134559375 0.2972726671875 0.6635619171875 0.30347467031250003 0.6049440359375 0.31708668125 0.510714796875 0.3278809453125 0.40574282031250003 0.312325021875 0.387206228125 0.3086315890625 0.392608303125 0.3013391421875 0.39006189375 0.301919075 0.383433221875 0.296804734375 0.37439796406250003 0.28483440312499997 0.2903351765625 0.326421621875 0.25675973281250003 0.33147625468749997 0.24193473437500002 0.3122500390625 0.20399300625 0.286501075 0.1731142234375 0.2608705953125 0.1470168125 0.25018046875 0.1403563390625 0.2425682015625 0.1291941375 0.23223353281249998 0.13687778281250002 0.22088062343749998 0.137792934375 0.2105815921875 0.1512049078125 0.20447308125000002 0.15353308593749998 0.1989213625 0.174039803125 0.18301090625 0.184098234375 0.181294246875 0.1791770390625 0.17956601562500002 0.18665945 0.16647330625 0.20746061875000002 0.16404665624999998 0.21679032812500001 0.148290325 0.2373584578125 0.1354336625 0.2247832296875 0.1289581203125 0.2251708953125 0.11659854375 0.206913946875 0.0828587109375 0.175336053125 0.07540056875 0.17468355 0.07207416562499999 0.1820261390625 0.005170275 0.46815842500000004 0 0.49289622031249997 0 0.512182015625
2 0.5252801078125 0.1987756890625 0.5003249078125 0.195638190625 0.4953771890625 0.2276481671875 0.490489178125 0.283518403125 0.49388685624999995 0.287632465625 0.5372735828125 0.2580312640625 0.53868199375 0.24193306250000002 0.5334607375 0.2157128234375 0.54080039375 0.21158395312499997 0.5424573484375 0.1926448921875 0.5252801078125 0.1987756890625
1 1 0.0418344125 0.72053924375 0.017384765625 0.7223247390624999 0.0204035796875 0.7195666984375 0.0335211015625 0.7049586640625 0.053235493749999994 0.6932984328125 0.076070390625 0.6823606875 0.11518991875 0.6493970359375 0.3937953765625 0.655529615625 0.4095991296875 0.65878566875 0.43373903125 0.659615071875 0.4672086421875 0.6730294515625 0.540901553125 0.685507515625 0.5639398734375 0.69729873125 0.5764218875 0.710451146875 0.5794809765625 0.723816465625 0.57397088125 0.7361279078125 0.555963965625 0.752108715625 0.51442304375 0.7625253062499999 0.462853303125 0.7709998359375 0.3843960140625 0.778588034375 0.377426284375 0.77806688125 0.36497607187500003 0.772952540625 0.3559408125 0.7732955031250001 0.33974939375 0.7690096390625001 0.3212446046875 0.7707850781250001 0.307086915625 0.7697427718750001 0.2821864890625 0.7754601859375 0.259785865625 0.78945265 0.2409718171875 0.805541296875 0.25955501718749996 0.8186580749999999 0.25688578125 0.841541159375 0.240757965625 0.8859461234375001 0.21792525937499999 0.9207620484374999 0.19425361875 0.9505705499999999 0.1787316984375 0.9996631203125 0.1391334796875 1 0.137989021875 1 0.0418344125
1 0.4237404359375 0 0.4266751734375 0.025072039062500003 0.43624107187499994 0.05071818125000001 0.44869599375 0.0985637125 0.4740904265625 0.15803751875 0.48546740312500003 0.1752543 0.50233731875 0.19104324687500002 0.5321698875 0.1936532578125 0.5437713390625001 0.189897246875 0.5553371515625 0.180412909375 0.5644050375 0.168801628125 0.5749998203125 0.1458735171875 0.5976450062499999 0.0772438125 0.6118500390625 0.0078756921875 0.5218304703125 0 0.4237404359375 0
1 0.43409028125000004 0.7747688484374999 0.44076530312499995 0.69233731875 0.4412498921875 0.6561200625 0.43067825 0.6542409625000001 0.4334122234375 0.622991509375 0.4427999296875 0.6199960203125 0.4430484734375 0.6171551609375 0.4037800625 0.581276775 0.398204275 0.5836515609374999 0.3958961125 0.5977626421875 0.389740390625 0.6067661 0.3851944140625 0.603505775 0.37952420781249996 0.6192311203124999 0.37158147656249996 0.654795871875 0.36309445 0.7027176234375 0.35968612499999997 0.7539463078125 0.35959170625 0.7672968671875 0.36464726718749996 0.795411009375 0.3779422359375 0.8213834062500001 0.39838709843750003 0.8269889046875001 0.41552869843750007 0.8151297796874999 0.4256263953125 0.7978833890625 0.43409028125000004 0.7747688484374999
1 0.2868088671875 0.7218069375 0.298303403125 0.700865946875 0.309691025 0.6627399796875 0.32047556875 0.6560498921875 0.3285714984375 0.5880556968749999 0.3268192 0.5774061765625 0.329861421875 0.567176121875 0.3184372390625 0.5566346203125 0.313725565625 0.5552682 0.31241157343750003 0.5580158453124999 0.29775818125 0.670283803125 0.2918866421875 0.682174728125 0.28524540625 0.6844562984375 0.2060698734375 0.63840708125 0.20324055468750002 0.6400679499999999 0.203181775 0.6591468359375 0.209658240625 0.7016983140625 0.221153703125 0.723696465625 0.23142959375 0.7350917046875 0.2447004953125 0.7429321671875 0.2603151984375 0.7423898734375001 0.2698686 0.7375004796875 0.2868088671875 0.7218069375
1 0 0.48352540624999996 0.015622503125000001 0.42231700937500005 0.031756509375000005 0.34834664531250004 0.0309868125 0.3387372921875 0.03369764375 0.332295046875 0.03013426875 0.330074890625 0.0218120109375 0.33316359375000004 0.0159992515625 0.32597563281249997 0.02166945625 0.3102502875 0.017289175 0.30509605624999997 0.0151582765625 0.3049096265625 0 0.47816952187500006 0 0.48352540624999996
1 0 0.5790571625000001 0.025688265625 0.5710988609375 0.03512318125 0.5614280953125 0.0423915609375 0.545842571875 0.0421902265625 0.5420081531250001 0.0007793484375 0.5183469406250001 0 0.5170436203125 0 0.5790571625000001
1 0.05898285156250001 0.8163789078124999 0.059302671875000004 0.8249947000000001 0.06339877187500001 0.8272614656249999 0.060723578125 0.8394320343749999 0.057361537500000004 0.841046296875 0.064405440625 0.846433565625 0.0826009203125 0.8470712625000001 0.10380298125000001 0.8317505765625001 0.113367953125 0.814457578125 0.1251929546875 0.7467896328125 0.075791209375 0.7224293109375 0.05898285156250001 0.8163789078124999
8 0.237077584375 0.7871127125 0.232934275 0.7915212265625 0.232887065625 0.7981965062499999 0.24021515 0.8064712421875001 0.24767329062500001 0.8071237453125001 0.259606134375 0.7995799203125 0.261784240625 0.7930910703125 0.2605174578125 0.7891634359374999 0.2526922859375 0.7865704203125 0.237077584375 0.7871127125
8 0.106322196875 0.7231920234375 0.10557656875000002 0.7317146015625 0.11228908124999999 0.7408896828125 0.123393446875 0.742815390625 0.13565768125 0.7314837546875 0.13755160625 0.7221074375 0.13005782500000002 0.715726609375 0.112229375 0.717029425 0.106322196875 0.7231920234375
7 0 0.8683250140625001 0.0298264890625 0.87966795 0.0431445984375 0.8808331328125 0.0479506890625 0.8688489953125 0.049441946875 0.8518038390625 0.059965453125 0.8174190749999999 0.0659786203125 0.7855023125 0.0543415296875 0.783529996875 0.0508253640625 0.7746345609375 0.05392636562499999 0.745325621875 0.0476637296875 0.7371441015625 0.0432362390625 0.7386651484375 0.0350084 0.728403290625 0.0242710640625 0.728418096875 0.017025825 0.7191964093750001 0.007188242187500001 0.7211983359375 0 0.717107840625 0 0.8683250140625001