7 0.7268384328125 0.045996829687500004 0.6966455875 0.0358711921875 0.6955351750000001 0.032555971875 0.6884836796875 0.030007215625 0.6816856437500001 0.0347166078125 0.6707579109374999 0.035098212499999996 0.6237352406250001 0.027237282812500003 0.5335874609375 0.066161296875 0.26148871093750004 0.1924941421875 0.251905353125 0.2028907953125 0.25615203124999997 0.2105684953125 0.39725903281249997 0.235267915625 0.42521155781250003 0.238204790625 0.443249278125 0.24204689687499997 0.445372615625 0.24588574687500003 0.4572937796875 0.24546945 0.47346162031250005 0.2527308546875 0.478350784375 0.25032412187499997 0.48641520624999995 0.253396503125 0.541287834375 0.25818830625 0.5473653984375 0.261330071875 0.57740226875 0.2669891578125 0.5863626375 0.2672352546875 0.6061142609375 0.26319151406249996 0.742213290625 0.2299298453125 0.7513166296875 0.23427009375000002 0.7607003531250001 0.27512224218750003 0.768044303125 0.2860457796875 0.8147160265625001 0.28385696718750003 0.89374201875 0.268240325 0.9272066953125 0.2581277171875 0.9358941078124999 0.2505573484375 0.9543580203124999 0.1811556078125 0.9759600265625 0.1731342515625 0.988785909375 0.1701429125 0.9872849140625 0.1271600453125 0.9682057281249999 0.1219770609375 0.960900771875 0.112170159375 0.961659325 0.07692668593749999 0.9110138796875 0.0792542640625 0.904001378125 0.077822146875 0.8576805984375 0.0900606984375 0.77830275 0.067118646875 0.75204463125 0.0557376046875 0.735078328125 0.054094084375 0.7268384328125 0.045996829687500004
7 0.5438011125 0.273193534375 0.545593003125 0.2675409625 0.5424567375 0.263178484375 0.5334183796875 0.2606991125 0.4715917421875 0.25615014999999997 0.4375031625 0.248396553125 0.4176150609375 0.2485320609375 0.2798782890625 0.23489494375 0.220155490625 0.23362651250000002 0.0617738890625 0.3123862859375 0.060059985937500004 0.3202721328125 0.06909834375 0.32275150625000004 0.1507545921875 0.3254900046875 0.22459987812499999 0.332414265625 0.326183221875 0.33613389374999997 0.3409287015625 0.3311469703125 0.35676509375 0.32891695312499997 0.41085784375 0.311376 0.43657005 0.3071241109375 0.43783643593750005 0.3149058859375 0.4419076421875 0.31755871406249997 0.4381483859375 0.3238389875 0.44422595 0.3269807515625 0.447051178125 0.3509190828125 0.47190643125 0.3506101171875 0.4985730734375 0.3452069 0.5231163750000001 0.3359648328125 0.532367371875 0.287567803125 0.5369445859375 0.2762279671875 0.5438011125 0.273193534375
7 0 0.3824648234375 0.1051951046875 0.38801194843750003 0.17607868437500002 0.367089646875 0.18022787812500002 0.3719757515625 0.17979985781250002 0.388201690625 0.18794226875 0.39350735000000003 0.18911117187499998 0.398497528125 0.199025978125 0.3975922953125 0.21079116562500003 0.3927094484375 0.21817319531249998 0.37624067031249997 0.21601086249999998 0.3712851828125 0.22126955625 0.35097755468749997 0.21869778750000002 0.3342973703125 0.190842746875 0.334152090625 0.19191416562500002 0.3363506734375 0.1812983828125 0.34566538125 0.17522081875 0.342523615625 0.151203021875 0.3383313375 0.0435421125 0.33146994375 0.0196412953125 0.3306275796875 0 0.3342114609375 0 0.3824648234375
7 0.27264063125 1 0.27269546718750004 0.9976214265625 0.269461715625 0.9904673546874999 0.24069031875000002 0.9640810859375 0.22654833281250003 0.9578669375000001 0.215640096875 0.9588068625 0.21123835624999998 0.9751715671875001 0.21360792968750003 1 0.27264063125 1
5 0.4299751984375 0.5739972875 0.516501115625 0.573770734375 0.6440501249999999 0.5804966203124999 0.6609579359375 0.5804651859375001 0.6668015359374999 0.5769071234375 0.6557160015625 0.5158042671875 0.64601475 0.494342053125 0.41162370312499996 0.5042041687500001 0.40770847187500003 0.5060178890625 0.42041042500000003 0.5564433046875 0.4299751984375 0.5739972875
5 0.249034415625 0.57640288125 0.3257235125 0.5793148359375 0.33458639687499997 0.5767693375 0.3248647359375 0.5262398484374999 0.318553209375 0.51639825625 0.213210609375 0.5189589015625 0.19834815 0.520595909375 0.19151111875 0.5241886640625 0.204096090625 0.5712641640625 0.249034415625 0.57640288125
5 1 0.4912724703125 0.999608525 0.48006209218749996 0.8665172703125 0.4855239359375 0.85475208125 0.4904067828125 0.85301868125 0.4977343109375 0.8731824796875 0.5909421328125 0.8802729703125 0.5946075265624999 0.8922721203125 0.5964245046875 0.8933435390625 0.5986230906250001 0.9023039078125 0.5988691875 0.9143810468750001 0.6029194421875 0.931152378125 0.598979775 0.9450604015625 0.5984940953125 1 0.6037195546875 1 0.4912724703125
5 0.16328660625 0.011453518749999999 0.16812028750000002 0.025259715625 0.17312643125 0.026202896875 0.177022165625 0.023830856249999997 0.1916059046875 0.0104645875 0.16328660625 0.011453518749999999
1 0.48933061718750004 0.0520547875 0.4583783046875 0.048663667187499995 0.43058175312499997 0.050193343749999994 0.41979050000000007 0.054483182812499996 0.423881203125 0.057694329687500004 0.421134875 0.06449823125000001 0.42520608125 0.067151059375 0.41260343749999995 0.07653515 0.39472169375 0.07715959375 0.37557356249999996 0.0700022640625 0.35161425468749996 0.06748494375 0.293839325 0.0650304921875 0.20550202031249998 0.070351296875 0.15308418125 0.0788897640625 0.1442602890625 0.0825519 0.1317551328125 0.09472758437499999 0.101387728125 0.1080860328125 0.097628471875 0.11436630625 0.1010961859375 0.128220203125 0.113270809375 0.135062053125 0.141301321875 0.140232203125 0.213997203125 0.14272460468749998 0.3353126734375 0.1418421734375 0.36100538125 0.137031965625 0.3864641265625 0.1255219328125 0.39846327812500004 0.1273389125 0.40524181718749996 0.122071203125 0.38808054531249997 0.11484449062499999 0.38289892812500004 0.1088764390625 0.38478830468749997 0.1060154625 0.41801901875 0.0892030265625 0.4338554109375 0.086973009375 0.43897853906249995 0.091266103125 0.4379266171875 0.0896258375 0.45974308906249994 0.087745990625 0.48432538437500006 0.0796205625 0.4940452203125 0.073132140625 0.5006872812500001 0.06395619687500001 0.5014077546875 0.056105042187499995 0.48933061718750004 0.0520547875
1 0.3888369484375 0.620712846875 0.3811429671875 0.6282485234374999 0.367410415625 0.6337590718749999 0.3456524359375 0.637313875 0.3286471390625 0.634553715625 0.26915830625 0.639985109375 0.1644396078125 0.660411959375 0.145837390625 0.668887559375 0.1264952015625 0.684655996875 0.133839153125 0.695579534375 0.15885038125 0.6997371218749999 0.2363379390625 0.697031196875 0.2918335546875 0.6911802484375 0.4707865640625 0.6603350828125001 0.5013489390625 0.652559825 0.5169123765625 0.642513340625 0.5245283703125 0.6327443890625 0.550240575 0.6284925015625 0.5570386109375 0.6237831093749999 0.541961684375 0.6192786109374999 0.5361570796875 0.623953309375 0.5230865109375 0.6199377453125 0.5105804390625 0.603604475 0.515021175 0.5883564078125 0.456252815625 0.585936646875 0.36185744375 0.58867400625 0.36010454687500004 0.595443215625 0.3646241828125 0.6109373796875001 0.3888369484375 0.620712846875
1 1 0.7025923234375 0.988463034375 0.7020703953125 0.9677764703125 0.707823784375 0.9489207937499999 0.7090412390624999 0.9403884437500001 0.6925692031249999 0.92901228125 0.680109471875 0.9107016046874999 0.6684509000000001 0.8834695531250001 0.6576628703125 0.8891766734375001 0.6501965765625 0.915960296875 0.6481432734375 0.9176936984375 0.6408157437499999 0.8304863015624999 0.650010090625 0.7336361453125 0.639417178125 0.703813740625 0.6398996015625 0.6900032015625001 0.6431768734375 0.6724139124999999 0.6521761015624999 0.660902184375 0.66431709375 0.6564614484375 0.6795651625 0.6571474937499999 0.81314214375 0.6624070984375 0.8213434703125 0.6906715734375 0.8332134468750001 0.6900095937499999 0.8427395593749999 0.6951327187499999 0.8470326531250001 0.6645907546875 0.8838751874999999 0.6545589671875 0.8814305046875001 0.63519636875 0.86813166875 0.62208680625 0.8629994671875 0.61024363125 0.865649040625 0.595303184375 0.8650527718750001 0.5636109015625 0.8689544890625 0.5301072296875 0.8779504593749999 0.5182055640625001 0.8789250750000001 0.49465569218749994 0.88813245 0.47490406875 0.8921761921875 0.4317195546875 0.9087772203125001 0.3908923421875 0.9359169265625 0.3861786515625 0.9433485296875 0.3803155546875 0.9463482703125001 0.37493988125 0.9633059859375 0.382634775 0.9842792656249999 0.39290052656249996 0.9934237734375 0.40665166406250003 1 0.5087275296875 1 0.7380874000000001 0.9919905765625 1 0.9118926374999999 1 0.7025923234375
8 0.775143921875 0.574800725 0.778825190625 0.566287175 0.7756490171875 0.5322991046875 0.77011645625 0.5162813125 0.761876559375 0.5081840609375 0.7478320578125001 0.5047615078125001 0.7310217296875 0.5075845359375 0.7222173359374999 0.511804990625 0.712283946875 0.540660859375 0.711855928125 0.5568867984375 0.7162195875 0.5679144109375 0.7244204890625 0.5748950265625 0.740529840625 0.580481471875 0.7594440078125 0.580938975 0.77027425625 0.577765775 0.775143921875 0.574800725
8 0.35106527656250003 0.5644548875 0.36793409375 0.5633068156250001 0.3736607125 0.5563988421875 0.3708159875 0.5319021921875 0.3612317171875 0.513789890625 0.35032348125 0.5147298140625 0.34348645 0.51832256875 0.33606542500000003 0.533674709375 0.33587136875 0.556600475 0.35106527656250003 0.5644548875