1 0.45662870624999996 0.8227608 0.4547903921875 0.8348843203125 0.46000723906249996 0.8452735375 0.526233334375 0.8047946312500001 0.5265433625 0.8003610140624999 0.517538590625 0.787479271875 0.4991196484375 0.7817359953125 0.398613409375 0.774151003125 0.33952494375 0.7833850265625 0.326129084375 0.790801978125 0.325198996875 0.804102834375 0.339442475 0.8128956046875 0.35297149375000003 0.8177400312499999 0.41199934687499995 0.823538396875 0.43103834374999994 0.8204144359375001 0.45083055468750005 0.8206846171875 0.45662870624999996 0.8227608
1 0.5209439437500001 0.767111646875 0.5396729125 0.768421303125 0.544291559375 0.7731995671874999 0.5400773437499999 0.776803265625 0.539224765625 0.7889957171875001 0.54392091875 0.7926655765625 0.6142837250000001 0.7496913765625 0.6228284171875 0.7408213734375 0.61442184375 0.7335505812500001 0.5979356203124999 0.7284993671875 0.46998380781250004 0.71676754375 0.41756296718749997 0.7298092875 0.404050846875 0.738888846875 0.4043390171875 0.7489334171875 0.42911555312500005 0.762918028125 0.458493840625 0.76775691875 0.49102310468750004 0.7700315875 0.5209439437500001 0.767111646875
1 0.70049379375 0.6075811343749999 0.6804690609375 0.6106361671875 0.6630358562499999 0.6049618203125 0.63657601875 0.6008839203125 0.539026984375 0.593505715625 0.5029204593750001 0.5998914953125001 0.480304196875 0.6116759046875 0.46128209375000007 0.6287238515625 0.46201345 0.6465961828125 0.47685512656249995 0.6609999046875 0.498270028125 0.666395765625 0.540462875 0.6721307390625 0.6115520703125 0.6754310421875 0.61731146875 0.6780614265625 0.6213875640625 0.6905985234375 0.629677878125 0.699531921875 0.65785480625 0.72155108125 0.747876665625 0.6665856859375 0.753154125 0.6619425125 0.7486904921875001 0.6549474375 0.7554078 0.6509618609375 0.7667437546875 0.6517545484375 0.7728131796875 0.649951315625 0.7386999828125 0.641996765625 0.7074108359375 0.6219876265625001 0.7069676515625 0.614159865625 0.7170187703125 0.6120781484375 0.726798615625 0.6138758453125 0.72722490625 0.6077796203125 0.70049379375 0.6075811343749999
1 0.8010586375000001 0.5010032328125 0.7689169125 0.4931865421875 0.669900203125 0.47846584999999997 0.6531427046875 0.4772940515625 0.6031196265625 0.484377428125 0.5765604234375 0.4958861203125 0.562777025 0.50884509375 0.5620794609375 0.518820734375 0.57684363125 0.5343328625 0.6077671015624999 0.5454058374999999 0.6597397921875 0.5529385078125 0.6815422296875 0.5527923453125 0.6912058125 0.55625265 0.6981447140625 0.5561809531249999 0.7084840031249999 0.564143803125 0.7095253890625 0.5775825171875 0.7353214515625 0.6194840296875 0.749216146875 0.633264621875 0.7752496921875001 0.643438746875 0.783135575 0.64399018125 0.7892825078125 0.6410785437500001 0.8637820218750001 0.59560905 0.87331245 0.5868079765624999 0.8708590421875 0.5793965578125 0.877122234375 0.5748223140625 0.8877715546875 0.5783515484375 0.894904221875 0.575508840625 0.89809395 0.5723904140625 0.8952530046874999 0.5705210203125 0.899244625 0.5134381875 0.9053140515625 0.5116349546875 0.9180511015624999 0.5136394390625 0.9205263703125001 0.50657266875 0.8980482265624999 0.5022162828125001 0.881888928125 0.5066554375 0.85614355 0.5065258828125 0.8321371234375 0.5098593984375 0.8143938875 0.5086186703125 0.8010586375000001 0.5010032328125
1 1 0.42321155 0.9479311812500001 0.4121431953125 0.8851541562499999 0.4032981015625 0.8603945140624999 0.40323747499999996 0.8512516203124999 0.4064965265625 0.8393840453125 0.406223578125 0.814314375 0.41059656875000006 0.7898041499999999 0.42113471406249997 0.7639594093750001 0.4365917515625 0.7514886703125 0.4591100234375 0.7509848734375 0.466314653125 0.76097538125 0.47926532499999996 0.780070028125 0.48951114687499997 0.8249100515625001 0.49988652499999997 0.8719928203125 0.506520346875 0.9009666781250001 0.5029772734375 0.9408660953125001 0.470681846875 0.9720270484375 0.45002743437500003 0.9942776312499999 0.429306859375 1 0.43042035468749995 1 0.42321155
1 1 0.44859677031249995 0.9700724734374999 0.46381356093750004 0.9586868359375 0.47081417031250006 0.9224978406250001 0.506710528125 0.923112934375 0.526245465625 0.9368138625 0.54279706875 0.9415875234375 0.5453585234375 0.949783434375 0.5414763406249999 1 0.5109052765625 1 0.44859677031249995
1 0.7939030546875 0.1925304390625 0.799933728125 0.1912814078125 0.8000887421874999 0.1890645984375 0.75308348125 0.181322371875 0.7107743734375 0.1772500078125 0.6559994890625 0.167293740625 0.6055550843749999 0.1520711703125 0.5548006484375 0.1412822140625 0.5190041515625 0.143234378125 0.49571218281249996 0.1505162390625 0.47585935937499996 0.16527844687499998 0.4690148609375 0.178165725 0.4717176890625 0.19617591406249998 0.49610668750000003 0.2157025484375 0.515317596875 0.2242857640625 0.57388040625 0.23673455781250002 0.59280314375 0.235273203125 0.6122853265625 0.239977003125 0.6340102546875 0.24093924531250002 0.6457834296875 0.228396615625 0.6494382 0.2186277625 0.6759417515624999 0.1937492875 0.6906502734375 0.19589163125 0.7039855234375 0.20350706875000002 0.7254004234375 0.20890292968750002 0.7499275437499999 0.21228877031249999 0.7829774984375 0.22128279375 0.8124332937500001 0.2250132796875 0.8135352906250001 0.2234196015625 0.7715362109375 0.2149136203125 0.755553784375 0.2026577765625 0.7496393734375 0.20224419999999999 0.748963665625 0.1977416515625 0.7396101109375001 0.18984772968750002 0.7428385921875 0.1861751015625 0.7939030546875 0.1925304390625
1 0.451799290625 0.2543726859375 0.43059505312499996 0.26012979999999997 0.40687679687499995 0.27350788593750003 0.40086301874999997 0.2886809015625 0.40600235937500007 0.3001785234375 0.43066263281249995 0.31582574218750004 0.4715209625 0.3264796046875 0.4931683859375 0.3285502515625 0.5436058218750001 0.27304449218750004 0.544824078125 0.2697882078125 0.54107490625 0.26674147812500004 0.5059759734375 0.2587180015625 0.463744371875 0.25353723125 0.451799290625 0.2543726859375
1 0.3515234703125 0 0.338789471875 0.0147948078125 0.3377431234375 0.02975826875 0.3456459 0.0442336890625 0.36920418125 0.061474585937500006 0.38860885624999997 0.06728679062500001 0.41215024062500005 0.0706037015625 0.43091796406249994 0.07135915468750001 0.44006085625 0.068100103125 0.43855442968749997 0.061311818750000004 0.4488380703125 0.0559048875 0.45481309531249997 0.0412860734375 0.46194576249999997 0.0384433640625 0.47255632812500004 0.0425268 0.47788943437500003 0.051253409375 0.5353502484375 0.0652958796875 0.5429092078125 0.056356946875 0.5458664125 0.056563734374999994 0.6458857515624999 0.08527734218750001 0.6520326828125 0.08236570625 0.57441398125 0.05911688750000001 0.5570801421875 0.03785595 0.5601923609374999 0.0358459296875 0.5690639765625 0.0364662921875 0.613034528125 0.045110134375 0.6171712359375 0.042614840625 0.6134220640625 0.0395681125 0.54303043125 0.0262921671875 0.5203972734375 0.024152590625 0.48951255781249997 0.0125254125 0.4474542921875 0 0.3515234703125 0
1 0.40169574687500004 0.3900971453125 0.3966508078125 0.39141510625 0.3919546546875 0.387745246875 0.3623219859375 0.4007097578125 0.343454896875 0.4155408953125 0.340824615625 0.42482447343749996 0.3497906359375 0.43826041875 0.35539501875 0.44310761249999997 0.379534603125 0.452035475 0.388367465625 0.453210040625 0.3945143984375 0.45029840468750004 0.3959264234375 0.444271109375 0.4338762265625 0.397359634375 0.42921882499999997 0.393135571875 0.40169574687500004 0.3900971453125
1 0.33445709375 0.473387484375 0.30339550625 0.47845530312499995 0.284799690625 0.48940702500000005 0.2848165859375 0.5033310109375 0.30557267499999996 0.5181483109375 0.3202036890625 0.521399059375 0.3600474546875 0.47573384843750005 0.3581922453125 0.47393338281249997 0.33445709375 0.473387484375
1 0.23992788437499998 0.55031418125 0.2293729671875 0.5596005296875 0.2296223828125 0.5701993015625 0.24276386562500002 0.58058575 0.26500948593749996 0.5882673484375001 0.276915815625 0.587986096875 0.2940439546875 0.5696918875 0.3337058859375 0.569123846875 0.3509502859375 0.5491670296875 0.3087186859375 0.5439862609375 0.2731547109375 0.542613209375 0.2521442421875 0.5455993125 0.23992788437499998 0.55031418125
1 0.2369060546875 0.36687877343749997 0.22215877968750003 0.36529063125 0.2057113078125 0.359685215625 0.1809904203125 0.3590703859375 0.163884140625 0.3628864078125 0.15052703125 0.3697491578125 0.14505580468749998 0.3771633421875 0.1464072171875 0.38616843749999996 0.1614814171875 0.397246946875 0.1673183203125 0.39876892656249996 0.17043054062500002 0.39675890625 0.1862072671875 0.36945960312500004 0.1992931 0.36647626875 0.2386062484375 0.370896046875 0.2369060546875 0.36687877343749997
1 0.18072907031250002 0.3061454546875 0.17336388125 0.3123133765625 0.1710823828125 0.3166091359375 0.1743665125 0.326306290625 0.19417561875 0.3405004578125 0.19898803437499998 0.3425077125 0.222827515625 0.2990648453125 0.1949944078125 0.3004600375 0.18072907031250002 0.3061454546875
1 0.28313920000000004 0.2581723640625 0.264177709375 0.26018792031250004 0.25356714375 0.256104484375 0.266502925 0.2269357859375 0.23047390625 0.2322131625 0.2179862734375 0.24080744843750002 0.213268259375 0.251615775 0.2164748828125 0.2624213359375 0.2265816515625 0.2737094 0.2369596953125 0.28111805 0.2613318015625 0.2867207 0.29776525 0.2898252859375 0.3098872078125 0.272294834375 0.3101972359375 0.2678612171875 0.29970293125 0.26211517500000003 0.28313920000000004 0.2581723640625
1 0.28980978125 0.134447403125 0.27538943125 0.1423496296875 0.269763190625 0.15198062343750002 0.2700901140625 0.161470990625 0.277123415625 0.174214875 0.2893954234375 0.1828697875 0.3187737125 0.187708678125 0.3600970859375 0.1917121140625 0.376782040625 0.16559014375 0.364200003125 0.16136885 0.3142375359375 0.1534198359375 0.3227653328125 0.130625846875 0.3138937171875 0.1300054828125 0.28980978125 0.134447403125
1 0.2213420609375 0 0.22247271406250002 0.0066611484375 0.2302810875 0.0083209875 0.24305689218749998 0.009771271875 0.2480606671875 0 0.2213420609375 0
8 0.4860626453125 0.840969475 0.498816590625 0.8568979453125 0.505484215625 0.8607056640625 0.5148983828125 0.8535671984375 0.5052179031249999 0.8361829078125 0.4985115234375 0.8329293906249999 0.4884991578125 0.83445690625 0.4860626453125 0.840969475
8 0.3937374265625 0.91470881875 0.39694404843750003 0.9255143796875 0.400693221875 0.9285611062499999 0.41302584062500003 0.9221836296875001 0.413297115625 0.9183042140625 0.40591503125 0.91054815 0.396927153125 0.9115903937500001 0.3937374265625 0.91470881875
7 0.84805101875 0.693082484375 0.9315503421875 0.68889690625 0.9848237609374999 0.6636627140625 0.9898631625000001 0.6624239249999999 0.9949085109375 0.5902720703125001 0.9731817375 0.58933621875 0.9670735578125 0.5916936546875 0.8535659624999999 0.656711925 0.8500274531249999 0.6648181703125 0.84111708125 0.6647520078125 0.8278374796874999 0.6705063531250001 0.8223662546874999 0.6779205390625 0.809086653125 0.683674884375 0.8085053484375001 0.69198791875 0.84805101875 0.693082484375
7 0.8026754140625 0.76119426875 0.823513971875 0.746500990625 0.86772200625 0.7234174453125 0.8690177703125 0.7190527578125 0.8661768249999999 0.7171833624999999 0.8453601234375 0.7173984546875001 0.8209492656249999 0.71235000625 0.7965940546875 0.7206713437500001 0.7409665921874999 0.722907528125 0.6356936625 0.783489409375 0.6178123078125 0.7983894765625 0.6375270125 0.7997680625 0.7401815953125 0.79079591875 0.7679203 0.7765851453125 0.8003551609375 0.76604423125 0.8026754140625 0.76119426875
7 0.683989725 0.815269121875 0.6885139687499999 0.8072318031249999 0.642743859375 0.8101572796875001 0.5708020828125 0.819049425 0.52715349375 0.848298125 0.5056779828125 0.8579346546875 0.5063924421875 0.8618830000000001 0.4868108953125 0.872765790625 0.480315178125 0.8806652484375 0.48808480000000004 0.8828792906249999 0.59112691875 0.868365121875 0.6187106109375 0.8563711578125 0.6550327625000001 0.832736178125 0.668971175 0.81756039375 0.683989725 0.815269121875
7 0.42915831875 0.9606248374999999 0.450595078125 0.9515425109375 0.449919371875 0.9470399625000001 0.346007778125 0.95982259375 0.29146807343750003 0.9866389765625 0.34869547968750003 0.99064070625 0.3658337796875 0.9879407484374999 0.39819113281249996 0.9785082375 0.421499996875 0.9851503625 0.4342758015625 0.9866006468749999 0.442316696875 0.984935271875 0.44861864375 0.979806825 0.44687969531249994 0.976343753125 0.4252710265625 0.9737189046875001 0.41856465 0.9704653875 0.42915831875 0.9606248374999999
7 0.40749400312499995 0.9446302046874999 0.42834945625 0.9438609124999999 0.46953967343749997 0.9356029687499999 0.5053580281250001 0.91917261875 0.5261965875 0.9044793406249999 0.554882275 0.890891696875 0.5542453218750001 0.8858349484374999 0.5493941515625 0.884381896875 0.44718275468749996 0.901181803125 0.4192890359375 0.917609384375 0.41045617187500005 0.9164348203125 0.407770240625 0.9123486156249999 0.3988986234375 0.9117282515625 0.3952826078125 0.9209429015625 0.3997462390625 0.9279379750000001 0.3790239421875 0.9409686468749999 0.373552715625 0.9483828328125 0.38041410781249996 0.949419540625 0.40749400312499995 0.9446302046874999
7 0.6926893265625 0.2517254328125 0.6357879578125 0.243848115625 0.6075116640625 0.2374155484375 0.5846072343750001 0.2391553875 0.5718095703125 0.2521832921875 0.56492631875 0.265624771875 0.55153045625 0.2730417234375 0.5471612265625 0.27886223125 0.5411693078125001 0.27955705937499997 0.5363737875 0.2914737921875 0.5001072843750001 0.3284785546875 0.49865650625 0.335060053125 0.5398248640625 0.34128029843749996 0.5960117734375 0.34520926875 0.6597288109375 0.2839491625 0.6933650328125001 0.2562279796875 0.6926893265625 0.2517254328125
7 0.56357195 0.38415235625 0.56403699375 0.377501928125 0.5168767171875001 0.37197651249999997 0.46459399531249995 0.36887746093749996 0.42730300468750004 0.406367496875 0.39596517656249997 0.44371690625 0.4005063171875 0.449603575 0.4154861125 0.44786650312500004 0.43682350468750003 0.45437076875000004 0.4911552046875 0.456499275 0.5145465375 0.433630821875 0.518278815625 0.4227535640625 0.5327766734375 0.413742934375 0.56357195 0.38415235625
7 0.3189466796875 0.525209546875 0.31793908593750003 0.5396188046875 0.3572909890625 0.54348438125 0.4037755578125 0.54450725 0.46256391875 0.4829024984375 0.4628739484375 0.47846887968749996 0.36536366875000004 0.47053647187500003 0.3189466796875 0.525209546875
7 0.294082709375 0.569137684375 0.24876771718750001 0.6222170796875 0.24845768906250001 0.6266506984375 0.25831503906250003 0.6273399921875 0.332671471875 0.6264134671875 0.3840558890625 0.5715308375 0.3367405984375 0.5682222296874999 0.294082709375 0.569137684375
7 0.3129080875 0.6823934296874999 0.3217797046875 0.68301379375 0.3249137828125 0.666525584375 0.3023193796875 0.6638318046875 0.299749709375 0.6580829953125 0.3167615890625 0.6414513921875 0.3161246359375 0.6363946421875 0.28052190781249997 0.63557579375 0.23380481562500002 0.6378781375 0.1918733171875 0.685068096875 0.19372852812500002 0.6868685625000001 0.2721829140625 0.68400094375 0.2816358359375 0.676308275 0.291725709375 0.6736723546875 0.30438525312500003 0.6767852453125001 0.3129080875 0.6823934296874999
7 0.14135235468750001 0.44429074375 0.1114822015625 0.4889826421875 0.178589703125 0.49256143124999996 0.18493040624999998 0.48687878281249997 0.1864845390625 0.478819228125 0.2035093234375 0.462003075 0.2103925734375 0.44856159531250006 0.14135235468750001 0.44429074375
7 0.1897070234375 0.36190755937499997 0.17776193906249999 0.3627430140625 0.1854153 0.3666196625 0.1570128203125 0.41865404687499996 0.15654777656250002 0.4253044734375 0.22653497812499998 0.43019845468750006 0.262978353125 0.3764986953125 0.2141953890625 0.3658476 0.1897070234375 0.36190755937499997
7 0.1976922703125 0.34687239999999997 0.2004557078125 0.3498502 0.23196048125000002 0.352610140625 0.27336136093749996 0.3555051734375 0.2874935421875 0.3375583765625 0.286934096875 0.3313932234375 0.2963870171875 0.323700553125 0.3150821953125 0.2971622390625 0.3123187578125 0.294184440625 0.2366884203125 0.2849974671875 0.2149585296875 0.312437396875 0.1976922703125 0.34687239999999997
7 0.2856800421875 0.2076710296875 0.255056675 0.248968784375 0.25526733749999997 0.260121759375 0.28408618125 0.2587954953125 0.31216870625 0.2679990765625 0.33484061718749997 0.26958445000000003 0.351464959375 0.25849486875 0.34980351875000004 0.25392339218750004 0.357323721875 0.2455386625 0.3698670046875 0.250314159375 0.3725916890625 0.253846159375 0.3882859453125 0.2560574328125 0.395767396875 0.2482269046875 0.3944547375 0.23866760937499998 0.3858543953125 0.2341678296875 0.3757645203125 0.2368037484375 0.36302746875 0.23479926406249998 0.3593558046875 0.2306441296875 0.371090225 0.2186557015625 0.382497721875 0.1971769046875 0.3561153921875 0.19199059999999998 0.2971650453125 0.185083828125 0.2856800421875 0.2076710296875
7 0.399415196875 0.167729721875 0.40248866406249995 0.1662739015625 0.42346534062499996 0.13543982968749999 0.4274470359375 0.13516134375 0.440898546875 0.1411141734375 0.45506451718749996 0.15101535 0.4651156375 0.14893363125 0.46998866406250006 0.1359084953125 0.468249715625 0.13244542343750002 0.4323200640625 0.12213620781250001 0.456990265625 0.080979078125 0.422954575 0.071916125 0.393421271875 0.06929404375 0.36711645000000004 0.0629993328125 0.3123823265625 0.15161937187500002 0.32185214218749997 0.1578506859375 0.3407361265625 0.156943534375 0.36325302187499997 0.1607457171875 0.37776777500000003 0.1656590734375 0.399415196875 0.167729721875
2 0.8766531796875 0.3832117296875 0.8649018625 0.3812761734375 0.8247192406250001 0.3751248578125 0.8137598921875 0.376029240625 0.8020085765625 0.374093684375 0.79586164375 0.37700532343750004 0.7969805359375 0.38933563125 0.8114565359375 0.3948031890625 0.820887596875 0.40158870625 0.8346103828125001 0.40366212187499995 0.8426900343750001 0.4014425453125 0.8585005515624999 0.4019912109375 0.8659432468749999 0.394714884375 0.88233506875 0.3869505203125 0.8766531796875 0.3832117296875
2 0.77721018125 0.3745872625 0.773267240625 0.3743115453125 0.7638143187499999 0.3820042140625 0.7582655859375 0.390526803125 0.7611452843750001 0.39184199531249997 0.775294359375 0.38781918593750003 0.77721018125 0.3745872625
2 0.6619169625 0.5926315125 0.6657267484375 0.5806458515624999 0.571018659375 0.575137040625 0.55731276875 0.5869876125 0.5777031796875 0.5928687453125 0.6526190578125 0.5981073734375 0.6619169625 0.5926315125
2 0.38426855937500004 0.6818143171875 0.40725049999999996 0.6789660750000001 0.41685843437500003 0.6690565953125 0.41034582343750003 0.6630320671875001 0.4013191921875 0.6646285125 0.38426855937500004 0.6818143171875
2 0.395167296875 0.6959423234375001 0.428643540625 0.698840121875 0.4387334140625 0.696204203125 0.445478546875 0.6989035171875 0.461067471875 0.695538303125 0.4892384328125 0.696394384375 0.4924669125 0.6927217578125 0.48800327968749996 0.6857266828124999 0.4169528359375 0.6818721765625 0.3935058546875 0.6913708468750001 0.395167296875 0.6959423234375001