8 0.4375 0.30703125 0.0203125 0.0359375
8 0.57734375 0.32890625 0.021875 0.034375
8 0.71484375 0.35390625 0.028125 0.0359375
8 0.83203125 0.37265625 0.028125 0.040625
8 0.50625 0.45 0.01875 0.0203125
8 0.5828125 0.459375 0.01875 0.021875
8 0.790625 0.48046875 0.015625 0.015625
8 0.6953125 0.47578125 0.015625 0.0265625
7 0.5046875 0.34765625 0.11875 0.18125
7 0.64375 0.37109375 0.103125 0.171875
7 0.78203125 0.390625 0.1015625 0.1640625
7 0.903125 0.42421875 0.09375 0.125
7 0.98359375 0.43359375 0.0328125 0.13125
7 0.85390625 0.0984375 0.196875 0.196875
7 0.978125 0.11484375 0.04375 0.225
7 0.43671875 0.4953125 0.084375 0.1
7 0.54140625 0.50625 0.078125 0.0875
7 0.64765625 0.5109375 0.078125 0.09375
7 0.73828125 0.5234375 0.071875 0.09375
7 0.8265625 0.53203125 0.071875 0.084375
7 0.690625 0.58671875 0.05625 0.0609375
7 0.6203125 0.58671875 0.05625 0.0609375
7 0.10078125 0.3296875 0.15625 0.18125
7 0.1125 0.4859375 0.0984375 0.1203125
7 0.01171875 0.4765625 0.0234375 0.10625
7 0.38671875 0.56328125 0.0640625 0.065625
7 0.465625 0.5703125 0.0671875 0.06875
7 0.55078125 0.5796875 0.0609375 0.059375
7 0.47109375 0.61953125 0.05 0.04375
7 0.4015625 0.61484375 0.05 0.0421875
7 0.33828125 0.60078125 0.0515625 0.05625
7 0.5390625 0.62421875 0.0484375 0.040625
7 0.596875 0.62265625 0.04375 0.04375
9 0.63828125 0.9875 0.125 0.025
1 0.61796875 0.1296875 0.109375 0.2578125
1 0.82265625 0.23046875 0.103125 0.1359375
1 0.9625 0.2546875 0.065625 0.08125
1 0.4234375 0.365625 0.040625 0.0953125
1 0.0765625 0.07578125 0.153125 0.13125
1 0.57734375 0.3921875 0.0296875 0.09375
1 0.48828125 0.49765625 0.0234375 0.071875
1 0.38203125 0.4796875 0.0234375 0.053125
1 0.340625 0.546875 0.021875 0.0484375
2 0.35625 0.38046875 0.0234375 0.109375
2 0.44765625 0.08125 0.0453125 0.1625
2 0.31484375 0.459375 0.021875 0.09375
1 0.10546875 0.58203125 0.0453125 0.04375