7 0.820028090625 1 0.8164724609375 0.9978344828125 0.8058831156249999 0.998005565625 0.800211721875 0.9951031671875 0.7718936265624999 0.9519264140624999 0.8068274859375 0.9434106718749999 0.8322461421874999 0.9318583 0.8389916749999999 0.9315529890625 0.8596055687499999 0.9198328312499999 0.8878127609375 0.9110821874999999 0.92201204375 0.8960503531249999 0.9270620468749999 0.8891953921875 0.849416946875 0.79832215 0.8408249671875 0.796399503125 0.8011240703125001 0.8036670375 0.79569791875 0.7937418921875 0.797751875 0.7900275265625 0.8123170828124999 0.78620919375 0.828013025 0.77756251875 0.8133923640624999 0.7554171546874999 0.8077398359375 0.7519745421875 0.7963404546875 0.7477903765625 0.7778748421875 0.7530951140625 0.7514009109375 0.767314984375 0.7434491859375 0.774609484375 0.7063293140625 0.790621071875 0.6954381374999999 0.7994355328125 0.6856965578125 0.8028814390625 0.6796290078125 0.811323478125 0.6661568046874999 0.8113938859375001 0.6635757796874999 0.8026498343749999 0.6203540546874999 0.7454308875 0.62559270625 0.7331738140625 0.57279918125 0.6745388718750001 0.544838371875 0.6486824359375001 0.4930601125 0.6436290812500001 0.38925835468750003 0.6405451140625 0.196220046875 0.630558846875 0.19339378125 0.628837540625 0.18274784375 0.6306292578125 0.175116815625 0.628740165625 0.16441428281249998 0.632152515625 0.1567832546875 0.6302634234375 0.1067382546875 0.63067929375 0.09880539375 0.6374335828125 0.11031682031250001 0.6659608109375 0.1258984328125 0.688139734375 0.12659528281250002 0.6957362484375 0.121545278125 0.702591209375 0.127875790625 0.7141705453125 0.12761168750000002 0.7217335046875 0.1332264859375 0.7262565375000001 0.13356490781250002 0.744117065625 0.211927275 0.9902450515625001 0.4912724625 1 0.820028090625 1
7 0.18777898125 0.62431450625 0.3126085125 0.6313780015625 0.4145072296875 0.6338546421875 0.4538308328125 0.6373913328125 0.508680596875 0.6371432484375 0.511620046875 0.6356232859375 0.47949701093749997 0.563647553125 0.562650571875 0.49677910625 0.5572621484375 0.48577353749999996 0.5276435375 0.45228703125 0.5199747796875 0.45147836249999995 0.49958726249999996 0.456715984375 0.46018820156249995 0.4553401390625 0.383500628125 0.44725345 0.378922240625 0.4406031296875 0.3800341109375 0.436314996875 0.3705943640625 0.43111752187499996 0.37298788437499997 0.41767935625 0.3703314015625 0.41109614843750003 0.3321962671875 0.3735261484375 0.11977026406249999 0.340146309375 0.005788346875 0.325515890625 0.0026227375 0.4161670828125 0.0369517 0.507628278125 0.0435829046875 0.5381485671874999 0.047143746874999996 0.5463859640625001 0.0583874953125 0.555026871875 0.0592765640625 0.5846705531249999 0.08561616093749999 0.629400825 0.09516909375 0.6313570296875 0.1030076328125 0.6273037968749999 0.115594340625 0.6250389843749999 0.18777898125 0.62431450625
7 0.3437334078125 0.23600717968749998 0.3362155671875 0.23087681875000002 0.3275858578125 0.23003459375 0.3159412375 0.23287317500000002 0.31277540937500004 0.24087567187499997 0.3078574578125 0.24394915312499998 0.28763972187500003 0.244324875 0.279857778125 0.24675747343749999 0.27509074375 0.24550926562500003 0.27007846875 0.251283803125 0.26525484062500004 0.251656228125 0.2615996765625 0.2461198875 0.25101033125 0.2462909671875 0.2472985734375 0.2423752609375 0.2319799234375 0.24021771093750002 0.2302089359375 0.23582890625 0.23527780312500002 0.2284337359375 0.22391615156250003 0.22316914843750002 0.227892015625 0.21952189843749997 0.2175290453125 0.21321044531250002 0.21581465 0.20720100624999999 0.19976142187499998 0.1985273640625 0.038548882812500004 0.1588228875 0.023211367187500002 0.15720555 0.0117648265625 0.15437191249999999 0.00591523125 0.32188242031250003 0.07861907968750001 0.333841446875 0.2136417984375 0.3520782953125 0.2748220734375 0.3634095484375 0.3179894875 0.3670804671875 0.32286970937500004 0.36508740781250004 0.309304325 0.34027454375 0.3270919546875 0.32683308125 0.369130915625 0.2801636828125 0.37229674375 0.272161184375 0.3437334078125 0.23600717968749998
7 0.20700086093749998 0.10142356718750001 0.20690653750000002 0.104124625 0.191210596875 0.11277129999999999 0.1424095171875 0.10511755781250001 0.130105778125 0.0992792015625 0.11571035156250001 0.0982356328125 0.09775408437500001 0.088954665625 0.0776684 0.08554890781249999 0.0740509640625 0.07893214531250001 0.051911321875000006 0.07924075 0.040493078125 0.07559679687500001 0.044468940624999995 0.071949546875 0.0416804046875 0.06914781875 0.014981810937500001 0.062249523437499996 0.011843059375 0.152131625 0.18738222499999999 0.194849853125 0.192205853125 0.194477428125 0.1925076859375 0.1858340484375 0.1835018265625 0.16821171562499998 0.2212619515625 0.161417278125 0.24055760624999997 0.13234324687500001 0.2294977875 0.11843527812500002 0.22286544218749998 0.11549932031250001 0.2156117046875 0.10280600468750001 0.20700086093749998 0.10142356718750001
7 0.1357240015625 0.0210492421875 0.128017515625 0.0213209953125 0.123871871875 0.029830146875 0.1190293796875 0.0307427828125 0.09896255937500001 0.0267968140625 0.08064786406249999 0.0277798609375 0.0797623703125 0.0255854578125 0.0674020375 0.0213677359375 0.057189984375 0.0107345921875 0.017098334375 0.0016402484375000002 0.015005025 0.06158475625 0.08373595 0.07710687187500001 0.09724588125 0.07595603749999999 0.1029550046875 0.077778015625 0.106968596875 0.07305034218749999 0.12332365781250001 0.073080603125 0.126695853125 0.08672011406249999 0.1365883484375 0.0789525171875 0.1550362375 0.0466036609375 0.148724590625 0.034484112500000004 0.1357240015625 0.0210492421875
1 0.09529657968750001 0.7379128765625 0.1286658203125 0.7466503359375001 0.12917516406250001 0.7320646328125 0.0978255765625 0.6379402359374999 0.0959791296875 0.6357122765625001 0.08733055468749999 0.6354102625 0.0718043953125 0.6391950375000001 0.05017295625 0.6525022703125 0.0391874546875 0.6640177890625 0.036492101562500004 0.6860993375 0.042615103125 0.703620996875 0.0536749203125 0.717528965625 0.0763416296875 0.729678775 0.09529657968750001 0.7379128765625
1 0 0.561047984375 0.00868563125 0.57316821875 0.043674945312500005 0.590616171875 0.0598413609375 0.596048546875 0.060143193750000004 0.5874051671875 0.037648549999999996 0.5152247937500001 0.03489774375 0.5113426421875 0.02813334375 0.5121881640625 0.011495315624999999 0.520261071875 0 0.5308062765625 0 0.561047984375
1 0.00141270625 0.4508178421875 0.0080122140625 0.45469416718750005 0.0156432421875 0.456583259375 0.0151161765625 0.4441248421875 0.00285130625 0.40962173125 0.00141270625 0.4508178421875
8 0.43933134999999995 0.41891438125 0.444343625 0.4131398421875 0.445700734375 0.4018289640625 0.44016139218749994 0.395145084375 0.4239761140625 0.3902529234375 0.39993343124999997 0.38995420468750003 0.38921203437499996 0.39390676406249997 0.38222126093750003 0.40123482031249996 0.3797900109375 0.41575341093749996 0.3834640421875 0.42074954218749994 0.38723239375 0.42304461406250005 0.40260763749999995 0.42358152968749996 0.43933134999999995 0.41891438125
8 0.2406119171875 0.185891275 0.230192353125 0.18120045625 0.225368725 0.18157288124999998 0.2154573640625 0.1898806890625 0.21402479687499998 0.2033524140625 0.2280240671875 0.21574041875 0.24341817500000001 0.21573712343749998 0.25140762968749997 0.2073622 0.2508616984375 0.195443996875 0.2406119171875 0.185891275
1 1 0.0714014484375 0.958713409375 0.0654738953125 0.91354863125 0.06389670625 0.8931799781249999 0.0685941171875 0.8813655765625 0.0762946 0.8466392265625 0.07886801875 0.8378397359375 0.0828876953125 0.8198445968750001 0.10227148125 0.823141334375 0.1180718359375 0.8549459546874999 0.1440625 0.9021258203125001 0.170590078125 0.9627778875 0.1970472453125 1 0.2100110640625 1 0.0714014484375
1 1 0.0171556125 0.8266807734375 0.011103171875 0.992234709375 0.0423053328125 1 0.045528928125 1 0.0171556125
2 0.91073494375 0.6825537578125 0.9913280484375001 0.7570597343750001 0.9956433765625 0.633484909375 0.91073494375 0.6825537578125
2 1 0.441784359375 0.9285660921875 0.3924047109375 0.7202973453125 0.37409805625 0.656311553125 0.42789775781249995 0.797741190625 0.56697235625 0.8331148203125001 0.5682076296874999 1 0.4608290796875 1 0.441784359375
2 0.5697945515625 0.3478566265625 0.683334296875 0.35961005 0.7780877 0.2919567640625 0.7105390093749999 0.24200135 0.523779359375 0.21579189062499998 0.4852687875 0.25490415 0.5697945515625 0.3478566265625
2 0.4090051828125 0.1899327390625 0.5726939796875 0.22074524687500002 0.62088563125 0.16358147812499998 0.58475924375 0.1398197234375 0.396945303125 0.094318475 0.3658825078125 0.1460226515625 0.4090051828125 0.1899327390625
2 0.27532545625 0.049397990625 0.2959520234375 0.076080046875 0.40131737031250003 0.10139428749999999 0.4672096296875 0.11061843125 0.48967738125000004 0.0845758703125 0.458073978125 0.0635682375 0.29749184687499997 0.0283209078125 0.27532545625 0.049397990625