8 0.695627415625 0.7087437234375 0.696258375 0.7226907406249999 0.7021223515624999 0.7308526484375 0.7116484640625 0.7301906671875 0.726581053125 0.7187764234375 0.7302431875 0.7099525328125 0.7245526671875 0.6968234734375 0.7076990265624999 0.69921885625 0.695627415625 0.7087437234375
8 0.5988885703125 0.4855497140625 0.5957500625 0.49538653281249995 0.5965891703125 0.50337296875 0.6001851796875 0.51245031875 0.609537834375 0.5167554875 0.631902025 0.500627553125 0.6355641609375 0.4918036625 0.6278485125 0.47263603437499996 0.620066740625 0.47136964687500005 0.5988885703125 0.4855497140625
8 0.49910551875 0.2214690890625 0.4829522203125 0.2358246296875 0.481072371875 0.25764110156250003 0.4883684671875 0.2728155109375 0.4961502390625 0.2740818984375 0.5041401609375 0.2693877046875 0.52444453125 0.24821463124999998 0.52573136875 0.22737209374999998 0.5172492546874999 0.21414555000000002 0.49910551875 0.2214690890625
1 0.10880984062500001 0 0.079081625 0.0675516953125 0.0733976203125 0.086251396875 0.06844864687499999 0.1159178265625 0.0686318765625 0.1586938171875 0.07561900625 0.19872348125 0.095520109375 0.2531290953125 0.1238968140625 0.2889324890625 0.14232459687500001 0.3054902703125 0.1766628359375 0.3146465203125 0.194421709375 0.30233633125 0.207956871875 0.28291615625 0.23198624531249998 0.21910357187499999 0.25343217500000004 0.1492329203125 0.2800200765625 0.140214971875 0.3041979890625 0.1201718078125 0.3477023984375 0.07494285625 0.3583072 0.0593989171875 0.36092208124999997 0.048549171875000005 0.338792046875 0 0.10880984062500001 0
1 0.3961526859375 0.496373571875 0.4142205234375 0.45920813125000004 0.42732961718749995 0.40396597500000003 0.43237940625000004 0.355404875 0.44085500624999996 0.33680265781249996 0.4607463390625 0.3434651265625 0.48684530312499996 0.3324408234375 0.4881353984375 0.327512665625 0.40103325312500004 0.1325051453125 0.38123948125 0.091033621875 0.3784478859375 0.0909361375 0.37621786875 0.10677252968749999 0.37950491406250003 0.140705134375 0.36132974375 0.164936484375 0.35519149375 0.1806364 0.3296671328125 0.27125210625 0.3183023796875 0.3245658921875 0.316533121875 0.37523083437500004 0.320763346875 0.4141695828125 0.33253250625 0.4613287296875 0.3466704515625 0.48867776406249996 0.360666371875 0.5040861375000001 0.370577346875 0.5084108031250001 0.38348806406249997 0.506872371875 0.3961526859375 0.496373571875
1 0.5517383109375 0.6191744625 0.553580209375 0.5824370390625 0.5638001484374999 0.5619064515625001 0.580549715625 0.5624913593749999 0.5931449546875001 0.5539794203125 0.525663125 0.4054105734375 0.5214394140625 0.3983005859375 0.5153672890625 0.396099259375 0.505869353125 0.36393905000000004 0.47059884218750003 0.5735714171875 0.46875694375 0.6103088375 0.47155830937500004 0.6581494640625001 0.47470333125 0.680141409375 0.49652223125 0.7276515015625 0.5058055046875001 0.73394353125 0.5209494984374999 0.7324830875 0.5364718390625 0.7041805296875 0.5442470968750001 0.67361815625 0.5517383109375 0.6191744625
1 0.614826228125 0.781514853125 0.6136072968749999 0.73638219375 0.622594971875 0.7191237171875 0.636518253125 0.7206045703124999 0.6535800421875 0.71224860625 0.6448171390625 0.6910551234375 0.643974775 0.6671543062499999 0.6457191140625 0.6652259359375 0.604595378125 0.5782506781250001 0.595523509375 0.5819124484375 0.5856125343749999 0.5775877828125 0.5815622796875 0.5655106437499999 0.5770610375 0.5663481 0.579262878125 0.5833338984374999 0.5637091046875 0.6285442671875 0.5538491078125001 0.7027980734375 0.548972775 0.7463920234375 0.54817813125 0.7851553 0.5516765828125 0.8290417031249999 0.5575091234375 0.8541114234375 0.567353975 0.8763373296875001 0.58452309375 0.8809154546875 0.5997679046875 0.860560340625 0.60932219375 0.8270761656250001 0.614826228125 0.781514853125
1 1 0.0171556125 0.97051933125 0.016126124999999998 0.9837913078125 0.044439559375 0.9833056296875 0.058347584375 0.9762588890625 0.0680479234375 0.968272225 0.0886564984375 0.9638501375 0.135250234375 0.971673115625 0.167351953125 0.9708405234375 0.1911942796875 0.9811244718750001 0.3128996890625 0.995521540625 0.41286661562500004 1 0.42375495625 1 0.0171556125
1 0.8903521124999999 0.013326623437499999 0.908999378125 0.15322763749999999 0.9163681109375 0.1823295703125 0.923591565625 0.183576459375 0.9281968828125 0.1797587140625 0.9321018562500001 0.1639808109375 0.9424985109374999 0.154397453125 0.9457757843750001 0.140586915625 0.945734578125 0.10975158437500002 0.9380218921875001 0.0149912890625 0.8903521124999999 0.013326623437499999
7 0.4445307484375 0 0.49999772187499997 0.147896759375 0.5054768359375 0.1510720203125 0.508930825 0.14820871093750002 0.5134222937499999 0.0996281140625 0.516717971875 0.005252242187500001 0.5153687421875001 0.00023191562500000001 0.50872754375 0 0.4445307484375 0
7 0.6593572109375 0.46677384999999993 0.6574198703125 0.3781830859375 0.6255382015625 0.26666452500000004 0.611469640625 0.23732863124999998 0.6066149703125 0.21627162656249999 0.5853890796875 0.1677876015625 0.5722257500000001 0.1285369015625 0.56604955 0.12931586718750002 0.5641317546875 0.1362113875 0.557149021875 0.2881477234375 0.5961815046875001 0.386985653125 0.6303658343749999 0.49659534218749996 0.6392295531250001 0.498894153125 0.650402446875 0.531112853125 0.6552885515625 0.535262046875 0.6582882921875 0.52939895 0.6593572109375 0.46677384999999993
7 0.7343367671875 0.5927277640625 0.7281193625 0.562671396875 0.68221359375 0.4685666546875 0.6777123515625 0.469404109375 0.6777849921875 0.4833316296875 0.6927468953125 0.6151468140625 0.7291265499999999 0.7099135390625 0.7591847265625 0.7776041874999999 0.7636165859374999 0.7787535937500001 0.7567931406249999 0.6860136359375 0.7466262968749999 0.624985459375 0.7343367671875 0.5927277640625
7 0.813196378125 0.7516403484375 0.8122781171875 0.69789763125 0.807253246875 0.697722159375 0.8041841218749999 0.705572115625 0.7984968593749999 0.7083574375 0.8016418812499999 0.7303493796875 0.7959925671875 0.748055653125 0.77690239375 0.7344586671875 0.766426584375 0.6982857421875 0.7592031296874999 0.697038853125 0.7587521421875 0.7099534453125 0.7777230953125 0.8230104375 0.828871653125 0.9590732140625 0.8403155625000001 0.9515157109375 0.8419872609375 0.9356598203125 0.832479553125 0.8557564671875 0.8069573109375 0.786234934375 0.8071275109375 0.765353403125 0.813196378125 0.7516403484375