5 0.8319508265625 1 0.8271484375 0.9791208796875001 0.8115234375 0.975274725 0.7939453125 0.9741758234375 0.7880859375 0.978571428125 0.790601046875 1 0.8319508265625 1
8 0.7451171875 1 0.7451171875 0.9956043953125 0.7353515625 0.9824175828125 0.7236328125 0.9802197796875 0.71875 0.9846153843750001 0.7197265625 0.997252746875 0.7225988046875 1 0.7451171875 1
3 0.492831615625 1 0.4853515625 0.890109890625 0.498046875 0.7164835171874999 0.4970703125 0.6978021984375 0.4814453125 0.6917582421875 0.3642578125 0.69450549375 0.296875 0.6989010984374999 0.279296875 0.6978021984375 0.2294921875 0.7021978015625 0.16796875 0.70054945 0.1591796875 0.7021978015625 0.1650390625 0.70604395625 0.1591796875 0.7175824171875 0.1640625 0.7302197796875001 0.1640625 0.79945055 0.1630859375 0.809340659375 0.1513671875 0.8170329671875001 0.1484375 0.8818681312500001 0.15234375 0.8956043953125 0.1572265625 0.8983516484375 0.1484375 0.9076923078125001 0.1533203125 0.9115384609375001 0.146484375 0.9208791203125 0.1494140625 0.9285714281249999 0.146484375 0.9351648359375 0.146484375 0.9901098906250001 0.1494140625 0.99340659375 0.1474609375 1 0.492831615625 1
7 0.686572265625 1 0.67578125 0.9906593406249999 0.666015625 0.9126373624999999 0.5126953125 0.9164835171875 0.4931640625 0.91923076875 0.4952960625 1 0.686572265625 1
7 0.6396484375 0.6076923078124999 0.6328125 0.5736263734375 0.62890625 0.5741758234375001 0.623046875 0.5703296703125 0.61328125 0.5456043953124999 0.6005859375 0.46813186875 0.521484375 0.4697802203125 0.49609375 0.46813186875 0.466796875 0.46868131875 0.462890625 0.4703296703125 0.47265625 0.6071428578125 0.4736328125 0.6109890109375 0.4775390625 0.6120879125 0.6220703125 0.6115384609375 0.6376953125 0.609890109375 0.6396484375 0.6076923078124999
7 0.5927734375 0.3802197796875 0.583984375 0.3335164828125 0.5634765625 0.3351648359375 0.4521484375 0.3351648359375 0.4580078125 0.45659340625 0.4599609375 0.4664835171875 0.4677734375 0.4675824171875 0.6015625 0.4664835171875 0.5927734375 0.3802197796875
7 0.44921875 0.3175824171875 0.451171875 0.3302197796875 0.4560546875 0.3329670328125 0.583984375 0.3324175828125 0.5830078125 0.3104395609375 0.576171875 0.284615384375 0.572265625 0.22142857187499998 0.5673828125 0.21098901093750003 0.4609375 0.20824175781249998 0.443359375 0.2104395609375 0.44921875 0.3175824171875
7 0.4814453125 0.0851648359375 0.435546875 0.0868131875 0.4384765625 0.2043956046875 0.443359375 0.20824175781249998 0.568359375 0.20934065937500002 0.5703125 0.18846153906250002 0.5634765625 0.08846153906250001 0.4814453125 0.0851648359375
7 0.42963579999999996 0 0.435546875 0.08076923124999999 0.4931640625 0.0862637359375 0.560546875 0.0868131875 0.5673828125 0.084065934375 0.5537997156250001 0 0.42963579999999996 0
7 0.62109375 0.5478021984375 0.6337890625 0.55054945 0.646484375 0.5516483515624999 0.6650390625 0.54945055 0.7158203125 0.5516483515624999 0.8056640625 0.5483516484375001 0.880859375 0.5483516484375001 0.892578125 0.5478021984375 0.8984375 0.5450549453125 0.8525390625 0.3296703296875 0.84765625 0.3236263734375 0.84765625 0.3148351640625 0.8427734375 0.31098901093750003 0.8017578125 0.308791209375 0.5966796875 0.3131868125 0.5888671875 0.3148351640625 0.6044921875 0.46318681249999993 0.61328125 0.5031137359375 0.6171875 0.54340659375 0.62109375 0.5478021984375
7 0.5712890625 0.1637362640625 0.58203125 0.29230769218749997 0.5859375 0.29725274687500003 0.5966796875 0.2983516484375 0.6376953125 0.29945055 0.6416015625 0.29725274687500003 0.65234375 0.2989010984375 0.689453125 0.2978021984375 0.7060546875 0.2950549453125 0.716796875 0.29670329687499997 0.8330078125 0.29450549375 0.82421875 0.2736263734375 0.82421875 0.24450549375000002 0.8154296875 0.178021978125 0.802734375 0.0950549453125 0.798828125 0.090659340625 0.673828125 0.0917582421875 0.6572265625 0.09450549375 0.62890625 0.090659340625 0.5712890625 0.0923076921875 0.568359375 0.10329670312499999 0.5712890625 0.1637362640625
7 0.5569074765625001 0 0.5712890625 0.08186813125 0.576171875 0.0851648359375 0.595703125 0.084065934375 0.6005859375 0.0862637359375 0.814453125 0.0879120875 0.818359375 0.0851648359375 0.8154296875 0.05549450625 0.79952116875 0 0.5569074765625001 0