4 0.20306065312500002 0.7174868437499999 0.16828458125 0.715728628125 0.1537676828125 0.7157654953125 0.137203921875 0.71899374375 0.114954790625 0.7187605968749999 0.104398840625 0.7162167375 0.1014423546875 0.7177449218749999 0.10000164687499999 0.73128985 0.11351408437499999 0.7323055234375 0.12370965781250001 0.7451691796875 0.17205506718750002 0.7463136296874999 0.18467684374999999 0.7451229640625 0.19745035625000001 0.7395871203125 0.21763365937499998 0.74355479375 0.2254227921875 0.7421953671875 0.2265410578125 0.7378839421875 0.2046902375 0.726244703125 0.20306065312500002 0.7174868437499999
6 0.48930254531250006 0.8063350140625 0.4925048125 0.8254801734375 0.4987015 0.8420108531249999 0.5081771171875 0.8477798453125001 0.50281339375 0.86281920625 0.513538459375 0.9159432578125 0.521971678125 0.9238510859375 0.5287942812499999 0.9224579078125 0.5176337671875 0.8540919828125 0.512100134375 0.846285409375 0.502151928125 0.7986265828125 0.5012423 0.7969633875000001 0.4934911015625 0.7972365203125 0.4895301515625 0.7998172484375 0.48930254531250006 0.8063350140625
6 0.8072431640625 0.48625773906249997 0.80214498125 0.4936930390625 0.7923658890625 0.496614403125 0.78531568125 0.5045253468750001 0.73308280625 0.5869918140625 0.6988543984375 0.6526851031249999 0.7015453484374999 0.658760978125 0.7091827421875 0.6617467312499999 0.7169339406249999 0.6614735984375 0.7239462140625 0.6546489484375 0.8183673328125 0.500241440625 0.8148805609374999 0.489243490625 0.8180456859374999 0.48174068437499995 0.8152030015625 0.4800099875 0.8064473390625 0.4813356609375 0.8072431640625 0.48625773906249997
6 0.8411285749999999 0.485809615625 0.8477994421874999 0.4887616140625 0.8559299812500001 0.4776255375 0.848539159375 0.4675788734375 0.8437444484375 0.4663238203125 0.8210780421875 0.4780399109375 0.8209452734375 0.481841940625 0.8237500234375 0.4846589328125 0.8411285749999999 0.485809615625
6 0.60630079375 0.44878734218750005 0.6012026109375 0.45622264218749997 0.5963130640625 0.4576833265625 0.5969761203124999 0.4664074328125 0.5845432203125001 0.4899008859375 0.588996521875 0.5009325890625 0.6025089578125 0.5019482640625 0.6593484609375 0.37069980625 0.6595570984375 0.3647251859375 0.65282933125 0.363402628125 0.6460446625 0.3637095125 0.64005581875 0.36893847343749997 0.625784696875 0.3896486875 0.60630079375 0.44878734218750005
0 0.4808227484375 0.43951126562500004 0.48671675781249996 0.4369980421875 0.4887636171875 0.4338066625 0.48592093125 0.432075965625 0.47329915624999996 0.43326663125 0.45468853593749997 0.439686259375 0.4335007703125 0.436771128125 0.42468820625000003 0.43972624375 0.41765696406249997 0.447094040625 0.43204030156249995 0.47859346093750005 0.4225441296875 0.528836134375 0.4143187515625 0.5426879453125 0.41187358124999995 0.5572854171875 0.412895425 0.61115824375 0.4201914109375 0.62392064375 0.43070942656250005 0.6275507984375001 0.4374940953125 0.627243915625 0.46374290625 0.5960757812499999 0.49236260468750004 0.49701425 0.4927988484375 0.48452186406250003 0.4855218296875 0.4712163140625 0.48417675156250006 0.45431124843750004 0.47574353125 0.44640342187500004 0.4808227484375 0.43951126562500004
0 0.5962838671874999 0.153692775 0.5965304390624999 0.1466318625 0.5889689109375 0.141473521875 0.5854442046874999 0.131561865625 0.5880221437500001 0.113162365625 0.5676871046875 0.11353986875 0.5590831796875 0.11052036406250001 0.545532809375 0.11059098437499999 0.5398853734375 0.106043296875 0.522506821875 0.10489261406249999 0.498172896875 0.1089371390625 0.490156159375 0.1168143328125 0.48556849843750005 0.165053178125 0.490267578125 0.1967582265625 0.4892243875 0.22663132031250002 0.48408747500000004 0.26288717500000003 0.46833691875000005 0.32596286874999997 0.46522869218749996 0.33183623125 0.457344725 0.33591139375 0.4548805890625 0.3510520109375 0.45639636875 0.363068753125 0.470665903125 0.3978270578125 0.4830600734375 0.4031541578125 0.503376146875 0.40331980156249997 0.5122456109375 0.39873524374999997 0.5268573453125 0.3959826390625 0.530894165625 0.391229321875 0.5463033140625 0.337930278125 0.5458117578125 0.29658358749999997 0.5631342015625 0.2716294515625 0.5962838671874999 0.153692775
7 0 0.9828443874999999 0.057337967187500005 0.9848466734375 0.0674186140625 0.9161348859375 0.0006522546875 0.9159785906250001 0 0.916576715625 0 0.9828443874999999
7 0.0819947984375 0.8312658 0.0394485609375 0.8303238625 0.026692428125 0.8907850765625 0.070186225 0.8923039140625001 0.07316167968750001 0.89023258125 0.0819947984375 0.8312658
7 0.0273207234375 0.7896584437499999 0.023757287499999998 0.808567340625 0.082734515625 0.8100830609375 0.0866954671875 0.80750233125 0.0941258109375 0.7609941859375 0.0864884171875 0.758008434375 0.055559492187500004 0.7569283734375001 0.0505751125 0.7611047906249999 0.045912378125 0.7837819640625 0.0273207234375 0.7896584437499999
7 0.0547075609375 0.7259014796875001 0.055256814062500006 0.7378844703125 0.0948655296875 0.7398114453125 0.09886441406249999 0.7361444234375 0.1031675671875 0.6960527875 0.095530171875 0.6930670343750001 0.06848633125 0.691578834375 0.0507474046875 0.7007479484375 0.044265415625 0.7200987359375 0.0547075609375 0.7259014796875001
7 0.105783440625 0.676566990625 0.11349749843750001 0.6496458953124999 0.113024115625 0.6354903171874999 0.0627835828125 0.6331920703125 0.058670895312500006 0.640117975 0.0698756734375 0.6517933015625 0.0680698484375 0.6757938140624999 0.105783440625 0.676566990625
7 0 0.7028132328125001 0.0023640609375 0.70068979375 0.051827735937499994 0.6975228171875 0.0606402984375 0.6945677015625 0.06898027031250001 0.6497227484375 0.068108578125 0.6469732609375 0.0604711828125 0.6439875078124999 0 0.6404569984374999 0 0.7028132328125001
7 0 0.7834672671875 0.0371567171875 0.7851076390625 0.044036221874999996 0.7820850203124999 0.048205810937499996 0.773529671875 0.0528124375 0.7247476796875 0.03065814375 0.721798796875 0 0.7211113484375 0 0.7834672671875
7 0.023288670312500002 0.628006209375 0.074533665625 0.629251915625 0.0838781015625 0.5833544203125001 0.0201440984375 0.57949735 0.0141173203125 0.5858126046875001 0.00843115625 0.61008546875 0.0013619796875 0.6185395609375 0.0030674328125 0.62512483125 0.023288670312500002 0.628006209375
7 0.0853377765625 0.5692663437500001 0.0944735734375 0.5293434687499999 0.08585068125 0.5268671125 0.033715024999999996 0.523415065625 0.028294399999999997 0.54008386875 0.0202966296875 0.5474179140625 0.022608235937500002 0.5643567328125 0.0853377765625 0.5692663437500001
7 0 0.522993575 0.019122257812499998 0.5256245234375 0.028844446875000002 0.5243326015625 0.041259173437500005 0.47364803593750004 0.0336028109375 0.47120543125000003 0.0007408296875 0.470057865625 0 0.491272465625 0 0.522993575
7 0.057767620312500004 0.41658071249999995 0.0028164921874999998 0.410618671875 0.0012479515624999999 0.4555358265625 0.007999678125 0.45617230312499996 0.02333136875 0.4605143640625 0.0455615328125 0.4612906578125 0.057767620312500004 0.41658071249999995
7 0.0725516484375 0.3534712671875 0.00505185625 0.346606228125 0.003478590625 0.3916586625 0.062373453125 0.39553298125 0.0725516484375 0.3534712671875
7 0 0.61468533125 0.0024612796875 0.61477128125 0.0190645609375 0.554988221875 0.015350182812499998 0.5505080375 0.009588943749999999 0.5492192328125001 0 0.5486593984375 0 0.61468533125
7 0 0.8882215296875 0.001619578125 0.8882780859375 0.0210260234375 0.8867805359375 0.027962429687500002 0.882128475 0.039752034375 0.8216335078125001 0.0400744765625 0.8124000062500001 0.037212825 0.8112124546875 0 0.8099129546875 0 0.8882215296875