2 0.34427083281250004 0.46944444374999994 0.34375 0.47407407343749997 0.35 0.5268518515625 0.3484375 0.5314814812499999 0.3494791671875 0.5601851859375 0.353125 0.56851851875 0.3604166671875 0.5759259265625001 0.37447916718749996 0.58148148125 0.3791666671875 0.5953703703125 0.3916666671875 0.6083333328125 0.396875 0.6101851859375 0.4036458328125 0.60648148125 0.40520833281249996 0.603703703125 0.403125 0.5990740734375 0.40416666718750005 0.5953703703125 0.42291666718750004 0.5759259265625001 0.43854166718750004 0.5675925921875 0.46979166718750004 0.525 0.46458333281249997 0.5083333328124999 0.4765625 0.48518518593750004 0.475 0.42129629687500003 0.4713541671875 0.409259259375 0.453125 0.38055555625 0.45 0.36851851875 0.4458333328125 0.3648148140625 0.43541666718750005 0.33888888906250003 0.43072916718750004 0.340740740625 0.4244791671875 0.36666666718749996 0.41822916718750003 0.3796296296875 0.403125 0.40092592656250003 0.3864583328125 0.4138888890625 0.3734375 0.4175925921875 0.3692708328125 0.42222222187499997 0.3651041671875 0.415740740625 0.3489583328125 0.4138888890625 0.3447916671875 0.41851851875 0.346875 0.4361111109375 0.35104166718749996 0.45 0.3479166671875 0.4675925921875 0.34427083281250004 0.46944444374999994
2 0.3614583328125 0.4129629625 0.3671875 0.40648148125 0.3729166671875 0.41111111093749997 0.3885416671875 0.40277777812500004 0.40416666718750005 0.3888888890625 0.421875 0.35648148125 0.42552083281249997 0.33703703749999997 0.4223958328125 0.328703703125 0.4171875 0.3240740734375 0.3885416671875 0.302777778125 0.3817708328125 0.3009259265625 0.3338541671875 0.34444444375 0.3369791671875 0.397222221875 0.346875 0.40555555625000006 0.3583333328125 0.40648148125 0.3614583328125 0.4129629625
2 0.4739583328125 0.36944444375 0.46302083281249995 0.35925925937500003 0.4515625 0.3546296296875 0.45208333281249996 0.36759259218749996 0.4703125 0.397222221875 0.47447916718750005 0.3990740734375 0.4739583328125 0.36944444375
2 0.665625 0.875 0.6729166671875 0.8888888890625 0.6833333328125 0.9 0.7046875 0.9111111109375001 0.7098958328125 0.89351851875 0.7166666671875 0.884259259375 0.7333333328125 0.8444444437499999 0.7458333328125 0.825 0.7479166671875 0.8175925921875 0.746875 0.7990740734374999 0.7598958328125 0.7879629625 0.7671875 0.7666666671875 0.7755208328125 0.7361111109375 0.790625 0.609259259375 0.7880208328125 0.603703703125 0.775 0.5944444437499999 0.7729166671875001 0.6101851859375 0.7744791671875 0.6333333328124999 0.7703125 0.64444444375 0.7604166671875 0.6361111109375 0.7203125 0.622222221875 0.7015625 0.6101851859375 0.6880208328124999 0.6074074078125 0.6682291671875 0.5935185187500001 0.6453125 0.584259259375 0.6375 0.5953703703125 0.6333333328124999 0.6416666671875 0.6354166671875 0.6601851859375001 0.6317708328125 0.8416666671874999 0.6578125 0.8768518515625001 0.665625 0.875
2 0.6734375 0.5861111109375 0.6890625 0.5935185187500001 0.7020833328125 0.5962962968750001 0.7036458328124999 0.6009259265625 0.7125 0.60648148125 0.7307291671875 0.6101851859375 0.7375 0.6175925921875 0.7588541671875 0.625 0.7666666671875 0.6231481484375 0.7671875 0.5935185187500001 0.7651041671875001 0.5861111109375 0.6838541671875 0.5259259265625 0.6770833328125 0.525 0.6770833328125 0.5296296296875 0.6697916671875 0.5333333328125 0.6541666671875 0.55648148125 0.6536458328125 0.5648148140625 0.6578125 0.5768518515625 0.6692708328125 0.5796296296875 0.6734375 0.5861111109375
2 0.190625 0.3731481484375 0.2046875 0.3898148140625 0.21354166718749998 0.3879629625 0.2182291671875 0.403703703125 0.2234375 0.4074074078125 0.23177083281250002 0.403703703125 0.2479166671875 0.3879629625 0.2515625 0.3731481484375 0.2510416671875 0.3574074078125 0.2484375 0.3296296296875 0.2421875 0.309259259375 0.2520833328125 0.29814814843750004 0.2520833328125 0.29444444375 0.2421875 0.25555555625 0.21875 0.18055555625 0.1979166671875 0.1629629625 0.1822916671875 0.1629629625 0.1651041671875 0.1824074078125 0.1697916671875 0.25555555625 0.1760416671875 0.2731481484375 0.18020833281249998 0.31759259218749997 0.190625 0.3731481484375
2 0.2625 0.2888888890625 0.2645833328125 0.2731481484375 0.2677083328125 0.2666666671875 0.2786458328125 0.259259259375 0.2838541671875 0.2638888890625 0.284375 0.25555555625 0.2802083328125 0.22777777812500002 0.2328125 0.1888888890625 0.2286458328125 0.1888888890625 0.2286458328125 0.2009259265625 0.2552083328125 0.2870370375 0.259375 0.2916666671875 0.2625 0.2888888890625
1 0 0.44444444375 0.0182291671875 0.46666666718750005 0.0260416671875 0.46666666718750005 0.0317708328125 0.44444444375 0.1260416671875 0.3759259265625 0.1296875 0.38148148125 0.1328125 0.4 0.1338541671875 0.427777778125 0.1395833328125 0.427777778125 0.1421875 0.42314814843750004 0.1348958328125 0.36851851875 0.1536458328125 0.352777778125 0.1578125 0.3574074078125 0.1734375 0.3481481484375 0.1734375 0.3324074078125 0.1666666671875 0.3333333328125 0.1588541671875 0.3138888890625 0.13229166718750002 0.28611111093749997 0.1338541671875 0.2740740734375 0.15625 0.2546296296875 0.1604166671875 0.24444444375000002 0.159375 0.184259259375 0.1572916671875 0.1703703703125 0.1510416671875 0.1583333328125 0.1515625 0.13055555624999998 0.1463541671875 0.12407407343750002 0.1395833328125 0.09074074062500001 0.1307291671875 0.08055555625000001 0.1145833328125 0.08518518593749999 0.0421875 0.127777778125 0 0.146296296875 0 0.44444444375
7 0.3963541671875 0 0.4 0.045370370312500005 0.403125 0.05648148125 0.4078125 0.060185185937499996 0.41770833281249997 0.05648148125 0.4234375 0.0666666671875 0.4359375 0.0731481484375 0.4375 0.071296296875 0.4375 0.060185185937499996 0.44322916718750005 0.059259259375 0.4458333328125 0.039814814062499995 0.453125 0.0379629625 0.4557291671875 0.040740740625 0.45989583281249996 0.059259259375 0.4578125 0.0675925921875 0.4625 0.09074074062500001 0.4625 0.12222222187500001 0.45885416718750005 0.13333333281249998 0.4484375 0.134259259375 0.42604166718750003 0.15 0.4171875 0.1629629625 0.4088541671875 0.165740740625 0.4057291671875 0.1740740734375 0.40625 0.18148148125000002 0.4234375 0.2009259265625 0.45520833281249995 0.21944444375 0.46666666718750005 0.21851851875 0.46979166718750004 0.2138888890625 0.48229166718750005 0.221296296875 0.5020833328125 0.2166666671875 0.5411458328125 0.16944444375 0.5447916671875 0.1620370375 0.5447916671875 0.15648148125 0.5411458328125 0.1546296296875 0.54375 0.1268518515625 0.5458333328125 0.12407407343750002 0.5828125 0.1453703703125 0.5916666671875 0.1490740734375 0.5958333328125 0.146296296875 0.5984375 0.1351851859375 0.6 0.08425925937499999 0.5973958328125 0 0.3963541671875 0
7 0.7848958328125 0 0.7817708328124999 0.0120370375 0.7796875 0.097222221875 0.7729166671875001 0.1583333328125 0.7682291671875 0.23611111093749998 0.7703125 0.2398148140625 0.7911458328125 0.24907407343750002 0.8140625 0.2509259265625 0.8166666671874999 0.259259259375 0.8213541671875 0.2629629625 0.846875 0.2731481484375 0.8520833328125 0.271296296875 0.8578125 0.2740740734375 0.8598958328125 0.27870370312500004 0.8973958328125 0.29351851875 0.9036458328125001 0.3009259265625 0.9005208328125001 0.31759259218749997 0.8963541671874999 0.325 0.8734375 0.31944444375000003 0.8505208328125 0.34444444375 0.8416666671874999 0.3611111109375 0.8385416671874999 0.3740740734375 0.8348958328125 0.3768518515625 0.8322916671874999 0.3879629625 0.8338541671874999 0.396296296875 0.8296875 0.40277777812500004 0.8255208328125001 0.4 0.8244791671874999 0.4046296296875 0.8203125 0.40648148125 0.8166666671874999 0.42314814843750004 0.85 0.45370370312499997 0.9052083328125 0.48425925937500003 0.9380208328125 0.5 0.9869791671874999 0.5101851859375001 0.9932291671875 0.4861111109375 0.9973958328125001 0.4379629625 0.9994791671875 0.4370370375 0.9994791671875 0 0.7848958328125 0
2 0.6833333328125 0.12222222187500001 0.6953125 0.1101851859375 0.7078125 0.10833333281249999 0.74375 0.1268518515625 0.7489583328125 0.12222222187500001 0.7526041671875 0.0666666671875 0.7515625 0.0638888890625 0.7364583328125 0.0629629625 0.7260416671875001 0.0546296296875 0.7192708328124999 0.034259259375000004 0.7197916671875 0.013888889062500001 0.703125 0.0120370375 0.6890625 0.004629629687499999 0.6854166671875 0.00648148125 0.68125 0.0175925921875 0.6713541671875001 0.0296296296875 0.6692708328125 0.0361111109375 0.66875 0.08148148125 0.671875 0.0861111109375 0.6723958328124999 0.11851851875 0.6833333328125 0.12222222187500001