7 0.8515625 0.3416666671875 0.8598958328125 0.35555555625 0.8791666671874999 0.378703703125 0.8838541671875 0.3888888890625 0.884375 0.397222221875 0.88125 0.4 0.8807291671874999 0.40648148125 0.875 0.41018518593750003 0.8760416671875 0.415740740625 0.8734375 0.43518518593750005 0.8677083328125 0.44351851875000003 0.8666666671875 0.45 0.9026041671874999 0.48981481406249994 0.9546875 0.478703703125 0.9583333328125001 0.4768518515625 0.959375 0.46851851875 0.9625 0.46481481406249997 0.9994791671875 0.49259259218749996 0.9994791671875 0.20833333281250002 0.9744791671874999 0.19351851874999998 0.9552083328125001 0.1759259265625 0.9505208328125001 0.177777778125 0.9421875 0.1675925921875 0.9119791671874999 0.15277777812499999 0.8734375 0.12592592656249998 0.8666666671875 0.12592592656249998 0.8630208328125001 0.13888888906250002 0.8536458328125001 0.3018518515625 0.8520833328125 0.31944444375000003 0.8484375 0.3296296296875 0.8515625 0.3416666671875
7 0.7572916671875001 0.2398148140625 0.7630208328125 0.24814814843750002 0.7760416671875 0.2611111109375 0.7802083328125 0.272222221875 0.7765625 0.2740740734375 0.7744791671875 0.296296296875 0.7640625 0.30555555624999997 0.7614583328125 0.3138888890625 0.7828125 0.33888888906250003 0.8489583328125001 0.32777777812500003 0.8625 0.1361111109375 0.8661458328125 0.125 0.8729166671874999 0.12407407343750002 0.8807291671874999 0.13055555624999998 0.8833333328125 0.1203703703125 0.7947916671875 0.0666666671875 0.7828125 0.0629629625 0.7791666671875 0.05648148125 0.7708333328125 0.053703703125 0.7666666671875 0.060185185937499996 0.7572916671875001 0.20833333281250002 0.7473958328125 0.2203703703125 0.7536458328125 0.2259259265625 0.7572916671875001 0.2398148140625
7 0.6927083328125 0.1870370375 0.6859375 0.1888888890625 0.6770833328125 0.2046296296875 0.6848958328125 0.21111111093749999 0.6942708328125 0.20740740781250003 0.7 0.22777777812500002 0.7135416671875 0.2453703703125 0.7208333328125 0.24814814843750002 0.7520833328125 0.2398148140625 0.7604166671875 0.15277777812499999 0.7661458328124999 0.058333332812500006 0.7703125 0.051851851562499995 0.7869791671875 0.0620370375 0.7921875 0.061111110937500004 0.7927083328125 0.05648148125 0.7203125 0.0129629625 0.7125 0.009259259374999999 0.7078125 0.009259259374999999 0.7057291671875 0.0129629625 0.6947916671875001 0.15648148125 0.6947916671875001 0.1675925921875 0.69765625 0.1745370375 0.6927083328125 0.1870370375
2 0.0609375 0.6111111109375 0.0661458328125 0.5861111109375 0.0703125 0.5759259265625001 0.0484375 0.44629629687500005 0.0416666671875 0.43518518593750005 0.0161458328125 0.4361111109375 0.009375 0.44166666718750003 0.003125 0.4546296296875 0.0052083328125 0.4796296296875 0.0302083328125 0.61851851875 0.053125 0.615740740625 0.0609375 0.6111111109375
2 0 0.7888888890625 0.0078125 0.7833333328125 0.0203125 0.7333333328125 0.0015625 0.628703703125 0 0.628703703125 0 0.7888888890625
1 0.2677083328125 0.7814814812499999 0.2588541671875 0.7870370375 0.2557291671875 0.796296296875 0.24635416718749997 0.80648148125 0.23020833281250003 0.9638888890624999 0.228125 0.9990740734375001 0.2723958328125 0.9990740734375001 0.27395833281250004 0.8435185187500001 0.2677083328125 0.7814814812499999
1 0.128125 0.6944444437499999 0.1463541671875 0.6972222218749999 0.15625 0.6879629625 0.1619791671875 0.6972222218749999 0.1661458328125 0.6953703703125 0.1708333328125 0.6870370375 0.1770833328125 0.684259259375 0.22395833281250002 0.6796296296875 0.228125 0.69351851875 0.234375 0.6925925921875 0.2359375 0.7018518515625 0.2442708328125 0.7018518515625 0.23854166718749997 0.6944444437499999 0.23854166718749997 0.6879629625 0.2552083328125 0.675 0.26510416718749996 0.6509259265625 0.265625 0.628703703125 0.2677083328125 0.622222221875 0.26614583281250004 0.603703703125 0.2755208328125 0.5388888890625 0.2776041671875 0.5018518515625 0.2765625 0.4268518515625 0.2786458328125 0.4 0.2723958328125 0.36944444375 0.2671875 0.36851851875 0.26510416718749996 0.375 0.2588541671875 0.38148148125 0.2557291671875 0.3916666671875 0.2546875 0.4074074078125 0.2515625 0.41851851875 0.24895833281250002 0.5009259265625 0.24635416718749997 0.515740740625 0.2479166671875 0.5268518515625 0.2421875 0.5370370375 0.22760416718749998 0.5351851859375001 0.1640625 0.5416666671875 0.14375 0.55 0.1348958328125 0.5574074078125 0.1276041671875 0.5694444437499999 0.11041666718750001 0.6296296296875 0.11041666718750001 0.6555555562500001 0.1140625 0.672222221875 0.1223958328125 0.6898148140625 0.128125 0.6944444437499999
1 0.1380208328125 0.5398148140625 0.1369791671875 0.546296296875 0.1385416671875 0.5490740734374999 0.1453125 0.540740740625 0.1505208328125 0.54444444375 0.1505208328125 0.5314814812499999 0.1536458328125 0.5287037031249999 0.165625 0.5305555562500001 0.17135416718750002 0.5259259265625 0.20989583281250002 0.51944444375 0.21979166718749998 0.5314814812499999 0.22552083281250002 0.5333333328125 0.22760416718749998 0.5296296296875 0.2359375 0.5314814812499999 0.24375 0.515740740625 0.2479166671875 0.5166666671875 0.2479166671875 0.509259259375 0.24114583281250002 0.4916666671875 0.24375 0.475 0.2442708328125 0.4138888890625 0.24114583281250002 0.302777778125 0.23697916718749998 0.252777778125 0.2322916671875 0.2509259265625 0.23020833281250003 0.25833333281250004 0.2234375 0.2629629625 0.221875 0.2703703703125 0.225 0.371296296875 0.22291666718749997 0.3925925921875 0.225 0.40648148125 0.2192708328125 0.4166666671875 0.21197916718749998 0.41018518593750003 0.1979166671875 0.409259259375 0.1296875 0.4240740734375 0.1145833328125 0.4370370375 0.1088541671875 0.46666666718750005 0.10833333281249999 0.48148148125 0.1125 0.5129629625 0.11822916718750001 0.525 0.1380208328125 0.5398148140625
1 0.5072916671875001 0.48055555625 0.5197916671875 0.48055555625 0.5270833328125 0.4861111109375 0.5291666671875 0.5046296296875 0.5348958328125 0.50555555625 0.534375 0.4953703703125 0.5302083328125 0.48981481406249994 0.5286458328125 0.48055555625 0.54375 0.46666666718750005 0.5505208328125 0.45 0.5619791671875001 0.3379629625 0.5635416671875 0.271296296875 0.5609375 0.24351851875000002 0.55625 0.22870370312500002 0.5479166671875 0.22685185156249998 0.5447916671875 0.2296296296875 0.5369791671875 0.240740740625 0.5302083328125 0.2629629625 0.5213541671875 0.34351851875 0.525 0.365740740625 0.5234375 0.38055555625 0.5197916671875 0.384259259375 0.5161458328124999 0.378703703125 0.5067708328125 0.3740740734375 0.4765625 0.375 0.4765625 0.3796296296875 0.4817708328125 0.3879629625 0.5052083328125 0.477777778125 0.5072916671875001 0.48055555625
1 0.571875 0.6546296296875 0.5817708328125 0.665740740625 0.5848958328125 0.678703703125 0.5890625 0.6796296296875 0.5901041671875 0.6740740734374999 0.5854166671875001 0.6620370375 0.5854166671875001 0.647222221875 0.5989583328125 0.6361111109375 0.609375 0.6111111109375 0.6239583328125 0.49351851875 0.6260416671875 0.4175925921875 0.6223958328125 0.36851851875 0.6166666671875001 0.352777778125 0.6067708328125 0.3398148140625 0.603125 0.3398148140625 0.5875 0.3574074078125 0.5838541671875 0.36851851875 0.5723958328125 0.4583333328125 0.571875 0.478703703125 0.5755208328125 0.49351851875 0.5755208328125 0.5074074078125 0.5708333328124999 0.5240740734375 0.5640625 0.5268518515625 0.5614583328125 0.5175925921875 0.5484375 0.5074074078125 0.5291666671875 0.50648148125 0.5140625 0.5111111109375 0.5140625 0.5203703703125 0.5484375 0.65 0.5520833328125 0.6546296296875 0.571875 0.6546296296875
1 0.6265625 0.652777778125 0.6302083328125 0.6731481484375 0.6328125 0.6777777781250001 0.6182291671875 0.7 0.5984375 0.6805555562500001 0.5604166671875 0.6879629625 0.5598958328125 0.6916666671875 0.6135416671875 0.89444444375 0.634375 0.8916666671875 0.6484375 0.8990740734375 0.6567708328124999 0.9268518515625 0.6619791671875 0.928703703125 0.6645833328124999 0.9259259265625 0.6546875 0.8953703703125001 0.6541666671875 0.878703703125 0.6630208328125 0.875 0.6786458328125 0.8574074078124999 0.6854166671875 0.8425925921875 0.6895833328125 0.8259259265625 0.7088541671875 0.702777778125 0.7135416671875 0.646296296875 0.7135416671875 0.5990740734375 0.7098958328125 0.5768518515625 0.7104166671875001 0.5648148140625 0.7041666671875 0.5296296296875 0.6859375 0.4861111109375 0.6765625 0.48333333281249996 0.6651041671875 0.48518518593750004 0.6458333328125 0.5129629625 0.6385416671875 0.5351851859375001 0.6348958328125 0.5546296296875 0.6265625 0.627777778125 0.6265625 0.652777778125
1 0.8848958328125001 0.9712962968750001 0.8869791671874999 0.9240740734375 0.8786458328125001 0.8388888890624999 0.8697916671874999 0.7981481484375 0.8598958328125 0.765740740625 0.8432291671875 0.728703703125 0.8291666671875 0.709259259375 0.8151041671874999 0.7 0.8005208328125001 0.6972222218749999 0.7901041671875 0.6990740734374999 0.778125 0.7074074078125 0.7541666671875 0.75648148125 0.7479166671875 0.777777778125 0.7369791671875 0.8361111109375001 0.7322916671875 0.8703703703125001 0.734375 0.8925925921875001 0.73125 0.9148148140625001 0.7276041671875 0.9305555562500001 0.7197916671875 0.9416666671874999 0.7057291671875 0.9277777781250001 0.69375 0.9240740734375 0.6270833328125 0.9379629625 0.6265625 0.94351851875 0.6416666671875 0.9990740734375001 0.8802083328125001 0.9990740734375001 0.8848958328125001 0.9712962968750001
8 0.44322916718750005 0.5388888890625 0.4401041671875 0.5314814812499999 0.43125 0.5240740734375 0.4192708328125 0.525 0.4213541671875 0.5611111109375 0.43385416718750003 0.559259259375 0.44114583281249997 0.5518518515624999 0.44322916718750005 0.5388888890625
8 0.4078125 0.3851851859375 0.4135416671875 0.38240740781250004 0.4166666671875 0.3740740734375 0.415625 0.365740740625 0.4109375 0.35925925937500003 0.4010416671875 0.35648148125 0.39895833281250004 0.3574074078125 0.3994791671875 0.3620370375 0.40520833281249996 0.38148148125 0.4078125 0.3851851859375
2 0.9372916671875 0.9990740734375001 0.9994791671875 0.9962592593749999 0.9994791671875 0.8480666671874999 0.9994791671875 0.763597221875 0.9322916671874999 0.7947175921875 0.8947916671874999 0.968102778125 0.9114583328125001 0.9990740734375001 0.9372916671875 0.9990740734375001
2 0.8414583328124999 0.7235851859375 0.865625 0.776934259375 0.9189583328125 0.76804351875 0.9339583328125001 0.6702361109375 0.8614583328125001 0.554646296875 0.8072916671874999 0.5725925921874999 0.785625 0.70135648125 0.813125 0.6969111109374999 0.8414583328124999 0.7235851859375
2 0.7122916671875 0.5724296296875 0.720625 0.6228148140624999 0.7889583328125 0.597622221875 0.8014583328124999 0.47462222187499997 0.7572916671875001 0.41830925937499996 0.71875 0.43185185156249994 0.7114583328124999 0.4360925921875 0.708125 0.529453703125 0.7122916671875 0.5724296296875
2 0.7072916671875 0.47906851875 0.7164583328125 0.361996296875 0.693125 0.31902037031249997 0.6541666671875 0.3374074078125 0.6547916671875 0.458321296875 0.6714583328125 0.48351388906250004 0.7072916671875 0.47906851875
1 0.265625 0.776934259375 0.27229166718750003 0.7932361109375 0.275625 0.928090740625 0.2889583328125 0.9236453703124999 0.29312499999999997 0.8673324078125001 0.29812500000000003 0.6139231484375001 0.29562499999999997 0.527971296875 0.280625 0.5442731484375 0.2689583328125 0.7235851859375 0.1572916671875 0.74285 0.12562500000000001 0.75766944375 0.0914583328125 0.8806694437499999 0.095625 0.9206814812499999 0.10479166718749999 0.968102778125 0.22916666718749998 0.9577777781249999 0.2472916671875 0.8021277781249999 0.25895833281249997 0.803609259375 0.265625 0.776934259375
7 0.40520833281249996 0.8374074078125 0.418125 0.9990740734375001 0.45395833281250003 0.9990740734375001 0.4222916671875 0.8288018515625 0.40520833281249996 0.8374074078125
7 0.41979166718750005 0.8273203703125 0.44895833281249997 0.9651388890625 0.4222916671875 0.7117296296875 0.3722916671875 0.40497222187500004 0.3664583328125 0.40645370312500007 0.375625 0.7398870375000001 0.3947916671875 0.871777778125 0.3614583328125 0.8910425921874999 0.3622916671875 0.9962592593749999 0.41979166718750005 0.9990740734375001 0.410625 0.830284259375 0.41979166718750005 0.8273203703125
7 0.37312500000000004 0.39608055625 0.42395833281249995 0.7265490734375 0.433125 0.7102481484375 0.40895833281250005 0.39608055625 0.353125 0.22444444375 0.36062500000000003 0.46424907343750005 0.368125 0.487959259375 0.3639583328125 0.4094175921875 0.37312500000000004 0.39608055625
7 0.3247916671875 0.40348981406249995 0.320625 0.40348981406249995 0.323125 0.4553574078125 0.3614583328125 0.43757407343750004 0.3547916671875 0.4109 0.3539583328125 0.2212138890625 0.35812499999999997 0.2078759265625 0.3322916671875 0.1225925921875 0.3247916671875 0.2360324078125 0.3389583328125 0.34865925937500003 0.3164583328125 0.3738518515625 0.3247916671875 0.40348981406249995
7 0.34729166718750004 0.185647221875 0.343125 0.11006944375000001 0.31979166718749996 0.0503703703125 0.31979166718749996 0.1397074078125 0.328125 0.2019481484375 0.330625 0.130815740625 0.34729166718750004 0.185647221875
8 0.390625 0.85555555625 0.3869791671875 0.821296296875 0.384375 0.8148148140625 0.36666666718749996 0.8296296296874999 0.3604166671875 0.8435185187500001 0.3609375 0.859259259375 0.3723958328125 0.8740740734375001 0.3885416671875 0.8611111109375 0.390625 0.85555555625