7 0.559386209375 0.710927340625 0.5553269875 0.709088334375 0.541834103125 0.7108173421874999 0.42342424999999995 0.7052693359375 0.412785278125 0.706200125 0.41687746875 0.719555490625 0.4115689640625 0.74799523125 0.42065458749999995 0.7515886265625 0.431341184375 0.75120220625 0.4408224734375 0.748178559375 0.46470154375000006 0.7537689078125 0.4797624359375 0.7365437218750001 0.5210031046875 0.740066590625 0.531975459375 0.7429463828125 0.541599628125 0.7415558421874999 0.589610553125 0.744486390625 0.6225422765624999 0.7421537734375 0.640237259375 0.743896875 0.6288362703125 0.736117765625 0.5733077296875 0.7140976484375 0.5667902625 0.7064398203125 0.559386209375 0.710927340625
7 0.5607966828125 0.7047700484375 0.5623976578125001 0.700790234375 0.5581955578125 0.697318121875 0.4794986859375 0.6444128453125 0.352288965625 0.6385376546875 0.31805668125 0.6371443078125 0.3124917359375 0.6403738546875 0.3231636765625 0.650959425 0.3237351890625 0.65749185 0.309516909375 0.6954876609375 0.33904151875 0.709909190625 0.3459070265625 0.7104056078125 0.35703691718749997 0.7039465140625001 0.373717096875 0.705229865625 0.381073521875 0.7001979765625 0.38069251406250004 0.695843028125 0.406949234375 0.6951914703125001 0.4199988265625 0.69953513125 0.4522967515625 0.7010977140625 0.4682478828125 0.7051875234375 0.5062060046875 0.7046092953125 0.5503482140625 0.7078783125 0.5607966828125 0.7047700484375
7 0.21352072031249997 0.6342222390625001 0.225903546875 0.6309447406250001 0.2385721296875 0.6309334546875001 0.247910540625 0.6262767015625 0.24913050781249998 0.6179419375 0.26113232656249996 0.6103094875 0.2682359640625 0.6135277484375 0.2717090140625 0.619806321875 0.28697872343749997 0.6272469625 0.2986801265625 0.6273202921875 0.3057361390625 0.629994184375 0.37280489375000003 0.6279661765625 0.42864850624999995 0.631308525 0.4742011875 0.6284202515625 0.4737249265625 0.6229765656249999 0.4242046234375 0.591654228125 0.37276461875 0.5495291328125 0.3625689390625 0.54438725 0.3554653 0.5411689890625 0.34737982500000003 0.5490073375 0.337755659375 0.550397878125 0.247903234375 0.55935601875 0.22551523125 0.5596691078125 0.22120322187500002 0.56608025 0.20480879999999999 0.5680631125 0.18595613125 0.5642271515624999 0.16864215625 0.566839 0.1699427171875 0.5705649625 0.175936296875 0.572234734375 0.1776178703125 0.5803156484375 0.1583255609375 0.616012703125 0.159626125 0.619738665625 0.1971262984375 0.6362051015625 0.19934641250000001 0.6393020796875 0.21090493906250002 0.637742303125 0.21352072031249997 0.6342222390625001
1 0.4914712328125 0.513911021875 0.462994396875 0.511465603125 0.4097995359375 0.51611955 0.3540365171875 0.5248379296875 0.349391125 0.527438490625 0.38711111875 0.52413841875 0.3920276109375 0.5357760609375 0.41384775312500005 0.5623908890625 0.4106934265625 0.5708948875 0.4282455328125 0.571004884375 0.47936315937499996 0.5648870640625 0.49271316406250004 0.5615249484375 0.507664146875 0.5541830171875 0.5129909625 0.5482316265625 0.52063314375 0.5464659515625 0.5249451546875 0.5400548109375001 0.5241831359375 0.5313449109375 0.5177132953125 0.5242314515625 0.5044732 0.517710315625 0.4914712328125 0.513911021875
1 0.339913534375 0.41910912187499993 0.2726872421875 0.43047601562500004 0.246177734375 0.43937772031250005 0.22875385 0.451872821875 0.24174115624999998 0.4666441078125 0.3163311828125 0.5171660109375 0.32436903125 0.50878329375 0.320782415625 0.4789276328125 0.3254278078125 0.476327071875 0.3794945984375 0.47049977031249995 0.418767940625 0.46267551406249996 0.442280659375 0.45293892187499996 0.45418722499999997 0.4442177359375 0.454011378125 0.43106827187499996 0.4445923734375 0.4236642953125 0.4206656765625 0.4175295796875 0.3901592328125 0.4141646578125 0.339913534375 0.41910912187499993
1 0.2431077 0.3485894328125 0.2712987796875 0.3477686390625 0.3344658484375 0.3345627390625 0.3560442078125 0.3249953828125 0.37240566249999996 0.3114961625 0.37126263593750003 0.2984313125 0.36092407656250003 0.2916563234375 0.33694975625 0.2849772390625 0.3173204125 0.28340337031249996 0.2696428703125 0.2842834015625 0.1613993796875 0.305821259375 0.1387109640625 0.3138401296875 0.124426746875 0.328803221875 0.1119486671875 0.3309919828125 0.1165500875 0.3613073953125 0.1565891015625 0.39565337968750003 0.1624727734375 0.4072064046875 0.176346665625 0.40983234375000005 0.18957210468750002 0.42732547343749994 0.212135953125 0.44016184999999997 0.218906209375 0.439569528125 0.229116546875 0.43373942187500003 0.23406235312499998 0.42343308124999995 0.239638303125 0.3757712015625 0.2387334078125 0.3654281953125 0.23183492968750002 0.35341541875 0.2431077 0.3485894328125
1 0 0.2595684453125 0.0670444421875 0.319013065625 0.09525383125 0.34068062499999996 0.10463986875 0.3365682390625 0.1145461390625 0.30498356875 0.11864933281250001 0.2739066015625 0.11138450625 0.24656688437500002 0.13232906875 0.24089472500000003 0.152639834375 0.2391177625 0.19573426875 0.2304106703125 0.232835121875 0.22003380468749997 0.2596926703125 0.20397068749999997 0.2657009078125 0.19466846875 0.26320969375000003 0.1773332875 0.24954096250000002 0.16591283125 0.2193825578125 0.1553865 0.17804663437499998 0.15077489375 0.1633960671875 0.150411046875 0.1160995328125 0.15564602656249998 0.0044159609374999995 0.182421671875 0 0.1844230421875 0 0.2595684453125
1 0 0.07490735625 0.0379375515625 0.06429647187500001 0.0785261140625 0.049226189062499995 0.09675621875 0.033369340625 0 0.0418344125 0 0.07490735625
1 0.22230899375000002 1 0.22841663906249998 0.9938553296875 0.237388696875 0.9738716359374999 0.2519513640625 0.8952540703125 0.2585787421875 0.8930286453124999 0.28280585 0.8914575828125001 0.28745124375 0.888857021875 0.380157578125 0.8791006625 0.3835976609375 0.873862875 0.395789984375 0.8684079015625 0.38472237656249997 0.8644393734375001 0.267946465625 0.8664279109375 0.21470397812500003 0.8705374890625001 0.1917298046875 0.8752901453125 0.15454835625000002 0.8736062828125 0.15177503750000002 0.8864652312500001 0.16434836875 0.8853652078125 0.1708182109375 0.8924786640625 0.1442610765625 0.900836003125 0.1378242046875 0.905238903125 0.116850328125 0.9328550468750001 0.1160589953125 0.9460891296874999 0.0797971 0.9437762796875001 0.0692057515625 0.9452514390625 0.07069681875 0.9511548765625 0.06453104531250001 0.9697959812500001 0.055430765625 0.9771745765625001 0.0440151171875 0.9803674578124999 0.060885801562499994 0.9838282843749999 0.0500892921875 0.9940979578125001 0.041384678125000005 0.9948595125 0.0418344125 1 0.078762996875 1 0.0951986796875 0.9972823578125001 0.106123409375 0.9996177812499999 0.106397409375 1 0.22230899375000002 1
1 0.31357243437500004 0.8086796828124999 0.33665651875 0.7940437734375 0.340444640625 0.781644575 0.32996320468749996 0.7732364796875 0.300042928125 0.7654319921875 0.25880225625 0.7619091234375001 0.2556625890625 0.75944113125 0.23888715781249997 0.7570690421874999 0.148019928125 0.7655674296874999 0.139901484375 0.7618894187499999 0.1334646125 0.7662923187499999 0.0873257625 0.773620159375 0.061340140625 0.788509921875 0.051858851562499995 0.79153356875 0.039538309375000004 0.78438344375 0.022586484375 0.779995175 0.03596195 0.9328774421875 0.0691581265625 0.94470706875 0.08661497968750001 0.943728328125 0.1055775578125 0.9376810328125 0.1342888703125 0.9093879546875 0.16531189531249998 0.8518202468749999 0.16955796875 0.8223763875 0.1895353515625 0.8167888453125001 0.2219285296875 0.8194401625 0.2887591546875 0.8146903109375 0.31357243437500004 0.8086796828124999
1 0.10992257968750001 0.79797289375 0.0533975453125 0.797981375 0.042124774999999996 0.8028073625 0.024439996875 0.8011809124999999 0.028701484375000003 0.8498899453125001 0.0315700515625 0.8492592218749999 0.052118946875 0.850204103125 0.084083490625 0.8479561046875 0.12741605625000002 0.8419708546875 0.1473458125 0.8358389421875 0.1635643875 0.820706615625 0.164927234375 0.8140049578124999 0.1597579546875 0.8106174609375 0.1351974625 0.80837794375 0.10992257968750001 0.79797289375
7 0 0.41609757500000005 0.10889690156250001 0.40750540312499994 0.12208937187499999 0.41348217187499997 0.1285738703125 0.4096236390625 0.1421620078125 0.40898336718749995 0.147236034375 0.41128212499999994 0.1518814265625 0.4086815640625 0.1460930078125 0.39821727500000004 0.14847065937499998 0.39197536875 0.008991718749999999 0.2681414078125 0.0028552609375 0.26483853125 0 0.2657490921875 0 0.41609757500000005
7 0 0.5218304703125 0.0034136968750000003 0.56084920625 0.0043938640625 0.560913053125 0.0149046171875 0.547377165625 0.031346665625 0.5459386734375 0.035468170312500005 0.53735005625 0.04325323125 0.5372174875 0.054478373437500005 0.5318471312499999 0.054874040624999995 0.525230090625 0.06759024999999999 0.525763171875 0.08382713593749999 0.5331191937499999 0.08744306562500001 0.5410308734375 0.12581516718750002 0.5563239546875 0.141718671875 0.559869396875 0.1562739859375 0.5591445078125 0.1723679953125 0.564867425 0.1741118484375 0.5625207156250001 0.1841243546875 0.5599991281250001 0.34346348125000004 0.5488014390625 0.3428443421875 0.5417246453125 0.3354549484375 0.5352401718750001 0.26405221874999996 0.48773062968750003 0.2604839171875 0.4803633203125 0.2441517765625 0.471918559375 0.2344946421875 0.461792740625 0.19918161406249998 0.4369069234375 0.15056620781250002 0.41592759062500007 0.136296646875 0.41991869218750005 0.126481975 0.4191317578125 0.10442735624999999 0.42325542812499994 0.09862428125 0.42376313281250005 0.093455 0.4203756375 0.0849885171875 0.42385903750000004 0.077012953125 0.42181413125 0.06951364843749999 0.4252129125 0.058731796875 0.424510596875 0.020235128124999998 0.43007275937499995 0 0.4300212421875 0 0.5218304703125