7 0.008651368750000001 0 0.0036961750000000003 0.2838828015625 0.061055931249999994 0.2945621796875 0.0635537734375 0.2833335703125 0.0734613109375 0.11134913906249999 0.0778040328125 0.027395750000000003 0.07629275156250001 0.015072417187500001 0.0271636828125 0 0.008651368750000001 0
7 0.6381310234375001 0.39993646250000003 0.6420174765625 0.24321812656250003 0.6330453546875 0.22973981562499998 0.63094090625 0.218430875 0.5101634578125 0.181481325 0.475178278125 0.174722178125 0.46890434843750006 0.36931444999999996 0.47156620312499997 0.38165786874999996 0.6332247453125001 0.4172715078125 0.6373053953125 0.414268496875 0.6381310234375001 0.39993646250000003
7 0.7346212750000001 0.44363530156250003 0.766801546875 0.44624650312499997 0.7709358421875 0.44017019062499996 0.771886640625 0.41866711562500003 0.7749597703125 0.4074485484375 0.77980625 0.32760293749999997 0.7812577328125 0.2774157078125 0.7773201359375 0.27222324531250003 0.7635847890624999 0.2678845078125 0.7422813125000001 0.2685374015625 0.7338308328125 0.2581424359375 0.7229540375 0.2548783421875 0.7148285015625 0.2588354953125 0.71096243125 0.2495452953125 0.70524533125 0.24739601093750002 0.695969221875 0.25133308125 0.6948901765625 0.24721526093750001 0.6758878453125 0.2479083203125 0.657046446875 0.2393814734375 0.646098125 0.240215115625 0.6437433343750001 0.2432482515625 0.6407984531250001 0.2800877125 0.638977609375 0.41737192500000003 0.6423399203125 0.42255434531249997 0.6514908578124999 0.4257883140625 0.7346212750000001 0.44363530156250003
7 0.8253580859375 0.28945769062500004 0.8086926625 0.2881420484375 0.7932851015625 0.28069988437500004 0.7834873531250001 0.281553609375 0.7750522531249999 0.43511831093750003 0.777174584375 0.44540281875 0.89307844375 0.46484661406249994 0.8935612453124999 0.43718689218750006 0.8918890296875001 0.434083465625 0.89384735 0.42079594687500005 0.8916177296875001 0.41665804375000004 0.8941334546874999 0.40440500156250003 0.8968754859375 0.3132504484375 0.8253580859375 0.28945769062500004
7 1 0.3395922984375 0.9388356281249999 0.3160323578125 0.910124953125 0.312456971875 0.8996803921875 0.31739839375 0.8971110234375 0.3327247375 0.89307844375 0.46484661406249994 0.900449875 0.471123759375 0.9841734609375001 0.4879563546875 0.9968297609375 0.488177271875 0.9980697421875 0.4830751828125 1 0.45355833125 1 0.3395922984375
7 1 0.008651368750000001 0.88768556875 0.0066909125 0.8874465203125 0.029231157812500002 0.8897297843749999 0.0302957578125 0.8920161249999999 0.0641522921875 0.890868628125 0.09692414218749999 0.89244249375 0.10566195781250001 0.8916258062500001 0.1194817765625 0.8885169140625001 0.1327492109375 0.8855868375 0.13577230625 0.8866480031249999 0.1409145578125 0.9024877968749999 0.1565622375 0.97089630625 0.19362243125 1 0.2055295984375 1 0.008651368750000001
8 0.9296100875000001 0.2841041921875 0.9418162734375001 0.277144028125 0.9442783515625001 0.2679642875 0.9414913281249999 0.262791909375 0.918408346875 0.26648797812499997 0.9130877171874999 0.2745930765625 0.9181580046875 0.28083005625 0.9296100875000001 0.2841041921875
8 0.8248302921875 0.22079047968749999 0.8264130984375001 0.229016078125 0.832687603125 0.23219983906250002 0.8448043796875 0.23036184375 0.8495139609375 0.2242955734375 0.8502144171875001 0.2171345765625 0.8474989203125001 0.2078644609375 0.8365505984375 0.2086981046875 0.8248302921875 0.22079047968749999
8 0.6885410671875001 0.21533730312500002 0.6955517953125 0.2093112 0.69745646875 0.1990969828125 0.6935903984375 0.189806784375 0.6855363890625 0.1896662 0.6796404734375 0.1977612578125 0.6799296546875 0.21416224375 0.6885410671875001 0.21533730312500002
8 0.557098325 0.13003851718749998 0.558123728125 0.13722963906250002 0.5712122609375 0.14565606874999998 0.5798594390625 0.1447822609375 0.58866755 0.13468854531250002 0.5888821281250001 0.12239533437500001 0.5844050078125 0.1151439625 0.567074890625 0.11894045 0.557098325 0.13003851718749998
5 0.6313219953125 0.064725590625 0.635205946875 0.07299135625 0.6542440421875 0.070249428125 0.705122659375 0.0895829484375 0.7232605234375 0.0724788609375 0.7275199890625 0.059231509375000005 0.7133881718749999 0.0446383890625 0.6053564312499999 0.0027875859375 0.5984529937499999 0.0026670859375 0.587811734375 0.01887728125 0.57940009375 0.0392253796875 0.5821155921875001 0.0484954953125 0.6313219953125 0.064725590625
5 0.7495837203125 0.11392818281249999 0.7878060390625 0.1330407890625 0.8250208359375 0.1439378375 0.832860265625 0.15637163125 0.8420469671875 0.15755673125 0.8525094109375001 0.1515908765625 0.8758784953125 0.1315038609375 0.8788800984374999 0.1243830296875 0.873845575 0.11609718124999999 0.77845225 0.0754917296875 0.774425246875 0.0754214375 0.7563052640625 0.091501090625 0.7479830328125 0.10672701874999999 0.7495837203125 0.11392818281249999
1 0.8063243390625001 0.005270746875 0.69546415625 0.0033356749999999998 0.6967733171875 0.007457512500000001 0.7140171015625 0.041575129687500004 0.7315291109375 0.060326234374999996 0.74645079375 0.0626361859375 0.75723818125 0.0710224515625 0.771638221875 0.0702490578125 0.7920772328125001 0.0531851359375 0.7991773656250001 0.0420368609375 0.8052520968750001 0.0236974640625 0.8063243390625001 0.005270746875
3 0.11310300312499999 0.31289135 0.111162565625 0.325154434375 0.10762143906249999 0.3302163546875 0.10473020156249999 0.36398251406250004 0.1003726765625 0.4817522703125 0.0968346265625 0.5196061234375 0.0993176640625 0.5421938828124999 0.0991567296875 0.5514137906250001 0.0968019390625 0.5544469249999999 0.098870625 0.5678047359375 0.09649795312500001 0.5718623046875 0.094453303125 0.6230639296875 0.09668292187500001 0.6272018312500001 0.09652198749999999 0.6364217390625 0.093574028125 0.6404692671875 0.092676875 0.6588990390625 0.0959497765625 0.6692036296875 0.095306040625 0.7060832593749999 0.0929333703125 0.7101408265625 0.0916428203125 0.7511081515625 0.08457845 0.7602075578124999 0.082459196875 0.7827149828125 0.0846351703125 0.7899261875 0.1646715015625 0.78722424375 0.1843206453125 0.7824434890624999 0.20612788124999998 0.785898375 0.294847153125 0.7802737515625 0.3161327484375 0.7806452921875 0.3281422359375 0.7849539046875 0.374326078125 0.77653733125 0.47277157187499996 0.7741567171875 0.4781100828125 0.7650271859375 0.4821365125 0.56732144375 0.48845235625 0.4362641671875 0.4879991640625 0.3962911546875 0.470326221875 0.3867599546875 0.4199334828125 0.3725586453125 0.351635340625 0.36214378125 0.34881255312500004 0.359020271875 0.350410165625 0.3334295015625 0.34702997343750003 0.3292715140625 0.3394797234375 0.333238709375 0.3380609265625 0.3485851390625 0.326969553125 0.357614253125 0.27308933125 0.3454015625 0.27082395 0.343312528125 0.26819785937499996 0.3289202421875 0.2699027609375 0.2971828671875 0.260680296875 0.29804663593749997 0.2607549 0.3267408328125 0.24498970781249998 0.3397873515625 0.11310300312499999 0.31289135