2 0.5911458328125 0.7388888890625 0.6036458328125 0.734259259375 0.6119791671875 0.7370370375 0.6197916671875 0.7324074078125 0.6229166671875 0.684259259375 0.6276041671875 0.6731481484375 0.625 0.665740740625 0.6244791671875001 0.6453703703125 0.6286458328125 0.63055555625 0.6317708328125 0.6268518515625 0.6265625 0.6259259265625 0.625 0.622222221875 0.6265625 0.5925925921874999 0.6229166671875 0.5833333328125 0.6234375 0.5796296296875 0.6203125 0.578703703125 0.6234375 0.5731481484375001 0.6213541671875 0.5666666671875 0.6229166671875 0.55648148125 0.6151041671875 0.5398148140625 0.5911458328125 0.5388888890625 0.5895833328125 0.5416666671875 0.5921875 0.54444444375 0.5890625 0.546296296875 0.5859375 0.5546296296875 0.5869791671875 0.584259259375 0.5848958328125 0.597222221875 0.5854166671875001 0.6370370375000001 0.58125 0.696296296875 0.5796875 0.7009259265625001 0.5796875 0.7324074078125 0.5854166671875001 0.7361111109375 0.5875 0.74351851875 0.5911458328125 0.7388888890625
8 0.7526041671875 0.7518518515625 0.76875 0.7509259265625 0.7708333328125 0.7361111109375 0.7651041671875001 0.7129629625 0.7572916671875001 0.6953703703125 0.7479166671875 0.6879629625 0.7401041671875 0.6888888890625 0.7359375 0.6925925921875 0.73125 0.7046296296875 0.7302083328125 0.715740740625 0.7317708328125 0.722222221875 0.7411458328125 0.74444444375 0.7526041671875 0.7518518515625
8 0.6286458328125 0.3916666671875 0.625 0.38055555625 0.6083333328125 0.3796296296875 0.6072916671875 0.38703703749999996 0.6135416671875 0.39444444375 0.6234375 0.397222221875 0.6286458328125 0.3916666671875
8 0.7854166671875 0.4 0.7828125 0.3879629625 0.7765625 0.38055555625 0.7708333328125 0.38055555625 0.7661458328124999 0.3861111109375 0.765625 0.397222221875 0.7692708328125 0.403703703125 0.7828125 0.40648148125 0.7854166671875 0.4
8 0.9666666671874999 0.40833333281249995 0.9692708328125 0.403703703125 0.9677083328125 0.397222221875 0.959375 0.384259259375 0.95 0.38148148125 0.9432291671874999 0.3879629625 0.9427083328125001 0.396296296875 0.9489583328125001 0.403703703125 0.9609375 0.40833333281249995 0.9666666671874999 0.40833333281249995
8 0.1895833328125 0.6564814812499999 0.1911458328125 0.665740740625 0.2104166671875 0.665740740625 0.2359375 0.6555555562500001 0.240625 0.65 0.2416666671875 0.6388888890625 0.23697916718749998 0.625 0.23177083281250002 0.6203703703125 0.21770833281250002 0.622222221875 0.2171875 0.6425925921875 0.21458333281250003 0.647222221875 0.2010416671875 0.6546296296875 0.1895833328125 0.6564814812499999
8 0.1260416671875 0.3481481484375 0.12291666718750001 0.33703703749999997 0.1109375 0.340740740625 0.11041666718750001 0.352777778125 0.1119791671875 0.35925925937500003 0.1260416671875 0.3574074078125 0.1260416671875 0.3481481484375
8 0.6005208328125 0.222222221875 0.5958333328125 0.2148148140625 0.590625 0.2166666671875 0.5885416671875 0.2203703703125 0.5901041671875 0.22407407343750002 0.5994791671875 0.2259259265625 0.6005208328125 0.222222221875
7 0.5942708328124999 0.1759259265625 0.6046875 0.165740740625 0.60625 0.146296296875 0.6083333328125 0.140740740625 0.634375 0.13703703750000001 0.6359375 0.1324074078125 0.6359375 0.1166666671875 0.584375 0.11388888906250001 0.5828125 0.1166666671875 0.5848958328125 0.12222222187500001 0.5802083328125 0.13703703750000001 0.5796875 0.1768518515625 0.5838541671875 0.18055555625 0.5916666671875 0.18148148125000002 0.5942708328124999 0.1759259265625
7 0.7046875 0.134259259375 0.7057291671875 0.1231481484375 0.7057291671875 0.1175925921875 0.7010416671875 0.1148148140625 0.6635416671875001 0.1148148140625 0.6526041671875 0.11574074062499999 0.6505208328125 0.11851851875 0.65 0.1324074078125 0.6536458328125 0.1361111109375 0.703125 0.1361111109375 0.7046875 0.134259259375
7 0.7713541671875 0.1453703703125 0.76875 0.1518518515625 0.7630208328125 0.1574074078125 0.7692708328125 0.165740740625 0.7697916671875 0.1703703703125 0.7677083328125 0.17314814843749998 0.7796875 0.17314814843749998 0.7833333328125 0.13055555624999998 0.7828125 0.11574074062499999 0.7307291671875 0.11574074062499999 0.728125 0.12129629687500001 0.7276041671875 0.134259259375 0.7296875 0.13703703750000001 0.7640625 0.13703703750000001 0.7713541671875 0.1453703703125
7 0.8604166671875 0.13703703750000001 0.8625 0.11851851875 0.8609375 0.11574074062499999 0.809375 0.11574074062499999 0.8057291671875 0.11944444375 0.8041666671875 0.13333333281249998 0.8052083328125 0.1379629625 0.8588541671875 0.13888888906250002 0.8604166671875 0.13703703750000001
7 0.8828125 0.171296296875 0.8880208328125001 0.140740740625 0.9354166671874999 0.13981481406250001 0.9375 0.1351851859375 0.9390625 0.11944444375 0.9286458328125 0.1166666671875 0.8848958328125001 0.11574074062499999 0.8822916671875 0.11851851875 0.8807291671874999 0.127777778125 0.8760416671875 0.1611111109375 0.8765625 0.177777778125 0.8807291671874999 0.1768518515625 0.8828125 0.171296296875
7 0.9583333328125001 0.1425925921875 0.8875 0.13981481406250001 0.8833333328125 0.14351851875 0.8765625 0.1611111109375 0.8765625 0.178703703125 0.9515625 0.178703703125 0.9541666671875 0.1759259265625 0.9583333328125001 0.1425925921875
7 0.8354166671875 0.1851851859375 0.8333333328125001 0.197222221875 0.8359375 0.21203703749999997 0.8401041671874999 0.221296296875 0.8489583328125001 0.2203703703125 0.8572916671874999 0.22685185156249998 0.8609375 0.2166666671875 0.8661458328125 0.2203703703125 0.865625 0.21203703749999997 0.8619791671874999 0.21111111093749999 0.8609375 0.20740740781250003 0.8619791671874999 0.20277777812500003 0.8661458328125 0.2009259265625 0.8619791671874999 0.1888888890625 0.8640625 0.1574074078125 0.865625 0.15370370312499998 0.8645833328125001 0.1416666671875 0.8578125 0.13888888906250002 0.8208333328125 0.13981481406250001 0.8104166671874999 0.13703703750000001 0.7947916671875 0.1416666671875 0.7927083328125 0.1574074078125 0.7838541671875 0.1740740734375 0.8338541671874999 0.1768518515625 0.8354166671875 0.1851851859375
7 0.7125 0.1851851859375 0.7109375 0.197222221875 0.7203125 0.2009259265625 0.7322916671875 0.2 0.7354166671875 0.19351851874999998 0.7390625 0.1759259265625 0.7588541671875 0.1740740734375 0.7645833328125 0.1620370375 0.7614583328125 0.1574074078125 0.7651041671875001 0.15092592656249998 0.7651041671875001 0.1425925921875 0.7635416671875 0.140740740625 0.7046875 0.13888888906250002 0.6947916671875001 0.1425925921875 0.6927083328125 0.16851851874999998 0.7104166671875001 0.17314814843749998 0.7151041671875 0.18055555625 0.7125 0.1851851859375
7 0.6057291671875 0.1851851859375 0.6088541671875001 0.1888888890625 0.6088541671875001 0.2166666671875 0.6119791671875 0.2175925921875 0.615625 0.2166666671875 0.6177083328124999 0.20833333281250002 0.615625 0.2009259265625 0.6182291671875 0.19351851874999998 0.61875 0.1851851859375 0.6161458328125 0.177777778125 0.61875 0.17314814843749998 0.6182291671875 0.16944444375 0.6473958328125 0.17314814843749998 0.6739583328125 0.172222221875 0.68125 0.16388888906250001 0.6895833328125 0.16388888906250001 0.6927083328125 0.1574074078125 0.690625 0.15370370312499998 0.6927083328125 0.15 0.6880208328124999 0.147222221875 0.68125 0.1518518515625 0.6796875 0.1425925921875 0.675 0.13888888906250002 0.6135416671875 0.13981481406250001 0.60625 0.1425925921875 0.6078125 0.146296296875 0.603125 0.15925925937500002 0.5977432296875 0.1574074078125 0.5963541671875 0.1611111109375 0.5947916671875 0.1574074078125 0.5953125 0.1611111109375 0.6036458328125 0.1620370375 0.6057291671875 0.1675925921875 0.6057291671875 0.1851851859375
7 0.7057291671875 0.2416666671875 0.70625 0.22685185156249998 0.709375 0.2166666671875 0.7083333328125 0.2 0.7057291671875 0.19444444375 0.7083333328125 0.18148148125000002 0.7010416671875 0.1740740734375 0.6265625 0.1768518515625 0.6239583328125 0.18148148125000002 0.6223958328125 0.197222221875 0.61875 0.2101851859375 0.6171875 0.2398148140625 0.6192708328125 0.24259259218749998 0.703125 0.24444444375000002 0.7057291671875 0.2416666671875
7 0.7635416671875 0.27870370312500004 0.7671875 0.2740740734375 0.7760416671875 0.2740740734375 0.7760416671875 0.2666666671875 0.7864583328125 0.2601851859375 0.790625 0.2453703703125 0.8276041671875 0.24351851875000002 0.8328125 0.209259259375 0.8328125 0.1898148140625 0.8348958328125 0.184259259375 0.8333333328125001 0.18055555625 0.8260416671874999 0.177777778125 0.7432291671875 0.177777778125 0.7401041671875 0.18055555625 0.7364583328125 0.2166666671875 0.7333333328125 0.23148148124999998 0.7328125 0.24351851875000002 0.7489583328125 0.2453703703125 0.7588541671875 0.25833333281250004 0.7635416671875 0.27870370312500004
7 0.93125 0.25740740781250004 0.9302083328125 0.26851851875 0.934375 0.2768518515625 0.9432291671874999 0.27870370312500004 0.9447916671875 0.2731481484375 0.9515625 0.2675925921875 0.9552083328125001 0.275 0.9546875 0.27870370312500004 0.9572916671874999 0.2759259265625 0.9645833328125001 0.27870370312500004 0.9666666671874999 0.2740740734375 0.9692708328125 0.2398148140625 0.9729166671874999 0.2259259265625 0.9729166671874999 0.21944444375 0.9703125 0.21296296250000002 0.9755208328125 0.19351851874999998 0.975 0.184259259375 0.9744791671874999 0.18148148125000002 0.9697916671875 0.18055555625 0.8848958328125001 0.18055555625 0.8822916671875 0.184259259375 0.8760416671875 0.225 0.8744791671875 0.2398148140625 0.8755208328125 0.24444444375000002 0.9286458328125 0.2453703703125 0.93125 0.25740740781250004
7 0.9614583328125 0.384259259375 0.9671875 0.3916666671875 0.9880208328125001 0.3925925921875 0.9963541671874999 0.3888888890625 0.9958333328125001 0.3768518515625 0.9973958328125001 0.36851851875 0.9994791671875 0.36759259218749996 0.9994791671875 0.253703703125 0.9911458328125 0.253703703125 0.9880208328125001 0.259259259375 0.9859375 0.28055555625 0.9817708328125001 0.290740740625 0.9645833328125001 0.3768518515625 0.9614583328125 0.384259259375
7 0.784375 0.352777778125 0.7875 0.35555555625 0.85625 0.3601851859375 0.8692708328125001 0.35648148125 0.8791666671874999 0.3620370375 0.896875 0.3574074078125 0.8989583328125 0.353703703125 0.9 0.34351851875 0.9041666671874999 0.34444444375 0.9078125 0.33703703749999997 0.9161458328125001 0.3296296296875 0.9135416671875 0.322222221875 0.9197916671874999 0.3148148140625 0.9213541671875 0.3046296296875 0.928125 0.29444444375 0.9291666671875 0.28611111093749997 0.9265625 0.2768518515625 0.928125 0.259259259375 0.9302083328125 0.25555555625 0.9276041671874999 0.25 0.921875 0.24722222187499998 0.8036458328125 0.24722222187499998 0.7921875 0.24907407343750002 0.7895833328124999 0.253703703125 0.7895833328124999 0.2824074078125 0.7864583328125 0.28611111093749997 0.7838541671875 0.3018518515625 0.784375 0.352777778125
7 0.6177083328124999 0.378703703125 0.6317708328125 0.3768518515625 0.6338541671875 0.3740740734375 0.6333333328124999 0.36851851875 0.6375 0.3648148140625 0.6395833328125 0.35648148125 0.6453125 0.35555555625 0.6484375 0.35925925937500003 0.6484375 0.3648148140625 0.6520833328125 0.372222221875 0.646875 0.3759259265625 0.65 0.38055555625 0.6526041671875 0.3740740734375 0.6552083328125 0.3740740734375 0.6588541671875 0.3796296296875 0.6640625 0.3796296296875 0.6713541671875001 0.36851851875 0.6744791671875 0.36759259218749996 0.6854166671875 0.3703703703125 0.6885416671875 0.38055555625 0.7026041671875001 0.38148148125 0.7067708328125 0.3796296296875 0.709375 0.3703703703125 0.7140625 0.36851851875 0.7119791671875 0.365740740625 0.7135416671875 0.3611111109375 0.7171875 0.36666666718749996 0.7182291671875001 0.38055555625 0.7364583328125 0.38148148125 0.7395833328125 0.3768518515625 0.7390625 0.36851851875 0.7453125 0.33148148125 0.7442708328125 0.325 0.7463541671875 0.30648148124999997 0.7494791671875001 0.29444444375 0.7505208328124999 0.2518518515625 0.7463541671875 0.24814814843750002 0.7078125 0.25 0.7020833328125 0.24722222187499998 0.61875 0.2453703703125 0.6171875 0.24814814843750002 0.6166666671875001 0.271296296875 0.6151041671875 0.2759259265625 0.6114583328125 0.33703703749999997 0.6125 0.3416666671875 0.6104166671875 0.3453703703125 0.6119791671875 0.3490740734375 0.609375 0.352777778125 0.6109375 0.35648148125 0.6088541671875001 0.3611111109375 0.6083333328125 0.3740740734375 0.6177083328124999 0.378703703125
7 0.8 0.7148148140624999 0.85 0.7175925921874999 0.853125 0.7129629625 0.8541666671874999 0.7166666671875 0.8557291671874999 0.715740740625 0.853125 0.709259259375 0.8541666671874999 0.7046296296875 0.8567708328125001 0.7046296296875 0.8505208328125 0.7009259265625001 0.8505208328125 0.6888888890625 0.8583333328125 0.6759259265625001 0.8838541671875 0.6805555562500001 0.8989583328125 0.678703703125 0.9510416671874999 0.684259259375 0.9546875 0.7009259265625001 0.9588541671874999 0.6944444437499999 0.959375 0.6879629625 0.9625 0.68148148125 0.9760416671875 0.6796296296875 0.9921875 0.6861111109375 0.9958333328125001 0.7018518515625 0.9958333328125001 0.7185185187500001 0.99375 0.7240740734375 0.9953125 0.7203703703125 0.9963541671874999 0.725 0.9994791671875 0.725 0.9994791671875 0.7156361109375 0.9963541671874999 0.715740740625 0.9963541671874999 0.7111111109375 0.9994791671875 0.7109537031250001 0.9994791671875 0.706272221875 0.9963541671874999 0.70555555625 0.9994791671875 0.7015898140625 0.9994791671875 0.4768518515625 0.9125 0.47222222187499996 0.9036458328125001 0.475 0.896875 0.47222222187499996 0.8682291671875 0.4731481484375 0.85 0.4703703703125 0.8291666671875 0.47222222187499996 0.821875 0.5009259265625 0.8203125 0.51851851875 0.8177083328125001 0.5268518515625 0.81875 0.534259259375 0.8088541671874999 0.5861111109375 0.8052083328125 0.63148148125 0.8005208328125001 0.65 0.8015625 0.6564814812499999 0.7953125 0.7046296296875 0.7963541671875001 0.7111111109375 0.8 0.7148148140624999
7 0 0.63148148125 0.0328125 0.6370370375000001 0.040625 0.6351851859375001 0.0411458328125 0.6268518515625 0.0317708328125 0.6240740734375 0.0307291671875 0.61851851875 0.0260416671875 0.615740740625 0.0239583328125 0.6111111109375 0.0276041671875 0.60648148125 0.021354167187500002 0.6009259265625 0.021875 0.5962962968750001 0.0354166671875 0.5935185187500001 0.052604167187499995 0.5981481484375 0.0625 0.5962962968750001 0.0723958328125 0.6018518515625 0.0916666671875 0.6009259265625 0.10364583281249999 0.6046296296875 0.1067708328125 0.6083333328125 0.1088541671875 0.6018518515625 0.13333333281249998 0.6018518515625 0.1359375 0.615740740625 0.1328125 0.61851851875 0.13229166718750002 0.6259259265625 0.1260416671875 0.6259259265625 0.1244791671875 0.63148148125 0.1145833328125 0.627777778125 0.1119791671875 0.634259259375 0.1197916671875 0.6416666671875 0.1348958328125 0.6425925921875 0.1369791671875 0.6333333328124999 0.140625 0.6333333328124999 0.1421875 0.6361111109375 0.1390625 0.6416666671875 0.1432291671875 0.6379629625 0.1432291671875 0.6416666671875 0.1453125 0.64351851875 0.1578125 0.646296296875 0.1619791671875 0.64444444375 0.20833333281250002 0.6481481484375 0.21614583281250002 0.6425925921875 0.2114583328125 0.5962962968750001 0.2130208328125 0.5870370375 0.20833333281250002 0.5759259265625001 0.20416666718749998 0.5240740734375 0.1979166671875 0.477777778125 0.1989583328125 0.43148148124999997 0.19375 0.4148148140625 0.1755208328125 0.41111111093749997 0.1296875 0.41018518593750003 0.11875 0.40648148125 0.0557291671875 0.40648148125 0.0395833328125 0.40555555625000006 0.0328125 0.4018518515625 0.013020832812499999 0.4018518515625 0 0.40277777812500004 0 0.5851851859375 0.0036458328125000003 0.5879629625 0.0036458328125000003 0.5925925921874999 0 0.5953703703125 0 0.6 0.0026041671875 0.602777778125 0.0026041671875 0.60648148125 0 0.6083333328125 0 0.63148148125
7 0 0.32685185156249996 0.0109375 0.33148148125 0.0479166671875 0.3296296296875 0.0484375 0.3166666671875 0.0458333328125 0.3101851859375 0.0479166671875 0.2851851859375 0.0463541671875 0.2648148140625 0.0479166671875 0.24351851875000002 0.0442708328125 0.23055555625 0.0447916671875 0.2203703703125 0.0364583328125 0.20277777812500003 0.009375 0.2009259265625 0 0.2018518515625 0 0.32685185156249996
7 0 0.1870370375 0.0046875 0.1898148140625 0.0036458328125000003 0.197222221875 0.0369791671875 0.2009259265625 0.040625 0.2046296296875 0.0484375 0.23148148124999998 0.0723958328125 0.23148148124999998 0.0739583328125 0.2259259265625 0.0734375 0.21296296250000002 0.0770833328125 0.20555555625 0.0828125 0.2018518515625 0.0760416671875 0.1425925921875 0.0109375 0.1379629625 0 0.1379629625 0 0.1870370375
7 0.10833333281249999 0.1888888890625 0.10833333281249999 0.2009259265625 0.0958333328125 0.2018518515625 0.0947916671875 0.2046296296875 0.09895833281250001 0.2018518515625 0.1002083328125 0.2046296296875 0.1020833328125 0.2018518515625 0.1029166671875 0.2046296296875 0.10729166718750001 0.20277777812500003 0.1088541671875 0.20555555625 0.12552083281249998 0.20740740781250003 0.1901041671875 0.20833333281250002 0.18697916718750002 0.1574074078125 0.1848958328125 0.1490740734375 0.1697916671875 0.1453703703125 0.1140625 0.1416666671875 0.1052083328125 0.1425925921875 0.103125 0.1453703703125 0.1067708328125 0.172222221875 0.1067708328125 0.18055555625 0.103125 0.1851851859375 0.10833333281249999 0.1888888890625
7 0.0822916671875 0.2611111109375 0.0817708328125 0.271296296875 0.0875 0.2888888890625 0.0916666671875 0.2888888890625 0.0921875 0.2953703703125 0.08854166718749999 0.29814814843750004 0.0901041671875 0.29722222187499997 0.0921875 0.30555555624999997 0.11510416718750001 0.3129629625 0.1208333328125 0.31944444375000003 0.1265625 0.33703703749999997 0.1296875 0.3379629625 0.13333333281249998 0.3333333328125 0.13333333281249998 0.32777777812500003 0.1369791671875 0.3240740734375 0.146875 0.3231481484375 0.153125 0.32592592656249997 0.1572916671875 0.33888888906250003 0.1989583328125 0.3416666671875 0.2078125 0.33888888906250003 0.20625 0.290740740625 0.1994791671875 0.21944444375 0.1932291671875 0.2148148140625 0.1895833328125 0.2166666671875 0.1859375 0.21111111093749999 0.1776041671875 0.2101851859375 0.09322916718749999 0.20740740781250003 0.0796875 0.20833333281250002 0.078125 0.21111111093749999 0.0791666671875 0.2416666671875 0.0817708328125 0.2518518515625 0.0802083328125 0.25555555625 0.0822916671875 0.2611111109375
7 0.24635416718749997 0.2703703703125 0.2484375 0.275 0.24739583281250002 0.27870370312500004 0.25 0.303703703125 0.2536458328125 0.3138888890625 0.2645833328125 0.31944444375000003 0.2947916671875 0.322222221875 0.296875 0.32592592656249997 0.2958333328125 0.3296296296875 0.2994791671875 0.33148148125 0.3046875 0.33055555625 0.3046875 0.32592592656249997 0.3072916671875 0.325 0.309375 0.3296296296875 0.3171875 0.334259259375 0.3166666671875 0.3453703703125 0.3213541671875 0.3481481484375 0.3270833328125 0.34629629687499996 0.32864583281250004 0.340740740625 0.3223958328125 0.3333333328125 0.3161458328125 0.3324074078125 0.31302083281250004 0.325 0.3458333328125 0.32592592656249997 0.3572916671875 0.3231481484375 0.3604166671875 0.3296296296875 0.35989583281250004 0.3416666671875 0.3651041671875 0.34351851875 0.365625 0.3361111109375 0.3640625 0.33148148125 0.3661458328125 0.3111111109375 0.3661458328125 0.26203703749999996 0.3619791671875 0.24814814843750002 0.3640625 0.23518518593749999 0.3609375 0.22407407343750002 0.3567708328125 0.2259259265625 0.334375 0.221296296875 0.265625 0.2166666671875 0.2510416671875 0.2166666671875 0.24895833281250002 0.21944444375 0.2510416671875 0.24444444375000002 0.2453125 0.25555555625 0.24739583281250002 0.259259259375 0.24635416718749997 0.2703703703125
7 0.36875 0.23240740781250002 0.37447916718749996 0.234259259375 0.3765625 0.24259259218749998 0.3930208328125 0.24351851875000002 0.3942708328125 0.240740740625 0.3958333328125 0.24351851875000002 0.40520833281249996 0.24444444375000002 0.4088541671875 0.2416666671875 0.41041666718750003 0.23055555625 0.41041666718750003 0.1888888890625 0.4078125 0.1583333328125 0.3489583328125 0.1546296296875 0.32760416718749996 0.15648148125 0.3302083328125 0.2166666671875 0.3619791671875 0.21944444375 0.3661458328125 0.22407407343750002 0.36875 0.23240740781250002
7 0.2328125 0.240740740625 0.2401041671875 0.23611111093749998 0.2364583328125 0.22777777812500002 0.24322916718749998 0.21296296250000002 0.2880208328125 0.21574074062499998 0.29739583281250004 0.21574074062499998 0.3005208328125 0.21296296250000002 0.2989583328125 0.1601851859375 0.296875 0.15555555625 0.2359375 0.15277777812499999 0.2322916671875 0.15 0.21770833281250002 0.1518518515625 0.2166666671875 0.15370370312499998 0.221875 0.23333333281250002 0.2244791671875 0.2388888890625 0.2328125 0.240740740625
1 0.3973958328125 0.33888888906250003 0.3963541671875 0.3129629625 0.3921875 0.290740740625 0.3885416671875 0.2870370375 0.3885416671875 0.2824074078125 0.3796875 0.2675925921875 0.3729166671875 0.26574074062499997 0.3692708328125 0.2601851859375 0.36770833281250004 0.26203703749999996 0.3682291671875 0.35 0.3875 0.352777778125 0.3958333328125 0.3509259265625 0.3973958328125 0.33888888906250003
1 0.2166666671875 0.5935185187500001 0.21875 0.590740740625 0.2265625 0.590740740625 0.29635416718749996 0.5953703703125 0.30520833281250004 0.590740740625 0.30416666718749996 0.5833333328125 0.30625 0.5759259265625001 0.3067708328125 0.5518518515624999 0.30625 0.5301851859375 0.3046875 0.5296296296875 0.30625 0.525 0.3036458328125 0.5305555562500001 0.3015625 0.5296296296875 0.3036458328125 0.51851851875 0.3026041671875 0.50555555625 0.2958333328125 0.49351851875 0.296875 0.4879629625 0.2994791671875 0.48981481406249994 0.2984375 0.48703703750000005 0.2932291671875 0.4861111109375 0.290625 0.478703703125 0.2927083328125 0.47407407343749997 0.290625 0.465740740625 0.2875 0.4703703703125 0.284375 0.46666666718750005 0.2833333328125 0.4620370375 0.2875 0.4583333328125 0.2864583328125 0.4546296296875 0.2822916671875 0.45277777812500003 0.2786458328125 0.4583333328125 0.2765625 0.45185185156249996 0.2708333328125 0.45185185156249996 0.2708333328125 0.447222221875 0.2677083328125 0.44166666718750003 0.2635416671875 0.44166666718750003 0.259375 0.43333333281249997 0.2510416671875 0.427777778125 0.2479166671875 0.43518518593750005 0.2453125 0.4361111109375 0.2442708328125 0.43333333281249997 0.246875 0.427777778125 0.2427083328125 0.4268518515625 0.2421875 0.43240740781250003 0.23932291718749998 0.43240740781250003 0.2401041671875 0.4268518515625 0.23697916718749998 0.42592592656250006 0.234375 0.427777778125 0.23541666718749998 0.43148148124999997 0.2427083328125 0.43333333281249997 0.24375 0.43981481406249995 0.23072916718749997 0.440740740625 0.2270833328125 0.43518518593750005 0.228125 0.427777778125 0.21979166718749998 0.4296296296875 0.2171875 0.4361111109375 0.20833333281250002 0.4379629625 0.20208333281250002 0.44351851875000003 0.2010416671875 0.44907407343749994 0.2015625 0.4916666671875 0.2114583328125 0.575 0.21354166718749998 0.5879629625 0.2166666671875 0.5935185187500001
1 0.8036458328125 0.627777778125 0.809375 0.5740740734374999 0.8203125 0.4990740734375 0.8208333328125 0.4824074078125 0.8109375 0.4611111109375 0.7828125 0.4379629625 0.7604166671875 0.43518518593750005 0.7447916671875 0.4388888890625 0.7265625 0.4546296296875 0.70625 0.490740740625 0.7015625 0.5138888890625 0.6963541671875 0.527777778125 0.6947916671875001 0.54444444375 0.6927083328125 0.5490740734374999 0.6927083328125 0.64444444375 0.796875 0.6509259265625 0.8 0.646296296875 0.8036458328125 0.627777778125
1 0.7796875 0.3768518515625 0.778125 0.372222221875 0.7838541671875 0.32777777812500003 0.7833333328125 0.3 0.7723958328125 0.30648148124999997 0.7625 0.321296296875 0.7552083328125 0.3425925921875 0.7515625 0.371296296875 0.7510416671875 0.38055555625 0.75625 0.384259259375 0.7640625 0.3851851859375 0.7796875 0.3768518515625
1 0.9473958328125001 0.38148148125 0.9588541671874999 0.38240740781250004 0.9614583328125 0.3796296296875 0.9682291671875 0.35648148125 0.9703125 0.328703703125 0.9588541671874999 0.3129629625 0.946875 0.303703703125 0.9276041671874999 0.3009259265625 0.9234375 0.30740740781250003 0.9203125 0.32685185156249996 0.9151041671875 0.34351851875 0.9145833328125 0.38703703749999996 0.9192708328125001 0.3898148140625 0.9390625 0.39074074062499997 0.9473958328125001 0.38148148125
1 0.2510416671875 0.3379629625 0.2526041671875 0.325 0.25052083281250004 0.322222221875 0.2453125 0.2629629625 0.234375 0.25833333281250004 0.2328125 0.25555555625 0.2328125 0.24722222187499998 0.23177083281250002 0.2546296296875 0.228125 0.259259259375 0.2322916671875 0.2638888890625 0.2203125 0.27870370312500004 0.2140625 0.27870370312500004 0.21458333281250003 0.2851851859375 0.2114583328125 0.2925925921875 0.21197916718749998 0.340740740625 0.2427083328125 0.34444444375 0.253125 0.3416666671875 0.2510416671875 0.3379629625
1 0.1166666671875 0.3916666671875 0.1119791671875 0.3888888890625 0.1041666671875 0.3759259265625 0.09375 0.36759259218749996 0.0822916671875 0.36296296250000004 0.058854167187499994 0.36666666718749996 0.0458333328125 0.377777778125 0.0348958328125 0.396296296875 0.034375 0.4 0.0411458328125 0.40092592656250003 0.1203125 0.403703703125 0.1166666671875 0.3916666671875
1 0.0494791671875 0.32592592656249997 0.052604167187499995 0.3333333328125 0.090625 0.3333333328125 0.08854166718749999 0.3296296296875 0.0890625 0.3101851859375 0.0869791671875 0.30648148124999997 0.08645833281250001 0.29444444375 0.0802083328125 0.2601851859375 0.0723958328125 0.25648148125 0.0692708328125 0.2611111109375 0.0682291671875 0.259259259375 0.0666666671875 0.2638888890625 0.059375 0.2629629625 0.055208332812500004 0.272222221875 0.0484375 0.27777777812500004 0.050520832812500006 0.2833333328125 0.0479166671875 0.2898148140625 0.0473958328125 0.30648148124999997 0.0494791671875 0.32592592656249997
1 0.4 0.3453703703125 0.4078125 0.34444444375 0.41041666718750003 0.3379629625 0.40989583281249997 0.3324074078125 0.4145833328125 0.32592592656249997 0.40989583281249997 0.31759259218749997 0.4125 0.3138888890625 0.40833333281249995 0.3101851859375 0.40833333281249995 0.302777778125 0.403125 0.2870370375 0.4046875 0.2824074078125 0.3921875 0.27777777812500004 0.3916666671875 0.2870370375 0.3947916671875 0.2898148140625 0.3984375 0.3083333328125 0.4 0.3453703703125
1 0.4322916671875 0.25648148125 0.4328125 0.26203703749999996 0.42864583281249996 0.2740740734375 0.43072916718750004 0.29722222187499997 0.4291666671875 0.30648148124999997 0.4302083328125 0.3453703703125 0.43385416718750003 0.3490740734375 0.434375 0.3740740734375 0.44166666718750003 0.3731481484375 0.44427083281249996 0.3796296296875 0.4453125 0.4175925921875 0.4479166671875 0.42314814843750004 0.44895833281249997 0.40154351874999994 0.4453125 0.40648148125 0.4453125 0.3953703703125 0.44895833281249997 0.3966046296875 0.44895833281249997 0.3916666671875 0.4447916671875 0.39444444375 0.4447916671875 0.3879629625 0.4453125 0.384259259375 0.4484375 0.38333333281250004 0.4484375 0.3759259265625 0.44427083281249996 0.377777778125 0.4427083328125 0.3740740734375 0.4479166671875 0.36666666718749996 0.4458333328125 0.334259259375 0.446875 0.2453703703125 0.4447916671875 0.2203703703125 0.4369791671875 0.2046296296875 0.428125 0.19537037031249999 0.41197916718750005 0.196296296875 0.41041666718750003 0.2009259265625 0.41041666718750003 0.2398148140625 0.40833333281249995 0.24444444375000002 0.3984375 0.24444444375000002 0.3963541671875 0.2416666671875 0.3882312421875 0.25221442031249997 0.42760416718750005 0.253703703125 0.4322916671875 0.25648148125
1 0.21770833281250002 0.24351851875000002 0.221875 0.240740740625 0.2203125 0.23611111093749998 0.2208333328125 0.21111111093749999 0.2166666671875 0.1925925921875 0.20572916718749998 0.184259259375 0.1932291671875 0.184259259375 0.190625 0.1870370375 0.190625 0.20740740781250003 0.1989583328125 0.21296296250000002 0.203125 0.2416666671875 0.21770833281250002 0.24351851875000002
1 0.3229166671875 0.2009259265625 0.3072916671875 0.190740740625 0.3026041671875 0.190740740625 0.3010416671875 0.19444444375 0.3010416671875 0.21296296250000002 0.3026041671875 0.2166666671875 0.328125 0.2166666671875 0.3229166671875 0.2009259265625
1 0.8651041671874999 0.24444444375000002 0.8604166671875 0.23055555625 0.8489583328125001 0.21851851875 0.8359375 0.2166666671875 0.8296875 0.22685185156249998 0.8291666671875 0.2388888890625 0.8270833328125 0.24351851875000002 0.8286458328125 0.24444444375000002 0.8651041671874999 0.24444444375000002