7 0.49563658750000006 0 0.170800459375 0.0056700359375 0.1666511109375 0.030190629687499998 0.13412885937500002 0.261904625 0.1257227015625 0.3465086625 0.1242508984375 0.3754276421875 0.1273021359375 0.38037514375 0.13030489375 0.382545290625 0.15406517656250002 0.38490875468749997 0.450588759375 0.3869562390625 0.4802769921875 0.3892162296875 0.49901005156249995 0.3866666828125 0.5028941484375 0.38270940468750003 0.49984291093750005 0.3777619015625 0.5037560953125 0.3754710375 0.5027002328125 0.3715999859375 0.5145173515625 0.3691711546875 0.51345179375 0.364744634375 0.528097146875 0.354487475 0.5428588484375 0.3508959671875 0.5850215578125 0.275148590625 0.6100888140625 0.23915006718749998 0.6309045125 0.24267620937499998 0.637898021875 0.24699925781249998 0.6372105984374999 0.26423610468750003 0.6413273937499999 0.27361012812499996 0.6754426859375 0.3030192125 0.6852741265625 0.300069403125 0.74120085 0.2201922921875 0.7526883109375 0.1988774515625 0.7435442953125 0.1845904171875 0.7205393046874999 0.16887840468749998 0.7164709890625 0.162281734375 0.7085185765625 0.15964234375 0.6964299765625 0.1465179875 0.6894461625 0.142750409375 0.6666544812499999 0.1392587578125 0.677095775 0.11462833593749999 0.7394633484375001 0.00741243125 0.7407176718749999 0 0.49563658750000006 0
7 0.5157390203125 0.43916049375000005 0.5107311906249999 0.4353584265625 0.5008124890625 0.43330899531249994 0.5073406015625 0.410969440625 0.48922709218750005 0.392393846875 0.323128121875 0.3886254328125 0.126449884375 0.3881689828125 0.095215215625 0.5804100484375 0.09462475000000001 0.603201603125 0.0977050765625 0.60981551875 0.1184626 0.6100088328125 0.1243420703125 0.6071280078125 0.13426077187500002 0.6091774359375 0.223121859375 0.6042925171875 0.40192898125000004 0.6000601484375 0.40978443750000004 0.59714483125 0.4124866265625 0.582095378125 0.4173878015625 0.5797872671875 0.4173102359375 0.5753435 0.4308997265625 0.5612152890625 0.45479477187499995 0.514680065625 0.46552694062500005 0.506713771875 0.47542625000000005 0.5076522578125 0.504902153125 0.5543671703124999 0.508883209375 0.5559646015624999 0.5157603671875 0.5536220000000001 0.5523247828125 0.49686410781249996 0.5157390203125 0.43916049375000005
7 0.43024334687500004 0.693469109375 0.4039922265625 0.6050248953125 0.3857973453125 0.617344315625 0.3194310765625 0.6211698171875 0.313105953125 0.621280221875 0.3020064546875 0.619695915625 0.2807647359375 0.6227337656249999 0.097075828125 0.6303851875 0.0923491765625 0.6426917765625 0.072833690625 0.7702740218749999 0.0748484578125 0.7724614140625 0.09164431875 0.7721682421875 0.2643974453125 0.7608182218749999 0.307869084375 0.7600594218750001 0.3246261625 0.7575443640625 0.34112145312500003 0.7400315921875 0.3707505328125 0.6822834765625 0.3816572265625 0.6843156609375 0.3876918296875 0.6903223671875 0.3909951578125 0.709712115625 0.3980177546875 0.7157015765625 0.3991802703125 0.7256828078125 0.403180715625 0.72839118125 0.40697755 0.7194346640625 0.41188842187499997 0.7176820234375 0.415879171875 0.719834925 0.41882375625 0.718672246875 0.43024334687500004 0.693469109375
7 0.1540429328125 0.7799693125 0.084011865625 0.7878593921875 0.0754399 0.8063451421875 0.0635364984375 0.8604500156249999 0.06475718750000001 0.873764071875 0.1210339375 0.8705591968749999 0.2452785078125 0.8544994953125 0.269009703125 0.8551965453125 0.2788217515625 0.8511357937499999 0.291413553125 0.8364693593749999 0.2999758234375 0.8174281375 0.313516834375 0.8005225734374999 0.32340645 0.800905590625 0.3328413390625 0.8318567531250001 0.339893021875 0.839512628125 0.3592941140625 0.81861529375 0.35171885937499997 0.7809639875000001 0.342477884375 0.76112224375 0.3325785734375 0.76018375625 0.330631678125 0.7618846593749999 0.25565095625 0.7693054953125 0.19946146874999998 0.7775096078125 0.1540429328125 0.7799693125
7 0.26290820625 0.9019768234375001 0.2696981046875 0.8946349828125 0.2686131546875 0.8890975187500001 0.27544183437499997 0.8839775624999999 0.2741241859375 0.8651087953125 0.247458103125 0.8661298937499999 0.1972062625 0.8747860046874999 0.0650771484375 0.8920946125 0.051750421874999994 0.9778958203125001 0.062628028125 0.978261590625 0.24101823281249998 0.9501439703125 0.24971624218750002 0.938879340625 0.25148861562499997 0.9271799609375 0.26290820625 0.9019768234375001
7 0.025929660937499998 0.008198764062499999 0.0262884046875 0.028751190625 0.029320253125 0.0325877484375 0.1579434046875 0.0408997875 0.163167896875 0.0058032625 0.025929660937499998 0.008198764062499999
7 0.12431289999999999 0.03926425 0.0916413015625 0.035945053125 0.02641445 0.0359723125 0.0217004296875 0.218860215625 0.02409333125 0.2427109734375 0.03591045 0.2402821453125 0.09130586093750001 0.2432046953125 0.12201117343750001 0.24711385468749997 0.12699960937500002 0.24980498125 0.1318716984375 0.2458304578125 0.157042675 0.045916271875 0.12431289999999999 0.03926425
7 0.1058765796875 0.398529615625 0.115717715625 0.396135275 0.11846740468750001 0.32718789843749996 0.1250343 0.3070702265625 0.13015749999999998 0.26086266406249997 0.128026384375 0.2520096203125 0.1180979875 0.2494047203125 0.1003044390625 0.2491596671875 0.076505375 0.2445743203125 0.032994953125 0.2431112359375 0.028084081249999997 0.24486387656250003 0.0239391765625 0.2904987203125 0.0242988984375 0.3677264265625 0.026769367187499997 0.3960209546875 0.0337143953125 0.3975666484375 0.0841407609375 0.39890901562500003 0.1058765796875 0.398529615625
7 0.0249116890625 0.5160716609375 0.0970447859375 0.5153682109375 0.101936265625 0.51250463125 0.11694810156249999 0.410004803125 0.1147878984375 0.39948534687500004 0.030701942187499998 0.39484103125000003 0.0267984546875 0.3976873671875 0.020756109375 0.5044757515625 0.0209015453125 0.512807815625 0.0249116890625 0.5160716609375
7 0.1000281515625 0.5164274171875001 0.022984184375 0.51888350625 0.0206611078125 0.61227160625 0.0641521375 0.612623746875 0.09178682031249999 0.6104744609375 0.1000281515625 0.5164274171875001
8 0.8474696093749999 0.3066841546875 0.8393232796874999 0.29293534375 0.8192628750000001 0.2760606546875 0.8033095687499999 0.26800451718749996 0.7874338296875 0.264392146875 0.77665318125 0.26958108593749996 0.7659888828125 0.2814356765625 0.75947046875 0.304330703125 0.7697188265625 0.3252661453125 0.7827081546875 0.33337401718750004 0.794631928125 0.33705536875000003 0.8124254750000001 0.337300421875 0.8360403218749999 0.3313318203125 0.8457651078125 0.32227183125000003 0.8474696093749999 0.3066841546875
8 0.556489078125 0.452340203125 0.54958283125 0.45301639375 0.5428898921875 0.46591294375 0.545088878125 0.47865428281250005 0.5531770328125 0.48907026875000004 0.5709899734375 0.49042626250000004 0.5887350421875001 0.487893959375 0.5946242078124999 0.48556860312500005 0.5994090359375 0.47659484062499996 0.591214228125 0.460068678125 0.5782830718749999 0.4552936296875 0.556489078125 0.452340203125
8 0.407994628125 0.72108383125 0.404207490625 0.7305958203125 0.4094383234375 0.7471737218750001 0.41549231875 0.7542913703125 0.4244618125 0.758579928125 0.43335373749999995 0.75842471875 0.4411898015625 0.7543984578125 0.441954790625 0.7416053828125 0.43267503281249997 0.719541753125 0.4286455 0.7151669671875001 0.41970509375000004 0.712544821875 0.407994628125 0.72108383125
8 0.3637395875 0.7902000484375 0.3794989765625 0.7871467671875 0.38034153437499996 0.7787974578125 0.3701222625 0.759528428125 0.35819849062500003 0.7558470765624999 0.3514279859375 0.7642998609375 0.35349123125 0.7692646078125 0.3495974375 0.772666415625 0.3497137875 0.7793320671874999 0.3637395875 0.7902000484375
8 0.29438820312499997 0.893648375 0.303348 0.8973814625 0.313160046875 0.8933207109374999 0.314099559375 0.8905261109374999 0.30872329062500004 0.8656161453125 0.30269838125000004 0.860164909375 0.283994409375 0.8643808703125 0.28907980312500003 0.8726267062499999 0.287346215625 0.886547971875 0.29438820312499997 0.893648375
5 0.536272646875 0.9361000421875 0.5402343093749999 0.93658653125 0.5509567828125 0.9280647671875 0.64623835 0.8380548328125 0.613837253125 0.793613540625 0.6007994453125 0.7827283125 0.5840811484375 0.7874652531249999 0.5015756062500001 0.8733627 0.5018180015625 0.8872494734374999 0.536272646875 0.9361000421875
5 0.7641632265625 0.5731786390625 0.761238034375 0.575452259375 0.7384948312499999 0.5747379640625 0.72966108125 0.578225996875 0.6266219937499999 0.7333812421875 0.6267383421875 0.74004689375 0.641897571875 0.7592296953125001 0.6528721359375 0.765150175 0.658974609375 0.7750451796875 0.673959315625 0.784229503125 0.682028078125 0.7935345453125 0.6890021953125001 0.796746653125 0.6968188671875 0.7916094499999999 0.7618799125 0.7254639046875 0.78214295 0.697328203125 0.794880190625 0.6909938312499999 0.797669640625 0.6809436171875001 0.8112785234375 0.66792635 0.8121307734375 0.6601325124999999 0.8170125578125 0.6567134578125 0.827870771875 0.6559682875 0.828490325 0.634843146875 0.8123527984375001 0.6162330625 0.8112678499999999 0.6106955968750001 0.7973680937500001 0.6070487375 0.7941714203125 0.593769171875 0.7852601015625 0.5928134390625 0.7760966953125 0.5774154609375 0.7641632265625 0.5731786390625
1 1 0.699585425 0.9875870687500001 0.690408321875 0.9726411468749999 0.68344588125 0.93294695 0.6741372234375 0.9290240703125001 0.6758726171875 0.8944249671875 0.675365265625 0.8817168140625 0.68336605 0.781563159375 0.7773505093749999 0.7939329374999999 0.806583525 0.8799968312500001 0.9245439125000001 0.7957179390625 0.965465459375 0.7209602187499999 0.985662125 0.7033024109375 0.9931936671875 0.694429878125 0.9944598171875001 0.689568221875 0.9967672390625 0.94102041875 0.9923781234375 1 0.9752053046875 1 0.699585425
1 0.7182066171875 0.827908378125 0.709401953125 0.8330628265625 0.6598676 0.8828237874999999 0.67627660625 0.9169870578125 0.7169791640625001 0.9840646953125001 0.725871090625 0.9839094859375 0.7612933578125001 0.974956584375 0.8389568796875 0.9513753546875 0.75765841875 0.8233302640625 0.7486113609375 0.8145979375 0.730023734375 0.8254795484375 0.7182066171875 0.827908378125
1 0.6379786046875 0.9876662156249999 0.5924232218750001 0.9984629109375 0.685576734375 0.996836909375 0.6904682140625 0.9939733281249999 0.6914077265625 0.9911787265625 0.6646252953125 0.985534175 0.6379786046875 0.9876662156249999
1 0.395391175 0.6218442328125 0.40413766406249996 0.6133569609375 0.4069174203125 0.6027512749999999 0.314017103125 0.6027059359375 0.2972600265625 0.6052209937499999 0.293278971875 0.6036235624999999 0.23501654374999997 0.6063074578125 0.23208165625000002 0.6080256046875 0.230338371875 0.6213914 0.23432912187500002 0.6235443015625 0.2768321609375 0.6239136890625 0.286682990625 0.6220748203124999 0.31438554375 0.6238138328125 0.346960184375 0.6215783187499999 0.395391175 0.6218442328125