7 0.604887984375 0.7425629296875 0.61710794375 0.7356979406249999 0.63543788125 0.7179633875 0.63543788125 0.70594965625 0.6537678203125 0.70594965625 0.66496945 0.7122425625 0.6802443984375001 0.7082379859375 0.71724338125 0.7082379859375 0.7291242359375001 0.7185354687500001 0.742362525 0.7185354687500001 0.747454175 0.7156750578125 0.7718940937500001 0.6870709374999999 0.731160896875 0.6149885578125 0.7189409375 0.61098398125 0.737270875 0.5766590390624999 0.7321792265625 0.5657894734375 0.7189409375 0.5657894734375 0.696537678125 0.5697940499999999 0.6741344203125 0.5697940499999999 0.65580448125 0.5669336390625 0.5061099796875 0.571510296875 0.46232179218749997 0.5692219671875 0.3574338078125 0.571510296875 0.35437881875 0.5737986265624999 0.3146639515625 0.7156750578125 0.308553971875 0.7471395875 0.3116089609375 0.7540045765625 0.38594704687500003 0.7540045765625 0.604887984375 0.7425629296875
7 0.5386965375 0.8546910750000001 0.556008146875 0.8506864984375 0.5661914453125 0.85411899375 0.59674134375 0.8501144171874999 0.6303462328125 0.8495423343749999 0.6395112015625 0.846681921875 0.647657840625 0.8329519453125 0.6415478609374999 0.8255148734375 0.6313645625000001 0.79405034375 0.5936863546875 0.7917620140625 0.6099796328125 0.7568649890625 0.604887984375 0.7494279171875 0.59674134375 0.7488558359375 0.5366598781249999 0.7591533187499999 0.42566191406250004 0.773455378125 0.3197556015625 0.7900457671875001 0.2922606921875 0.8804347828125 0.2912423625 0.9004576656250001 0.3340122203125 0.89588100625 0.4887983703125 0.8707093828125 0.5274949078125 0.8615560640625001 0.5386965375 0.8546910750000001
7 0.269857434375 0.96167048125 0.40733197499999996 0.9508009156250001 0.45926680312499996 0.9422196796875 0.5621181265625 0.9376430203125 0.5682281062500001 0.9324942796875 0.5682281062500001 0.9273455374999999 0.5570264765624999 0.9124713953124999 0.561099796875 0.910183065625 0.522403259375 0.8953089249999999 0.5346232171875 0.8729977109375 0.531568228125 0.8621281468750001 0.51425661875 0.862700228125 0.4898167 0.8701373 0.44602851250000003 0.8775743703125001 0.31568228125000003 0.89874141875 0.2912423625 0.8998855828125001 0.2830957234375 0.9067505718750001 0.2678207734375 0.9576659031249999 0.269857434375 0.96167048125
7 0.40318032343750004 1 0.41140529531250003 0.9982837531250001 0.4236252546875 0.9914187640625001 0.4307535640625 0.9794050343749999 0.458248471875 0.970251715625 0.47046843125000004 0.9622425625 0.47556008125 0.9427917625 0.4531568234375 0.9450800921875 0.2759674140625 0.9748283750000001 0.2678207734375 0.9874141875 0.2646203078125 1 0.40318032343750004 1
7 0.443991853125 0.2791762015625 0.4562118125 0.2757437078125 0.4562118125 0.26887871875 0.46741344218750003 0.27002288281250003 0.48167006093750003 0.292906178125 0.4867617109375 0.294622425 0.492871690625 0.2934782609375 0.497963340625 0.280320365625 0.4969450109375 0.2694508015625 0.5061099796875 0.2540045765625 0.50509165 0.23798627031250003 0.4887983703125 0.21567505781250002 0.4765784109375 0.213386728125 0.47352342187499996 0.197940503125 0.4653767828125 0.188215103125 0.4714867609375 0.1493135015625 0.44195519375 0.1475972546875 0.33604887968749997 0.14816933593749998 0.2922606921875 0.14588100625 0.2657841140625 0.147025171875 0.23828920625 0.1430205953125 0.23319755625 0.153318078125 0.226069246875 0.330663615625 0.23319755625 0.334096109375 0.303462321875 0.33581235625 0.40733197499999996 0.33581235625 0.42769857499999997 0.334096109375 0.443991853125 0.2791762015625
7 0.4012219953125 0.47540045781250007 0.4093686359375 0.4519450796875 0.4450101828125 0.4427917625 0.44908350312499995 0.4473684203125 0.454175153125 0.4473684203125 0.46334012187500007 0.42162471406249996 0.4643584515625 0.40732265468750006 0.454175153125 0.38215102968750003 0.45010183281250005 0.3804347828125 0.443991853125 0.38215102968750003 0.4236252546875 0.381578946875 0.429735234375 0.3552631578125 0.4287169046875 0.336956521875 0.2556008140625 0.3375286046875 0.23014256562500002 0.339816934375 0.2240325859375 0.4582379859375 0.2270875765625 0.4782608703125 0.2342158859375 0.48169336406249996 0.2413441953125 0.48169336406249996 0.38696537656249996 0.4776887875 0.4012219953125 0.47540045781250007
7 0.400203665625 0.5549199078125 0.419551934375 0.5572082375 0.4236252546875 0.5526315796875 0.42464358437499994 0.5354691078125 0.419551934375 0.5194508015625 0.39205702656249997 0.5165903890625 0.39714867656249997 0.5074370703125 0.39816700625 0.48112128125 0.3940936859375 0.4776887875 0.2912423625 0.4799771171875 0.226069246875 0.48283752812499997 0.2240325859375 0.484553775 0.2189409375 0.5600686500000001 0.220977596875 0.590389015625 0.342158859375 0.58581235625 0.347250509375 0.580663615625 0.400203665625 0.5549199078125
7 0.347250509375 0.5737986265624999 0.34521385000000004 0.5812356984375 0.33604887968749997 0.586956521875 0.2250509171875 0.590389015625 0.2199592671875 0.593249428125 0.21792260625 0.6006864984375 0.21792260625 0.6670480546875 0.23319755625 0.6699084671875 0.3187372703125 0.6676201374999999 0.3268839109375 0.660183065625 0.347250509375 0.5737986265624999
7 0.21384928749999998 0.666475971875 0.2128309578125 0.6750572078125 0.2097759671875 0.7179633875 0.28004073281249997 0.719679634375 0.312627290625 0.7173913046875 0.3238289203125 0.6744851265625 0.3217922609375 0.6676201374999999 0.231160896875 0.6704805484375 0.21384928749999998 0.666475971875
7 0.2148676171875 0.4708237984375 0.18940936875 0.47139588125 0.186354378125 0.4799771171875 0.186354378125 0.5337528609375 0.2118126265625 0.5343249421875 0.21792260625 0.533180778125 0.2199592671875 0.5245995421874999 0.2219959265625 0.47254004531250005 0.2148676171875 0.4708237984375
7 0.2219959265625 0.38215102968750003 0.20061099843750002 0.3827231125 0.187372709375 0.38615560625 0.187372709375 0.4599542328125 0.19042769843750001 0.46395880937499995 0.220977596875 0.4628146453125 0.22301425625000001 0.45709382187500003 0.2240325859375 0.384439359375 0.2219959265625 0.38215102968750003
7 0.226069246875 0.335240275 0.2219959265625 0.3312356984375 0.2250509171875 0.2837528609375 0.22301425625000001 0.28146453125000004 0.19042769843750001 0.28146453125000004 0.187372709375 0.29405034375 0.187372709375 0.3770022890625 0.19042769843750001 0.38100686562499997 0.2046843171875 0.378146453125 0.2219959265625 0.3804347828125 0.226069246875 0.35469107499999997 0.226069246875 0.335240275
7 0.22810590625 0.14874141875 0.2046843171875 0.15160183124999999 0.191446028125 0.1498855828125 0.186354378125 0.1544622421875 0.187372709375 0.27803203593750003 0.191446028125 0.280320365625 0.2219959265625 0.280320365625 0.226069246875 0.2694508015625 0.231160896875 0.15045766562500001 0.22810590625 0.14874141875
7 0.18590015937499998 0 0.18431771875 0.061784896874999995 0.187372709375 0.14073226562500002 0.3289205703125 0.1447368421875 0.34521385000000004 0.143592678125 0.356415478125 0.1081235703125 0.3696537671875 0.01601830625 0.3696537671875 0 0.18590015937499998 0
7 0.1572486578125 0 0.15784114062500001 0.0183066359375 0.18126272968749998 0.0211670484375 0.1853360484375 0.008009153125 0.18506705625 0 0.1572486578125 0
7 0.15987780000000001 0.025171624999999996 0.1619144609375 0.1338672765625 0.1659877796875 0.1413043484375 0.182281059375 0.1418764296875 0.186354378125 0.13844393593749998 0.18431771875 0.0263157890625 0.17922606875 0.0245995421875 0.15987780000000001 0.025171624999999996
7 0.16496945000000002 0.143592678125 0.1639511203125 0.23741418749999998 0.17922606875 0.238558353125 0.18431771875 0.2368421046875 0.1853360484375 0.22997711718749997 0.187372709375 0.1464530890625 0.1802443984375 0.143592678125 0.16496945000000002 0.143592678125
7 0.187372709375 0.279748284375 0.186354378125 0.25 0.1832993890625 0.24713958749999998 0.16904277031249998 0.24771167031250002 0.1659877796875 0.24942791718750001 0.16496945000000002 0.2843249421875 0.168024440625 0.32723112187500003 0.1710794296875 0.3295194515625 0.1832993890625 0.32894736875 0.186354378125 0.32608695625 0.187372709375 0.279748284375
7 0.168024440625 0.3827231125 0.1832993890625 0.3850114421875 0.187372709375 0.38329519375 0.1853360484375 0.330663615625 0.1832993890625 0.32894736875 0.1710794296875 0.3295194515625 0.168024440625 0.3827231125
8 0.6608961296875 0.552059496875 0.662932790625 0.5657894734375 0.7077393078124999 0.5669336390625 0.710794296875 0.5629290625000001 0.69450101875 0.545766590625 0.6690427703124999 0.542906178125 0.6608961296875 0.552059496875
8 0.6323828921875 0.74656750625 0.61710794375 0.745423340625 0.608961303125 0.7511441640625 0.60692464375 0.76887871875 0.6252545828125 0.7906178484375 0.6344195515625 0.7917620140625 0.6415478609374999 0.786041190625 0.6364562125 0.7517162468749999 0.6323828921875 0.74656750625
8 0.44908350312499995 0.34153318125 0.4409368640625 0.343249428125 0.43686354375 0.34839816875 0.43686354375 0.3604119 0.4450101828125 0.3701373 0.454175153125 0.37242562968750004 0.45926680312499996 0.36670480625 0.4562118125 0.3443935921875 0.44908350312499995 0.34153318125
8 0.39714867656249997 0.5 0.395112015625 0.515446225 0.4012219953125 0.520594965625 0.40733197499999996 0.5211670484375001 0.412423625 0.5125858125 0.410386965625 0.5028604125 0.40427698593750006 0.4994279171875 0.39714867656249997 0.5
8 0.3839103875 0.012585812499999998 0.3747454171875 0.012585812499999998 0.3706720984375 0.017162471874999998 0.371690428125 0.026887871875000004 0.37678207812500003 0.030892448437499997 0.38594704687500003 0.030892448437499997 0.39205702656249997 0.0274599546875 0.39205702656249997 0.0165903890625 0.3839103875 0.012585812499999998
1 1 0.34432126093750004 0.9796334015625 0.34839816875 0.968431771875 0.3524027453125 0.93177189375 0.3575514875 0.8940936859375 0.3661327234375 0.876782078125 0.37356979375 0.8635437874999999 0.37356979375 0.847250509375 0.365560640625 0.837067209375 0.3644164765625 0.8319755593749999 0.3575514875 0.8217922609375 0.355835240625 0.749490834375 0.35411899375 0.6690427703124999 0.3438215109375 0.64052953125 0.3426773453125 0.5794297359375 0.3478260875 0.5274949078125 0.36384439375 0.5081466390625 0.37757437031249996 0.5 0.3924485125 0.5010183296874999 0.41018306562499995 0.5091649687500001 0.42219679687499995 0.531568228125 0.43592677343749997 0.5987780046875 0.45308924531250006 0.65580448125 0.45594965624999995 0.677189409375 0.4548054921875 0.6822810593749999 0.447940503125 0.6873727093750001 0.4467963390625 0.6904276984375 0.43993135 0.69450101875 0.4393592671875 0.6975560078124999 0.4181922203125 0.7046843171875 0.4090389015625 0.7077393078124999 0.40732265468750006 0.73319755625 0.40675057187499997 0.750509165625 0.397025171875 0.7800407328125 0.39588100625 0.7861507125 0.400457665625 0.7657841140625 0.425629290625 0.7617107937500001 0.4370709375 0.7678207734375 0.4599542328125 0.7759674140625 0.4656750578125 0.9205702640625001 0.46510297500000003 0.9246435843749999 0.46395880937499995 0.9287169046875 0.455377575 0.9653767828125 0.46167048125 1 0.4613069140625 1 0.4499542328125 0.977596740625 0.422768878125 0.9409368640625001 0.368421053125 0.9521384921875 0.36384439375 1 0.3543265625 1 0.34432126093750004
1 0.482688390625 0.1201373 0.4887983703125 0.12070938281250002 0.5 0.131006865625 0.5091649687500001 0.1338672765625 0.6099796328125 0.1350114421875 0.60692464375 0.1258581234375 0.5865580453125 0.1241418765625 0.5794297359375 0.1201373 0.5336048875 0.11956521718749999 0.48167006093750003 0.11212814687499999 0.4450101828125 0.11098398125 0.4307535640625 0.112700228125 0.410386965625 0.1161327234375 0.38798370625 0.1258581234375 0.371690428125 0.1401601828125 0.371690428125 0.14588100625 0.47046843125000004 0.14874141875 0.478615071875 0.1212814640625 0.482688390625 0.1201373
1 0.6293279015625 0.5663615562500001 0.6323828921875 0.558352403125 0.623217921875 0.5497711671875 0.628309571875 0.5400457671875001 0.6272912421875 0.530320365625 0.5753564156250001 0.5280320359374999 0.5549898171875001 0.5308924484374999 0.5397148671875 0.5280320359374999 0.522403259375 0.5291762015625 0.492871690625 0.5366132718750001 0.4725050921875 0.5463386734375 0.4572301421875 0.5572082375 0.45213849218749996 0.5669336390625 0.454175153125 0.5692219671875 0.5498981671875 0.5692219671875 0.6293279015625 0.5663615562500001
2 0.912423625 0.22482837500000002 0.7189409375 0.22139588125 0.647657840625 0.22025171562499998 0.69450101875 0.27173912968749997 0.885947046875 0.2774599546875 0.912423625 0.22482837500000002
2 0.5519348265625 0.5085812359374999 0.5682281062500001 0.5280320359374999 0.6374745421875 0.5326086953125 0.647657840625 0.5120137296875 0.5519348265625 0.5085812359374999
2 0.545824846875 0.0863844390625 0.6924643578125 0.08867276874999999 0.6985743375 0.0486270015625 0.5498981671875 0.041762014062500005 0.5010183296874999 0.0371853546875 0.4989816703125 0.0577803203125 0.545824846875 0.0863844390625
2 1 0.7929618671875 0.8431771890625 0.799199084375 0.88798370625 0.8495423343749999 1 0.8411517921874999 1 0.7929618671875