5 0.6885612375 0.57063556875 0.6921053406250001 0.57602113125 0.710085809375 0.5770302734375 0.8132324656250001 0.57985105625 0.8174620640624999 0.5774013796874999 0.8320435343750001 0.5369452578125 0.8288421781249999 0.5276420749999999 0.7064081578125 0.5158026 0.7019827046875 0.520490915625 0.6885612375 0.57063556875
5 0.354363290625 0.5583153484375 0.46552846875 0.5612737171875 0.4927684734375 0.5597093015625 0.49959494375 0.5619983734375 0.547852965625 0.5611449093750001 0.5877497171875 0.564071478125 0.59282861875 0.5633879375 0.5974988921875 0.5559013203125 0.613500315625 0.499215059375 0.393830925 0.47435704218749997 0.37570356562499996 0.475026878125 0.3520602015625 0.5502186421874999 0.354363290625 0.5583153484375
5 0 0.559823584375 0.0770143234375 0.5616837 0.1322946703125 0.5608806671875 0.1395618171875 0.5581327968750001 0.1682992125 0.4591371234375 0.1587289765625 0.45378828593750004 0.00337064375 0.4396428890625 0 0.4781695234375 0 0.559823584375
8 0.259721221875 0.4812341046875 0.2497761921875 0.4916429015625 0.2396370921875 0.5386910625 0.2476235671875 0.5506686640625 0.2544500375 0.552957734375 0.2774114796875 0.55440265625 0.29597951562499997 0.5486958796875 0.30468353125 0.540998228125 0.30878136875 0.5171071609375 0.3063144703125 0.4994090796875 0.299520046875 0.48527999531250005 0.2741086234375 0.477417346875 0.259721221875 0.4812341046875
8 0.6605832015625 0.5117934359375 0.6547698421875 0.520871875 0.648238940625 0.5496255703124999 0.6524364921875 0.5590159078125 0.672311421875 0.5613186812500001 0.681619921875 0.5581854640625 0.686045375 0.5534971468750001 0.68831463125 0.53903314375 0.6830550046874999 0.51883495625 0.67657128125 0.5126282671875 0.6677524203125 0.5101648859375 0.6605832015625 0.5117934359375
1 0.7997469046875 0.6536757390625 0.7367249015625 0.6397028734375 0.69005064375 0.6339275718749999 0.6658971499999999 0.6346341343749999 0.6434743125 0.627032953125 0.6355368015625 0.6144956921875 0.6436042875 0.61407361875 0.654055871875 0.6093485765625 0.6631836468750001 0.5853336296875 0.6582516375 0.584338190625 0.597532725 0.5784620312500001 0.4974725796875 0.5747833953125 0.49157820937499996 0.5962615109375 0.4834127953125 0.5978029046875 0.4694829875 0.6078630781250001 0.43701718906250003 0.6117900140625 0.42207426875 0.610482678125 0.4175339703125 0.605009959375 0.42026081875 0.596789371875 0.41806707187500003 0.5961765906250001 0.4181705015625 0.5977343796875 0.412112321875 0.6096111203125 0.40569447968750005 0.6141251249999999 0.3611764171875 0.6181255125 0.3508717234375 0.621171575 0.337872228125 0.620598209375 0.3306050828125 0.6233460796875 0.3403711734375 0.6264562765624999 0.3594457640625 0.6264332546875 0.4192984578125 0.619262925 0.4323958796875 0.6187169703125 0.44515055625000005 0.6220886343750001 0.4895706890625 0.61920756875 0.5108183953125 0.6402405890625 0.5340905359375 0.6496079046875 0.7458242015625001 0.6963293859374999 0.851224984375 0.707806534375 0.8805063421874999 0.705856771875 0.8882631265625 0.697512303125 0.8868583046875 0.690622071875 0.85654691875 0.6699239703125001 0.7997469046875 0.6536757390625
1 0.5885046609375 1 0.60129411875 0.9944176375 0.618244559375 0.9727789171874999 0.620007259375 0.9526311578125 0.6101752874999999 0.9388002671875 0.596816128125 0.9308641671875 0.5848938390625 0.9179782828124999 0.5552848640625 0.9007252953125 0.53111445625 0.8901515046874999 0.494189371875 0.876206046875 0.442174475 0.8626322328124999 0.41885336874999995 0.8538245765625 0.369043634375 0.8494667890625 0.308584671875 0.817671959375 0.338698415625 0.806207978125 0.3469448390625 0.792266909375 0.356622775 0.6701738859375 0.352897946875 0.6439065937499999 0.34097565625000004 0.6310207109375 0.3159559453125 0.6186807828124999 0.2821342890625 0.615157828125 0.17924936875 0.6208191000000001 0.12968445312500002 0.6136630140625 0.12625519375 0.6184384859375001 0.13886297812499998 0.6234891296875 0.122581115625 0.6260122578125 0.0819178578125 0.6433206015625 0.0657018765625 0.656564425 0.0550713515625 0.6748084609375 0.03439608125 0.6701798906249999 0.0208410671875 0.66448243125 0.0028605984375 0.6634732859375 0 0.6622218640625 0 0.6744030265625 0.004820940625000001 0.6754876125 0.0173797609375 0.681097915625 0.0360795578125 0.69683253125 0.043666754687499997 0.7248475953125 0.028100228124999998 0.8224578234375001 0.020294478125 0.8313619531249999 0 0.8353954531250001 0 0.8569035843749999 0.0265992640625 0.8510876375 0.033932290625 0.8590604624999999 0.0475701015625 0.8867589718750001 0.071006053125 0.9057276640625 0.104844625 0.9205309734375 0.1123735078125 0.9262651578125001 0.1399242125 0.9326231390625 0.152336140625 0.9399124234375 0.17889064999999998 0.946183246875 0.248707075 0.9742851984374999 0.273833871875 0.9821229468749999 0.4781695234375 1 0.5885046609375 1
7 1 0.3475118703125 0.890629365625 0.3492020984375 0.8846521968750001 0.3486791640625 0.8753267812500001 0.3405320265625 0.8702478796875001 0.34121556875 0.8674061875 0.339275121875 0.8415540890625 0.33644941093749997 0.8142161578125 0.3391331453125 0.814300740625 0.3955349203125 0.8268105968749999 0.40170488437499996 0.8397121640625 0.4033975671875 0.8461300078124999 0.3988835625 0.85137093125 0.373400671875 0.8816653999999999 0.3828184203125 0.9243228328124999 0.4000851109375 1 0.40090298750000003 1 0.3475118703125
7 0.623824553125 0.24352391718750002 0.595784209375 0.2427625359375 0.557194353125 0.24784551718749998 0.51391730625 0.24913475937500001 0.492507578125 0.2529010875 0.494761703125 0.2615574546875 0.5052791703125 0.2675531078125 0.50854819375 0.3219777078125 0.5394471453125 0.335959890625 0.5788052953125 0.3450427203125 0.5897634359375 0.3460014328125 0.59503819375 0.34307925156249997 0.6070641890624999 0.30888490625 0.6154989046875 0.304265384375 0.7090281468749999 0.3366977125 0.8123706593750001 0.3372798546875 0.840655821875 0.3352429359375 0.9619298390625 0.3373938828125 0.9690011296875 0.336884653125 0.9714831578125 0.33146236406249996 0.9631049734375001 0.3239620421875 0.8235851796875 0.24351845156250002 0.8118756625 0.23967428281249997 0.7498178078125 0.23762858750000002 0.623824553125 0.24352391718750002
7 0.278097815625 0.248241259375 0.28890727968749996 0.216478228125 0.29989746875 0.20559692499999999 0.45639975 0.25256178125 0.4798018671875 0.24896976406250002 0.5443907140625 0.2450335125 0.642179815625 0.2287754265625 0.6470628625 0.230330525 0.7707040625 0.21689814687500003 0.7819559875000001 0.2144989015625 0.7837356046874999 0.2056314984375 0.7591076046875 0.1888142890625 0.42516246406249997 0.012972506249999998 0.40295239687500006 0.014413040625000002 0.3833881671875 0.0200326609375 0.3774109984375 0.0195097265625 0.374912053125 0.013651659375 0.3708783109375 0.013862696875 0.3602798328125 0.020266717187499998 0.3439000421875 0.023909165625 0.31786900625 0.03460245 0.2219254 0.052713828124999994 0.1890678921875 0.061118043749999997 0.143079128125 0.047507503125 0.1279403515625 0.048438809375 0.12220800312499999 0.0451175734375 0.09227319843750001 0.0430625609375 0.0877987796875 0.0483105375 0.0868533359375 0.082064446875 0.0334772453125 0.0955228703125 0.031057156250000002 0.123184609375 0.034874059375 0.1254520640625 0.0828062484375 0.1397965765625 0.0901882390625 0.147209740625 0.09306376562499999 0.17171089687500002 0.106033 0.218525 0.1380260734375 0.23147501875 0.1859582640625 0.2458195296875 0.2322408125 0.2560721078125 0.26800589375 0.260329034375 0.278097815625 0.248241259375
7 0.784647140625 1 0.7865524984375 0.9880678968750001 0.784885940625 0.9726956109374999 0.78114598125 0.9695486875 0.7689957890625 0.970741459375 0.7426220046875 0.9853523624999999 0.728119225 1 0.784647140625 1
1 0.9085483671875 0.1099658359375 0.897573309375 0.09772676875 0.881976940625 0.09241465625 0.8088461 0.0792492125 0.7520630015624999 0.074281334375 0.6849752109375 0.07235951874999999 0.6563473 0.0783140578125 0.634382053125 0.0769562921875 0.62410940625 0.0681623390625 0.630967925 0.05861139375 0.6304124046874999 0.0534873 0.611729525 0.049033040625 0.5736782703125 0.0479597609375 0.5602381000000001 0.0524233375 0.55646609375 0.061116428125 0.558769184375 0.0692131359375 0.5729776453125 0.0789153703125 0.591562596875 0.0844889484375 0.6065055187499999 0.085796284375 0.6171209125 0.0906726171875 0.62234670625 0.088310096875 0.62932006875 0.0889201859375 0.66570655 0.109021903125 0.659893190625 0.11810034375 0.642468240625 0.1222152953125 0.64596338125 0.12816051875 0.652838815625 0.129889928125 0.6642376328124999 0.1258117015625 0.6710641046875 0.128100771875 0.6841294796875 0.13939483125000002 0.70271443125 0.1449684109375 0.78549651875 0.1510830171875 0.873406471875 0.1559544234375 0.915687325 0.154578025 0.938289103125 0.14866021093749998 0.9440534984375001 0.14014143125 0.9439386546874999 0.12998039687500001 0.9269374640624999 0.117778053125 0.9085483671875 0.1099658359375
1 0.4260785953125 0 0.4320699453125 0.0028619031249999998 0.4779287359375 0.029431775 0.50209914375 0.04000556875 0.5178913671875 0.043079039062500005 0.5668028359374999 0.0462303515625 0.68049900625 0.043206771875 0.7193336828125 0.035325490625 0.733214528125 0.0258249765625 0.734714428125 0.0186249328125 0.521830475 0 0.4260785953125 0