7 0.43541659062500004 1 0.43912236406250005 0.998258696875 0.5340265453125 0.961714103125 0.56751593125 0.9428711968749999 0.561821090625 0.9277996359375 0.5613250625 0.9041139890625001 0.550440909375 0.8729041984375 0.543816278125 0.8362399609375 0.5386269640625 0.82010173125 0.5384211671875 0.7922705140625 0.516228596875 0.7071915875 0.5012347859374999 0.66698730625 0.4911463921875 0.6305652765625 0.4697865140625 0.6320589046875 0.3870836046875 0.65228051875 0.334044321875 0.65702070625 0.2999808078125 0.667653209375 0.17549743281250002 0.6877024421875 0.16084661875 0.6938835203125 0.162063471875 0.7195814015625001 0.1965026828125 1 0.43541659062500004 1
7 0.6022253390625 0.941475396875 0.71994055 0.8827093250000001 0.7365385453125 0.8794860421875 0.81325955 0.840087665625 0.8230767125 0.8311506312500001 0.8249552937500001 0.82483135625 0.8209237359375001 0.80036161875 0.77853854375 0.6836924953125 0.7747222828125 0.6623016609375 0.7633326 0.6321585390625 0.753749734375 0.5946698421875001 0.746681840625 0.5848508890625 0.741492528125 0.5687126609375001 0.7308859375 0.5663603890625 0.55919531875 0.6247755140625 0.5401446171875001 0.62610766875 0.5353078 0.6316024859375 0.5148154468749999 0.628910175 0.5171868875000001 0.6545273171875 0.5302335203124999 0.6917738046874999 0.529724825 0.701091246875 0.5366460203125001 0.7171083703125001 0.5789341140625 0.8987573687499999 0.58649486875 0.9405127421874999 0.5890911078125 0.9444564703125 0.6022253390625 0.941475396875
7 1 0.741316978125 0.9978849328124999 0.7343587078125 0.9314127578125 0.5801837953125 0.9213243625 0.5437617671874999 0.9112233 0.5403428265625 0.753188271875 0.55345635 0.7438766359375 0.5613267140625 0.7450998234374999 0.57052305 0.7509381953125 0.5876472125000001 0.755915378125 0.5924557687500001 0.75951950625 0.60251693125 0.76182235 0.6188570015625 0.79612859375 0.727840509375 0.8323197515625 0.8140031953125 0.8713604453125001 0.8081792468750001 0.907446071875 0.79328006875 0.9406420609374999 0.786833503125 0.969871925 0.7734450453124999 1 0.7667284546875 1 0.741316978125
7 1 0.5393935671875 0.9882904671875 0.539079040625 0.9833818859375001 0.5435475578125 0.9728470609375 0.5422215875 0.93113519375 0.551326278125 0.9255057843750001 0.5537825609375 0.924925325 0.5620737015625 0.9996168171875001 0.734237603125 1 0.7353072828125 1 0.5393935671875
7 0.8375364968750001 0.946678534375 0.8377486281250001 0.95800820625 0.839336978125 0.9558345015624999 0.8450349859375 0.9626552890625 0.8502731984375 0.9767274609375001 0.9732180140625 0.9681303218749999 0.9242340312499999 0.8591418640624999 0.8632498312499999 0.8830013531249999 0.7925919968749999 0.917850475 0.803048721875 0.9346516906250001 0.81928471875 0.934547678125 0.819359653125 0.9273232046875 0.8255663546875001 0.9248265531250001 0.8293171828125001 0.9286895453125 0.8317667234374999 0.9388314453125 0.8375364968750001 0.946678534375
7 0.7113244062499999 0.9585980984375 0.707785709375 0.9660647812500001 0.707997840625 0.9773944531250001 0.7105386171875 0.9864986546875001 0.8518579265625 0.9766166453125 0.8426572109375 0.9535396890625 0.83140789375 0.9336999421875 0.8353117546875 0.9148632187500001 0.8345940953125 0.9046002140624999 0.821244565625 0.9045023859375 0.8037790484375 0.91191160625 0.7532579046875 0.936070765625 0.7490701468750001 0.9425515140625 0.737305803125 0.9485307531249999 0.7113244062499999 0.9585980984375
8 0.5639709015625 0.966839421875 0.5653376203125 0.9780883578124999 0.5717596203124999 0.97867060625 0.5834522 0.9716650703124999 0.588001953125 0.96206505 0.5885824125 0.953773909375 0.583967228125 0.9458460859375 0.5711918265625 0.953958659375 0.5639709015625 0.966839421875
8 0.7075208125 0.9042041749999999 0.6979907125 0.9172464093749999 0.6986366046875 0.9264831125 0.7057076640625 0.9280512953125 0.71740024375 0.9210457578125 0.722527290625 0.9114053703125 0.722386925 0.9011019953125 0.7197906859375001 0.8971582687499999 0.7151723343749999 0.8974812156249999 0.7075208125 0.9042041749999999
8 0.8057420609375001 0.8736155421875 0.80689348125 0.8817855781249999 0.8167074796874999 0.8810993171874999 0.8238534718749999 0.8754430265625001 0.8278976968749999 0.8669096749999999 0.8271800375 0.8566466703125 0.8211918 0.853971453125 0.8130347515624999 0.8617610812500001 0.8057420609375001 0.8736155421875
8 0.8955191953125 0.8467113375 0.8985491968750001 0.8485620968750001 0.8983993328125001 0.8630110390624999 0.9015010999999999 0.8658880999999999 0.901217203125 0.8535321250000001 0.9101700109375 0.8405302593749999 0.903969640625 0.8265253671874999 0.8981967015625001 0.82692905 0.8930696546875 0.8365694375 0.8955191953125 0.8467113375
8 0.8846308437499999 0.45041497656249996 0.8699705281250001 0.48134837187499996 0.8705414890625001 0.4978095484375 0.8831701921875 0.49589514531249995 0.8999180499999999 0.47822291874999995 0.9050482640625 0.460331759375 0.902383425 0.4471109578125 0.8979835375 0.442262034375 0.8922105968749999 0.44266571718750003 0.8846308437499999 0.45041497656249996
8 0.6582154906250001 0.5807238703125 0.6878041859375 0.572466915625 0.6925724015625 0.557695025 0.69019779375 0.540328653125 0.6826961375 0.53260266875 0.67208638125 0.5385011703125 0.6589426515625 0.566234559375 0.6582154906250001 0.5807238703125
8 0.4068836328125 0.5787036484375 0.3975002296875 0.5855477125 0.3944670625 0.5919477265624999 0.39554038281250004 0.615593003125 0.4058535765625 0.6303416187499999 0.42223310625000005 0.63229020625 0.43869073593749996 0.6187635515625 0.4422326 0.6030460984375 0.43502117343749996 0.59117454375 0.427013990625 0.584515228125 0.4068836328125 0.5787036484375
5 0.49529575625 0.2352800140625 0.48899238125 0.22643892031249999 0.48487955781250003 0.22569519843750002 0.2514501453125 0.2059220125 0.248994271875 0.21228165937500001 0.249271834375 0.2411391765625 0.247752084375 0.2525899546875 0.24508091250000003 0.2558706984375 0.2473710875 0.30521385625 0.24533947656250002 0.3342328484375 0.25053195625 0.3421203046875 0.4015613546875 0.34496644375 0.4819487546875 0.3414078484375 0.48447639374999996 0.3360745046875 0.493426034375 0.33132340937500004 0.49790402343749995 0.3206970890625 0.5077496874999999 0.2375031078125 0.49529575625 0.2352800140625
1 0.561406784375 0 0.5584217609375 0.0081009484375 0.55248945625 0.047705890625000004 0.5481550015625001 0.0603848109375 0.550454678125 0.0849756546875 0.5479988031249999 0.0913352984375 0.54618565625 0.11518241874999999 0.5502858125000001 0.1489292296875 0.5592227859375 0.17718122187500002 0.5672985703125 0.193117609375 0.580426465625 0.20663808125 0.6256675296875 0.214819025 0.65979964375 0.21346359375 0.6811626875 0.20371919374999997 0.69552960625 0.1851821421875 0.7132230890625 0.1478487328125 0.7362747484375001 0.06269997968749999 0.74089626875 0.054126260937500004 0.7655668796875 0.0750901375 0.79348595625 0.092732903125 0.8530844375 0.1071291109375 0.874878078125 0.10354251249999999 0.8880218093750001 0.075809125 0.8878814437500001 0.06550575 0.8831976593749999 0.048300853125 0.8728844656250001 0.033552240625 0.8689932734375001 0.019385875 0.8562311421875 0 0.561406784375 0
1 0.2514180171875 0.016161596875 0.26089688125 0.034062509375 0.277703840625 0.0504196703125 0.292204790625 0.0586875359375 0.3814605640625 0.074103859375 0.4343531484375 0.07556184375 0.45499536875 0.0638052109375 0.46640404999999996 0.0444437 0.477026471875 0.0055421109375 0.47609035000000005 0.00045097656250000004 0.2514180171875 0.016161596875
1 0.85829395625 0 0.8689215062500001 0.018359573437500002 0.87692235625 0.0415204328125 0.8852883703125001 0.053311251562499995 0.8891763953125 0.07572838750000001 0.874300784375 0.10358288125 0.8560426734375 0.10795356874999999 0.831078665625 0.099386034375 0.799402428125 0.0943818203125 0.7760985375 0.08466688125 0.7628925390625 0.086621653125 0.754957121875 0.0809886390625 0.74694360625 0.0908308671875 0.7332162484375 0.13510616875 0.7269282796875001 0.1613288359375 0.729664884375 0.1755759375 0.756123309375 0.2386988703125 0.7630476703125 0.246465221875 0.8017949703125 0.2530376171875 0.8344854312500001 0.24765772031250002 0.85563634375 0.226583646875 0.8723905359374999 0.192409878125 0.874415815625 0.17989243125 0.88300979375 0.1617590609375 0.8874128484374999 0.1583572140625 0.892471296875 0.139439753125 0.9046039703125001 0.1138397015625 0.912108790625 0.11331491406250001 0.9132665453125 0.1049834046875 0.9183904265624999 0.10359378906250001 0.9370727999999999 0.1218824484375 0.941254221875 0.13190324375 0.94081729375 0.142246984375 0.9432700015625001 0.1441381125 0.9438441296875 0.152348515625 0.939946603125 0.15468369531249998 0.940015203125 0.1639607671875 0.9325789796875 0.173762628125 0.9328628765625 0.18611860156249999 0.9249960578125 0.1897626609375 0.928306790625 0.212220165625 0.9511800875 0.21577730312500001 0.95146715 0.2198825046875 0.9627228000000001 0.2232207078125 0.9630098640625 0.22732590937500002 0.9695753953124999 0.2299607609375 0.9822758640625 0.22907265625 0.9662575421874999 0 0.85829395625 0