7 0.6951285921875 0.7646286859375 0.688741896875 0.75572736875 0.669688840625 0.7516131328125 0.6617208203125 0.746003521875 0.65624675 0.7475335624999999 0.63603798125 0.7408926390625 0.6247247890625001 0.739780175 0.6079375265625 0.74019775 0.5969437531249999 0.742736259375 0.5781644859374999 0.7417514328125 0.5653156015625 0.74445224375 0.5605865609375 0.7438148609375 0.5536224296875 0.7496797453124999 0.537808353125 0.7505377375 0.5323799140625 0.7525893453125 0.493148790625 0.7528682625 0.48994051250000004 0.7589301125000001 0.5169782015625 0.8222596359375001 0.5210991046875 0.8266291453125 0.530374659375 0.8258176390624999 0.5373238609375 0.8304652640624999 0.5493820859375 0.82941030625 0.550857215625 0.835587971875 0.5416272906249999 0.83692104375 0.539909075 0.83864805 0.543467471875 0.847271253125 0.5401223015625 0.851768396875 0.54132364375 0.8548166546875 0.5483641078125 0.860507415625 0.5585672203125001 0.8596147593750001 0.564315078125 0.8612141265625001 0.565045178125 0.8695592124999999 0.5700023765625 0.8728044359375 0.5636920109375 0.8754587609375 0.55247008125 0.8753894328125 0.548121021875 0.868412084375 0.5370359859375 0.869907459375 0.5382224 0.883468225 0.5460385953125 0.898025640625 0.56592794375 0.9010155875000001 0.5902269140625 0.90099194375 0.59509285 0.90319403125 0.6625613203125 0.9051747062500001 0.6664996984375 0.9074579437500001 0.688107265625 0.9087208875 0.7071146890625 0.9123135546875 0.7256658015624999 0.9106905421875 0.731002978125 0.9075958 0.7336487515625 0.9057876437499999 0.7316716765625 0.8938727328124999 0.7256500296875 0.8891439562500001 0.7211939359375 0.8595768874999999 0.7002840859374999 0.791506765625 0.6990520421875 0.7774244328125001 0.6951285921875 0.7646286859375
7 0.6028981078125 0.5009832234375 0.5907029921875 0.5004734796875 0.5519281828125 0.505968075 0.475503575 0.5084498796875 0.4030629765625 0.513736490625 0.3999459609375 0.5208414765625 0.4010411109375 0.53335910625 0.4305271171875 0.6033067125 0.4381757171875 0.605265346875 0.44258533906249997 0.6022517546875 0.4591295171875 0.60973885 0.4549936828125 0.61588185 0.45998158125 0.6301611484375 0.4574270703125 0.6330124390625 0.44559700468749996 0.6366752359375 0.4459164234375 0.6403262125 0.457640296875 0.6461327875 0.4602404390625 0.6438030640625 0.4724355546875 0.644312809375 0.4691360140625 0.6493315234375 0.4793847578125 0.6489604359375 0.48531514062500003 0.652646075 0.46912108437500005 0.6598440328125 0.47486894218750003 0.6614434 0.469349240625 0.662451871875 0.46790481093749997 0.667308284375 0.45908556718750004 0.67333546875 0.46422529062500006 0.6786669625 0.46463597187500005 0.6833610734375 0.46839182656249995 0.683558040625 0.46490975937499995 0.68649048125 0.4690306640625 0.690859990625 0.48498163281249995 0.6915667015625 0.4979674125 0.6904305921875 0.4969029625 0.688947040625 0.49968562812500006 0.6887035890625001 0.50459719375 0.69142724375 0.5319069875 0.6937679875 0.5410000187499999 0.690870209375 0.6036481859375 0.691170365625 0.6128781109375 0.6898372921875 0.6178502375 0.68257000625 0.6243431265625 0.6820019515625 0.6262895015625001 0.6828827859375 0.6238262531250001 0.6867772140625 0.631703009375 0.6913436875000001 0.63726834375 0.690856784375 0.63894093125 0.6886082109375 0.6457532390625 0.6916911328124999 0.6541012375 0.690960778125 0.6547550078125 0.6877502203125 0.6622667140625 0.6881441500000001 0.6683489218750001 0.682881984375 0.6691545125 0.670723621875 0.6386488484374999 0.5677549359375 0.6271365171875 0.5109505203125 0.619822265625 0.502130353125 0.6073077296875 0.49796963125 0.6028981078125 0.5009832234375
7 0.6521763109375 0.3484639859375 0.6595967578125 0.34781478125 0.6608437312500001 0.3513846046875 0.657270403125 0.3532739109375 0.6525413624999999 0.352636528125 0.653697075 0.3551632171875 0.66181691875 0.351825021875 0.6632007859375 0.35695955 0.6589894609375 0.383606 0.6639773609375 0.3978853 0.678301375 0.4013621515625 0.679396525 0.4138797796875 0.670349125 0.4172991265625 0.6741506109375 0.41801765937499996 0.6706229125000001 0.4204285328125 0.6738162625 0.42487919375 0.6796553828125 0.42752169687499997 0.6908316812499999 0.4270694578125 0.6947244296874999 0.42883112656250005 0.70258625625 0.443910109375 0.7134738375 0.45084097187500005 0.726779034375 0.4533558390625 0.752933115625 0.45316989375 0.7946274859375 0.44899654843750003 0.8024735421875 0.4425289453125 0.8020172296875 0.4373132671875 0.78115216875 0.3377056203125 0.7714659328125 0.3338230140625 0.7500408921874999 0.3346463421875 0.65301260625 0.3473396984375 0.6521763109375 0.3484639859375
7 0.7946009015625 0 0.796669115625 0.0236397890625 0.7934002765625 0.039692578125 0.77976073125 0.044039246875 0.7573932046875 0.05545623281249999 0.7527554265624999 0.055861985937500004 0.7567245046875 0.0691793 0.770774734375 0.0695267453125 0.781722875 0.066466665625 0.8012471734375 0.0652840703125 0.81585990625 0.0613778203125 0.82429916875 0.0616906015625 0.8286175281249999 0.057633873437500004 0.835946709375 0.055941534375000004 0.837573665625 0.0531713921875 0.8395498984374999 0.0330272109375 0.8356955921875 0 0.7946009015625 0
7 0.7127014625 0 0.7207622234375 0.053405426562500004 0.724001203125 0.0583776546875 0.7268295 0.0586557703125 0.7330029703125 0.054436740625 0.7717777796874999 0.04894214375 0.79451035625 0.0416977 0.7961978734375 0.028936618749999997 0.7931854171875 0 0.7127014625 0
7 0.5692983140625001 0 0.5676076765625 0.0121464609375 0.5639887171875 0.0135141984375 0.56009596875 0.0117525296875 0.5584233828125 0.014001101562500002 0.565920159375 0.0249075421875 0.56359380625 0.030366671875 0.5712880390625 0.0328468765625 0.5716074578125 0.03649785 0.567714709375 0.03473618125 0.5659964921875 0.0364631875 0.570725534375 0.0371005703125 0.571410003125 0.0449240875 0.5662097187499999 0.049583534375 0.566742365625 0.0663548578125 0.57052891875 0.0775859 0.5775237515625 0.08275509375 0.578071328125 0.0890139078125 0.5956948828125 0.087472046875 0.6029784359375 0.0852581390625 0.5990856875 0.0834964703125 0.602659015625 0.0816071625 0.5972305765625 0.08365877031249999 0.5924559046875 0.0824998203125 0.5929271468749999 0.077202990625 0.6169066984375 0.07352837031250001 0.6204343953125 0.07111749687499999 0.6245553 0.07548700625 0.627991734375 0.072032996875 0.64065809375 0.0672459125 0.682078675 0.059943159375 0.6975277015625 0.054912623437499995 0.7032299296875 0.055990424999999996 0.71594191875 0.051724909375 0.7172643859375001 0.034791284374999995 0.7112579343750001 0 0.5692983140625001 0
7 0.61724883125 0.9427748828125001 0.6078363812500001 0.9420216859374999 0.6005072 0.9437140265625 0.573151775 0.9408517140624999 0.5677689671875 0.943424890625 0.572103096875 0.9609147468750001 0.586542246875 0.994338453125 0.75691565625 0.9794327109375001 0.75682439375 0.9783895749999999 0.7452216421875 0.95260111875 0.7024171921875 0.9547693421875 0.6975056265624999 0.9520456875000001 0.6694051703125 0.9513507984375 0.657863821875 0.9476304953125 0.649561453125 0.9488824171875001 0.6333366953125 0.9450462984374999 0.622114765625 0.9449769703124999 0.61724883125 0.9427748828125001
7 0.750139725 0.6242213234375 0.744939440625 0.628880771875 0.7423700015625 0.6422445703124999 0.7321668906250001 0.643137228125 0.7255221781250001 0.6526530859374999 0.73245645 0.6678132203125 0.74094134375 0.66864756875 0.7407438875000001 0.6770738046875 0.7444541109375 0.676749203125 0.746674271875 0.680759446875 0.7533496859375 0.6822776640625 0.7536691046875 0.6859286375 0.7500501453124999 0.6872963765625 0.7548248171874999 0.6884553265625 0.7572731359375 0.6950734078125 0.7546729921875001 0.69740313125 0.7499439515625 0.6967657484374999 0.7484082609375 0.7005790265625 0.75490115 0.700010971875 0.7688908156250001 0.7103493578125 0.7832604625 0.7143477765624999 0.796109346875 0.7116469640624999 0.8215183984375001 0.7136284421875 0.8465167671874999 0.7109158078125 0.8518083125 0.7072994968749999 0.85066753125 0.6942603 0.8389726765625 0.6353696125 0.8330115906250001 0.620649896875 0.825362990625 0.6186912625 0.789978984375 0.62021028125 0.750139725 0.6242213234375
7 0.7870104265625 0.490131084375 0.7812169375 0.48801015000000003 0.749588784375 0.489726134375 0.7208345609375 0.49224180312500004 0.7126690875 0.4950584296875 0.690316490625 0.4959629078125 0.689465265625 0.507599703125 0.6938143265625001 0.5145770515625 0.6962933453125 0.532229209375 0.7025887796875 0.5400873921875 0.7081997453125 0.54012205625 0.7132025734375 0.543888846875 0.7142977234375001 0.556406475 0.7052046921875 0.5593042546875 0.70645166875 0.562874078125 0.7149821921874999 0.5642299937499999 0.71552976875 0.570488809375 0.7120020703125001 0.572899684375 0.7175217734375 0.5718912125 0.71598608125 0.5757044890625 0.7238321375 0.5692368859375 0.7277248843749999 0.5709985546875 0.7374418234375 0.5859152375 0.7482381421875 0.5918029625 0.7642347421875 0.5930312437499999 0.8171054109375 0.588405659375 0.8234614062500001 0.5862729 0.8250427296874999 0.5829811921875 0.8243731921874999 0.564645165625 0.814670340625 0.5071568796875 0.8064434640625 0.4879053546875 0.7944765031250001 0.49000344843750004 0.7870104265625 0.490131084375
7 0.766371 0.29695399375 0.7616419609375 0.2963166109375 0.7673441875 0.2973944125 0.7678461328124999 0.30313165937500003 0.7664017015625 0.307988071875 0.757445565625 0.3124505515625 0.7569593921875 0.328259890625 0.7618709578125 0.33098354531249996 0.7740204421875 0.3309717234375 0.7836610484375 0.33433276093750003 0.7925574656250001 0.3719203140625 0.8333699109375001 0.36834968749999997 0.8509478359375 0.3662862578125 0.8532741906249999 0.360827128125 0.8410923218749999 0.2856866859375 0.8362720187500001 0.28400616562500003 0.8010705375 0.2876114578125 0.769761803125 0.2929784171875 0.766371 0.29695399375
7 0.7977752031249999 0.452925640625 0.7975321156249999 0.4608303109375 0.7930768640625 0.46332233437500003 0.7883021921875 0.46216338281249997 0.78565641875 0.4639715390625 0.7872228109375 0.4711923390625 0.7975628171875 0.47186438593749996 0.801136146875 0.46997507968749996 0.8135137875 0.47257109843749995 0.8663844546874999 0.46794551406249996 0.8676919921874999 0.4615243984375 0.8561945921874999 0.39420747343749996 0.8514199203124999 0.39304852343749996 0.7996137015625 0.39915765937500003 0.797241715625 0.40409522343750004 0.804693703125 0.4465391890625 0.7977752031249999 0.452925640625
7 0.8262739328125001 0.56500443125 0.8292847562500001 0.5673688203125 0.841297346875 0.5657922937500001 0.8489459484375 0.5677509281249999 0.8525192765625 0.565861621875 0.8673145359375001 0.5640416453125 0.880391575 0.5639486734375 0.8839192734375001 0.5615377984375 0.8832804359375 0.5542358468749999 0.8707036562500001 0.4959478796875 0.8195512062500001 0.4988464578125 0.8156584578125001 0.49708478906250003 0.818305071875 0.527335728125 0.8262739328125001 0.56500443125
7 0.81002015625 0.614252425 0.8140497984374999 0.617578796875 0.829863875 0.6167208046875 0.8376950000000001 0.6207657109375 0.8449337609375001 0.650089328125 0.89631436875 0.6497985890625 0.896937434375 0.6355539546875 0.88606394375 0.586051490625 0.83111000625 0.5882315359375 0.8213632093750001 0.5943398703125 0.8139427640625 0.594989075 0.8071155265625001 0.6024186625 0.81002015625 0.614252425
7 0.9127084046875 0.7303516765625 0.914061571875 0.724452128125 0.9031424484375 0.6744280953125 0.8489791734375001 0.6749622875 0.8538915796875 0.7097450359375 0.8369524937499999 0.719110415625 0.8397658625 0.7299010406249999 0.9127084046875 0.7303516765625
7 0.7595896062499999 0.8924813500000001 0.7548149343749999 0.8913224 0.7514241296875 0.8952979781250001 0.7539637124999999 0.9029591953124999 0.7671776453125 0.9044309265624999 0.7855918625 0.9012432109375 0.7940012671875001 0.9225810093750001 0.88149598125 0.9291163359375 0.8935085718750001 0.927539809375 0.8776621109375 0.8532455390625 0.774353321875 0.847568203125 0.7751597546875 0.867468934375 0.7824590765625 0.8868016093750001 0.7733660453125 0.8896993875 0.7621897468750001 0.890151628125 0.7595896062499999 0.8924813500000001
7 0.763586021875 0.788596365625 0.76951640625 0.7922820046875 0.77024650625 0.800627090625 0.765836884375 0.8036406828124999 0.7626435375 0.7991900234375 0.7558312296875 0.796107103125 0.7454912234375 0.79543505625 0.746890021875 0.7900570765625 0.739043965625 0.796524678125 0.7301483890625 0.7909962187499999 0.72684885 0.7960149328125 0.7324448828125 0.8065621046875 0.7520148140625 0.805901078125 0.7591158390625 0.801600896875 0.7637992484375 0.8017167125 0.7661264437499999 0.8283166765625 0.7699735609375 0.829556778125 0.8431898906249999 0.8331368203125 0.8711990828125 0.832788575 0.87039265 0.8128878437499999 0.8573595578125 0.7493841953125 0.77120308125 0.7474618296875 0.7507512281250001 0.748725575 0.7533522109375 0.77845494375 0.7579294265625001 0.7880401328125 0.763586021875 0.788596365625
2 0.1836629625 0.71950535 0.1831153875 0.7132465359375 0.17371786718749999 0.701980828125 0.1689431953125 0.700821878125 0.1723339984375 0.6968463 0.170387625 0.695965465625 0.167179346875 0.702027315625 0.1636060171875 0.7039166203125 0.159713271875 0.7021549515625 0.1552123875 0.704125409375 0.1455261484375 0.700242803125 0.14275841250000001 0.689973746875 0.12717249218749999 0.693439578125 0.12425293125 0.6921183265625 0.101945965625 0.6935443718750001 0.07468180468749999 0.691725196875 0.0458819484375 0.693719296875 0.040179721875000005 0.6926414984375 0.015226984374999999 0.6958757 0.0187405921875 0.736036428125 0.07016683124999999 0.73626725625 0.0812974984375 0.73529345 0.09025363593749999 0.7308309671875 0.0976740796875 0.7301817625 0.1053683125 0.732661965625 0.118171565625 0.7294395859375 0.12623084843750002 0.7360923328125 0.1650969203125 0.731640871875 0.1812453453125 0.7239213453125 0.1836629625 0.71950535
2 0.22732368281249998 0.8980548953125 0.217728709375 0.895215425 0.200059521875 0.8962357187500001 0.1836522390625 0.890313328125 0.1559168328125 0.8937909828124999 0.1473406765625 0.8919134984375001 0.11566689375000001 0.8931079140625 0.09776955000000001 0.89152036875 0.0941962203125 0.893409675 0.0801916234375 0.8935837984375 0.07892971875 0.9005264828125 0.0838412859375 0.9032501375 0.088692290625 0.9159647312500001 0.0972684453125 0.9178422156250001 0.09299571875 0.9224205124999999 0.10573840937500001 0.9291890734375 0.150626128125 0.9294663875 0.1709867203125 0.92715950625 0.1822999125 0.9282719703125 0.18670953437499999 0.9252583781249999 0.1904653875 0.92545534375 0.195665671875 0.9207958984375001 0.20577751875 0.9188601046875 0.20790641875000002 0.9218272109375001 0.20535190781249998 0.9246785015625001 0.20938154999999997 0.9280048750000001 0.2353531046875 0.9257326578124999 0.24166347031250002 0.9230783328125 0.25107591875 0.92383153125 0.2578575265625 0.9158803750000001 0.2555917328125 0.9113485640625001 0.243548440625 0.9018910140624999 0.237937475 0.9018563500000001 0.23561112187500002 0.9073154796875 0.2286162890625 0.9021462890624999 0.22732368281249998 0.8980548953125
2 0.3515967828125 0.149821553125 0.3600360453125 0.1501343328125 0.3677908390625 0.1426235953125 0.37414683437499996 0.14049083906249998 0.38003158593749997 0.143654909375 0.3934886078125 0.13722197187500002 0.3972900921875 0.13794050468750002 0.40262726875 0.1348457609375 0.399525184375 0.13143823906250002 0.395160353125 0.1029143046875 0.3866754578125 0.10207995624999999 0.37466286718749997 0.10365648125 0.36952314531249997 0.0983249875 0.33562919999999996 0.0955091625 0.288506390625 0.10173411562500001 0.27681321875 0.10696161562499999 0.26002595624999997 0.10737919062500001 0.24815025624999998 0.1105204203125 0.24450059687499998 0.1008540828125 0.245230696875 0.1091991671875 0.2413835796875 0.1079590671875 0.2411097921875 0.104829659375 0.23961973281249999 0.10916450468750001 0.2271815296875 0.1165594265625 0.1801956125 0.12434908281249998 0.1750409609375 0.12953009843750002 0.18483423125 0.15600242343749998 0.1853818078125 0.1622612390625 0.1819453734375 0.16571524843750002 0.18857515625000001 0.1667118984375 0.1923160796875 0.177421371875 0.2032642203125 0.17436129375 0.21536807656249998 0.17382790312500002 0.22979828281249998 0.1678353828125 0.262262728125 0.1649951109375 0.288751159375 0.15794763437499998 0.2943621234375 0.157982296875 0.3041545546875 0.1523955296875 0.323952640625 0.1543423421875 0.3515967828125 0.149821553125
1 0.5290412578125 0.4259830421875 0.4944935453125 0.426377775 0.4271470375 0.4364743125 0.42681268906250003 0.4433358453125 0.44884754843749997 0.502898578125 0.44842193750000003 0.5087169765625 0.540706253125 0.505898746875 0.611200478125 0.4997313015625 0.6158531859374999 0.4888130390625 0.6147580359375 0.47629540937500003 0.6075956062500001 0.4585274359375 0.6013914359375 0.4517123890625 0.5825814671875 0.4396934859375 0.5660829203125 0.432727959375 0.5290412578125 0.4259830421875
1 0.6460543624999999 0.577618240625 0.64655630625 0.5833554875 0.6510273296875 0.602410046875 0.661824490625 0.64035686875 0.6629802015624999 0.6428835578125 0.6666447921875001 0.6420373859375 0.6789461015625 0.633077759375 0.6864727390625001 0.6229591828125 0.6875214171875 0.6028961500000001 0.677941371875 0.589544171875 0.6621422265625 0.57988965625 0.6486545031250001 0.5752885171875 0.6460543624999999 0.577618240625
1 0.6489215609375 0.321945171875 0.6462301578125 0.323231759375 0.6469146265625 0.331055278125 0.6520394171875 0.34689928124999997 0.6687354187500001 0.34543857031249997 0.7398834109375 0.3360605671875 0.7461481437499999 0.3328846734375 0.7414191031249999 0.33224729062499997 0.72756633125 0.323473609375 0.6980363765625001 0.31712262343750003 0.6803215578125 0.3176213484375 0.6489215609375 0.321945171875
1 0.7600747250000001 0.2570367171875 0.725983325 0.26264712968750004 0.6879535453125001 0.2659743046875 0.66512970625 0.2721756125 0.6627120890625 0.27659160625 0.65589978125 0.2735086859375 0.6557023265625 0.28193492343750004 0.6510189171875 0.281819109375 0.644891078125 0.28655970625 0.6516121234375001 0.28859949218750003 0.662423371875 0.28397470937499997 0.6709995296875 0.28585219375 0.6704975859375 0.2801149453125 0.6628489828124999 0.2781563109375 0.6672586046875 0.2751427171875 0.6857640843749999 0.2729981390625 0.6896568328125 0.2747598078125 0.6970316453125001 0.273589034375 0.698369884375 0.2782019953125 0.7052278234375 0.2818064859375 0.7181223390625 0.2796272390625 0.73626276875 0.2733101171875 0.7402011468749999 0.2755933546875 0.7461381765625 0.300721265625 0.7459647781250001 0.2987393078125 0.7516061781250001 0.2991218578125 0.7539933578125 0.294357978125 0.8019524625000001 0.2870087375 0.8037768703125 0.2758123609375 0.7954894328125001 0.266551775 0.77894525625 0.25906468125000004 0.7600747250000001 0.2570367171875
1 0.72214125625 0.4537615921875 0.7037876 0.44695836718750004 0.70027483125 0.43885673281250004 0.6963364546874999 0.4365734953125 0.6755195484375001 0.43366469687500003 0.679412296875 0.435426365625 0.6757933375 0.4367941046875 0.6745314328124999 0.44373678749999995 0.6862412171875001 0.4921149671875 0.689252040625 0.49447935468750004 0.715269228125 0.49272870625 0.7437496625 0.48708362968749996 0.7611143625000001 0.47189985312499994 0.7692342062499999 0.4685616578125 0.762756246875 0.4586172015625 0.7632274890625 0.45332037343750003 0.756552075 0.45180215625000003 0.72214125625 0.4537615921875
1 0.6355253140625 0.9059633703125 0.5947128671875 0.909533996875 0.602742290625 0.937211759375 0.6069544578125 0.9426244046875001 0.6389020296875 0.9445593953125 0.665375528125 0.9480244250000001 0.67121465 0.9506669296875 0.703207853125 0.9531234875000001 0.7366911171875 0.9512452031249999 0.7405987953125 0.9424943625 0.7392149265625 0.937359834375 0.723887021875 0.9224084875 0.7102167749999999 0.915721078125 0.697976028125 0.9146897640624999 0.6788317078125 0.90953239375 0.6355253140625 0.9059633703125
8 0.38461889843749997 0.537949225 0.3905036515625 0.541113296875 0.396114615625 0.5411479609375001 0.395338884375 0.53228130625 0.3996265421875 0.5171905031249999 0.40760949062499996 0.512287603125 0.4204583765625 0.5095867921874999 0.41773627031249994 0.499839303125 0.4118058859375 0.4961536625 0.39854632031250004 0.4941603625 0.3876438109375 0.49774201093750003 0.38308236406249996 0.50970340625 0.38245929843750004 0.5239480421875 0.38461889843749997 0.537949225
8 0.47461345 0.7760378593749999 0.47140517343750005 0.782099709375 0.47087336718749995 0.79738748125 0.47873519531250003 0.8124664640624999 0.4880107515625 0.8116549578125 0.4959937015625 0.8067520578125 0.49354538281250004 0.8001339765625 0.500326990625 0.792182821875 0.499961940625 0.788010278125 0.49409211875 0.7743336968750001 0.47995062656250004 0.7729431171875001 0.47461345 0.7760378593749999
8 0.7032890203125 0.5694574968749999 0.6873836812499999 0.5692723515625 0.685057328125 0.5747314828125 0.6874143828125 0.580306428125 0.7023009046875 0.5795295874999999 0.7049466765625 0.57772143125 0.7032890203125 0.5694574968749999
8 0.550958990625 0.0782469265625 0.5611928015625 0.088388346875 0.569586434375 0.0881795609375 0.5757142734375 0.0834389625 0.5687650718749999 0.0787913375 0.5648416218750001 0.0659955921875 0.5579380515625 0.061869534375 0.5523727171874999 0.062356439062500005 0.548236884375 0.0684994390625 0.550958990625 0.0782469265625