1 0.42083333281249996 0.98148148125 0.40260416718750003 0.8981481484374999 0.40052083281249995 0.88055555625 0.3890625 0.8462962968750001 0.3802083328125 0.8268518515625001 0.359375 0.7666666671875 0.3380208328125 0.7324074078125 0.3192708328125 0.7120370375 0.31302083281250004 0.7101851859375 0.3057291671875 0.715740740625 0.2932291671875 0.7101851859375 0.2838541671875 0.7129629625 0.2744791671875 0.7212962968750001 0.2713541671875 0.727777778125 0.27395833281250004 0.7388888890625 0.2588541671875 0.75648148125 0.2442708328125 0.7953703703125 0.2421875 0.80648148125 0.2427083328125 0.8268518515625001 0.23697916718749998 0.8666666671875 0.23802083281250003 0.978703703125 0.240625 0.9990740734375001 0.4213541671875 0.9990740734375001 0.42083333281249996 0.98148148125
1 0 0.9990740734375001 0.0270833328125 0.9990740734375001 0.146875 0.9361111109375001 0.16294635468750002 0.9361111109375001 0.1776041671875 0.94351851875 0.2036458328125 0.9990740734375001 0.2182291671875 0.9990740734375001 0.203125 0.9370370375 0.2 0.9101851859375 0.203125 0.8990740734375 0.21510416718749997 0.884259259375 0.22552083281250002 0.8648148140625 0.23072916718749997 0.8333333328125001 0.23125 0.7675925921875 0.23697916718749998 0.75555555625 0.2421875 0.7518518515625 0.2348958328125 0.74444444375 0.2359375 0.7148148140624999 0.23958333281250002 0.696296296875 0.23854166718749997 0.6898148140625 0.2348958328125 0.6861111109375 0.234375 0.6740740734374999 0.2364583328125 0.6620370375 0.2364583328125 0.5990740734375 0.2338541671875 0.5379629625 0.2348958328125 0.509259259375 0.2322916671875 0.471296296875 0.23333333281250002 0.44444444375 0.23125 0.4388888890625 0.2260416671875 0.4361111109375 0.2234375 0.42592592656250006 0.2192708328125 0.403703703125 0.2182291671875 0.36851851875 0.2052083328125 0.32592592656249997 0.1890625 0.32592592656249997 0.1859375 0.340740740625 0.1859375 0.352777778125 0.18125 0.3546296296875 0.18125 0.36759259218749996 0.1734375 0.384259259375 0.1703125 0.4268518515625 0.1729166671875 0.46481481406249997 0.1708333328125 0.5101851859375001 0.1734375 0.5305555562500001 0.16875 0.54444444375 0.1739583328125 0.5481481484375 0.1770833328125 0.55648148125 0.1755208328125 0.5648148140625 0.1786458328125 0.5740740734374999 0.1822916671875 0.615740740625 0.17916666718750002 0.6425925921875 0.175 0.6537037031249999 0.1677083328125 0.6666666671875 0.16354166718750002 0.6666666671875 0.1588541671875 0.6629629625 0.15625 0.65 0.1494791671875 0.6425925921875 0.1307291671875 0.6425925921875 0.10729166718750001 0.6555555562500001 0.0979166671875 0.6564814812499999 0.0447916671875 0.6796296296875 0 0.6916666671875 0 0.9990740734375001
1 0 0.584259259375 0.0453125 0.5722222218749999 0.07291666718749999 0.571296296875 0.08541666718749999 0.58055555625 0.09895833281250001 0.6074074078125 0.10260416718750001 0.622222221875 0.10833333281249999 0.63055555625 0.0994791671875 0.6416666671875 0.08333333281250001 0.6416666671875 0.0760416671875 0.647222221875 0.060416667187499995 0.65 0.0625 0.6537037031249999 0.0859375 0.65 0.09895833281250001 0.64351851875 0.10260416718750001 0.646296296875 0.1125 0.64351851875 0.11875 0.647222221875 0.12395833281249999 0.64444444375 0.1244791671875 0.6379629625 0.11822916718750001 0.622222221875 0.11510416718750001 0.5925925921874999 0.134375 0.5694444437499999 0.1432291671875 0.5916666671875 0.1494791671875 0.5990740734375 0.1515625 0.5990740734375 0.1520833328125 0.5935185187500001 0.11614583281249999 0.45370370312499997 0.1140625 0.4148148140625 0.1171875 0.3990740734375 0.10833333281249999 0.23148148124999998 0.1015625 0.1481481484375 0.0979166671875 0.1379629625 0.0958333328125 0.11944444375 0.0921875 0.11388888906250001 0.0890625 0.1166666671875 0.0848958328125 0.13055555624999998 0.07760416718749999 0.1379629625 0.07760416718749999 0.20555555625 0.0880208328125 0.3759259265625 0.08541666718749999 0.3916666671875 0.0802083328125 0.38703703749999996 0.06770833281250001 0.3861111109375 0 0.3953703703125 0 0.584259259375
1 0.46666666718750005 0.1888888890625 0.4796875 0.197222221875 0.5057291671875 0.22685185156249998 0.5130208328125 0.22870370312500002 0.5182291671875 0.2398148140625 0.515625 0.2675925921875 0.5213541671875 0.2759259265625 0.5234375 0.26944444375 0.5302083328125 0.175 0.5322916671875 0.11388888906250001 0.5291666671875 0.06944444375 0.5255208328125 0.0490740734375 0.5177083328125 0.025 0.509375 0.009259259374999999 0.5020833328125 0.004629629687499999 0.49375 0.0018518515625 0.4817708328125 0.0083333328125 0.4734375 0.022222221875 0.4625 0.055555556250000006 0.4546875 0.109259259375 0.4546875 0.20648148125 0.45989583281249996 0.21111111093749999 0.46510416718750003 0.1888888890625 0.46666666718750005 0.1888888890625
1 0.6322916671875001 0.375 0.634375 0.38240740781250004 0.6385416671875 0.38240740781250004 0.6557291671875001 0.40648148125 0.671875 0.4046296296875 0.6765625 0.41203703750000004 0.6708333328125 0.4370370375 0.6692708328125 0.46481481406249997 0.6640625 0.4879629625 0.6604166671875 0.497222221875 0.6536458328125 0.49259259218749996 0.6494791671875 0.5018518515625 0.65 0.5101851859375001 0.653125 0.5074074078125 0.6578125 0.5203703703125 0.6619791671875 0.5203703703125 0.66875 0.50555555625 0.6770833328125 0.475 0.7020833328125 0.2870370375 0.7020833328125 0.246296296875 0.6984375 0.21944444375 0.6854166671875 0.1648148140625 0.6692708328125 0.13333333281249998 0.6536458328125 0.12129629687500001 0.6421875 0.11851851875 0.6291666671875 0.1203703703125 0.6114583328125 0.134259259375 0.5953125 0.16851851874999998 0.5822916671875 0.2166666671875 0.5796875 0.23148148124999998 0.5802083328125 0.2518518515625 0.5760416671875 0.3009259265625 0.5755208328125 0.32592592656249997 0.5791666671875 0.334259259375 0.6161458328125 0.35555555625 0.6322916671875001 0.375
1 0.890625 0.6148148140624999 0.8963541671874999 0.615740740625 0.9229166671875 0.6370370375000001 0.9848958328125 0.7018518515625 0.9994791671875 0.7111111109375 0.9994791671875 0.328703703125 0.9630208328125001 0.31759259218749997 0.9385416671875 0.31944444375000003 0.9067708328125 0.3351851859375 0.8942708328125001 0.3481481484375 0.8619791671874999 0.396296296875 0.8307291671874999 0.5527777781250001 0.8296875 0.5703703703125 0.8453125 0.584259259375 0.8729166671874999 0.6 0.890625 0.6148148140624999
1 0.9708333328125001 0.89351851875 0.9828125 0.9037037031249999 0.9828125 0.8888888890625 0.9755208328125 0.8796296296874999 0.9864583328125001 0.8574074078124999 0.9911458328125 0.8398148140625 0.99375 0.8379629625 0.9947916671874999 0.8333333328125001 0.9911458328125 0.8259259265625 0.9911458328125 0.8194444437499999 0.9958333328125001 0.8175925921875 0.9911458328125 0.8129629625 0.9875 0.8166666671874999 0.9786458328125001 0.8129629625 0.9442708328125 0.7731481484375 0.8921875 0.7231481484375 0.875 0.7018518515625 0.8286458328125 0.6555555562500001 0.8239583328125001 0.6481481484375 0.834375 0.5796296296875 0.8307291671874999 0.5740740734374999 0.8260416671874999 0.58055555625 0.8171875 0.621296296875 0.809375 0.6370370375000001 0.796875 0.634259259375 0.7744791671875 0.6555555562500001 0.7755208328125 0.6611111109375 0.7864583328125 0.675 0.8916666671875 0.8009259265625 0.9708333328125001 0.89351851875
5 0.9385416671875 0.9120370375 0.9515625 0.9055555562500001 0.9546875 0.89444444375 0.953125 0.8879629625 0.9098958328125001 0.83148148125 0.8614583328125001 0.7796296296875 0.7947916671875 0.696296296875 0.7088541671875 0.5953703703125 0.6989583328125 0.5861111109375 0.68125 0.5898148140624999 0.6802083328124999 0.5916666671875 0.696875 0.6148148140624999 0.915625 0.8879629625 0.9385416671875 0.9120370375
5 0.40989583281249997 0.23333333281250002 0.4036458328125 0.2203703703125 0.3421875 0.1490740734375 0.3255208328125 0.1453703703125 0.3265625 0.15092592656249998 0.396875 0.2398148140625 0.4057291671875 0.240740740625 0.40989583281249997 0.23333333281250002
7 0.2140625 0 0.2208333328125 0.05 0.2166666671875 0.0638888890625 0.2171875 0.07685185156249999 0.2338541671875 0.1879629625 0.23958333281250002 0.2166666671875 0.2442708328125 0.22870370312500002 0.2619791671875 0.25555555625 0.2630208328125 0.2953703703125 0.2630208328125 0.30648148124999997 0.259375 0.3203703703125 0.2421875 0.3203703703125 0.2203125 0.32777777812500003 0.21354166718749998 0.3333333328125 0.2125 0.3416666671875 0.2192708328125 0.36759259218749996 0.221875 0.3925925921875 0.2265625 0.4 0.23958333281250002 0.41018518593750003 0.2515625 0.4129629625 0.2942708328125 0.3916666671875 0.3338541671875 0.36666666718749996 0.3375 0.36851851875 0.340625 0.365740740625 0.3421875 0.3611111109375 0.340625 0.34629629687499996 0.3104166671875 0.08055555625000001 0.2348958328125 0 0.2140625 0
7 0.465625 0.5481481484375 0.4713541671875 0.5518518515624999 0.4817708328125 0.5722222218749999 0.4838541671875 0.577777778125 0.4838541671875 0.5879629625 0.48072916718750003 0.625 0.4458333328125 0.6416666671875 0.40260416718750003 0.672222221875 0.39895833281250004 0.6824074078125 0.39895833281250004 0.696296296875 0.403125 0.7240740734375 0.4088541671875 0.7398148140624999 0.43958333281249995 0.8027777781250001 0.465625 0.8324074078124999 0.4661458328125 0.8370370375 0.47083333281249995 0.828703703125 0.4828125 0.8231481484375 0.4875 0.8231481484375 0.4927083328125 0.83055555625 0.49583333281249997 0.8296296296874999 0.5359375 0.796296296875 0.5828125 0.74351851875 0.5921875 0.75 0.5989583328125 0.7611111109375 0.6171875 0.7796296296875 0.6296875 0.8009259265625 0.634375 0.8046296296875 0.6375 0.8018518515625 0.6427083328125 0.790740740625 0.6463541671875 0.5509259265625001 0.6510416671875 0.4824074078125 0.6484375 0.47592592656250005 0.646875 0.40833333281249995 0.63125 0.3916666671875 0.6265625 0.3916666671875 0.6234375 0.38333333281250004 0.4583333328125 0.21203703749999997 0.44166666718750003 0.2018518515625 0.42083333281249996 0.1759259265625 0.4140625 0.1759259265625 0.40989583281249997 0.1824074078125 0.4348958328125 0.48981481406249994 0.44739583281249995 0.522222221875 0.4635416671875 0.5379629625 0.465625 0.5481481484375
7 0.1328125 0 0.1421875 0.060185185937499996 0.1541666671875 0.0898148140625 0.1572916671875 0.127777778125 0.1552083328125 0.140740740625 0.1265625 0.1481481484375 0.11927083281249999 0.165740740625 0.12395833281249999 0.1740740734375 0.12291666718750001 0.18148148125000002 0.1338541671875 0.19351851874999998 0.1447916671875 0.19444444375 0.2 0.1768518515625 0.21197916718749998 0.16944444375 0.209375 0.1574074078125 0.20052083281250002 0.14444444375 0.1973958328125 0.1324074078125 0.18020833281249998 0 0.1328125 0
7 0.8432291671875 0 0.8354166671875 0.078703703125 0.8348958328125 0.102777778125 0.85 0.1074074078125 0.8572916671874999 0.16388888906250001 0.8447916671875 0.1675925921875 0.8380208328125001 0.175 0.8375 0.18055555625 0.8473958328125001 0.1925925921875 0.88125 0.21296296250000002 0.8989583328125 0.21944444375 0.9229166671875 0.2148148140625 0.940625 0.197222221875 0.9395833328125001 0.1888888890625 0.9609375 0.16944444375 0.9859375 0.1851851859375 0.990625 0.1851851859375 0.99375 0.17962962968750001 0.9963541671874999 0.1629629625 0.9994791671875 0.1611111109375 0.9994791671875 0 0.8432291671875 0
7 0.6671875 0 0.6671875 0.0129629625 0.6645833328124999 0.0166666671875 0.6682291671875 0.025 0.6651041671875 0.04351851875 0.6625 0.047222221875 0.6390625 0.053703703125 0.6338541671875 0.060185185937499996 0.6338541671875 0.0638888890625 0.6416666671875 0.072222221875 0.6578125 0.08148148125 0.675 0.08518518593749999 0.7088541671875 0.072222221875 0.7119791671875 0.0675925921875 0.696875 0.053703703125 0.6973958328125 0.0351851859375 0.73125 0.0509259265625 0.7359375 0.0509259265625 0.7380208328125 0.046296296875 0.7411458328125 0 0.6671875 0
2 0.7760416671875 0.5111111109375 0.7973958328124999 0.5018518515625 0.7994791671875 0.49629629687500004 0.8072916671874999 0.4953703703125 0.8104166671874999 0.502777778125 0.8166666671874999 0.48333333281249996 0.8255208328125001 0.4731481484375 0.8296875 0.47407407343749997 0.8369791671875 0.4583333328125 0.8583333328125 0.3333333328125 0.8604166671875 0.3046296296875 0.85625 0.29814814843750004 0.8375 0.2851851859375 0.8307291671874999 0.2851851859375 0.8255208328125001 0.2768518515625 0.8119791671875 0.26851851875 0.7895833328124999 0.27870370312500004 0.7885416671875001 0.2824074078125 0.790625 0.2851851859375 0.7885416671875001 0.2953703703125 0.771875 0.2925925921875 0.7588541671875 0.2953703703125 0.7557291671875 0.3009259265625 0.7526041671875 0.34722222187499996 0.746875 0.35648148125 0.75 0.372222221875 0.7432291671875 0.3759259265625 0.7427083328124999 0.38055555625 0.746875 0.39074074062499997 0.740625 0.403703703125 0.7395833328125 0.43981481406249995 0.7359375 0.46944444374999994 0.7385416671875 0.475 0.7760416671875 0.5111111109375