1 0.35545138593750003 0.777130334375 0.350660175 0.7604092328125 0.3423653265625 0.7472986765625 0.33036561875000003 0.74067625625 0.315471209375 0.74445416875 0.29970484218750004 0.7607016328125 0.2865083546875 0.8021898484375001 0.2849735703125 0.8473851890624999 0.2959592671875 0.845261725 0.344433453125 0.81587923125 0.353173521875 0.8174542812500001 0.356945453125 0.81000695 0.35545138593750003 0.777130334375
1 0.239910165625 0.732423221875 0.244693471875 0.7260104984375 0.24428048750000003 0.700920571875 0.240433578125 0.686193271875 0.22910460625 0.6699788921875001 0.211782371875 0.6697314890625 0.20389786875000002 0.6739995828125 0.1956109265625 0.6840228546875 0.1889442921875 0.7018705203125 0.18424387343749998 0.753591703125 0.1897755296875 0.7674729250000001 0.20177260156250001 0.7663840671875 0.222925934375 0.7350911140624999 0.239910165625 0.732423221875
1 0.1710749265625 0.6784515843750001 0.1740393390625 0.6748033296875 0.1749704609375 0.63824075625 0.1689022171875 0.6320331046875001 0.1569722203125 0.6321627640624999 0.14430441249999998 0.6428435828125 0.13440507031249999 0.6681762875 0.1344103421875 0.6835988390625001 0.1710749265625 0.6784515843750001
1 0.5563481390625 1 0.5618953062500001 0.9554269953125001 0.56140470625 0.9004511624999999 0.5555942140625 0.859561621875 0.5450030515625001 0.83279608125 0.53307041875 0.825214465625 0.5210733484375 0.826303321875 0.5009958265625001 0.8499604125 0.49332045312500006 0.8744847453125001 0.4853176171875 0.9269388875000001 0.48512166875 0.945239028125 0.48222696562499995 0.9556393609375 0.48170091875 0.9941580328124999 0.48303260000000003 1 0.5563481390625 1
1 0.6753229859375 0.9296226046875 0.686238971875 0.9207470609374999 0.689195478125 0.8939649812500001 0.6835296750000001 0.8820021515625 0.6823091734375 0.8607113046875 0.6845949453125 0.843521184375 0.68277078125 0.830863103125 0.6785858671875 0.813220509375 0.66637966875 0.7940531265625 0.65175091875 0.7862829796875 0.6386109609374999 0.7959668953125 0.6311341734375 0.8099023640624999 0.62359558125 0.8402195812500001 0.6182270625 0.9092440015625 0.6240375546875 0.950133540625 0.6753229859375 0.9296226046875
1 0.760201978125 0.7929027296875 0.749683159375 0.7806005453125 0.7388986828124999 0.7798464218750001 0.7232691 0.8018867703125 0.721586990625 0.810444121875 0.7280576765625 0.810896596875 0.7571034171875 0.7984693765624999 0.760201978125 0.7929027296875
1 0.631979771875 0.7203200562500001 0.629023265625 0.7471021359375001 0.6488377640625 0.74270438125 0.652998959375 0.6909454937499999 0.65077235625 0.6840425890625 0.6377665453125 0.6918081125 0.631979771875 0.7203200562500001
1 0.42167458125 0.682480809375 0.42120769999999996 0.6969064578124999 0.439876678125 0.6933924874999999 0.44188361406250004 0.64919405 0.438041971875 0.6498893031249999 0.42847536249999996 0.66271475 0.42167458125 0.682480809375
2 0.28082028281250004 0.9222779046875 0.2708919484375 0.862786575 0.2649578515625 0.8546605312500001 0.24420168750000001 0.86477575625 0.237894140625 0.9472289234375 0.245982496875 0.947794515625 0.2762408328125 0.9335243171875 0.28082028281250004 0.9222779046875
6 0.3323872953125 0 0.25612588125 0.05883662656250001 0.254306990625 0.061601096875000004 0.255119778125 0.07322456875 0.258086828125 0.0772875921875 0.289694540625 0.0669672953125 0.344073259375 0.0254671625 0.3531916578125 0 0.3323872953125 0
6 0.5314838421875 0.127249740625 0.5650445937499999 0.11224658125 0.570434196875 0.10491236718750001 0.5708366390624999 0.0991571890625 0.5673974390625001 0.09409726406249999 0.559174934375 0.09545006406249999 0.5251420328124999 0.10945632187500001 0.52454100625 0.12580036249999998 0.5314838421875 0.127249740625
6 0.452496778125 0.14871524687499998 0.450809396875 0.1418500484375 0.44811327968750003 0.1416615171875 0.44440842187499996 0.148149653125 0.44852099218749997 0.1513288921875 0.452496778125 0.14871524687499998
6 0.46321418124999997 0.150428565625 0.48073763593749996 0.1477983796875 0.5103896765625 0.13444966875 0.5132146703125 0.11729725625000001 0.51186529375 0.113347353125 0.4987253375 0.12303126874999999 0.4642873578125 0.13508142812499999 0.46085079375 0.137732778125 0.46321418124999997 0.150428565625
9 0.524667246875 0.10074814218749999 0.5232481609375 0.090046159375 0.5285654171874999 0.06824859062500001 0.516096196875 0.06834054375000001 0.517383771875 0.08867219531250001 0.5097321171875 0.1825980109375 0.5024591859374999 0.201367165625 0.494306390625 0.2094720453125 0.46741754375 0.22205009062499997 0.46297224375 0.23137810937499997 0.46264478125 0.2593079171875 0.46601690625 0.2653270390625 0.47976843281250003 0.270144184375 0.5182571796875 0.2776550125 0.553974825 0.2628026765625 0.5570654796875 0.2341022046875 0.5533553515625 0.2251677875 0.5180296015625 0.20341984218750003 0.51957229375 0.18135832968750001 0.517345690625 0.174455425 0.5217186468749999 0.1506640515625 0.524667246875 0.10074814218749999
8 0.161304459375 0.6864433437499999 0.1563817359375 0.679351909375 0.147552934375 0.6816261984375 0.14762264375 0.688378278125 0.1588792703125 0.6901293046875 0.161304459375 0.6864433437499999
8 0.3558749125 0.8330653640625 0.3493318828125 0.8181495359375001 0.3392207765625 0.8155147250000001 0.33396532031250004 0.8209305453125 0.33261857968749997 0.8246919187499999 0.3347781109375 0.8325540203124999 0.3507536046875 0.8365627953124999 0.3558749125 0.8330653640625
8 0.46161931093749997 0.8086514812500001 0.45730024843750006 0.7929272796875 0.450762490625 0.7934340015625 0.44456536875 0.8045672937499999 0.4512399125 0.8098534562499999 0.46161931093749997 0.8086514812500001
8 0.5488880453125 0.7617401515625 0.544236253125 0.75852320625 0.5389834312499999 0.7716503046875001 0.5401986625 0.7775186 0.556308303125 0.7796089828125 0.5488880453125 0.7617401515625
8 0.6510061281249999 1 0.6394172953124999 0.9859089078125001 0.6291720421875 0.985192490625 0.6236482921875 0.9944450968749999 0.6232598546875 1 0.6510061281249999 1
8 0.030684871875000002 0.8961117562500001 0.0265696671875 0.8852212406250001 0.0099234375 0.8908044281249999 0.0048047656250000004 0.902013134375 0.00622385 0.9127151171874999 0.017075399999999998 0.91251004375 0.026239568749999997 0.9054397734374999 0.030684871875000002 0.8961117562500001
8 0.245503625 0.7299226953125 0.2450341109375 0.7366370671875 0.256360446875 0.7451401734374999 0.25905392968749996 0.7376174296875 0.25392735 0.72569230625 0.24799588906249997 0.7252775390624999 0.245503625 0.7299226953125
8 0.3550975703125 0.7279473859375 0.3520608125 0.717132284375 0.3422206359375 0.7183719640625 0.341616975 0.72700473125 0.3550975703125 0.7279473859375
7 0 0.732366259375 0.004475853125 0.728490575 0.014243684375 0.7127875390625 0.0190756140625 0.6514366875000001 0 0.6517805046875 0 0.732366259375
7 0 0.8907104046875001 0.126114309375 0.8642293734375001 0.128606571875 0.8595842171875001 0.140156396875 0.7331588499999999 0.130584515625 0.7305617468750001 0 0.74762824375 0 0.8907104046875001
7 0.3606227703125 0.920147146875 0.35455452656249997 0.9139394953125001 0.3348071015625 0.917378053125 0.31229912031249996 0.9292985515625001 0.29261876875000004 0.9317779140625 0.163803496875 0.9777118 0.3554690140625 0.9911143578124999 0.3574085125 0.9816111171875 0.3606227703125 0.920147146875
7 0.7530176671875 1 0.75480591875 0.9785554843750001 0.750884028125 0.9416535546875 0.766180878125 0.9321204625 0.7741271828125 0.9114706203124999 0.7787039953125 0.8925129343749999 0.7892529890625 0.7958980609374999 0.780354478125 0.7914202718750001 0.7565641921874999 0.7984316703125 0.706155990625 0.8218956046875 0.682880025 0.9532843203124999 0.68052718125 0.9714336359375 0.68336008125 0.9774150515625 0.7086983296875 0.9637646906249999 0.71484735 1 0.7530176671875 1
7 0.8444169562500001 0.8826497359375001 0.849602703125 0.870481834375 0.855255328125 0.843888284375 0.8638618250000001 0.7828013765625 0.8641248484374999 0.763542040625 0.84848735625 0.7624485609375 0.7896527953125 0.7824316078125 0.7789406640625 0.796140840625 0.7774571390625 0.794109328125 0.7798178906250001 0.799093840625 0.7805176171875 0.8743259125 0.7750044109374999 0.914423621875 0.8444169562500001 0.8826497359375001
7 0.933561115625 0.8011696359375 0.9396727125 0.737016609375 0.9338753984375 0.7346834484375 0.9189809875 0.7384613625 0.8855543828125001 0.751546128125 0.87149648125 0.8363489984375001 0.8578935984375 0.8720254781250001 0.8522317484374999 0.8716295625000001 0.85135715625 0.8763878375 0.8595822953125 0.8827463124999999 0.8661871296875001 0.8812803953125 0.873671825 0.8904787546874999 0.8734035312499999 0.8943155390624999 0.8863475375000001 0.9029317640625001 0.9193098984375 0.9119839203125 0.9403369921875001 0.9057431875 0.9421558843750001 0.90297871875 0.9411418749999999 0.8942328328125001 0.9234816359375 0.8910701359375001 0.9200292593749999 0.8474538328125 0.922993671875 0.8438055796875 0.9275007765625001 0.8180958125 0.933561115625 0.8011696359375
7 0.9693247515625 0.7236678984375 0.9602276546875 0.7297789734375 0.94549901875 0.824173803125 0.9442890593750001 0.833728059375 0.9471890343749999 0.8387502781249999 0.9669338234374999 0.82760044375 0.97643863125 0.83115674375 0.9778550828125001 0.8341474515625 0.9858063453125 0.7204391015625 0.9693247515625 0.7236678984375
7 0.718639575 0.666618940625 0.714212721875 0.7299258890625 0.75828965625 0.7195136390625 0.7635213921874999 0.6446963343750001 0.7224759453125 0.650501134375 0.7201849015625 0.6522687015625 0.718639575 0.666618940625
7 0.706977871875 0.662911815625 0.706030934375 0.653206734375 0.657707284375 0.6623581390625 0.654007696875 0.6842688265625 0.649242840625 0.7446604812500001 0.6506592921875 0.7476511875 0.6992512375 0.7346629984375 0.706977871875 0.662911815625
7 0.56713876875 0.717713703125 0.562972303125 0.7540500406249999 0.5654698375 0.7648274359375 0.6230918046875 0.74668736875 0.62760418125 0.736400153125 0.6272635421875 0.7257735828125 0.6387700125 0.66970889375 0.6331068453124999 0.665457340625 0.58431104375 0.67361184375 0.56713876875 0.717713703125
7 0.5019164078125 0.7825527343750001 0.5059592671875001 0.77897989375 0.5087868984374999 0.7695387578124999 0.5177498468749999 0.765346075 0.5399921703125 0.7649736359375 0.5426856546875001 0.757450890625 0.5440915625 0.729596496875 0.5488025234375 0.7087204171875 0.551353953125 0.6799822375 0.5401644 0.6772720140625 0.4935925671875 0.6846181453125 0.48072090625 0.690465275 0.4701587328125 0.7485237703125 0.46464552656249997 0.7886214796875 0.46943146718750006 0.78992003125 0.5019164078125 0.7825527343750001
7 0.4445627328125 0.79685601875 0.45116493125 0.787678825 0.4527799671875 0.7800806671875 0.461716559375 0.6987752281249999 0.4380577859375 0.6961569578125 0.3813774828125 0.7085795546875 0.372358003125 0.7445765359375 0.3642907296875 0.8057011484375 0.364969371875 0.8192430156249999 0.403047771875 0.8093751921875001 0.40681970312500004 0.801927859375 0.42811508906249995 0.7918503421875001 0.4445627328125 0.79685601875
7 0.2764353328125 0.7137718078125 0.2801454609375 0.7227062234375 0.284392178125 0.7239670703125001 0.3065647921875 0.7168425515625 0.3244262515625 0.717127659375 0.3269855875 0.7115233078125 0.3301354078125 0.6587298109375 0.3276352375 0.6402411390625 0.3251403390625 0.63717501875 0.262053790625 0.64047466875 0.2574125375 0.668102828125 0.25210582187499997 0.7207455015625001 0.2570956203125 0.726877740625 0.26255493125 0.72629560625 0.2764353328125 0.7137718078125
7 0.378949659375 0.7045542390625 0.4069195875 0.6997628828125 0.41271426718750004 0.6943847671875 0.41748702968750007 0.6571269390625 0.41781712656250003 0.63690840625 0.4155905234375 0.630005503125 0.3639618203125 0.6321785890625 0.3543925734375 0.6372927625 0.35237246093749997 0.6429348218750001 0.34713281875 0.694618296875 0.3486216140625 0.712072359375 0.36755888593749997 0.7047216046875 0.373222053125 0.7089731578125 0.378949659375 0.7045542390625
7 0.446865503125 0.6321924625 0.4433000640625 0.6521847578125 0.4412878578125 0.68096064375 0.44270694375 0.6916626265625 0.46178099687499996 0.6901047546875 0.49008629531250003 0.6805174171874999 0.4982929859375 0.6328969625 0.4975472703125 0.62031429375 0.45178295625000003 0.6238613453124999 0.446865503125 0.6321924625
7 0.5603787046875001 0.6594078078125001 0.562318565625 0.616168565625 0.5160821015625 0.618718715625 0.507403259375 0.6653422671875 0.5059920796874999 0.6777741109375001 0.508486978125 0.68084023125 0.5568132640625 0.679400103125 0.5603787046875001 0.6594078078125001
7 0.6229825625000001 0.6242661515625 0.622236846875 0.6116834828125 0.5859747046875 0.611075559375 0.577550978125 0.6153059468750001 0.5724428500000001 0.6573597546875 0.572584903125 0.6785751906249999 0.6185478015625 0.6644392734375 0.6229825625000001 0.6242661515625
7 0.4949076828125 0.5883214640625 0.49301908125000005 0.584333853125 0.45992520781249996 0.5849113640625 0.4558823484375 0.5884842046875 0.45029943125000005 0.621829834375 0.4862235703125 0.6195224640625 0.49302962343749995 0.6151789562500001 0.4949076828125 0.5883214640625
7 0.360705390625 0.570262146875 0.3598360703125 0.5904429734375001 0.3735178875 0.5885080390625 0.38282147499999997 0.594941928125 0.3845785640625 0.60855920625 0.39320614531250003 0.6091625046875 0.397310809375 0.5892079171875 0.3984484234375 0.5651903046875 0.3654216234375 0.56480861875 0.360705390625 0.570262146875
7 0.3076602375 0.569444528125 0.3055783234375 0.591468334375 0.3125908671875 0.5996697906249999 0.31448210468750004 0.611368675 0.3218997265625 0.6215262312500001 0.33220678124999997 0.6058608999999999 0.334696409375 0.59350446875 0.346556696875 0.5866227296875001 0.34688679375000003 0.566404196875 0.3076602375 0.569444528125
7 0.2437819828125 0.6228109109375 0.2497805171875 0.6222664828125 0.255706709375 0.6072587 0.27174400468750004 0.5948857265624999 0.2881890125 0.5921801265625 0.289326628125 0.5681625171875 0.245179984375 0.5718226875 0.24135415781249997 0.6187855953125 0.2437819828125 0.6228109109375
7 0.1844673640625 0.6186632296875 0.19848059375 0.6003654015625 0.2210596015625 0.5990526203125001 0.2234847921875 0.595366659375 0.2240831828125 0.5713113421875 0.178453015625 0.5729400015625 0.17380385625 0.5774343328125 0.171662775 0.6235511640625 0.1844673640625 0.6186632296875
7 0.1588397375 0.5744601671875 0.108895778125 0.575787178125 0.10208972499999999 0.580130684375 0.09786145625 0.6328487703125 0.0992779078125 0.6358394765625001 0.1254960171875 0.6328533937499999 0.12846043125 0.6292051390625 0.1453131515625 0.6361669156249999 0.1564303609375 0.6244137828125 0.1597248703125 0.6005469953125 0.1588397375 0.5744601671875
7 0.19756133125 0.671628715625 0.215551665625 0.6545728796875 0.2241121734375 0.6561353765625 0.23664583281249998 0.6473729500000001 0.241483034375 0.6014446515625 0.1846633140625 0.6003630890625 0.172330875 0.606247925 0.170989403125 0.62543185 0.1738893796875 0.63045406875 0.17396699375 0.6603399750000001 0.17673282343750002 0.6672805859375 0.18724636875 0.66416021875 0.19756133125 0.671628715625
7 0.3119951125 0.6314363828125 0.31076933906250004 0.5947229843749999 0.2625101265625 0.5952039171875 0.25617622500000004 0.6005443265625 0.25315527968749996 0.6359968796875 0.25544895625 0.6419405890625 0.3051890578125 0.6357798890625 0.3119951125 0.6314363828125
7 0.380540975 0.6275546000000001 0.3851848625 0.6076377171875 0.3841682171875 0.5911805546875 0.337526675 0.5917746078125 0.3328801515625 0.603980215625 0.3310691671875 0.6298785109375 0.3323567421875 0.6502101625 0.33593008750000003 0.6533516953125 0.34462210625 0.6452845234375 0.348667603125 0.64942295625 0.35944549062500003 0.6308988921875 0.380540975 0.6275546000000001
7 0.401691671875 0.5885503703125 0.39838925625 0.5892833296875 0.39630207031250003 0.595884584375 0.3934126375 0.6217074671875 0.3947620140625 0.625657371875 0.4111544171875 0.626803640625 0.42698656718750005 0.6452606875 0.43487106875 0.64099259375 0.4383694328125 0.6219594953125 0.439166409375 0.5873153125 0.401691671875 0.5885503703125