3 0.476446875 0.5990740734375 0.48125 0.8018518515625 0.47552083281249996 0.80648148125 0.4734375 0.8296296296874999 0.46666666718750005 0.8370370375 0.45989583281249996 0.8601851859374999 0.4578125 0.8731481484374999 0.46302083281249995 0.8916666671875 0.4703125 0.9 0.5052083328125 0.9055555562500001 0.5817708328125 0.9018518515625 0.6020833328124999 0.9064814812499999 0.6192708328125 0.91944444375 0.6229166671875 0.9120370375 0.6255208328124999 0.8953703703125001 0.6244791671875001 0.8509259265625 0.6270833328125 0.83055555625 0.6265625 0.8166666671874999 0.6145833328125 0.80648148125 0.6129338546875001 0.6046296296875 0.6854166671875 0.6074074078125 0.6880208328124999 0.603703703125 0.6895833328125 0.2629629625 0.675 0.2611111109375 0.5203125 0.26851851875 0.5052083328125 0.2648148140625 0.4957859375 0.2703703703125 0.3807291671875 0.275 0.3890625 0.5796296296875 0.39114583281250004 0.5944444437499999 0.3994791671875 0.597222221875 0.476446875 0.5990740734375
7 0.81875 0.8888888890625 0.8375 0.9370370375 0.875 0.9425925921875 0.890625 0.9425925921875 0.8932291671874999 0.9388888890624999 0.8791666671874999 0.8990740734375 0.8842447921875 0.89351851875 0.9520833328125 0.8953703703125001 0.9557291671874999 0.8916666671875 0.9557291671874999 0.8268518515625001 0.9588541671874999 0.7833333328125 0.9604166671875 0.7074074078125 0.7723958328125 0.7018518515625 0.7697916671875 0.7074074078125 0.7692708328125 0.74444444375 0.7682291671875 0.8518518515625001 0.76875 0.88148148125 0.7713541671875 0.8861111109375001 0.81875 0.8888888890625
7 0.9994791671875 0.70555555625 0.9635416671874999 0.70555555625 0.95625 0.8490740734375001 0.9557291671874999 0.8731481484374999 0.9578125 0.8916666671875 0.9994791671875 0.8953703703125001 0.9994791671875 0.70555555625
7 0.3739583328125 0.825 0.3817708328125 0.8333333328125001 0.3739583328125 0.8574074078124999 0.37447916718749996 0.865740740625 0.41041666718750003 0.86944444375 0.41822916718750003 0.865740740625 0.4302083328125 0.8296296296874999 0.4682291671875 0.83148148125 0.47239583281249997 0.8259259265625 0.4703125 0.6805555562500001 0.4682291671875 0.672222221875 0.3421875 0.6648148140625 0.32083333281250004 0.6648148140625 0.31875 0.6675925921875 0.31979166718749996 0.7231481484375 0.3244791671875 0.8166666671874999 0.3260416671875 0.8194444437499999 0.3739583328125 0.825
7 0.2375 0.8268518515625001 0.2270833328125 0.8462962968750001 0.22760416718749998 0.852777778125 0.259375 0.85555555625 0.2671875 0.853703703125 0.28958333281250004 0.81851851875 0.3151041671875 0.8175925921875 0.3223958328125 0.8101851859375 0.3177083328125 0.702777778125 0.31875 0.6574074078125001 0.21875 0.6518518515625 0.178125 0.6564814812499999 0.1770833328125 0.746296296875 0.17916666718750002 0.8055555562500001 0.23463541718749997 0.815740740625 0.2375 0.8268518515625001
7 0.05 0.80648148125 0.1018229171875 0.8083333328125001 0.1046875 0.81851851875 0.0901041671875 0.8416666671874999 0.1088541671875 0.8453703703125001 0.1302083328125 0.8435185187500001 0.1536458328125 0.8083333328125001 0.1677083328125 0.8083333328125001 0.1755208328125 0.8046296296875 0.1776041671875 0.7953703703125 0.1760416671875 0.7509259265625 0.1770833328125 0.66851851875 0.1744791671875 0.6564814812499999 0.07760416718749999 0.6537037031249999 0.0442708328125 0.6546296296875 0.0390625 0.6583333328125 0.0401041671875 0.7361111109375 0.0442708328125 0.7879629625 0.0369791671875 0.8018518515625 0.05 0.80648148125
7 0 0.827777778125 0.0171875 0.8111111109375001 0.0234375 0.796296296875 0.0375 0.796296296875 0.0427083328125 0.790740740625 0.0375 0.6833333328125 0.0375 0.6629629625 0.0416666671875 0.6537037031249999 0.03125 0.6481481484375 0 0.6481481484375 0 0.827777778125
8 0.0369791671875 0.8333333328125001 0.0286458328125 0.828703703125 0.0166666671875 0.8333333328125001 0.0109375 0.8398148140625 0.009375 0.8509259265625 0.014583332812499999 0.85555555625 0.0322916671875 0.8444444437499999 0.0369791671875 0.8333333328125001
8 0.1515625 0.8648148140625 0.1432291671875 0.8611111109375 0.1364583328125 0.8648148140625 0.13229166718750002 0.8731481484374999 0.1338541671875 0.8879629625 0.14010416718750002 0.8898148140625001 0.14895833281249998 0.8796296296874999 0.1515625 0.8648148140625
8 0.290625 0.85555555625 0.2916666671875 0.840740740625 0.2901041671875 0.8361111109375001 0.2828125 0.8333333328125001 0.275 0.8398148140625 0.275 0.8490740734375001 0.2791666671875 0.8601851859374999 0.2864583328125 0.8601851859374999 0.290625 0.85555555625
8 0.4166666671875 0.8879629625 0.41510416718750004 0.88055555625 0.409375 0.877777778125 0.40052083281249995 0.8796296296874999 0.3953125 0.8870370375000001 0.39375 0.897222221875 0.396875 0.9074074078125 0.40729166718750004 0.9046296296874999 0.4166666671875 0.8879629625
7 0.1856770828125 0.6490740734375 0.2010416671875 0.65 0.203125 0.646296296875 0.20052083281250002 0.621296296875 0.07083333281250001 0.625 0.0682291671875 0.640740740625 0.05625 0.65 0.1744791671875 0.6564814812499999 0.1856770828125 0.6490740734375
1 0.290625 0.6148148140624999 0.2130208328125 0.6296296296875 0.2125 0.646296296875 0.2166666671875 0.6509259265625 0.2927083328125 0.6518518515625 0.290625 0.6148148140624999
8 0.9916666671875 0.952777778125 0.9994791671875 0.9490740734375 0.9994791671875 0.934259259375 0.9890625 0.922222221875 0.9791666671874999 0.91851851875 0.965625 0.921296296875 0.9640625 0.9240740734375 0.965625 0.9333333328125001 0.9796875 0.9472222218749999 0.9916666671875 0.952777778125