7 0.3604166671875 0.797222221875 0.365625 0.8 0.3880208328125 0.7703703703125 0.40729166718750004 0.7379629624999999 0.40833333281249995 0.73148148125 0.4223958328125 0.7231481484375 0.4234375 0.7268518515625 0.42552083281249997 0.7259259265625 0.425 0.7120370375 0.43541666718750005 0.6898148140625 0.440625 0.6851851859375 0.4458333328125 0.6888888890625 0.4458333328125 0.7166666671875 0.4484375 0.7398148140624999 0.45885416718750005 0.7416666671875001 0.4682291671875 0.73148148125 0.47760416718750004 0.7166666671875 0.47864583281249995 0.7101851859375 0.4770833328125 0.68148148125 0.471875 0.64444444375 0.4760416671875 0.63148148125 0.49427083281249995 0.602777778125 0.49322916718750004 0.5944444437499999 0.5015625 0.5953703703125 0.503125 0.5888888890625 0.5140625 0.5722222218749999 0.5161458328124999 0.5601851859375 0.521875 0.3453703703125 0.5130208328125 0.34351851875 0.49583333281249997 0.3611111109375 0.47291666718750003 0.3925925921875 0.43072916718750004 0.4379629625 0.3692708328125 0.5129629625 0.3463541671875 0.5481481484375 0.34322916718749996 0.5638888890625 0.353125 0.6731481484375 0.3578125 0.7851851859375001 0.3604166671875 0.797222221875
7 0.5765625 0.5 0.5838541671875 0.5046296296875 0.59375 0.497222221875 0.6255208328124999 0.440740740625 0.63125 0.4453703703125 0.6296875 0.45 0.63125 0.4583333328125 0.6291666671875 0.46481481406249997 0.6322916671875001 0.47222222187499996 0.6322916671875001 0.490740740625 0.6380208328125 0.497222221875 0.6484375 0.4981481484375 0.6489583328124999 0.5129629625 0.6567708328124999 0.515740740625 0.6578125 0.5240740734375 0.6635416671875001 0.522222221875 0.6666666671875 0.525 0.6734375 0.51851851875 0.6744791671875 0.5166666671875 0.6703125 0.5018518515625 0.678125 0.497222221875 0.678125 0.4796296296875 0.6692708328125 0.46388888906250003 0.6567708328124999 0.45648148125 0.653125 0.440740740625 0.6541666671875 0.39444444375 0.6734375 0.3574074078125 0.6755208328125 0.3453703703125 0.6848958328125 0.31944444375000003 0.6942708328125 0.2166666671875 0.6942708328125 0.2046296296875 0.690625 0.1898148140625 0.690625 0.1648148140625 0.6828125 0.15925925937500002 0.6776041671875 0.1620370375 0.5875 0.272222221875 0.584375 0.2833333328125 0.5822916671875 0.34027777812500004 0.5776041671875001 0.352777778125 0.58125 0.35648148125 0.58125 0.36296296250000004 0.5755208328125 0.48518518593750004 0.5765625 0.5
7 0.7588541671875 0.3333333328125 0.7703125 0.3333333328125 0.7739583328124999 0.3296296296875 0.7796875 0.309259259375 0.7791666671875 0.2833333328125 0.7708333328125 0.2824074078125 0.7588541671875 0.2925925921875 0.7536458328125 0.27870370312500004 0.753125 0.2509259265625 0.7546875 0.23518518593749999 0.7661458328124999 0.2166666671875 0.7713541671875 0.1916666671875 0.778125 0.1148148140625 0.7755208328125 0.0925925921875 0.7776041671875 0.051851851562499995 0.7713541671875 0.052777778124999994 0.7203125 0.12222222187500001 0.7182291671875001 0.13055555624999998 0.7083333328125 0.28055555625 0.7046875 0.3101851859375 0.7354166671875 0.32592592656249997 0.7588541671875 0.3333333328125
7 0 0.9990740734375001 0.20833333281250002 0.9990740734375001 0.215625 0.9851851859374999 0.21979166718749998 0.9990740734375001 0.22291666718749997 0.9990740734375001 0.2244791671875 0.99444444375 0.22760416718749998 0.997222221875 0.23177083281250002 0.99444444375 0.2520833328125 0.9583333328125001 0.2526041671875 0.9509259265625 0.2484375 0.9074074078125 0.23072916718749997 0.7824074078125001 0.23177083281250002 0.7787037031249999 0.2182291671875 0.7074074078125 0.2166666671875 0.6759259265625001 0.2078125 0.6731481484375 0.20416666718749998 0.6768518515624999 0.0875 0.8175925921875 0.07864583281250001 0.83055555625 0.0770833328125 0.8370370375 0.0645833328125 0.8453703703125001 0.007291667187500001 0.9148148140625001 0.0046875 0.9231481484374999 0 0.9277777781250001 0 0.9990740734375001
8 0.2921875 0.884259259375 0.3 0.8851851859375 0.3005208328125 0.878703703125 0.31302083281250004 0.8731481484374999 0.3182291671875 0.8648148140625 0.31979166718749996 0.853703703125 0.31302083281250004 0.83055555625 0.3020833328125 0.8129629625 0.2864583328125 0.7953703703125 0.2791666671875 0.79351851875 0.2697916671875 0.7981481484375 0.2635416671875 0.8055555562500001 0.259375 0.8222222218749999 0.259375 0.8416666671874999 0.2630208328125 0.8518518515625001 0.2776041671875 0.871296296875 0.2921875 0.884259259375
8 0.5463541671875001 0.509259259375 0.5432291671875 0.5018518515625 0.5286458328125 0.4888888890625 0.5192708328125 0.4888888890625 0.5192708328125 0.5296296296875 0.5401041671875 0.5333333328125 0.546875 0.525 0.5463541671875001 0.509259259375
1 0.3135416671875 0.47407407343749997 0.3213541671875 0.4981481484375 0.3348958328125 0.5009259265625 0.3625 0.4601851859375 0.3927083328125 0.43518518593750005 0.39791666718749996 0.43518518593750005 0.40260416718750003 0.465740740625 0.40833333281249995 0.46296296249999996 0.3963541671875 0.35925925937500003 0.3885416671875 0.3166666671875 0.3807291671875 0.2916666671875 0.3651041671875 0.2675925921875 0.3578125 0.2629629625 0.3447916671875 0.26203703749999996 0.3302083328125 0.271296296875 0.315625 0.3101851859375 0.3057291671875 0.3611111109375 0.3067708328125 0.409259259375 0.3046875 0.415740740625 0.3114583328125 0.447222221875 0.3135416671875 0.47407407343749997
1 0.43125 0.4175925921875 0.42864583281249996 0.39351851875 0.44166666718750003 0.3888888890625 0.46302083281249995 0.3620370375 0.48333333281249996 0.34444444375 0.4890625 0.34629629687499996 0.49114583281249996 0.36296296250000004 0.49427083281249995 0.36296296250000004 0.4984375 0.35648148125 0.49427083281249995 0.2953703703125 0.4859375 0.23333333281250002 0.47864583281249995 0.2101851859375 0.46302083281249995 0.184259259375 0.44635416718750004 0.178703703125 0.4296875 0.1888888890625 0.4244791671875 0.197222221875 0.41510416718750004 0.225 0.409375 0.2648148140625 0.41041666718750003 0.3138888890625 0.42760416718750005 0.4388888890625 0.43541666718750005 0.43333333281249997 0.43125 0.4175925921875
1 0.828125 0.99351851875 0.8270833328125 0.9759259265625 0.8291666671875 0.9666666671874999 0.8442708328125 0.9666666671874999 0.8515625 0.9370370375 0.8588541671875 0.8870370375000001 0.875 0.80648148125 0.878125 0.7981481484375 0.8760416671875 0.7888888890625 0.8869791671874999 0.66944444375 0.8833333328125 0.6620370375 0.8828125 0.60555555625 0.8755208328125 0.5759259265625001 0.8645833328125001 0.55648148125 0.8572916671874999 0.5490740734374999 0.8494791671874999 0.5490740734374999 0.8453125 0.553703703125 0.8369791671875 0.5796296296875 0.8317708328125001 0.6074074078125 0.8208333328125 0.6879629625 0.8130208328125 0.80648148125 0.8140625 0.99351851875 0.8161458328125001 0.9990740734375001 0.8234375 0.9990740734375001 0.828125 0.99351851875
1 0 0.8601851859374999 0.0135416671875 0.875 0.0229166671875 0.875 0.0380208328125 0.8620370375 0.0442708328125 0.852777778125 0.05208333281250001 0.852777778125 0.050520832812500006 0.8444444437499999 0.0635416671875 0.8268518515625001 0.0802083328125 0.8231481484375 0.0848958328125 0.8138888890624999 0.0817708328125 0.8138888890624999 0.07760416718749999 0.80648148125 0.0802083328125 0.7990740734374999 0.11510416718750001 0.7601851859375001 0.1380208328125 0.7425925921875 0.1421875 0.7481481484375 0.1442708328125 0.74351851875 0.1432291671875 0.7370370375 0.1458333328125 0.734259259375 0.1505208328125 0.7361111109375 0.1515625 0.7268518515625 0.1583333328125 0.7166666671875 0.146875 0.6564814812499999 0.1317708328125 0.5953703703125 0.1177083328125 0.5638888890625 0.0958333328125 0.5351851859375001 0.0447916671875 0.5240740734375 0.0338541671875 0.5287037031249999 0.0473958328125 0.534259259375 0.046875 0.5527777781250001 0.034375 0.5675925921875 0.021354167187500002 0.5768518515625 0 0.584259259375 0 0.8601851859374999
1 0.1666666671875 0.54351851875 0.1734375 0.5916666671875 0.1760416671875 0.5935185187500001 0.1838541671875 0.6175925921875 0.1838541671875 0.627777778125 0.1932291671875 0.6574074078125001 0.20833333281250002 0.6537037031249999 0.21614583281250002 0.647222221875 0.25052083281250004 0.6009259265625 0.2947916671875 0.5666666671875 0.3072916671875 0.5518518515624999 0.3067708328125 0.5379629625 0.2947916671875 0.46296296249999996 0.2869791671875 0.427777778125 0.2770833328125 0.41111111093749997 0.2708333328125 0.39444444375 0.2671875 0.39074074062499997 0.2625 0.39351851875 0.2604166671875 0.384259259375 0.25625 0.38055555625 0.2515625 0.378703703125 0.2494791671875 0.3861111109375 0.2401041671875 0.384259259375 0.2208333328125 0.3879629625 0.2270833328125 0.39351851875 0.2244791671875 0.40555555625000006 0.21979166718749998 0.40648148125 0.2166666671875 0.4148148140625 0.209375 0.41851851875 0.2 0.4166666671875 0.1973958328125 0.4129629625 0.1932291671875 0.415740740625 0.1776041671875 0.4370370375 0.1760416671875 0.447222221875 0.1734375 0.45 0.165625 0.5046296296875 0.1682291671875 0.5129629625 0.1661458328125 0.51851851875 0.1666666671875 0.54351851875
1 0.934375 0.55 0.13125 0.42421875
7 0.07734375 0.22265625 0.10859375 0.1203125
2 0.63359375 0.84609375 0.03046875 0.2140625