1 1 0.09450002656249999 0.9933065640625 0.0942662859375 0.9767628578125 0.0996381375 0.9663684421875001 0.094227215625 0.9657973640625 0.0830291125 0.9576204046875001 0.0692218171875 0.9303187124999999 0.0520423203125 0.9027340531249999 0.0429659921875 0.845095753125 0.0404123484375 0.7352264468749999 0.0457704171875 0.6953935 0.056819431249999997 0.675683965625 0.07019378125 0.6612119390625 0.0988953875 0.6531270203124999 0.137555696875 0.6293072875 0.21352743749999997 0.6190375 0.23209925937500003 0.6201670921875 0.254855246875 0.6295502453124999 0.261673353125 0.64381361875 0.2664984015625 0.6426640203125 0.27186695625 0.6271755890625 0.274571309375 0.6183760984375 0.2785909859375 0.6088043 0.277174990625 0.6067880703124999 0.27980893125 0.5942013625 0.28207374375 0.47517527812499993 0.2741311703125 0.4510571375 0.27599329687499996 0.42609123125000004 0.2745805984375 0.42021232656249996 0.2776205234375 0.4125813 0.27573143125 0.40866203125 0.2777580484375 0.40385726718750004 0.2775902625 0.39726265 0.2735738828125 0.39230696875 0.2777277875 0.3817930828125 0.2757380234375 0.3412632890625 0.2791905234375 0.32468185156249996 0.285642796875 0.312132871875 0.2868271875 0.3013360171875 0.2929405921875 0.30663011875 0.3066472171875 0.3151466421875 0.31073070937499997 0.321911040625 0.3098851875 0.33417705 0.3168039671875 0.35612804531250003 0.321897471875 0.3964126015625 0.3254677203125 0.4116180640625 0.3308665375 0.43469979218750004 0.3311317 0.46241650468750006 0.33642654843750003 0.7323121671874999 0.34963760312500003 0.73640121875 0.34274908593750003 0.75102301875 0.33731011875 0.7732381187499999 0.3348406671875 0.8184028968750001 0.33641785625 0.8571994328124999 0.32749612968749997 0.8730274265625001 0.3150679765625 0.9131433437500001 0.29591579375 0.9113723531250001 0.29152698906249996 0.9183819921874999 0.2836587203125 0.9093761328125 0.2660363890625 0.9119017046875 0.24881674375 0.9557705328124999 0.1497468515625 0.9720701421875001 0.12381341406249999 0.9849020890625001 0.11452585625 1 0.1080134 1 0.09450002656249999
1 0.3646125453125 0.18913973281250002 0.3481442984375 0.1923507390625 0.1321185828125 0.17939825468749998 0.11282406874999999 0.18088795625 0.10483461406250001 0.189262878125 0.093208859375 0.191561246875 0.0920969890625 0.1958493796875 0.09586534218750001 0.1981444546875 0.1265215046875 0.201919340625 0.1551614421875 0.2083281703125 0.187890428125 0.20784848125000002 0.338590221875 0.2179788640625 0.37702833125 0.21932115312499997 0.3934588515625 0.21719056874999998 0.456806271875 0.221566190625 0.46059348906249997 0.223321053125 0.46032938593750006 0.23088400937500003 0.47474367656250005 0.23138736875000002 0.48804609687499995 0.2361788578125 0.49771221875 0.234893796875 0.50263016875 0.231820315625 0.518909771875 0.23401142187500001 0.5654116515625 0.2524022734375 0.5759632671875 0.25331161406249997 0.5780926828124999 0.24743640625 0.5125038 0.22459293125 0.5127867703125 0.2164897609375 0.518590215625 0.21561068125 0.5492652437500001 0.21884535781249997 0.5838784046875001 0.2195132046875 0.5991970546875 0.2216707546875 0.6124994765625 0.226462246875 0.6202436921875 0.22511007031250002 0.6109737281250001 0.21505069531249998 0.5625499406250001 0.1965927296875 0.5456678140625 0.1841040515625 0.540354846875 0.1709376375 0.541994925 0.15152358906250002 0.5500043859375 0.115024125 0.5584088625 0.0947645546875 0.56336454375 0.09061065 0.575856928125 0.09104689375 0.6074363171875 0.0959357609375 0.61120466875 0.09823083593750001 0.6227549671875 0.0980933109375 0.6311645828125 0.10523818124999999 0.630950790625 0.11136039375 0.6338525140625 0.11092085468749999 0.6449146140625001 0.0696601609375 0.672763378125 0.0711735296875 0.6816571921875 0.0644527984375 0.6415612828125 0.0554804390625 0.5965285578125 0.0501217703125 0.5666258359375 0.052322765625 0.5568665328125 0.0287245515625 0.5494241515625 0.0214333484375 0.5220281375 0.006954907812499999 0.4903355625 0.0053073078125 0.41089604218750003 0.020922801562500003 0.39725405937499997 0.0258551125 0.38834137968750004 0.0331160546875 0.3769785859375 0.055435798437499996 0.36648128281250003 0.1080744875 0.360279396875 0.175466665625 0.3646125453125 0.18913973281250002
1 1 0.3522625765625 0.9843836125 0.3497862109375 0.9065653078125001 0.34652786562500004 0.8217750921875 0.35005736718749997 0.7598779625 0.3592541421875 0.746179384375 0.3658070875 0.7372478421875 0.373608240625 0.7080985609375 0.3817851171875 0.7030862875 0.38755965468750003 0.69773445 0.40305799374999995 0.70334925 0.40758102812499997 0.7050447796875 0.4141306765625 0.698996096875 0.4220325015625 0.7016337140625 0.42915592187499996 0.7211911890625 0.44768759375 0.75983566875 0.470671890625 0.79015226875 0.4841705796875 0.8130453531249999 0.48983785312499994 0.8262534515625 0.49733039999999995 0.8358252500000001 0.49874639531250003 0.8500131640624999 0.5057322890625 0.8681958078124999 0.5085307203125 0.8726798734375001 0.5178820984375 0.876693465625 0.513154425 0.896647096875 0.5203416609375 0.8956106875 0.52246895 0.9155077234375 0.5312768203125 0.9702443015625001 0.534270003125 0.9989345421875001 0.5392382687499999 1 0.5087275499999999 1 0.3522625765625
1 0.10008133749999999 0.7662052046875 0.1195444890625 0.787437934375 0.1487680859375 0.8046845453125 0.1763716109375 0.8132206625 0.20599136406250002 0.8191228359375 0.22423060156250002 0.8203006343749999 0.24039701562500002 0.8257330093749999 0.2423755140625 0.824179490625 0.2777798484375 0.8297427953125001 0.49164070156250006 0.79448225 0.527705296875 0.7811381625 0.5248790328124999 0.7794168578125 0.509466059375 0.7799603640624999 0.45723505 0.787872078125 0.4409743125 0.785140759375 0.4368852625 0.792029278125 0.41559338593749995 0.7956127093750001 0.4092440078125 0.7845735828125 0.31068432343749997 0.6864795499999999 0.3059738828125 0.6836107078125 0.2963454921875 0.683815346875 0.2451697578125 0.6890595609375 0.21149868437500002 0.68896548125 0.16003998125000002 0.7023128640625 0.13761737031250001 0.710724640625 0.11498725000000001 0.7250787390625 0.10196665468749999 0.7397684109375 0.10008133749999999 0.7662052046875
1 0 0.619276378125 0.006968953125000001 0.6223274421875 0.0374742015625 0.63042401875 0.0882915078125 0.63544381875 0.14123823124999998 0.6345884093749999 0.24931768437500001 0.625381746875 0.24658574375 0.620959384375 0.2399345328125 0.6185636390625 0.21775716250000002 0.61995266875 0.210635478125 0.6034778734375 0.18819514375 0.584845528125 0.175270015625 0.5692498125000001 0.1716903078125 0.5615526265625 0.18335379375 0.558173834375 0.1777578578125 0.553110590625 0.09892200625 0.5514393203125 0.0341420171875 0.5605354234375 0 0.5721339515625 0 0.5983279031250001 0.0019955515625 0.5994372265625 0 0.6013551890625 0 0.619276378125
2 0.320153809375 0.8836869203125 0.31885329375000004 0.893377165625 0.3261070296875 0.9060704828125001 0.337336628125 0.9151165484374999 0.335188346875 0.9215319687499999 0.33886237656249996 0.9265281 0.362923925 0.9262866078125 0.3755106328125 0.92402179375 0.378506678125 0.9208812 0.3979521078125 0.9150698078125 0.40982310312500003 0.9057486906250001 0.42427512343749996 0.9051716265625 0.4327916453125 0.9092551203125 0.4387837375 0.9029739296875 0.4483932640625 0.9033095015624999 0.44914670624999997 0.9092853828124999 0.45583564687499994 0.9106007046875 0.4828177796875 0.9093794624999999 0.50328075625 0.9019809953125 0.4991173890625 0.8834460265624999 0.47471742031249997 0.8658269890625 0.4641846703125 0.8643774359374999 0.4525589140625 0.86667580625 0.4410463453125 0.865732909375 0.4042471734375 0.872560903125 0.3924139078125 0.8808015984375 0.38478288125 0.8789125062500001 0.3818056984375 0.8815128906249999 0.3682769015625 0.8832039343750001 0.3443474078125 0.87966395 0.320153809375 0.8836869203125
5 0.8520209359375001 1 0.6236296453125 0.8169401171875 0.6104781421875 0.8078269359375 0.6056545125 0.8081993609375001 0.6031478046875 0.8248787953125 0.6152063046875 0.8377398984375001 0.8082353953125001 1 0.8520209359375001 1
5 0.25199759843749997 0.5210874171875 0.24372631562499997 0.5099811765625 0.142527871875 0.43234805625000006 0.135142084375 0.4234362171875 0.109215225 0.4219899609375 0.10908317187500001 0.425771440625 0.1184097296875 0.43421018125 0.21378586406250003 0.51326259375 0.215556853125 0.5176513968750001 0.23577458906249998 0.5172756765625001 0.23950521406249997 0.5206511734375 0.25199759843749997 0.5210874171875
7 0 0.8639340359375 0.019734034375 0.8629195 0.029456749999999997 0.860013803125 0.014497668750000001 0.820007909375 0.0281019234375 0.8161560218749999 0.0338299109375 0.8174377875 0.0458318171875 0.831919521875 0.04971335625 0.830973328125 0.054819953125 0.822497734375 0.0665977671875 0.78829334375 0.062358940625000005 0.7719192203125 0.04596729375 0.74538505 0.0363954953125 0.74396905625 0.0274639515625 0.7517702093749999 0.025578634375 0.7782070046875 0.017777825 0.7811798140625 0.0013661687500000001 0.7827701859375 0 0.7822985140625 0 0.8639340359375
7 0 0.9828443874999999 0.0926436859375 0.9860795765624999 0.0871093453125 0.9723645609375 0.0534194078125 0.97281069375 0 0.978294684375 0 0.9828443874999999
7 0.3799632171875 0.32813851562499996 0.326546021875 0.3149148765625 0.323738621875 0.312653359375 0.3141290953125 0.3123177875 0.30811813906249996 0.3191391890625 0.29313676875 0.3624265015625 0.251778071875 0.36206396406249997 0.24507026875000001 0.3612888515625 0.241358509375 0.35737314375 0.228903853125 0.35585647656249997 0.21196513125 0.3449884328125 0.188186553125 0.3371267578125 0.0426688125 0.3163599359375 0.026181700000000002 0.320111153125 0.006062640625 0.3176611546875 0.0044770078125 0.3630677203125 0.0575690171875 0.41315512656250003 0.346080065625 0.4443240859375 0.3519212421875 0.4423645828125 0.3530519765625 0.4375362390625 0.3465894109375 0.42973838124999997 0.35629326093749997 0.427372896875 0.3613621296875 0.41997772656250004 0.3945650125 0.35082409375 0.39471592968749997 0.346502403125 0.3799632171875 0.32813851562499996
7 0.2180412734375 0.58426516875 0.2243529203125 0.596384715625 0.23381153124999998 0.601041978125 0.2410275375 0.61481571875 0.4083585140625 0.7823791812499999 0.44781416875 0.78213439375 0.460231096875 0.7847314812499999 0.5807463421875 0.777581696875 0.8051010749999999 0.77243545625 0.819571959375 0.7713181796875 0.826449546875 0.767231390625 0.8286544203125 0.7591953359375 0.801315 0.7430962625 0.7564531984375 0.7052913609375 0.7982657843750001 0.6651044984375 0.8203688390625 0.63829198125 0.8326359906249999 0.617626428125 0.8385526234375 0.6135060828125 0.8406643171875 0.580586753125 0.8098395125 0.5540894359374999 0.7313066359375 0.51619045625 0.699821571875 0.5086005328125001 0.674799071875 0.5088084687500001 0.6679214859375 0.5128952578125 0.653845615625 0.5302524296875 0.6285944578125 0.5921115609375 0.622753284375 0.5940710625000001 0.5774564546875001 0.596275353125 0.554865203125 0.5819646984375 0.5481574 0.5811895875 0.546443003125 0.57518015 0.53406380625 0.5715026375 0.5304086406249999 0.565966296875 0.5144308718749999 0.5551318109375 0.4782919609375 0.5430524109375 0.429415425 0.5375595140625 0.2672596546875 0.5248656 0.22209487656250002 0.5232884109375 0.16074481875 0.5168190593750001 0.1577676390625 0.51941944375 0.159368846875 0.5286701500000001 0.1659823265625 0.53214631875 0.1788885921875 0.5482822453125 0.18457885000000002 0.550644434375 0.2076028453125 0.5801145609375 0.2180412734375 0.58426516875
7 0.124881428125 0.2213333890625 0.11606193125 0.25347760625000004 0.110201890625 0.2559773203125 0.0689563828125 0.25237351406249997 0.053694326562500005 0.2485953328125 0.0366424171875 0.24096855625 0.008887421874999999 0.23677001875 0.007268901562500001 0.283118346875 0.1126308578125 0.29662739375 0.129758225 0.3020933234375 0.13725720156250001 0.30776389375 0.14873203906250002 0.309787215625 0.1538009078125 0.30239204375 0.1733429421875 0.23871093281250003 0.17260836562499998 0.23219484218750003 0.16139763125 0.22260856406250001 0.140483046875 0.21538776875 0.124881428125 0.2213333890625