2 0 0.366990396875 0.015671884375 0.366040846875 0.027251118749999997 0.3687456453125 0.0183780109375 0.37536427968749997 0.002569734375 0.37834068906249996 0.0011086874999999999 0.383248609375 0.00546031875 0.389772471875 0.0475943375 0.40679996406249996 0.05105404375 0.41393298281249996 0.0705525984375 0.42072502656250005 0.0940496234375 0.4192004234375 0.1228059546875 0.41296671875 0.1443807921875 0.411079165625 0.150578134375 0.406287996875 0.15531443125 0.40640474531250004 0.15725237187500002 0.39614388749999996 0.16850880937499998 0.3951590765625 0.195419428125 0.4002404046875 0.21422627031250002 0.399126140625 0.22612830625 0.40552055 0.250701709375 0.4054951421875 0.274952315625 0.401780125 0.284947915625 0.3971877703125 0.2865011890625 0.3933340265625 0.283456509375 0.3909447921875 0.29537429843749996 0.3867153921875 0.3012792015625 0.389385509375 0.32062480781249997 0.372821584375 0.32569965624999997 0.3660041328125 0.318395575 0.35814521093749996 0.2934690109375 0.3433301125 0.28498056875 0.34354163125000003 0.282228328125 0.3336911125 0.18496726875 0.26996781406250003 0.1691747453125 0.2623204125 0.1618706640625 0.2544614921875 0.147754003125 0.2551654171875 0.08738111875 0.2673519421875 0.0748480921875 0.2753530203125 0.03455749375 0.3118075296875 0 0.3460222609375 0 0.366990396875
2 0.5097942453125001 0.536321628125 0.4647223828125 0.53973378125 0.4616777015625 0.53734455 0.44277863125000005 0.5374046390625 0.42792414375 0.529675171875 0.429339075 0.524240165625 0.4525133015625 0.5190259515625 0.463815853125 0.5185682296875 0.4723200484375 0.507732896875 0.459157178125 0.49773094531249995 0.4378286625 0.49163012500000003 0.43810534843750004 0.49479264843750004 0.430078046875 0.500275040625 0.4242496203125 0.5092829078125 0.4132237515625 0.512903153125 0.40159840312500006 0.50967126875 0.3828837875 0.51183970625 0.3787773359375 0.5297259859375 0.36999645625 0.5373987953125 0.3694273328125 0.541697559375 0.37425585781250004 0.5428684828125 0.3778077921875 0.551055675 0.38235963281249996 0.5490640765625 0.388080078125 0.54962584375 0.39393886718750004 0.5517688749999999 0.39524581875 0.5559035046874999 0.3836969421875 0.5643496031249999 0.371410240625 0.5643623078125 0.3703181078125 0.5734869234375 0.373316675 0.57534906875 0.38734110781250003 0.57359096875 0.3935226953125 0.579423609375 0.389524225 0.5877402546875 0.40307176250000004 0.5913350921875 0.45409464374999997 0.5911201421875 0.523509340625 0.58504714375 0.5215725453125 0.5629094828125 0.5351977046874999 0.5457837875 0.55303615 0.53360069375 0.548115396875 0.531375596875 0.5426255203125 0.5334492625 0.5171601953125 0.534083825 0.5097942453125001 0.536321628125
2 0.5549886984375 0.54511454375 0.54433174375 0.5529514859375 0.5387035250000001 0.5534438921875 0.5364427875 0.560015140625 0.5318448328125001 0.5614796531249999 0.52896885625 0.571822578125 0.530921403125 0.583336428125 0.542685096875 0.5881495765625 0.5654285421874999 0.588815390625 0.5832051203125 0.5867290203125 0.590478840625 0.5834370437499999 0.597091209375 0.5833896578125 0.6092710765625 0.560548071875 0.6056269109375 0.55130670625 0.5807464625 0.53701869375 0.566860371875 0.5403580546875 0.5549886984375 0.54511454375
2 0.448070590625 0.4790493984375 0.4609567765625 0.4858888265625 0.5458861640625 0.5166992234375 0.548469703125 0.5138175859375 0.5393817765625 0.5071769734375 0.481517103125 0.4724053546875 0.468015678125 0.46933760468749997 0.4644479890625 0.4717742234375 0.45211517343749996 0.471259840625 0.448070590625 0.4790493984375
2 0.4669527609375 0.5220116359375 0.44387076406250003 0.5282800234375 0.4394111515625 0.531325796875 0.4415177953125 0.533797096875 0.4584024515625 0.5323198796875 0.4652453921875 0.5349079296875 0.519605390625 0.529620925 0.536351703125 0.5265624484375 0.5332147968750001 0.5231190406249999 0.5247263546875 0.5233305609375 0.5033978390625 0.517229740625 0.4905577671875 0.5109173984375001 0.48586758437500005 0.5113277359375 0.4669527609375 0.5220116359375
2 0.6760077140625 0.6210995734375 0.672901165625 0.6288070640625001 0.6582614953125 0.634336840625 0.6459590390625001 0.64497335625 0.6355945265625 0.6453490109375 0.6296435078125 0.6421518078124999 0.6107905515625001 0.642738984375 0.6048395328125 0.6395417796875 0.5812502796875 0.6400122078125 0.5758987453125 0.6436671359374999 0.5706698015625 0.6595271359375 0.5763441328125001 0.6595618171875001 0.588476740625 0.6685916609375 0.6049767296875 0.6735215578125 0.6211078046875 0.674234759375 0.62753571875 0.672079025 0.6372849953124999 0.675475046875 0.65975175625 0.6729783375 0.6664563546875 0.6739851265625 0.6724996 0.6782365046875001 0.6847863015625 0.6782238015625001 0.6964116515625001 0.6814556890625 0.770839328125 0.6786619609375 0.7765755296875 0.6685999203125 0.76721091875 0.658796784375 0.7622901671875 0.6565716859374999 0.742314715625 0.6551325828125 0.742238240625 0.6434545984375 0.7033029984375 0.6197737890624999 0.6760077140625 0.6210995734375
2 0.9432988390625001 0.2514233421875 0.946866528125 0.2489867234375 0.9413462921875 0.23990949218750002 0.88506410625 0.24483354687499997 0.8627818015625 0.2494386015625 0.8520787328124999 0.256748459375 0.8428828265625 0.2596774828125 0.8342099265625 0.2577806546875 0.7923210859375 0.26516330625 0.7859696484375001 0.278997025 0.7872765984375001 0.2831316546875 0.7921512374999999 0.2848296640625 0.7879221953125 0.29051087343750004 0.7793876390625 0.2901953078125 0.768530478125 0.30654771406250003 0.7804167578125 0.3235659328125 0.7905810640625 0.3317057390625 0.8516456609375 0.327425521875 0.88463103125 0.31551060937500003 0.89138174375 0.317044484375 0.892642578125 0.320652028125 0.9226597453125001 0.318025865625 0.9362230359374999 0.31099689375 0.9585526 0.2745204046875 0.9549545500000001 0.26580612656249997 0.9444516921874999 0.264600521875 0.934195159375 0.255406540625 0.93762450625 0.2513886609375 0.9432988390625001 0.2514233421875
7 1 0.47816953125 0.9921486234374999 0.3884278875 0.9833531359375 0.3743259875 0.9732349453125 0.36671326875 0.8734341703125 0.3711957328125 0.8237643515625 0.37607240000000003 0.7784158046874999 0.3763220328125 0.706940578125 0.38045081718749996 0.702619309375 0.385077853125 0.70383403125 0.3881583078125 0.7267304265625001 0.41218009218749996 0.7184264406249999 0.4144999625 0.709569084375 0.4104947859375 0.7022031359375001 0.4127325875 0.665787271875 0.4610638984375 0.65426875625 0.4806608953125 0.654683784375 0.485404678125 0.6591276421875001 0.492982715625 0.665032546875 0.49565283281249994 0.6688150515625 0.5064754625 0.687313703125 0.52344629375 0.7041826062500001 0.5325928890625 0.7147776921875 0.5348526687499999 0.72495775 0.5323686640624999 0.72927901875 0.5277416296874999 0.7336621562500001 0.5130178703125 0.7444732046875 0.49613837812500006 0.745657565625 0.4880679359375 0.7427051140625001 0.48673287812500005 0.747072496875 0.48263293125000006 0.7702467234375 0.47741871874999997 0.7920060171875 0.47763951406249994 0.79557370625 0.47520289531250004 0.8133964 0.4736436109375 0.8243603984375 0.4801200875 0.8219152015625 0.48458298749999995 0.812765409375 0.48803910000000006 0.8102740984375 0.4919749109375 0.81279576875 0.49918999687500004 0.8250667171874999 0.509801103125 0.9217609453125 0.5130261296875 1 0.5130104078125 1 0.47816953125
7 1 0.5886999625 0.9003682703125 0.5818190671875 0.8956780890625 0.58222940625 0.893186778125 0.5861652187499999 0.8811306468750001 0.588813359375 0.8703195984375001 0.6056928515625 0.85229555 0.6481661140625 0.8553244765624999 0.6611791593749999 0.8768678078125 0.680539225 0.8900464328125001 0.6799173656249999 0.8980737328125 0.6744349734374999 0.8964439843750001 0.6666107343750001 0.9027335546874999 0.6628737390625 0.9044870375 0.6505045328125 0.8986282484375 0.6483615015625 0.8982132203125 0.6436177171875 0.90745524375 0.64121578125 0.9451611578125 0.6400414265625 0.97773035625 0.655781246875 1 0.658182165625 1 0.5886999625
7 0.47816952500000004 0 0.3485840171875 0.0113372625 0.35711285625 0.022806884375 0.37332040625 0.03519806875 0.38389973906249997 0.0480816578125 0.39261875 0.05050557343749999 0.400660659375 0.0667978890625 0.39803100625 0.069152440625 0.43988719375 0.11541592812499998 0.44002553593749993 0.116997190625 0.38700284687500003 0.1375697234375 0.3718098078125 0.1367744546875 0.3635519375 0.1396214125 0.3474208609375 0.1389082109375 0.33536472968750003 0.1415563515625 0.3191875375 0.140316065625 0.3220308625 0.1836192765625 0.3150799421875 0.1906008625 0.3011938515625 0.1939402265625 0.304699671875 0.20160032968750002 0.30746766875 0.20082704062499998 0.324106 0.2073382 0.32656580156250004 0.2246500078125 0.36141034843750003 0.25559328593749997 0.38619856874999997 0.268827125 0.4024679875 0.27112158750000004 0.42119835468750005 0.2583293390625 0.423751534375 0.244296803125 0.43576154999999994 0.24112157500000003 0.43610010312499997 0.234187375 0.4425741296875 0.23255872812499997 0.44314325156249995 0.2282599640625 0.450370859375 0.22444090156250002 0.536008859375 0.22013527656249998 0.5606272328124999 0.2530354734375 0.577065353125 0.26806209375 0.69619598125 0.25763951406249996 0.711865915625 0.25308184218749996 0.7632734640625001 0.24645977812500003 0.8037473734375 0.24451213593749999 0.8664113578125001 0.23690526093750003 0.8812815984375 0.23401091875 0.8843420312499999 0.2257763421875 0.8803750687499999 0.212845365625 0.8705493171875001 0.197771359375 0.8656285640625001 0.1955462609375 0.8540504734375001 0.16044294375 0.8357520328125 0.1349566484375 0.8329075625 0.12405195312499999 0.8051680359375 0.07708453750000001 0.8001089406249999 0.07327817812500001 0.795203940625 0.06042926875 0.78911458125 0.0556508046875 0.7847325890625 0.03797604375 0.7785048875 0.031616315625 0.7647339484375 0 0.47816952500000004 0
2 0.279179915625 0.8714528796875 0.25695833281249997 0.89835973125 0.23030750000000003 0.9394632546875 0.22930759687500002 0.949642046875 0.2371346875 0.9526751156250001 0.3648448390625 0.9754937078125 0.3852814296875 0.9822036828125 0.407040725 0.9824244765625 0.4482524609375 0.9889102296875001 0.4843589875 0.9910625328125 0.48708086718750004 0.98976215625 0.49776818125 0.993076109375 0.5042422078125 0.9914474640625001 0.5294938640625 0.9451551359374999 0.541827825 0.9132710015625 0.521575690625 0.908669375 0.513471915625 0.90247378125 0.48745321875 0.8967832984375 0.2876222421875 0.870714271875 0.279179915625 0.8714528796875
8 0.5873900453124999 0.9586791328125001 0.5971393234375 0.9620751546875 0.6255571 0.96277565 0.630108940625 0.9607840515625 0.6463491453125 0.9195290984375 0.6238362703125 0.92149871875 0.6227598921874999 0.919999525 0.5943724734375 0.9304499265624999 0.5843150046875001 0.945139003125 0.58411479375 0.9536544640625 0.5873900453124999 0.9586791328125001
1 0.24516985 1 0.24503710625 0.9997846875 0.24866666249999997 0.987251346875 0.24531493750000002 0.9705486921875 0.2278004375 0.9540228765625001 0.217912815625 0.9490455953125 0.1748407609375 0.9321001687500001 0.03385975625 0.9088492609375001 0.0418344125 1 0.24516985 1
1 0.811081521875 0.7064774 0.7316869765625 0.7065189421875 0.723521334375 0.7104200734375 0.7104349390625 0.71209610625 0.700285240625 0.7257310078125 0.6947031359375 0.7267505 0.6728673656249999 0.714851721875 0.6593198296875 0.7112568828125 0.6561829203125 0.707813475 0.63423916875 0.70548433125 0.6304870234375 0.7058126015624999 0.6306096125 0.7180176734375 0.624827296875 0.727552628125 0.614601125 0.7295095453125 0.5945795609375 0.727543353125 0.5776487921875 0.7284934828125 0.5778793624999999 0.73112891875 0.5931646296875 0.7329783609375 0.6091573625 0.7321103 0.61895275625 0.7360334078124999 0.6192294406250001 0.73919593125 0.5746310328125 0.8344507015625 0.5618674359375 0.8398163453124999 0.5665879781250001 0.8505569046874999 0.5916686390625 0.8563294546875 0.6143659703125001 0.8564681843749999 0.6175951078125 0.860965765625 0.616180175 0.8664007703125 0.6221773078124999 0.8701250640625 0.6350792453125 0.86634068125 0.6540705453125 0.8673347671875 0.66875633125 0.862332075 0.6666958000000001 0.8603878625 0.67195510625 0.855678759375 0.6813354703125001 0.8548580828125001 0.75959176875 0.8634140718750001 0.7652199875 0.862921665625 0.77498501875 0.8556938765625001 0.7909316375000001 0.854298728125 0.804494928125 0.84726975625 0.8110769359375001 0.836071475 0.8264409734375 0.7848018640625 0.8501089937499999 0.731212384375 0.847879759375 0.7165360109375001 0.8238754796875 0.7122626546874999 0.811081521875 0.7064774
1 0.992102509375 0.3879008 0.9858394796875001 0.31631404375 0.965809421875 0.3142507578125 0.93293203125 0.316596034375 0.8658084359375 0.32724868281249997 0.8454944328125 0.3327437796875 0.8451862406249999 0.3508288765625 0.865929878125 0.3718522734375 0.8887194375 0.373045175 0.912124234375 0.3704663984375 0.9790476218749999 0.3683292125 0.992102509375 0.3879008
1 0.8748425171875001 0.11719639062500001 0.8717978359374999 0.11480715625 0.8431956015625 0.1119983125 0.8339535796875 0.11440025000000001 0.8323541921875 0.11772690781249999 0.8395041781250001 0.134628378125 0.8882325203124999 0.2270293328125 0.8921230078125 0.22828232499999998 0.9012728031250001 0.2248262125 0.930091 0.208495784375 0.9457305734375 0.192787215625 0.9548038921875 0.1776531203125 0.953805134375 0.15543339375 0.9411191578125001 0.14007850156249999 0.9161003671874999 0.12420922812499999 0.8748425171875001 0.11719639062500001
7 0.9544651 0 0.9534723125 0.0003750015625 0.940277934375 0.011620670312500001 0.932327109375 0.0287810484375 0.9370780140624999 0.050672504687499995 0.9511474140624999 0.0818400109375 0.9585898374999999 0.0912801921875 0.964310284375 0.0918419625 0.9659630671875 0.089125615625 0.9581655859374999 0 0.9544651 0