7 0.5385811265625 0.79665650625 0.6064539875 0.833913603125 0.6096927859375 0.8340833421875 0.61672425625 0.710243159375 0.5720124625 0.6751627421874999 0.5645559125 0.67284624375 0.54528784375 0.6583564359375 0.540113953125 0.67445386875 0.5362437718749999 0.7069882140625 0.530296590625 0.7894823265625 0.5385811265625 0.79665650625
7 0.49483954375000005 0.619123946875 0.49141320625 0.6122043734375 0.47875995156249995 0.605764096875 0.4759237359375 0.5979125921875 0.46532903281250004 0.593505915625 0.45821099062500004 0.595058590625 0.45149553124999997 0.5889295 0.445644628125 0.5972885906250001 0.44153189218750005 0.665435971875 0.43512274218749997 0.7257601359375 0.4400678328125 0.7346850203125 0.45037435156249994 0.734262303125 0.45076318125 0.73717125625 0.44742373750000003 0.7389219578125 0.4517924578125 0.7381880562500001 0.45262044218749997 0.7430457390625 0.455708271875 0.7460961390625 0.46846217343749996 0.750615975 0.4724786328125 0.7566036171875 0.4977851453125 0.7694841703125 0.5254887171875 0.7882674984375 0.527647915625 0.78838065625 0.5302600234375 0.7798518296875 0.532776175 0.73184079375 0.5389199546875 0.6869084484375 0.5409694453125 0.65813011875 0.5312668031250001 0.6470301859375 0.5264589296875 0.64581535625 0.5220536390625 0.6369187640625 0.514697734375 0.6326818249999999 0.5102786890625 0.63437595 0.509350059375 0.6314387078125 0.5121497046875 0.6296597140625 0.5111707515624999 0.62768269375 0.5051323078125 0.629291946875 0.5047434765625 0.626382996875 0.5070033234375 0.6245757125 0.503124078125 0.626298128125 0.4991076171875 0.6203104859375 0.49483954375000005 0.619123946875
7 0.34759298125 0.671104278125 0.35636699374999997 0.67926696875 0.36225446875 0.680538378125 0.4051090015625 0.7097443125 0.412025753125 0.7120325203125 0.42442739218750003 0.7232739015625 0.4255069921875 0.7233304796875 0.43208523593750003 0.721749515625 0.43464701874999995 0.714180909375 0.44629882656250003 0.5848057203125 0.42512317499999996 0.5654016484375 0.3964406484375 0.5446413015625 0.3861982078125 0.5335130796875001 0.3735449515625 0.527072803125 0.362813034375 0.5149560703125 0.3574150359375 0.5146731734375 0.3387874140625 0.4982912125 0.33652756875 0.5000984953125001 0.33332534062499997 0.5095592546875001 0.327318775 0.5622016546874999 0.325447759375 0.5669178890625 0.32349891406250003 0.5937757796875001 0.313512459375 0.650061034375 0.3312114515625 0.663505753125 0.34759298125 0.671104278125
7 0.18804638906249999 0.3690711 0.184656621875 0.3717820234375 0.18076362343750002 0.3840951546875 0.17300044375 0.42894263125 0.1668476015625 0.44306304374999994 0.16042938906249998 0.472575278125 0.15265245624999998 0.528013471875 0.1441253671875 0.5564523265625 0.1617740359375 0.5708572671875001 0.3050632015625 0.6563582328125 0.3072224 0.6564713921875 0.3105618453125 0.6547206890624999 0.31307330625 0.648112303125 0.3138281515625 0.63370899375 0.3163396125 0.62710060625 0.3176342578125 0.6127255859375 0.3218291921875 0.5946511296875 0.3297067734375 0.5372924953125 0.3342311546875 0.49227528125 0.3408597203125 0.4897340953125 0.247319025 0.41550605625000003 0.2452101484375 0.414432678125 0.2412302578125 0.4180755328125 0.23976182656249997 0.41511 0.2410930421875 0.41036547656250005 0.20476642812499998 0.3805387984375 0.1983894765625 0.37827887968749996 0.1949128171875 0.372319528125 0.18804638906249999 0.3690711
7 0.17380561249999998 0.4135790984375 0.17356775 0.407789484375 0.18092834687499998 0.370623775 0.18055327031249999 0.3571241046875 0.14898420625 0.32947247343749997 0.13687074999999999 0.32306048593750003 0.1063812875 0.295465434375 0.086710634375 0.28865739218750003 0.08421292968750001 0.284675059375 0.0849540203125 0.2808624671875 0.0819165140625 0.2768518453125 0.0751507328125 0.271682975 0.0707316875 0.2733771 0.06681587343749999 0.2654690171875 0.053572496875 0.25996067031250003 0.049757328125 0.2501321453125 0.0434810234375 0.2459517859375 0.0400546859375 0.2390322140625 0.035146165624999996 0.2397378265625 0.01651854375 0.223355865625 0.0138652921875 0.2223414890625 0.0014501421875 0.4592366671875 0.006247953125 0.4606435390625 0.044395259375 0.48671420625 0.10751056875000001 0.521796253125 0.1435993203125 0.54583331875 0.1462983203125 0.5459747671875 0.1486588109375 0.54224704375 0.1515225328125 0.5289171125000001 0.1521767328125 0.51643424375 0.1621631875 0.4601489890625 0.17380561249999998 0.4135790984375
7 0.865842321875 0.552873015625 0.8658285687499999 0.5634637312499999 0.8680746609375 0.5722471671875 0.8655632000000001 0.578855553125 0.8706317515625001 0.606081209375 0.8771502890624999 0.6882657640625001 0.885132884375 0.70120126875 0.9111026593749999 0.7324108859375 0.9331062937500001 0.756672640625 0.9409516765625 0.7618980890625 0.943110875 0.7620112484375 0.944780596875 0.7611358953125 0.9456726578125 0.754442640625 0.9307004921875001 0.6063407046875 0.912136946875 0.5784078046875 0.905910965625 0.573267225 0.8915651718750001 0.5474810859375 0.897063815625 0.5458435421875001 0.9025990296874999 0.55383649375 0.9079970265625 0.554119390625 0.9174252375 0.5497992125 0.9225853734375 0.5442924953125 0.9060803796875 0.518393196875 0.8868351265625 0.5241246015625001 0.8789759921875 0.5294898703124999 0.8696118593750001 0.5222591109375 0.8657326140625001 0.5239815234375 0.8625669546875001 0.5430727796875 0.865842321875 0.552873015625
7 0.7988021359374999 0.4790709515625 0.7972696296875 0.48765635781250005 0.8017618140625 0.505223228125 0.8000280140625 0.5176495171875 0.801871521875 0.5341147187499999 0.8032208593749999 0.5909940578125 0.8337697093750001 0.648440821875 0.8598263734374999 0.6883207125 0.8630651734375 0.6884904515625 0.8647348953125 0.6876151 0.8645611109375 0.6702745484375 0.8589071265625 0.602578175 0.859200003125 0.5660049171875 0.85671605 0.55143186875 0.8556777109375 0.5196031375 0.8247537859375 0.44865670468749996 0.8099688374999999 0.42092183437499997 0.8107099296875001 0.41710924218749995 0.80277765625 0.40321351562499996 0.797530628125 0.40004995625 0.7955086453125 0.407646853125 0.7969129984375 0.422163321875 0.7926814921875 0.43060728125000003 0.7930200000000001 0.434476453125 0.796848921875 0.43371426093750004 0.7981663828125 0.43956045312500003 0.7988021359374999 0.4790709515625
7 0.7274935546875 0.51769958125 0.7367067203125 0.5278110015624999 0.742090965625 0.5386846171874999 0.7713361046875 0.57969446875 0.7846663765625 0.593873090625 0.788444975 0.5940711171874999 0.7916975265625 0.5836501390625 0.7896758640625 0.47762980625000007 0.7911580484375 0.47000461875 0.7895158328125 0.44969853593750003 0.7908517390625 0.40355136406250003 0.7090450500000001 0.2500210625 0.7050285921875 0.2440334203125 0.70017039375 0.2437788140625 0.6982490578125 0.24945526718750002 0.695554428125 0.3215284 0.6937337375 0.3252844140625 0.6955269203125 0.3427098359375 0.6942688453125 0.366715353125 0.6958104140625 0.3889418765625 0.6944745078125 0.4350890515625 0.6911578796875 0.45706096875 0.6924753406249999 0.46290716249999997 0.7274935546875 0.51769958125
7 0.5704993625 0.2909030921875 0.568678671875 0.2946591046875 0.5766246984375 0.2979641125 0.5819586203125 0.3097979484375 0.5986649046875 0.33185636406249996 0.6030701953125 0.34075295781250003 0.602717934375 0.347474503125 0.60865573125 0.3477856890625 0.6114919453125001 0.35563719374999997 0.6171781265625 0.3607494828125 0.6194745421875 0.3685726984375 0.6251607234375001 0.3736849875 0.6340719499999999 0.38955773437499996 0.6402979328125 0.3946983140625 0.647791053125 0.40664530781249997 0.6491085140624999 0.4124915015625 0.652786465625 0.4146099703125 0.6646848765625 0.43545355781249995 0.6780151453125 0.44963218125 0.6785549453125 0.44966047031249995 0.680778221875 0.43822269062499997 0.678545884375 0.41884853906249997 0.6801927921875001 0.3977519734375 0.6799458671874999 0.36115042656249996 0.685023803125 0.3055707859375 0.6839213875000001 0.2852929921875 0.686199678125 0.2314923421875 0.616154184375 0.091095575 0.607919971875 0.08296117343750001 0.599498221875 0.0680769375 0.5966620078125 0.060225434375 0.601030728125 0.0594915296875 0.60128234375 0.054690426562500005 0.597503746875 0.0544923984375 0.5934872859375 0.048504756249999996 0.5714398640625 0.00305783125 0.5603373015625001 0.0024759703125 0.559543978125 0.0351715671875 0.545627634375 0.2077566875 0.5426998359375 0.2326375578125 0.5409294671875 0.23543335 0.542095959375 0.2441602046875 0.54742988125 0.2559940390625 0.5646256421875 0.2790409671875 0.56604375 0.28296671875 0.56373358125 0.28573422187499997 0.5704993625 0.2909030921875
7 0.38231856875000003 0 0.3913415015625 0.0119135796875 0.3936379171875 0.019736793750000002 0.40789681875 0.03685265625 0.459909503125 0.11853288437500001 0.48122237187500005 0.14564701093750002 0.4860164921875 0.1574525578125 0.5134546953125 0.19162770468749998 0.5162405859375 0.2004394296875 0.5276129515625 0.210664009375 0.52877944375 0.21939086562500001 0.5389212390625 0.2324395296875 0.5400008374999999 0.2324961078125 0.54369254375 0.224023859375 0.5458289265625 0.20391580468749998 0.5556372281249999 0.0580754171875 0.5588028875 0.038984159375 0.5602622546875 0.011137760937500001 0.5589447937500001 0.0052915671875 0.5597030375000001 0.00244273125 0.5130929562500001 0 0.38231856875000003 0
7 0.4029863734375 0.71926165 0.404756740625 0.716465859375 0.3981922515625 0.70745610625 0.3148299203125 0.655907228125 0.30177407968750003 0.657148715625 0.2828948421875 0.6455678578125 0.27847579843750003 0.6472619828124999 0.27455529375 0.6807565484375 0.2770026765625 0.6856991 0.3741619390625 0.7321938968749999 0.3793083234375 0.7372778984374999 0.39740989843749996 0.7430408515625 0.3995690984375 0.7431540109375 0.4013394671875 0.7403582171875 0.40381435625 0.7241193328125 0.4029863734375 0.71926165
8 0.5648625421875 0.6256822703125 0.5634947578125 0.6207962984375001 0.555448084375 0.61941173125 0.5464087046875 0.6266408625000001 0.546884428125 0.638220090625 0.5526209328125 0.642372159375 0.55531993125 0.6425136078125 0.5639201578125 0.633335746875 0.5648625421875 0.6256822703125
8 0.47827516562500005 0.5633729375 0.48269420937499996 0.5616788140625 0.48736486875 0.5551835875 0.486299021875 0.5445362890625 0.4761434734375 0.54207834375 0.46676558593750006 0.5454383015625 0.463275171875 0.5500696656249999 0.463462709375 0.5568195015625 0.476115965625 0.563259778125 0.47827516562500005 0.5633729375
8 0.385646253125 0.4545297953125 0.39361381875 0.4539844984375 0.3977446765625 0.44746098281249996 0.39878770625 0.437887065625 0.3960521390625 0.4281151203125 0.3874656671875 0.4267022640625 0.3799450390625 0.43593670468749995 0.3771316421875 0.448306415625 0.38276750000000004 0.45437892656249995 0.385646253125 0.4545297953125
8 0.2298991546875 0.3760788 0.23504553593750002 0.38116279999999997 0.2381045828125 0.38132311875 0.2442221328125 0.381643725 0.24707210000000002 0.3789045109375 0.24812888437499997 0.3587398765625 0.24480319218750002 0.3498998625 0.235777565625 0.346538275 0.231848 0.3492209109375 0.2276530625 0.36729536406249996 0.2298991546875 0.3760788
8 0.102969025 0.1643379140625 0.096491428125 0.1639984375 0.088193140625 0.167414975 0.0772827453125 0.17936033906249998 0.07644100781249999 0.185093375 0.0778591140625 0.189019125 0.08810155625 0.20014734843749998 0.0944281828125 0.2033674859375 0.09739708281250001 0.2035230796875 0.10699454687500001 0.2011374875 0.11166520625000001 0.19464226093749998 0.11365062031249999 0.1774148671875 0.1113038828125 0.1705518734375 0.102969025 0.1643379140625
8 0.861766478125 0.5170336625 0.8727500109375 0.524349290625 0.8758090562499999 0.5245096078125 0.8819266078125001 0.524830215625 0.890325540625 0.5194932359375 0.8939166015625 0.5129414296875 0.8942185390624999 0.5071801046875 0.8907418796875 0.5012207546874999 0.8837244828124999 0.5008529875 0.8643282609374999 0.5094650546875 0.861766478125 0.5170336625
8 0.797091475 0.398101225 0.801949671875 0.3983558328125 0.8024391484375 0.39934434375 0.811867359375 0.39502416406249996 0.8187978640625 0.38672165468749997 0.821021140625 0.3752838765625 0.8182352484375001 0.3664721515625 0.8085691765625 0.3650027140625 0.7926496140625 0.379574134375 0.7892964171875 0.3919155546875 0.797091475 0.398101225
8 0.80728860625 0.2551697890625 0.8026820234375001 0.25011407812500003 0.7983636265625 0.24988775937500002 0.7738072671875 0.26400654375 0.770856653125 0.2686661984375 0.7687340234375 0.2781835375 0.772059715625 0.28702355156250003 0.7757376671875 0.2891420203125 0.7784366656249999 0.28928346875 0.79203230625 0.2880702703125 0.8033315312499999 0.2790338578125 0.80820348125 0.2686977484375 0.8090452203125 0.2629647125 0.80728860625 0.2551697890625
8 0.6145807375000001 0.017835903125 0.6178195359374999 0.0180056421875 0.62626879375 0.0117084421875 0.6288569421875 0.0060669328125 0.6019712859374999 0.004657915625 0.6015889734375001 0.007526453125000001 0.6082037859375 0.0155759859375 0.6145807375000001 0.017835903125
5 0.870134496875 0.11981184687499999 0.8696815890625 0.1284538328125 0.8785059234375 0.1356563015625 0.8781536624999999 0.1423778484375 0.8812918156249999 0.14446802812499998 0.8805507234375 0.1482806203125 0.88304843125 0.1522629515625 0.8831856453125001 0.15997300781249998 0.8962643015625 0.178952734375 0.8975314390625 0.185759146875 0.896250546875 0.18954345 0.8981078078125 0.195417934375 0.9107838796875001 0.222079425 0.9156420781250001 0.2223340328125 0.9326915609374999 0.20685897187500002 0.9376000828125 0.206153359375 0.9417309406250001 0.199629840625 0.95244004375 0.19152535937499998 0.955340334375 0.187825925 0.9567721953125 0.181160959375 0.954727396875 0.1685366421875 0.9461684312499999 0.1459423515625 0.9416624953125 0.1389661984375 0.9390778953125001 0.126313590625 0.9137029359375 0.052769393750000004 0.906122925 0.0321521234375 0.8994577890625 0.025062812499999997 0.856859240625 0.0632703546875 0.8492882890625 0.07346501718750001 0.8494255046875001 0.081175071875 0.8623897625 0.11266595625 0.870134496875 0.11981184687499999
5 0.447410946875 0.4086609859375 0.5127082703125 0.4640774078125 0.5175664671875 0.464332015625 0.5317156609375 0.45255638906250006 0.536537290625 0.44318049843749996 0.4709152125 0.3733041875 0.45949252500000004 0.3640398265625 0.44372393125 0.375730584375 0.4327632140625 0.3886361703125 0.4340303515625 0.395442584375 0.447410946875 0.4086609859375
5 0.41731500468749994 0.3425722375 0.42119425 0.34084982343750003 0.4246846625 0.3362184578125 0.42493627656250005 0.3314173546875 0.41744315781249997 0.319470359375 0.328687521875 0.22623593749999998 0.32274972343749997 0.22592474999999998 0.3078594390625 0.24151296875 0.29841747343749997 0.256423865625 0.29791424375000003 0.266026071875 0.30506885625 0.27410389375 0.3708922265625 0.340139321875 0.381386284375 0.346466440625 0.3955948609375 0.364542525 0.3988336609375 0.3647122640625 0.4062033171875 0.3583584859375 0.41731500468749994 0.3425722375
5 0.16710924062500002 0.1282221828125 0.1705859015625 0.1341815328125 0.1929921203125 0.150761521875 0.25299209375 0.2039746046875 0.25353189375 0.20400289374999997 0.256281215625 0.20318412187499998 0.2759062359375 0.1695497375 0.2772374515625 0.1648052125 0.2757690203125 0.16183968124999998 0.1945568265625 0.07959203125 0.1836236171875 0.07131618281249999 0.178628203125 0.06335151875 0.1517160453125 0.039795378125 0.1323107625 0.0175955140625 0.127452565625 0.01734090625 0.1189392296875 0.035189043749999996 0.1161258328125 0.047558754687499996 0.1059427765625 0.06628224375 0.10554019218749999 0.073964009375 0.112155003125 0.082013540625 0.12936451875 0.0944697484375 0.15558590625 0.1208782625 0.16710924062500002 0.1282221828125
1 0.676857715625 0.4717172578125 0.6789300234375 0.4631601390625 0.6640306765624999 0.44793642812499995 0.642374609375 0.45835577812499995 0.6293187687499999 0.4595972671875 0.6216471734375 0.4717123703125 0.62602495625 0.5017903984375 0.6398447046875 0.5169575296875 0.653916065625 0.527323559375 0.6640212921875001 0.5307417265625001 0.689254665625 0.5243612875 0.691875834375 0.546644390625 0.69901669375 0.5653129296875 0.6988154015625 0.5691538140625 0.7082161046875 0.5860150703125 0.7265921125 0.607198134375 0.730100809375 0.6073820171875 0.7397485984375 0.604036203125 0.7445199031249999 0.5956205359375 0.7474842703125 0.5803701625000001 0.7479143625 0.5515069625 0.72391625 0.5136606687499999 0.7163590531249999 0.5132646125 0.7171870375 0.5181222953125 0.7202748671875 0.521172696875 0.7180012687499999 0.533570696875 0.708911565625 0.5417600484375 0.71027935 0.5466460203125 0.7059609499999999 0.546419703125 0.6946023390625 0.5256044046875 0.6919033421874999 0.52546295625 0.6916151578124999 0.5206335640625 0.685389175 0.5154929828125 0.67957953125 0.49207992031250003 0.676857715625 0.4717172578125
1 0.64512393125 0.45753700625000004 0.6497442671875 0.4520019984375 0.6621093390625 0.4536128828125 0.65704985 0.4571991578125 0.6589574328125 0.4621134203125 0.65443774375 0.46572798593750003 0.65600681875 0.46677307656249994 0.662095584375 0.4642036015625 0.665096521875 0.458583725 0.6720132734375001 0.46087193125 0.676706746875 0.4745979203125 0.677671946875 0.4871656578125 0.6815374390625 0.49603396093749996 0.6858786515624999 0.51648149375 0.6921046343749999 0.5216220734375 0.7018438453125 0.5423525015624999 0.7080698265625001 0.5474930812500001 0.7107688265625 0.5476345296875 0.7191677609375 0.5422975531249999 0.7217570515625 0.5135475109375001 0.68972601875 0.4637259328125 0.6774615921875 0.46019460937499995 0.668586934375 0.453952359375 0.6662401984375 0.44708936718750003 0.6371460265625 0.403198853125 0.61377460625 0.374051125 0.60896673125 0.372836296875 0.595220121875 0.3769301578125 0.593449753125 0.3797259515625 0.5895064343749999 0.392999303125 0.590558525 0.41423731718749995 0.5943736937499999 0.42406584062499997 0.60490431875 0.44002345624999994 0.6182345890625001 0.4542020796875 0.6282894921875 0.458580465625 0.64512393125 0.45753700625000004
1 0.6023884875000001 0.3744172609375 0.6093189921875 0.366114753125 0.6054535015625 0.35724644687499996 0.5977087671875 0.3501005578125 0.5894379859375001 0.332335659375 0.576748159375 0.3162648859375 0.5664188265625001 0.2964663875 0.55730630625 0.2844345234375 0.55254875625 0.282259475 0.5475395890625 0.28488553125 0.5456913890624999 0.3098229796875 0.5467572359374999 0.3204702765625 0.55013325 0.3283500703125 0.5640398890625 0.352187478125 0.5757004390625 0.367241453125 0.587223771875 0.3745853703125 0.590192671875 0.3747409640625 0.6023884875000001 0.3744172609375
1 0.384090615625 0.0779707796875 0.38884816718750004 0.080145828125 0.38869719687500004 0.083026490625 0.376821603125 0.0824041171875 0.372539775 0.0918082953125 0.355417153125 0.0880223640625 0.3514372609375 0.09166521875 0.3583540125 0.09395342500000001 0.358102396875 0.09875452968750001 0.342146265625 0.1036954515625 0.3375259296875 0.109230459375 0.3324526875 0.12340745156249999 0.3295614578125 0.1579188171875 0.331016134375 0.1714750671875 0.3369905015625 0.18141675 0.338207315625 0.1891833859375 0.3520911390625 0.1927995796875 0.35433723125 0.20158301406249998 0.353545815625 0.20635582812500003 0.3585046609375 0.20468999375000002 0.3605128890625 0.207683815625 0.37282763750000003 0.21025491875000002 0.3698267 0.21587479531249998 0.3730151765625 0.21700475312499998 0.3759520375 0.2229358171875 0.3724616234375 0.22756718125000003 0.3781981296875 0.2317192515625 0.37678002187500004 0.22779349999999998 0.381889834375 0.223247003125 0.386546740625 0.22734249375 0.384675725 0.232058728125 0.392269490625 0.24208528125 0.402964840625 0.24457151562499999 0.41558152656249997 0.24138129687499998 0.42217352343750003 0.229209615625 0.4306318421875 0.253724346875 0.43038022812500004 0.25852545 0.4370178546875 0.286796196875 0.4445613 0.2977829703125 0.447685696875 0.3104638671875 0.46218246093750004 0.3333693453125 0.4727771640625 0.3377760203125 0.473266640625 0.3387645328125 0.47714588437499994 0.33704211875 0.4849181265625 0.3230065734375 0.4912632 0.2742333453125 0.49143261406249994 0.21935931718749999 0.4885460765625 0.212468034375 0.48950221562499996 0.194223840625 0.485449184375 0.1786057015625 0.4777547734375 0.170499590625 0.47612162031249994 0.1810054390625 0.473321975 0.18278443125 0.4694061625 0.1748763484375 0.47142814531250005 0.1672794515625 0.46721039375 0.16513269218749999 0.45282803125 0.12971605625 0.41770916874999997 0.076844078125 0.40682628125000003 0.067608009375 0.397196778125 0.07576907031249999 0.384090615625 0.0779707796875
1 0.20981430156249997 0 0.21045826406249998 0.0033967484375000004 0.213985246875 0.0083958796875 0.22038501250000003 0.030877012500000002 0.23218277812500002 0.053641040625000004 0.24428248125000002 0.07064374531249999 0.248047325 0.08143249062499999 0.259520334375 0.08973663125 0.2628460265625 0.09857664375 0.2939896890625 0.113688828125 0.2972284875 0.113858565625 0.3075350046875 0.11343584843750001 0.3237427515625 0.1036938234375 0.33190382500000004 0.0925672296875 0.33564585468749997 0.0831347609375 0.33965325 0.058310471875000006 0.341817140625 0.01702098125 0.34399009375 0.006543423437499999 0.3422601640625 0 0.20981430156249997 0
1 0.1671445265625 0.5923215984375 0.169591909375 0.59726415 0.16928997031249998 0.603025475 0.16147646875 0.6488331703125 0.1627939296875 0.6546793656250001 0.25075378125 0.6804720234375 0.25345278125 0.680613471875 0.2551728265625 0.6787778984374999 0.25897893125000004 0.6577944921875 0.2612662828125 0.6348057734375 0.259797853125 0.6318402421875 0.168439171875 0.5779465781249999 0.1671445265625 0.5923215984375
3 0 0.7131932296875 0.01978825625 0.615410440625 0.0194497484375 0.6115412671875 0.0126839671875 0.6063723984375 0.0057168953124999995 0.6050444125000001 0 0.6012366499999999 0 0.7131932296875