8 0.17418121875 0.8162241890624999 0.17188858906249999 0.8171964703124999 0.160178134375 0.8362257625 0.159468078125 0.8443117687499999 0.1627922046875 0.849431290625 0.17880528906249998 0.8446493015625001 0.192416278125 0.8145178828124999 0.19133178906249998 0.8114620531250001 0.18559137812499998 0.814398753125 0.186054134375 0.82048063125 0.1825356984375 0.8264930171874999 0.17418121875 0.8162241890624999
7 0.171086728125 0.7979487765625 0.235425184375 0.7950226078125 0.24175200000000002 0.79108384375 0.2452918375 0.6534728421875 0.24205603125000003 0.6432933609375 0.231302934375 0.6400687656249999 0.09821740625 0.6377457484375 0.09192591875 0.63966053125 0.09071777812500001 0.6436886421875 0.0884002640625 0.74386588125 0.108804303125 0.748271234375 0.110051253125 0.7746128 0.1136791578125 0.794922121875 0.164314821875 0.794793671875 0.171086728125 0.7979487765625
7 0 0.7442418609375 0.0861076328125 0.7448381640624999 0.08962258749999999 0.7064321203125 0.0913748421875 0.6386386109375 0.084585271875 0.6364954984375 0 0.6350190578125 0 0.7442418609375
7 0.6170438203125 0.736896590625 0.641570365625 0.733275503125 0.6425737546875 0.643198325 0.5077643359375 0.6418575171875001 0.504867634375 0.6448438546874999 0.5038289171875 0.736945015625 0.6170438203125 0.736896590625
7 0.736288725 0.782506915625 0.7370306281250001 0.7400032671875 0.746324803125 0.7290302 0.7775702609375 0.731600190625 0.7785206546875 0.6445589875 0.6466079375 0.640231840625 0.6448487203125 0.643238034375 0.6427220328125001 0.6998897078125 0.644396409375 0.7343371328125 0.7210315265625 0.734662503125 0.728428846875 0.7439023234375 0.7272065234375 0.7813360859375 0.733392025 0.7854932531250001 0.736288725 0.782506915625
7 0.793343265625 0.642793115625 0.783052925 0.645650396875 0.78053761875 0.7245658875000001 0.7832400125000001 0.73271145625 0.9140152468749999 0.7370187453125 0.9172406078125 0.6500172515625 0.9150362984375 0.645929575 0.793343265625 0.642793115625
7 0.9196392234375 0.64297301875 0.9178623421875001 0.6469912046874999 0.91552368125 0.715786778125 0.9168412890625 0.738080375 0.9690771921874999 0.74405365625 0.9958389875 0.7427476875 0.9975356718749999 0.6455447140625 0.9725321906250001 0.6438962703125 0.9196392234375 0.64297301875
7 0.961559903125 0.751008540625 0.9593095625 0.81474415625 0.9594506218750001 0.96962850625 0.964233671875 0.9889456953125 0.9817410093750001 0.9963373859375 0.9914144609375001 0.99622866875 0.995773665625 0.746489925 0.965043009375 0.7470201390625 0.961559903125 0.751008540625
7 0.7421846328124999 0.7380686328125 0.7404604859374999 0.902031125 0.743452471875 0.9587721453125001 0.8247471875000001 0.96221575 0.8325682562500001 0.9704506671875001 0.8458259546875 0.9605590812499999 0.849630503125 0.9707484890625 0.854872828125 0.9637538953125 0.8747257890625001 0.9671373296875 0.9054731640625 0.965649428125 0.934924075 0.9732495953125 0.95266105 0.9674853953125 0.955575415625 0.963487065625 0.956995528125 0.9473150546875001 0.9545899484374999 0.88957196875 0.9552930421875001 0.816698646875 0.9580061375 0.7590449078125 0.9564765562499999 0.748895209375 0.8457132640625 0.7388634296875 0.7473562984375001 0.7351220046875 0.7421846328124999 0.7380686328125
7 0.634327478125 1 0.6340985906250001 0.9983676640624999 0.6835791078125 0.99923135 0.6882526921875 0.992226828125 0.6967484875000001 0.994399721875 0.6983840531250001 0.998477471875 0.7217554515625 0.9958485203125 0.7270507703125 0.9858179515625001 0.725072615625 0.936180725 0.726118553125 0.7458865968749999 0.7239672374999999 0.7387629453125 0.697840453125 0.7362823015625 0.503775925 0.7399809921875 0.5013773078125 0.7470252234375 0.49773496406250006 0.9231018328125 0.49745581562499996 0.97168735625 0.49937749374999996 0.9919668984375001 0.526677090625 0.9924434156249999 0.5294324765625 0.997553009375 0.533519653125 0.9915505515625 0.5864302828125 0.9914618109375001 0.5857473390625 1 0.634327478125 1
7 0 0.99134863125 0.1005483328125 0.9931037093749999 0.10113473749999999 0.9921016453125 0.102335915625 0.9232862171875 0.1050348265625 0.8990381281250001 0.10378439531250001 0.84030290625 0.10679778437500001 0.765445309375 0.10644101406249999 0.753291484375 0.10253048125 0.7491740265625 0 0.74738435 0 0.99134863125
1 0.1170490578125 0.8951986375000001 0.1092103265625 0.8879757125 0.1062959609375 0.8919740421875 0.10344620625 0.9931542921875 0.1402591328125 0.9937968640625 0.13884484531250002 0.95024328125 0.1335813734375 0.9258562078124999 0.1170490578125 0.8951986375000001
5 0.12919042187500002 0.9166688640625 0.1331362828125 0.9187623390624999 0.174156334375 0.915429146875 0.1806774578125 0.900358475 0.18979498749999998 0.899505321875 0.1887988203125 0.8913895359374999 0.17349578906250002 0.8880855203125 0.11823953437500001 0.8921825171875 0.11760013437500001 0.89622055625 0.12919042187500002 0.9166688640625
3 0.45087599375 0.6742704234375 0.454376765625 0.6692700312500001 0.45917799531250003 0.361614659375 0.3477223109375 0.35865689375 0.300569753125 0.3547969421875 0.2972102953125 0.351701403125 0.2863335484375 0.35556074843749996 0.16576033437499998 0.353456134375 0.1641740203125 0.47692903593749997 0.165756596875 0.484042759375 0.16387372656250002 0.49413289374999997 0.1623227421875 0.6155818140625 0.1642620875 0.6348493625 0.2421266890625 0.6392453953125 0.24813554531249998 0.653522478125 0.246768425 0.6666585140625 0.248351 0.6737722374999999 0.2864036921875 0.67747335 0.31720405937499996 0.6729494734375 0.3420307 0.6754074218749999 0.348255209375 0.6866513703125 0.348611978125 0.6988051984375 0.350851615625 0.700868890625 0.3532855625 0.6918006765625 0.35177364375 0.6806389875 0.3572650109375 0.6756733390624999 0.44232720781249996 0.67513350625 0.45087599375 0.6742704234375