3 0.4057291671875 0.26203703749999996 0.2869791671875 0.2666666671875 0.2947916671875 0.471296296875 0.296875 0.49351851875 0.3 0.5833333328125 0.3015625 0.5916666671875 0.4171875 0.5935185187500001 0.41979166718750005 0.5990740734375 0.4213541671875 0.6768518515624999 0.42291666718750004 0.678703703125 0.43125 0.6768518515624999 0.4302083328125 0.6740740734374999 0.43385416718750003 0.671296296875 0.4583333328125 0.6703703703125 0.48020833281249997 0.671296296875 0.4828125 0.672222221875 0.48541666718750004 0.678703703125 0.49010416718750005 0.6777777781250001 0.4916666671875 0.6546296296875 0.490625 0.597222221875 0.4927083328125 0.5935185187500001 0.5526041671875 0.5944444437499999 0.5963541671875 0.5916666671875 0.596875 0.3111111109375 0.5953125 0.252777778125 0.5947916671875 0.252777778125 0.46875 0.259259259375 0.4234375 0.259259259375 0.415625 0.25555555625 0.4057291671875 0.26203703749999996
7 0 0.827777778125 0.040625 0.8268518515625001 0.0484375 0.8222222218749999 0.06875 0.8222222218749999 0.0671875 0.8175925921875 0.0734375 0.8101851859375 0.0734375 0.7916666671875 0.07083333281250001 0.76851851875 0.07083333281250001 0.7361111109375 0.0723958328125 0.7240740734375 0.0713541671875 0.66944444375 0.0671875 0.6648148140625 0.0135416671875 0.6648148140625 0.0125 0.6648148140625 0 0.665740740625 0 0.827777778125
7 0.0744791671875 0.728703703125 0.07291666718749999 0.7490740734375 0.0739583328125 0.8111111109375001 0.0760416671875 0.8194444437499999 0.1041666671875 0.8194444437499999 0.1145833328125 0.825 0.2130208328125 0.825 0.21614583281250002 0.821296296875 0.2244791671875 0.8222222218749999 0.22760416718749998 0.8111111109375001 0.22760416718749998 0.7916666671875 0.225 0.7370370375 0.2244791671875 0.6796296296875 0.22291666718749997 0.665740740625 0.22395833281250002 0.6611111109375 0.21875 0.6583333328125 0.1973958328125 0.6574074078125001 0.19453125 0.6574074078125001 0.0796875 0.6601851859375001 0.0744791671875 0.665740740625 0.07291666718749999 0.7046296296875 0.0744791671875 0.728703703125
7 0.2265625 0.74444444375 0.2296875 0.7824074078125001 0.23020833281250003 0.81851851875 0.2322916671875 0.825 0.2916666671875 0.825 0.3213541671875 0.828703703125 0.3161458328125 0.8333333328125001 0.3203125 0.8361111109375001 0.31979166718749996 0.8388888890624999 0.3098958328125 0.8435185187500001 0.3083333328125 0.8490740734375001 0.3104166671875 0.85 0.31197916718749996 0.847222221875 0.3270833328125 0.8462962968750001 0.3260416671875 0.8296296296874999 0.32760416718749996 0.827777778125 0.3739583328125 0.8268518515625001 0.38229166718749996 0.8240740734375 0.38333333281250004 0.7870370375 0.3791666671875 0.66851851875 0.36875 0.665740740625 0.2598958328125 0.665740740625 0.259375 0.6648148140625 0.2270833328125 0.665740740625 0.2234375 0.66944444375 0.22552083281250002 0.68148148125 0.2265625 0.74444444375
7 0.6729166671875 0.8574074078124999 0.7369791671875 0.8574074078124999 0.7484375 0.8611111109375 0.7552083328125 0.85648148125 0.8369791671875 0.853703703125 0.8427083328125 0.8490740734375001 0.8447916671875 0.6777777781250001 0.75625 0.6768518515624999 0.7546875 0.6768518515624999 0.6729166671875 0.68148148125 0.6708333328125 0.7981481484375 0.6713541671875001 0.8490740734375001 0.6729166671875 0.8574074078124999
7 0.8447916671875 0.8490740734375001 0.8828125 0.85 0.8921875 0.8546296296874999 0.9125 0.852777778125 0.915625 0.85555555625 0.9375 0.852777778125 0.9994791671875 0.852777778125 0.9994791671875 0.6731481484375 0.865625 0.6731481484375 0.8651041671874999 0.6731481484375 0.8484375 0.6759259265625001 0.846875 0.772222221875 0.84375 0.8361111109375001 0.8447916671875 0.8490740734375001
7 0 0.665740740625 0.0671875 0.6648148140625 0.075 0.6564814812499999 0.0947916671875 0.6564814812499999 0.0984375 0.6537037031249999 0.0958333328125 0.6268518515625 0.09322916718749999 0.6268518515625 0 0.6324074078125 0 0.665740740625
1 0.196875 0.63055555625 0.19583333281249998 0.61851851875 0.1942708328125 0.6166666671875001 0.1911458328125 0.6166666671875001 0.1109375 0.634259259375 0.1109375 0.6546296296875 0.196875 0.6555555562500001 0.196875 0.63055555625
8 0.0302083328125 0.9129629625 0.0390625 0.902777778125 0.0427083328125 0.8879629625 0.0416666671875 0.8833333328125 0.0375 0.88148148125 0.0359375 0.88148148125 0.021354167187500002 0.8916666671875 0.0203125 0.9046296296874999 0.0223958328125 0.9120370375 0.0302083328125 0.9129629625
8 0.1848958328125 0.871296296875 0.1916666671875 0.86851851875 0.19479166718750002 0.8611111109375 0.1942708328125 0.8453703703125001 0.1864583328125 0.8425925921875 0.1854166671875 0.840740740625 0.1807291671875 0.8435185187500001 0.1770833328125 0.8518518515625001 0.17916666718750002 0.8648148140625 0.1848958328125 0.871296296875
8 0.3057291671875 0.9083333328125001 0.3145833328125 0.9074074078125 0.325 0.8925925921875001 0.3265625 0.8879629625 0.3260416671875 0.88055555625 0.31979166718749996 0.877777778125 0.3177083328125 0.877777778125 0.3098958328125 0.88055555625 0.3046875 0.8879629625 0.303125 0.9 0.3057291671875 0.9083333328125001
8 0.86875 0.9046296296874999 0.8802083328125001 0.9055555562500001 0.8817708328125 0.897222221875 0.8807291671874999 0.8888888890625 0.8744791671875 0.8796296296874999 0.8661458328125 0.875 0.8628473953125001 0.875 0.85625 0.875 0.8505208328125 0.8796296296874999 0.8515625 0.8898148140625001 0.86875 0.9046296296874999