8 0.146875 0.15703125 0.046875 0.0515625
8 0.4265625 0.5078125 0.05625 0.0390625
8 0.50546875 0.69765625 0.0484375 0.034375
8 0.6171875 0.846875 0.0359375 0.0359375
8 0.659375 0.94453125 0.0453125 0.0328125
1 0.725 0.4265625 0.15 0.1078125
1 0.83203125 0.5953125 0.1734375 0.08125
1 0.14453125 0.69453125 0.28125 0.21875
1 0.31953125 0.878125 0.21875 0.2046875
1 0.46015625 0.9109375 0.1609375 0.178125
7 0.2859375 0.0765625 0.265625 0.1453125
7 0.5875 0.55625 0.1875 0.1421875
7 0.66171875 0.69140625 0.1703125 0.1140625
7 0.73125 0.815625 0.1578125 0.09375
7 0.7875 0.92109375 0.18125 0.084375
7 0.834375 0.97578125 0.1625 0.021875
7 0.828125 0.73125 0.15625 0.10625
7 0.090625 0.8875 0.1515625 0.1828125
7 0.1328125 0.9953125 0.215625 0.009375