1 0.580750371875 0.45125477968750005 0.581238984375 0.44193147499999996 0.58458306875 0.4337965875 0.58130851875 0.42946990312500005 0.58382968125 0.4036328328125 0.5812066171875 0.38687507499999996 0.5847831046875 0.36317084843749997 0.5872737828125 0.3601850734375 0.6153703484374999 0.3585412484375 0.6191878015625 0.35250870624999997 0.622204259375 0.27268165624999996 0.6200936140625 0.26841596874999996 0.6064177421875 0.267699246875 0.6012692328125 0.2601580484375 0.6107804984375 0.190020290625 0.6201203328125 0.08974927499999999 0.6155190078125 0.08846936093749999 0.612756878125 0.0966347484375 0.602744590625 0.1986021484375 0.5884491640625 0.19300502656250001 0.5904359875 0.2107682078125 0.584655515625 0.22085294531250002 0.5734898484375 0.22234531406250002 0.550087946875 0.23462285624999998 0.5431045234375 0.2342568703125 0.5397518781249999 0.20915073281250002 0.5365144921875 0.1373060765625 0.534403846875 0.1330403921875 0.5301130203125 0.136970590625 0.5353457921875 0.25981945156249997 0.53960613125 0.2787405515625 0.527393703125 0.31134110000000004 0.5200083249999999 0.3743188953125 0.5108923328125 0.425779546875 0.5113504609375 0.4393075421875 0.514772640625 0.4519521046875 0.514051621875 0.47684475 0.52537348125 0.5169112874999999 0.5313406296875 0.5255341578125 0.54890776875 0.5243772765625 0.5666682640625 0.497261328125 0.580750371875 0.45125477968750005
1 0.6745312921875 0.5101855640624999 0.67820111875 0.4958351421875 0.6768352953125001 0.4884921859375 0.6788830875 0.46055276875000006 0.628190415625 0.42569427187500003 0.6183686484375001 0.49062191874999994 0.6163056124999999 0.5299869828125 0.6195106296875 0.5467752375 0.6325935874999999 0.575507621875 0.6483062890625 0.576331090625 0.6562516984375 0.569476115625 0.6685031734375 0.5472652921875001 0.6752065828125 0.5195698671875 0.6745312921875 0.5101855640624999
1 0.2928499453125 0.23256803124999997 0.2589643453125 0.21105557031250002 0.255837425 0.2150467671875 0.246638540625 0.36830233749999997 0.24833010625 0.36942975625 0.2604034671875 0.36175235156249996 0.26485716406250004 0.3547143828125 0.280142221875 0.3191585578125 0.29073261875 0.27296901875 0.2946348484375 0.2430492546875 0.295069171875 0.23476187187500003 0.2928499453125 0.23256803124999997
1 0.3477305109375 0.4992912703125 0.33907076406250003 0.486372215625 0.30940645624999996 0.47339112656250004 0.30994936093750003 0.4630319 0.31642036562500003 0.450905815625 0.31728901249999997 0.4343310515625 0.3138125421875 0.42272240937500005 0.314774528125 0.41550144843750003 0.3098627015625 0.4090114234375 0.31305915781250004 0.3925586546875 0.31339157968750003 0.34167644375 0.3053137859375 0.3287878890625 0.3014182359375 0.3140409796875 0.30272120625 0.289178834375 0.29985049375 0.299416065625 0.30125536406250003 0.3171487484375 0.2990208953125 0.32638055625 0.30107724999999996 0.331682165625 0.3015744265625 0.355599884375 0.293357565625 0.3676344734375 0.285520740625 0.372417603125 0.28285194687500004 0.38993679375 0.2840548984375 0.40038751718750004 0.29018491874999996 0.40590261875 0.2898439328125 0.423543803125 0.28490162343750003 0.439905075 0.280821278125 0.48435825781249997 0.2843606015625 0.5281720015625 0.2896372171875 0.5388362171875001 0.30675478906250003 0.5573923671875 0.3166479734375 0.557910846875 0.3355028390625 0.54331746875 0.34745905781249997 0.504470884375 0.3477305109375 0.4992912703125
1 0.1856087671875 0.586361484375 0.19591246874999999 0.5567772078125001 0.19614487187500002 0.5412078671875 0.1888509484375 0.53563176875 0.1738745078125 0.49849000625000006 0.1657271796875 0.4980630234375 0.1594428515625 0.528896715625 0.1619182890625 0.5373365921875 0.16041339999999998 0.5549167796875001 0.14035558125 0.559059434375 0.1399212578125 0.567346815625 0.143506309375 0.5768836125 0.15142123125 0.5928799359375 0.15602255625 0.5941598499999999 0.15902565468750002 0.6036661484375 0.16415464062500001 0.60601248125 0.1662262390625 0.5998884421875 0.1817913140625 0.5923940296875 0.1856087671875 0.586361484375
1 0.0912935046875 0.5710309515625 0.0857997265625 0.5645104265625001 0.07828864375 0.5630780203125 0.07306631875 0.55137788125 0.069628896875 0.550158965625 0.0616682453125 0.5684395906249999 0.06481897343750001 0.5862637687500001 0.06771348906249999 0.5978419109375 0.075845575 0.60969454375 0.0901229203125 0.6156366281250001 0.1089777859375 0.60104325 0.115518325 0.57645559375 0.10129526874999999 0.5694775859375001 0.0912935046875 0.5710309515625
1 0.028269378125 0.4596961265625 0.039821759375 0.40628562500000004 0.03985224375 0.3834343265625 0.0061102515625 0.37031648125 0.00026331875 0.481882621875 0.0025787156249999998 0.4822413984375 0.022543196874999998 0.46874494218749996 0.028269378125 0.4596961265625
7 0.009426840625 0.663345925 0.06840590468749999 0.6737082625 0.072106215625 0.6365065390625 0.0709032640625 0.626055815625 0.0374910359375 0.6066456984374999 0.015012071875 0.60131255625 0.0092401625 0.6446383171875001 0.009426840625 0.663345925
7 0.0892152265625 0.621821665625 0.0870893375 0.628981628125 0.083428075 0.6765730765625 0.13304161875 0.6874833578125 0.13553229687499999 0.6844975828125001 0.13661810624999998 0.6637791281250001 0.10848249375 0.655033228125 0.10814818906250001 0.6280077390625001 0.09345176093749999 0.6189273890625 0.0892152265625 0.621821665625
7 0.20352733750000002 0.6787121421875 0.1597333125 0.6681068484375 0.1578788765625 0.6700871984375001 0.15626540625000002 0.6897392328125 0.201277625 0.6993695984375 0.20352733750000002 0.6787121421875
7 0.246405103125 0.6622614453125 0.2404617609375 0.675453953125 0.2319344015625 0.682278428125 0.22151355625 0.6806935265625 0.220955409375 0.702478403125 0.259729028125 0.7086655140625 0.26169204687500003 0.7046133203125 0.263498871875 0.65900221875 0.2619158875 0.6558029546874999 0.254878175 0.65647289375 0.253497109375 0.6605555859375001 0.246405103125 0.6622614453125
7 0.27533314999999997 0.711560828125 0.3070147640625 0.7194537999999999 0.312942865625 0.7176869421875 0.31359435 0.70525586875 0.312228528125 0.6979129125 0.278110525 0.6919697921875 0.2756741359375 0.6939196421875 0.27533314999999997 0.711560828125
7 0.33131579843750003 0.6677501953125 0.3288794078125 0.66970004375 0.32804981093749996 0.696664534375 0.3295785046875 0.7008997234375001 0.36475183125 0.7089756859375 0.3677701703125 0.707056334375 0.368964559375 0.684266034375 0.370927578125 0.680213840625 0.3677073171875 0.6748512343749999 0.33131579843750003 0.6677501953125
7 0.39345226875 0.6512700375 0.3901777203125 0.646943353125 0.3837219578125 0.6476437890625 0.378197696875 0.6639745625 0.38221706875 0.6652239765625 0.38400197343750003 0.6757052 0.3845924859375 0.7089767234375 0.3878670359375 0.7133034078125 0.418493328125 0.719063534375 0.42231078125000004 0.7130309921875 0.423396590625 0.6923125359375 0.4067914375 0.68624845625 0.39691349531250003 0.6743043281250001 0.39345226875 0.6512700375
7 0.3029001703125 0.6309428828125 0.2990284265625 0.6380113484375001 0.293154615625 0.6387422843749999 0.28726556406250003 0.6508988687499999 0.28053835 0.6567789171875 0.2690078921875 0.6540970953125 0.2681392453125 0.670671859375 0.308441559375 0.6810941578125 0.31326004531249996 0.6782303796875 0.3142220296875 0.6710094203125 0.31396582031250003 0.6647633859375001 0.308580625 0.6561710140625 0.3067023828125 0.6363359890625 0.3029001703125 0.6309428828125
7 0.21750086406250002 0.6347774390625001 0.21531212187499998 0.6097323 0.20663713281249999 0.6082388937500001 0.196891578125 0.616038296875 0.194036109375 0.614849878125 0.18889187968750001 0.62392919375 0.187604153125 0.6373656890625 0.1912130078125 0.6687178625 0.22907893281249997 0.6810900109375 0.2408808421875 0.6785922203125 0.2457298140625 0.6528771421874999 0.24303721718750002 0.648580959375 0.22008488124999998 0.64114546875 0.21750086406250002 0.6347774390625001
7 0.1733420484375 0.6199979578125 0.15966189687500001 0.6026607234375 0.15600731406249999 0.6055854984375 0.13914595000000002 0.5932753843749999 0.1284536546875 0.5968700953125 0.120794940625 0.5871198093750001 0.1165584046875 0.590014084375 0.113105740625 0.60022081875 0.1113684484375 0.6333703453124999 0.12035393750000001 0.6400738640625 0.11959387031249999 0.6545767828125 0.144928303125 0.66109834375 0.159104184375 0.650414821875 0.1701846421875 0.646840453125 0.17476216093750002 0.626304990625 0.1733420484375 0.6199979578125
7 0.279752596875 0.5715587625 0.27214817187499996 0.5607725515624999 0.272869190625 0.53587990625 0.26514094374999997 0.5385911890624999 0.26083487656250004 0.5539470390625 0.251360775 0.5565668265625 0.24414494687500002 0.5717701796875 0.2391397828125 0.5559263515625 0.2284084390625 0.5491313359375 0.224808146875 0.5510201890624999 0.222573678125 0.5602519984375001 0.2190838484375 0.637976703125 0.24774712187499998 0.647789025 0.2853568375 0.6539151390625 0.29126113125 0.6303329062499999 0.2886561453125 0.6132301874999999 0.292920328125 0.5764039265625 0.288536165625 0.570980321875 0.279752596875 0.5715587625
7 0.3579208328125 0.5943532109375 0.35491773437499996 0.5848469125 0.3563140421875 0.5693385703125 0.35373002656249997 0.5629705390625 0.34912870156250003 0.5616906265625 0.3446207140625 0.569764515625 0.344077809375 0.58012374375 0.33624098281250003 0.584906871875 0.32327516875 0.58734366875 0.3220179265625 0.5779288671875 0.310324596875 0.5783548125 0.3059404328125 0.5729312078125 0.30323259375 0.580060671875 0.3041640921875 0.5956910093750001 0.3090216265625 0.6032169578125 0.309853109375 0.6541601671875 0.3118551734375 0.6604976984375 0.3527394390625 0.6709504953125001 0.3708885296875 0.6698241140625 0.37012658125 0.6064193328124999 0.3579208328125 0.5943532109375
7 0.445059315625 0.6352768234374999 0.3950266921875 0.621228278125 0.3956562546875 0.6648895265625 0.39664204375 0.6794839421875001 0.400498546875 0.683841125 0.4379996796875 0.692039084375 0.44440115156250004 0.6923745703125 0.4470004109375 0.6873169515625001 0.447938590625 0.6582806156250001 0.445059315625 0.6352768234374999
7 0.5040774296875 0.6560288875 0.462774084375 0.6424378234375 0.4606415140625 0.694264459375 0.48697698125000005 0.7039547875000001 0.5032716359375 0.7048087546875 0.50661571875 0.696673865625 0.5087025609375 0.6791241765625 0.507553896875 0.6676375296875 0.509625496875 0.6615134890625 0.5040774296875 0.6560288875
7 0.52062829375 0.663128890625 0.5185024046875 0.670288853125 0.5181461765625001 0.6993556875 0.52156835625 0.7120002515625 0.560923925 0.7182178625 0.56337555625 0.7048423625 0.5632584125 0.673673184375 0.537954465625 0.644300325 0.5301023953125 0.6605091015625 0.52062829375 0.663128890625
7 0.5986860671875001 0.6100874843749999 0.5925017578125 0.60560830625 0.5880242546875001 0.5908308984375 0.5863479328125 0.5782778296875 0.5886909828125 0.5669741765625 0.5865260453125 0.5637444140625 0.58165326875 0.5676441140625 0.5784025234375 0.5851328046875001 0.5695103734375 0.5877830921875 0.5650023875 0.5958569828125 0.56161925625 0.59360214375 0.558779028125 0.5809880781250001 0.5529595109375001 0.5806830890625 0.5499192468749999 0.6386947640625 0.5515260359374999 0.663709403125 0.554272925 0.6669696671875001 0.596740175 0.680621728125 0.6039950484375 0.6758081 0.6049875203124999 0.6457358421875 0.599873775 0.6319638578125 0.5986860671875001 0.6100874843749999
7 0.6185438484375 0.6765705703125 0.6186371859375 0.685924375 0.6219117359374999 0.6902510578125 0.6623226296875 0.6986015109375 0.6634303609375001 0.6217907328125001 0.6241986140625 0.6020756281249999 0.6194344171874999 0.603903484375 0.6185438484375 0.6765705703125
7 0.7024363828125 0.6124085046875 0.693591409375 0.63272031875 0.674906528125 0.6255084765625 0.6732168453125 0.70228875625 0.6753274921875 0.70655444375 0.7110284796874999 0.7156968296875 0.7133391609374999 0.649336775 0.711445678125 0.6409273984375 0.7070072234375 0.636539715625 0.7110570828125 0.61493783125 0.7024363828125 0.6124085046875
7 0.5247781687499999 0.6062141359375001 0.52211605625 0.579066653125 0.5164594078125 0.575653896875 0.516148909375 0.570443784375 0.508474953125 0.5721191453125 0.4956329609375 0.56105844375 0.4953224625 0.55584833125 0.49077542812499997 0.5535324968750001 0.48701226406250003 0.5585291171875 0.48178993906249995 0.546828978125 0.46412946093749996 0.53863205625 0.46025771718749997 0.5457005234375 0.45788418125 0.579855475 0.462144521875 0.5987765734375 0.463356034375 0.6424683234375 0.5156078875000001 0.658710709375 0.5268278453125 0.65618241875 0.5291166046875 0.6459146875 0.5235837796875 0.6290044359375 0.5247781687499999 0.6062141359375001
7 0.446455625 0.6197684812500001 0.44979970781249995 0.6116335937499999 0.45198656562500006 0.5587710328125 0.4489987109375 0.5378390875 0.44350493437500005 0.5313185640625 0.43593955781249993 0.5309220781249999 0.43557476875 0.5267478890625 0.379101625 0.501974128125 0.375175590625 0.51007851875 0.3755251375 0.52567835625 0.3734535390625 0.5318023968750001 0.3739354734375 0.5671457656250001 0.37701666718750004 0.5974315156250001 0.37583751875 0.6087961671875 0.377948165625 0.6130618546875 0.43934837812499994 0.6328999890625 0.44400399375 0.6331439796875 0.44596701093749996 0.6290917859375 0.446455625 0.6197684812500001
7 0.7906654718749999 0.5100392921875 0.7822076453125 0.504402196875 0.7754566265625 0.48846687031249997 0.76657971875 0.47969150625 0.7691942203125001 0.46320824062500005 0.77422986875 0.456200771875 0.7774263218749999 0.4397480015625 0.776006209375 0.4334409703125 0.763730928125 0.4338364171875 0.7595334406250001 0.44712041874999997 0.76042589375 0.45236103125 0.750191725 0.46948373749999994 0.7244534546875 0.44839825937500005 0.7151422234375 0.44791027968749997 0.7152984140624999 0.48946918281249996 0.7214065109375001 0.5510766078125 0.721053621875 0.5578101046875 0.7154284015625 0.5704999 0.709209325 0.57225150625 0.728546125 0.5930014984375 0.7705790515625 0.6149409421875001 0.780472234375 0.615459421875 0.7844135125 0.5959293828125001 0.78407064375 0.5356628703124999 0.7932342453125 0.527832971875 0.7906654718749999 0.5100392921875
7 0.8183362750000001 0.549923871875 0.813393965625 0.5662851453125 0.7869889671875 0.569056390625 0.7859031578125 0.5897748453125 0.7790911687500001 0.6195421156250001 0.789077690625 0.6294144 0.8231804500000001 0.6467831687500001 0.8429125265625 0.64885605 0.84291920625 0.6041893765624999 0.83910843125 0.565555246875 0.8343747203125 0.5445318046875001 0.8280275390625 0.54316039375 0.8183362750000001 0.549923871875
7 0.8971493171875 0.604953921875 0.8939833484375 0.5985553921875 0.8891020078125 0.56921406875 0.8941528999999999 0.5507809499999999 0.8939119328125 0.533109265625 0.889892559375 0.5318598515625 0.8843835406249999 0.5367649765625 0.879061196875 0.5603777062499999 0.8736607578125 0.5632109859375001 0.8493426 0.5484325421875 0.8495292765625001 0.56714015 0.858555696875 0.662141090625 0.8822919015625 0.6768890375 0.9001152515624999 0.681978190625 0.9020782687500001 0.677925996875 0.902612609375 0.6343257437500001 0.8970645421875 0.6288411421875 0.8971493171875 0.604953921875
7 0.9505327046875 0.56620090625 0.9452951374999999 0.5659264171875 0.9444960234374999 0.570039609375 0.93845934375 0.5738783109375001 0.93589913125 0.5893256578125 0.9308634828125 0.596333125 0.913947828125 0.5850589328125 0.9086559703124999 0.5858203671875 0.9046213546875 0.5959966031249999 0.9106818406249999 0.613973275 0.9100541609375 0.6482197234375 0.9140820968750001 0.6827101609375 0.9171937765625 0.6901446140624999 0.94738574375 0.7041921234374999 0.9615697531249999 0.7007804046875 0.9620193171875 0.6810673734375 0.9481201203125 0.5899661328125 0.9505327046875 0.56620090625
7 0.4095869671875 0.4547497015625 0.4268283640625 0.45980835625000005 0.44707285781249995 0.4743733109375 0.46040346249999997 0.4761107046875 0.46347609375000004 0.47315543125000004 0.46678112812499994 0.45463081718750004 0.467408809375 0.42038436875 0.472094909375 0.3977770609375 0.4711091203125 0.3831826453125 0.47387125 0.37501725937499997 0.46977378124999997 0.3529883921875 0.47173679843749994 0.348936196875 0.47101389843749997 0.29592114375 0.4690661234375 0.2885476890625 0.456806084375 0.2775174875 0.43892844531249997 0.2734642578125 0.4346376203125 0.2773944546875 0.432216475 0.2679186578125 0.424394890625 0.2612761375 0.42446442187500005 0.24881456562499998 0.4209184203125 0.2496674953125 0.4216480015625 0.258015875 0.4156503671875 0.2722443046875 0.40475615156250005 0.268557059375 0.4014273109375 0.26526629687500003 0.4015511359375 0.251768803125 0.39843945625 0.2443343515625 0.38094185 0.2330296609375 0.3767596046875 0.23488801406249998 0.3691008921875 0.2251377265625 0.35762472500000003 0.2214199828125 0.349384059375 0.2116391953125 0.32559356250000004 0.197927171875 0.3231028828125 0.20091294375 0.315773678125 0.340762515625 0.31521553125 0.36254739375 0.31738046875000003 0.36577715624999996 0.31526314218749996 0.40617814374999994 0.3187939 0.4167508640625 0.3626812640625 0.436709959375 0.399491865625 0.4469492640625 0.4095869671875 0.4547497015625
7 0.030620140624999997 0 0.026861773437499997 0.0077582781249999995 0.0233894828125 0.040609125 0.011152842187500001 0.274098146875 0.0173475921875 0.278378109375 0.042682026562499996 0.2848996703125 0.0636170515625 0.297423275 0.0922803265625 0.30723559843750003 0.1051766078125 0.317260375 0.1282375234375 0.32262401875 0.1548834890625 0.33752445781249996 0.171015271875 0.34148619375 0.1820028265625 0.35452724375 0.21146521406250002 0.3602263734375 0.21521313593750002 0.3666554015625 0.23107346562500003 0.37579675 0.2427125046875 0.3764067265625 0.2458394265625 0.372415528125 0.248453928125 0.3559322625 0.257637571875 0.214102340625 0.25485163437499997 0.2004523515625 0.25734899375000003 0.1527999046875 0.254128734375 0.1474372984375 0.21183959843750003 0.11925182031249999 0.20602007812499998 0.11894683125000001 0.19492394531249999 0.107977628125 0.0313122453125 0 0.030620140624999997 0
7 0.16557955156249998 0.48974514375 0.16612913437500001 0.4347192421875 0.160635359375 0.4281987171875 0.150742175 0.4276802359375 0.1463970609375 0.43264635937499996 0.1460713171875 0.4388618953125 0.1393441046875 0.4447419453125 0.0779438921875 0.42490380937500005 0.0442992609375 0.4210630328125 0.036555771875 0.435199965625 0.034212721875000005 0.44650361875 0.027882665625000004 0.511614259375 0.028449373437499998 0.52307040625 0.06107773125 0.535168065625 0.1532671046875 0.5576585625 0.1668691625 0.5542163453125 0.16848263125000001 0.5345643109375 0.16140586875000001 0.524844521875 0.16557955156249998 0.48974514375
8 0.6647752921875 0.40683624375000005 0.6647600515625001 0.41826189375 0.6707814890625 0.4258488390625 0.67898310625 0.4252398984375 0.6941833890625 0.413571296875 0.6974731828125 0.4064723328125 0.6943072140625001 0.4000738015625 0.66906611875 0.4029060453125 0.6647752921875 0.40683624375000005
8 0.341817653125 0.489632478125 0.34963923750000003 0.4962749984375 0.35980387187499996 0.49161386562500003 0.364311859375 0.4835399734375 0.3599276953125 0.47811636875 0.3447426546875 0.4783593234375 0.34103378125 0.482320021875 0.341817653125 0.489632478125
8 0.0749712796875 0.3925462125 0.0781677328125 0.37609344375 0.069872778125 0.3673485796875 0.05939764374999999 0.3667996015625 0.057636543750000005 0.3781337546875 0.05894807656249999 0.38651263281250003 0.0749712796875 0.3925462125
8 0.1265469890625 0.04310683125 0.128833346875 0.0477276359375 0.144867515625 0.07211370624999999 0.150283196875 0.05785477812499999 0.15295198906250002 0.0403355875 0.1509499234375 0.0339980546875 0.1447656140625 0.029518878125 0.1291072015625 0.0276594859375 0.1265469890625 0.04310683125
8 0.32097784687500003 0.5643703734375001 0.315429778125 0.558885771875 0.307755821875 0.5605611328125 0.30615759531250003 0.56878751875 0.3141420515625 0.57232226875 0.32097784687500003 0.5643703734375001
8 0.213968221875 0.5462970203124999 0.2189886265625 0.5507152015625 0.2237528234375 0.5488873453124999 0.227461696875 0.5449266484375 0.228477971875 0.5366697640625 0.21562073750000002 0.5370347140625 0.21307576875 0.541056409375 0.213968221875 0.5462970203124999
2 0.51825390625 0.340986375 0.5244991859375 0.2997629578125 0.523296234375 0.2893122328125 0.5142716968750001 0.2722189890625 0.5013754171875 0.26219421249999997 0.5000486421875 0.2652409828125 0.494967265625 0.3065253984375 0.4915469703125 0.3717885328125 0.4817318828125 0.3920495046875 0.473111184375 0.3895201765625 0.4895534671875 0.398692025 0.493123275 0.4196544703125 0.502380215625 0.42117837343750003 0.512707721875 0.413409471875 0.51192385 0.4060970140625 0.5167575796875 0.3918075875 0.51825390625 0.340986375
2 0.2688308109375 0.39024074531249997 0.26328274218750003 0.3847561421875 0.25677269062499997 0.3864925015625 0.25035597656249997 0.39758266249999996 0.2441173765625 0.3941394078125 0.24152667968750002 0.43243805156250004 0.2429467921875 0.438745084375 0.24140285625 0.44593554687500003 0.245732728125 0.4523950734375 0.2740464546875 0.44660755625000004 0.2772819578125 0.4405445140625 0.2718339078125 0.3997470421875 0.2688308109375 0.39024074531249997
2 0.2657496171875 0.35995499375 0.2665877765625 0.36623152812500004 0.27102623124999997 0.370619209375 0.27239205312500003 0.37796216562499996 0.2776839125 0.3772007328125 0.27949930156249997 0.3648306578125 0.27756676874999997 0.346031553125 0.2710567171875 0.3477679125 0.2657496171875 0.35995499375