2 0.9015844671875 0.7986227140625 0.8972157468749999 0.7978888109375 0.8915295640625001 0.8030011015625 0.8814015234375001 0.8266404828124999 0.8761454328125 0.8606159734375 0.8746954484374999 0.9155748703125001 0.882806196875 0.9257412437499999 0.8841374125 0.9304857671875 0.8821291828125 0.9334795874999999 0.8844896734375001 0.9372073109375 0.8875775031250001 0.9341569109375 0.893227115625 0.93867511875 0.9015847890625001 0.9122399437500001 0.897014775 0.907665159375 0.9001894968749999 0.8959444812499999 0.8978793296875001 0.8931769796875001 0.8987438828125001 0.8786887984374999 0.8959304843749999 0.8663190875 0.8995306062499999 0.8420589640625 0.9036980343750001 0.8389519828124999 0.9028928671875001 0.8235884515624999 0.9075497734375 0.8194929625 0.9040593593749999 0.814861596875 0.903944959375 0.8023504390625 0.9015844671875 0.7986227140625
2 0.8815940734375 0.9749105265625 0.8795720906250001 0.9673136296875 0.8813287046875 0.9595187046874999 0.8859856109375001 0.955423215625 0.8855327031250001 0.946781228125 0.8812646281250001 0.9479677671875001 0.8805876125 0.9557061125 0.874073446875 0.9656760859375 0.8742381703125 0.9791474656249999 0.8815940734375 0.9749105265625
1 0.68907991875 0.15212757500000001 0.6753836328125 0.148993934375 0.6606215 0.156507590625 0.6540570109375 0.16551734375 0.6424605390625 0.19212225624999998 0.6358869875 0.2319439390625 0.6343957421875001 0.2551306859375 0.6360198328125 0.2964484640625 0.6501327781249999 0.43147181874999996 0.6557961437500001 0.4465807421875 0.6593231265624999 0.44158161093750004 0.6525831640625 0.4162583015625 0.650791346875 0.3717401078125 0.6523101 0.369734796875 0.6595287890625 0.37320791249999996 0.665365940625 0.370976284375 0.68991760625 0.34369241875 0.712474796875 0.3299930921875 0.71936873125 0.3479261 0.722936975 0.37469912031249997 0.729853725 0.3724109140625 0.725544390625 0.3418252984375 0.7223968546874999 0.26111018124999996 0.718613565625 0.21990555937499998 0.7116052296875 0.1894613953125 0.69768014375 0.1613054359375 0.68907991875 0.15212757500000001
1 0.550598628125 0.2364137125 0.5400680015625 0.252371328125 0.5261522984375 0.3070206703125 0.5225293609375 0.351502009375 0.5241396984375 0.382229071875 0.534743784375 0.4606276921875 0.5491811625 0.4675739265625 0.5561985593750001 0.467206159375 0.5809377640625 0.433172459375 0.613298240625 0.41029364218750003 0.62081886875 0.419528084375 0.6234081578125 0.448278125 0.62591961875 0.4548865109375 0.631367940625 0.45556383437500003 0.6281657109375 0.4461030765625 0.6260155734375 0.415404303125 0.62335314375 0.40591525468749995 0.6187875015625 0.3291258890625 0.612103921875 0.2842218328125 0.60101505 0.24821437031250002 0.5875931953125 0.2296606203125 0.5753653390625 0.2235614484375 0.5614815140625 0.22717764375 0.550598628125 0.2364137125
1 0.4232931 0.34803703750000003 0.40968839843750005 0.37763577187499997 0.3996016171875 0.4330473046875 0.3994278328125 0.45038785625 0.40139949374999995 0.45702453125 0.3999448171875 0.47058078124999997 0.401253215625 0.49554652031249996 0.4042313375 0.521387609375 0.409505871875 0.539405484375 0.4086778875 0.5442631671875 0.41780885312500005 0.584224671875 0.428028478125 0.5933176640625 0.44024257968749997 0.58882611875 0.4776350390625 0.548352140625 0.526427371875 0.51883501875 0.5292635859375 0.5109835140625 0.5182934859375 0.41527262968749995 0.5104434125 0.37909543125 0.501088340625 0.355514259375 0.491596053125 0.3396431421875 0.4745968921875 0.3251283015625 0.4624696828125 0.320949571875 0.4517240109375 0.3224755875 0.4232931 0.34803703750000003
1 0.341747090625 0.47555651093750007 0.3403152296875 0.46889154531250005 0.3195374703125 0.45457473281249994 0.3023142015625 0.456440225 0.3013490015625 0.4690079640625 0.291344421875 0.47434657187499996 0.28424013124999997 0.4833846125 0.25971128125 0.49044726406250005 0.249647315625 0.5256375828125 0.238878828125 0.5473848125 0.23081403125 0.6103932421875 0.2325250140625 0.6430407453125 0.2386412875 0.66679165625 0.2387053640625 0.67834259375 0.2451235765625 0.707854828125 0.26270379843749997 0.75411353125 0.2700231328125 0.7595070890625 0.278659928125 0.759054453125 0.295128353125 0.7427856515625 0.298504365625 0.7349058578125 0.3103662078125 0.72369276875 0.3272600296875 0.6948845171875 0.3594695390625 0.6691250375 0.3736918703125 0.6616396703125 0.383293865625 0.648619296875 0.3870587109375 0.6378305515625 0.38451974375 0.6100407296875 0.37284981250000004 0.54228940625 0.3620491265625 0.50145255 0.35432720624999997 0.48837722812499995 0.341747090625 0.47555651093750007
1 0.587887034375 0.607085565625 0.5644468453125 0.58327970625 0.54731046875 0.5764749203124999 0.519945403125 0.5913890765625001 0.4854898046875 0.625931990625 0.4902567390625 0.7065622406250001 0.492516584375 0.7083695234375 0.5624067359375 0.6373066734374999 0.587887034375 0.607085565625
1 0.6038841046875 0.5301814125 0.602552890625 0.5254368875 0.605050596875 0.5214545562499999 0.6011072765625001 0.5081812046875 0.6056132109375 0.5012050515625 0.6043323218750001 0.49742074843750006 0.6088885796875 0.49140481718749995 0.622822728125 0.48874884375 0.6342819828125 0.4698539859375 0.624853771875 0.46553380781250003 0.5615784328125 0.528547125 0.559872140625 0.537302271875 0.5642318000000001 0.56884810625 0.59016969375 0.5886716359374999 0.5983170140625 0.589207509375 0.6038841046875 0.5301814125
7 0.43037778437499996 1 0.4728465734375 0.9424120265625 0.48214663125 0.923630328125 0.48233416875 0.9168804937499999 0.487581196875 0.9137169343749999 0.48375227656249997 0.9129547406249999 0.481240815625 0.90634635625 0.48333593906249994 0.8946822593749999 0.47938792656249996 0.8400062578125 0.48025247968749996 0.8255180781250001 0.47713714375 0.80738704375 0.478001696875 0.7928988625 0.4754902375 0.786290478125 0.475169853125 0.7285357859375 0.47319819374999994 0.7218991109374999 0.47694928281250004 0.700519646875 0.4790078359375 0.698486046875 0.47685769999999994 0.6677872734375 0.47886123906250005 0.6233908046875001 0.4764001015625 0.6177426390625 0.47036165781249994 0.616133384375 0.4682665359375 0.6277974828125 0.4581109859375 0.630255428125 0.4466882984375 0.6395197875 0.4389938875 0.6476258984375 0.43733791875000005 0.6573412640625 0.41596097343749994 0.6729044531249999 0.3497990953125 0.742809053125 0.346624375 0.75452973125 0.3241175078125 0.769189278125 0.3161349109375 0.7821247812500001 0.27624474375 0.826581090625 0.2651605640625 0.8319762765625001 0.1520042296875 0.9553752281250001 0.1513775375 0.9640737953125 0.15998360625000002 1 0.43037778437499996 1
7 0.6692827171875 0.7039198921875001 0.675595590625 0.6901090359375 0.6847584328125 0.67903739375 0.690559015625 0.6864362625 0.6923431375 0.699822771875 0.6921465359375001 0.7373845390625 0.6957879203124999 0.7448965671875001 0.7043743921875001 0.743483709375 0.7231758 0.7097611984375 0.7172058031249999 0.6474883015625 0.7211581875 0.62994971875 0.74242073125 0.6018753718750001 0.7471782828125 0.5997003234375 0.745444484375 0.587274034375 0.7468625906249999 0.5833482828125 0.75637769375 0.578998184375 0.7655771062500001 0.5582960453125 0.7709566578125 0.50601978125 0.7704899968750001 0.486787078125 0.7815829171875001 0.336962728125 0.7759836296875 0.33340474375 0.7685774000000001 0.3366814609375 0.6784402265625 0.42421114062500004 0.6617339421875 0.44626955625000003 0.6487925 0.4575392265625 0.6396159046875 0.45802015156250003 0.623636959375 0.4733004421875 0.6208373140625 0.47152145 0.5863817124999999 0.506064365625 0.58653268125 0.5089450265625 0.5908510812500001 0.508718709375 0.5932115718750001 0.5124464328125 0.5966563546875 0.5575202265625 0.595540184375 0.567207303125 0.5982026140625 0.57669635 0.5975896765625001 0.5959856343750001 0.6004533984375 0.609315565625 0.599076871875 0.7586307 0.601451115625 0.7729491421875 0.6043514078125 0.7766485750000001 0.6086194828125 0.7754620375 0.6425352828124999 0.7409474125 0.6501656171875 0.7212903625 0.6543330468749999 0.718183384375 0.6524620328124999 0.7134671499999999 0.65377949375 0.70762095625 0.6580475671875 0.7064344171875 0.660444628125 0.7005316453125 0.6692827171875 0.7039198921875001
7 0.8338616140624999 0.49790878281250006 0.83417730625 0.5142608234375 0.84758540625 0.5222238578125 0.8572789875 0.5419358578125 0.8675992593749999 0.552949290625 0.8981437359375001 0.567717109375 0.930632365625 0.5679401687500001 0.9465747453125 0.5622903734375 0.95372935625 0.5542125515625 0.9575948484374999 0.5453442468749999 0.9604676296875001 0.527862246875 0.957402615625 0.5106914328125 0.94678040625 0.493916675 0.9304216921874999 0.48129398593749995 0.9273201078125 0.47375367031250004 0.9306273546874999 0.4129202890625 0.9328734453124999 0.404136853125 0.9384086593750001 0.3961439015625 0.94123111875 0.37770168125 0.9496666218750001 0.3734081625 0.954410421875 0.36064239531250003 0.963522940625 0.3486105328125 0.969634521875 0.33095879375 0.9861148171874999 0.22196195625 0.9834630109375 0.1713624984375 0.9824230015625 0.1515179375 0.9790164593749999 0.148486940625 0.9698901875000001 0.1499280859375 0.86005954375 0.26448702343749997 0.8551785296875 0.28496284374999997 0.8496617625 0.3449491640625 0.8427084421875 0.35686786875 0.83790056875 0.358082696875 0.8452199031250001 0.3634762546875 0.847141240625 0.369152709375 0.8338616140624999 0.49790878281250006
7 0.6841454953125 0.6983266765625 0.6856139234375 0.6953611453125 0.682713634375 0.6916617125 0.6723202234375 0.699909271875 0.6680293328125 0.7213170234375 0.661789596875 0.7158668859375 0.64938795625 0.7271082671875 0.6415563296875 0.742924434375 0.6476085265625 0.75512440625 0.69150171875 0.80770696875 0.721030675 0.8340823046875 0.740550359375 0.8243935984374999 0.7580480578125 0.807107996875 0.78498303125 0.7633306421875 0.790390090625 0.7322358125 0.789008553125 0.7265310671874999 0.7791777578125 0.7145291234375 0.7257832140625 0.6768873765625 0.7209753390625 0.678102203125 0.724154753125 0.7077841765625 0.7228372921874999 0.7136303703125 0.709959928125 0.7364509781249999 0.7012362390625 0.745573890625 0.6957879203124999 0.7448965671875001 0.6883679375 0.7375825671875 0.68491409375 0.7233207046875 0.6841454953125 0.6983266765625
8 0.554968953125 0.8052337671875 0.5432533890625 0.7779248703125 0.521720784375 0.7492047484375 0.5135231421875 0.747708653125 0.5056777625 0.7529341015625 0.5001928718750001 0.7618872750000001 0.4981480734375 0.7745115921875 0.4981618265625 0.785102309375 0.5015150234375 0.7974437296875 0.5260988890625 0.83274395 0.5343971765625 0.8361604874999999 0.546711925 0.8335893828125001 0.5548317375 0.8129438234374999 0.554968953125 0.8052337671875
8 0.79449749375 0.5317460828125 0.792900909375 0.5116097374999999 0.7796300234375 0.49593665 0.773490934375 0.492406953125 0.770993228125 0.4963892859375 0.7698176734375 0.535928071875 0.78199520625 0.5410670234375 0.7916109546875 0.538637365625 0.79449749375 0.5317460828125