7 0.9754154937499999 1 0.994106090625 0.9823204421874999 0.995088409375 0.9756906078125 0.87328094375 0.83922651875 0.8614931234375 0.8325966843750001 0.851669940625 0.8348066296875001 0.787819253125 0.9066298343750001 0.775049115625 0.9160221 0.6404715125 0.7292817671875 0.621807465625 0.7265193375 0.571709234375 0.7281767953125 0.5402750484375 0.7314917125 0.30910314375 0.7441988953124999 0.219056975 0.7475138125 0.2033398828125 0.7464088390625 0.15324165 0.75027624375 0.1512770140625 0.7823204421875001 0.1571709234375 0.862983425 0.1605311296875 1 0.9754154937499999 1
7 0.2278978390625 0.7298342546875001 0.2779960703125 0.7298342546875001 0.42730844843750004 0.720994475 0.505893909375 0.7193370171875 0.569744596875 0.7154696125 0.5815324171875 0.7165745859375 0.621807465625 0.711602209375 0.6237721015625 0.7016574578125 0.6041257375 0.6740331484375 0.62868369375 0.6232044203125 0.648330059375 0.596132596875 0.6493123765625 0.5861878453125 0.6178781921875001 0.548618784375 0.5992141453125 0.5320441984375 0.5923379171875001 0.532596684375 0.558939096875 0.5907917125 0.5481335953124999 0.5928176796875 0.480353634375 0.49889502812500003 0.468565815625 0.49116022031249995 0.328094303125 0.49668508281249996 0.1444007859375 0.49723756874999997 0.14145383125 0.5082872921875 0.148330059375 0.7127071828125 0.14931237656250002 0.727624309375 0.15324165 0.733149171875 0.1581532421875 0.7309392265625 0.20039292656250002 0.733149171875 0.2278978390625 0.7298342546875001
7 0.47642436093749996 0.490607734375 0.505893909375 0.43314917187499996 0.504911590625 0.42486187812500004 0.480353634375 0.395027625 0.474459725 0.396132596875 0.474459725 0.4060773484375 0.467583496875 0.4104972375 0.45972495156250004 0.4243093921875 0.455795678125 0.43591160156250003 0.45776031406250006 0.4425414359375 0.44793713124999995 0.4464088390625 0.4390962671875 0.440883978125 0.4263261296875 0.4215469609375 0.41944990156250006 0.4265193375 0.41257367343749995 0.42375690625000006 0.403732809375 0.4033149171875 0.40667976406250006 0.393370165625 0.402750490625 0.39060773437499996 0.3939096265625 0.39060773437499996 0.3889980359375 0.379005525 0.37328094375 0.3707182328125 0.147347740625 0.3635359109375 0.1434184671875 0.3662983421875 0.1404715125 0.379005525 0.1453831046875 0.4928176796875 0.40962671874999995 0.493370165625 0.4518664046875 0.49116022031249995 0.4646365421875 0.4845303875 0.47642436093749996 0.490607734375
7 0.3762278984375 0.367403315625 0.40176817343750004 0.37182320468749996 0.416502946875 0.335359115625 0.41159135625000004 0.3254143640625 0.40176817343750004 0.317127071875 0.3958742625 0.31988950312500003 0.3880157171875 0.33977900625 0.3634577609375 0.3403314921875 0.3546168953125 0.31988950312500003 0.339882121875 0.30276243125 0.3084479375 0.3022099453125 0.2170923375 0.2939226515625 0.134577603125 0.2895027625 0.13359528437499998 0.34640883906250003 0.1404715125 0.3740331484375 0.14145383125 0.3635359109375 0.1502946953125 0.3613259671875 0.3231827109375 0.3685082875 0.372298625 0.3690607734375 0.3762278984375 0.367403315625
7 0.328094303125 0.3005524859375 0.339882121875 0.30276243125 0.351669940625 0.3154696125 0.3624754421875 0.2839779 0.3506876234375 0.2679558015625 0.3359528484375 0.277900553125 0.33300589375 0.2861878453125 0.32023575625 0.290607734375 0.30550098281250004 0.259116021875 0.300589390625 0.25635359062499996 0.1385068765625 0.24198895 0.12671905625 0.2425414359375 0.1257367390625 0.309392265625 0.12868369375 0.311602209375 0.1296660125 0.295027625 0.14145383125 0.28839779062500004 0.147347740625 0.28839779062500004 0.3104125734375 0.30165745781250003 0.328094303125 0.3005524859375
7 0.0677799609375 0.54475138125 0.0618860515625 0.6364640890625 0.070726915625 0.6392265187499999 0.14145383125 0.6414364640625 0.1444007859375 0.6320441984375 0.1404715125 0.548618784375 0.10412573750000001 0.54475138125 0.0677799609375 0.54475138125
7 0.264243615625 0.74198895 0.263261296875 0.737016575 0.2681728875 0.7298342546875001 0.276031434375 0.7287292812499999 0.2730844796875 0.724861878125 0.2151277015625 0.7270718234375 0.20530451875 0.733149171875 0.185658153125 0.7320441984375 0.1817288796875 0.7337016578125 0.1709233796875 0.730386740625 0.148330059375 0.7320441984375 0.1434184671875 0.6535911609375 0.12475442031249999 0.6513812156250001 0.058939096875 0.6508287296875 0.053045185937499996 0.764640884375 0.14243615 0.7651933703125 0.14636542187499998 0.7640883984375 0.148330059375 0.7519337015625001 0.1581532421875 0.7447513812500001 0.248526521875 0.7447513812500001 0.264243615625 0.74198895
7 0.0412573671875 0.954143646875 0.0471512765625 0.954143646875 0.14931237656250002 0.9491712703124999 0.15422396875 0.94475138125 0.15422396875 0.8662983421874999 0.147347740625 0.775138121875 0.1444007859375 0.7729281765625 0.06581532343749999 0.7740331484375 0.044204321875 0.77624309375 0.0422396859375 0.7996314921875001 0.0383104125 0.8060773484375 0.028487229687499997 0.9176795578125001 0.032416503125 0.9215469609375001 0.034381139062499996 0.9508287296875 0.0412573671875 0.954143646875
7 0.1577448625 1 0.1561886046875 0.9740331484375 0.15225933125 0.9701657453125 0.032416503125 0.977348065625 0.027504910937499998 0.9795580109375001 0.026584765625 1 0.1577448625 1
7 0.025140071874999996 1 0.027504910937499998 0.9784530390624999 0.14636542187499998 0.9701657453125 0.1502946953125 0.9679558015625 0.1502946953125 0.9546961328125001 0.1453831046875 0.95027624375 0.05108055 0.9546961328125001 0.032416503125 0.9530386734375 0.030451865625 0.9215469609375001 0.0039292734375 0.920994475 0 0.9218232046875 0 1 0.025140071874999996 1
7 0 0.9193186000000001 0.028487229687499997 0.9187845296875 0.031434184375 0.912154696875 0.039292731250000004 0.8055248625000001 0.0225933203125 0.804972375 0.0127701375 0.8060773484375 0.0088408640625 0.8176795578125 0 0.9091712703124999 0 0.9193186000000001
8 0.7956778 0.6088397796875 0.8055009828124999 0.5966850828125 0.8055009828124999 0.5867403312499999 0.800589390625 0.579005525 0.78192534375 0.572375690625 0.75638506875 0.5690607734375 0.738703340625 0.569613259375 0.7288801578124999 0.5767955796875001 0.722986246875 0.5939226515625 0.73084479375 0.612154696875 0.737721021875 0.6149171265625 0.7544204328124999 0.6149171265625 0.7848722984375 0.612154696875 0.7956778 0.6088397796875
8 0.5363457765625 0.4701657453125 0.525540275 0.46629834218750005 0.5147347734375 0.46629834218750005 0.504911590625 0.47127071875000004 0.4970530453125 0.48176795625 0.49803536406250004 0.4994475140625 0.507858546875 0.511602209375 0.5216110015625001 0.5082872921875 0.5383104125 0.48176795625 0.5363457765625 0.4701657453125
8 0.45088408593749996 0.3082872921875 0.43713163125000004 0.3055248625 0.42436149375000004 0.3127071828125 0.4204322203125 0.31988950312500003 0.42141453906250004 0.33480662968749997 0.430255403125 0.34475138125 0.4390962671875 0.343646409375 0.4518664046875 0.317127071875 0.45088408593749996 0.3082872921875
8 0.3595284875 0.332596684375 0.3683693515625 0.332596684375 0.3742632609375 0.3259668515625 0.37328094375 0.31823204375 0.36051080625 0.31491712656250004 0.351669940625 0.317127071875 0.3595284875 0.332596684375
5 0.6365422390625 0.3215469609375 0.648330059375 0.3232044203125 0.6581532421875 0.3204419890625 0.6905697453124999 0.2679558015625 0.6915520625 0.259116021875 0.620825146875 0.22154696093749998 0.5874263265625 0.2082872921875 0.558939096875 0.24585635312499998 0.5540275046875001 0.259116021875 0.5599214140625 0.266850828125 0.5638506875 0.267403315625 0.5638506875 0.27127071875 0.616895875 0.3104972375 0.6365422390625 0.3215469609375
5 0.7996070734375 0.396132596875 0.87131630625 0.44143646406250003 0.88408644375 0.44585635312500005 0.8939096265625001 0.44530386718750004 0.9007858546874999 0.44198895 0.9106090375000001 0.42817679531249997 0.9194499015625001 0.4259668515625 0.969548134375 0.3734806625 0.97347740625 0.3662983421875 0.969548134375 0.362983425 0.7671905703124999 0.2679558015625 0.762278978125 0.2679558015625 0.7455795671875001 0.29226519375 0.712180746875 0.3292817671875 0.710216109375 0.33425414375 0.7161100203124999 0.3414364640625 0.76915520625 0.375138121875 0.7789783890625 0.37955801093749997 0.7848722984375 0.37955801093749997 0.7848722984375 0.38287292812499996 0.7996070734375 0.396132596875
1 1 0.10526071562499999 0.831531434375 0.08121547031250001 0.75449410625 0.0794475140625 0.7214783890625001 0.08121547031250001 0.7199066796875 0.0927071828125 0.7403447937500001 0.1015469609375 0.741916503125 0.120994475 0.8739793718750001 0.159005525 0.9761709234374999 0.18110497187500002 1 0.1821382625 1 0.10526071562499999
1 1 0.23664706875000002 0.9462996078125 0.3128176796875 1 0.3399348828125 1 0.23664706875000002
1 0.7387721015625 0.1669613265625 0.6931797640624999 0.2279558015625 0.7497779953125 0.24828729218749998 0.8142367390624999 0.2535911609375 0.8566856578125 0.281878453125 0.9022789781249999 0.21469613281250002 0.9274341843749999 0.18994475156249999 0.995037328125 0.18110497187500002 0.75763850625 0.1280662984375 0.7372003921875 0.1006629828125 0.7145383109375001 0.080110496875 0.5485392921875001 0.032596684375000004 0.5296728875000001 0.0308287296875 0.5233840859375001 0.0387845296875 0.5438221999999999 0.0520441984375 0.5438221999999999 0.062651934375 0.7151895875000001 0.1139226515625 0.7529223968750001 0.1254143640625 0.7387721015625 0.1669613265625
1 0.6852626125 0 0.6931797640624999 0.0051933703125 0.6695962671875 0.0308287296875 0.6665558359375 0.059890200000000005 0.745060903125 0.0759116015625 0.7906542234375 0.0785635359375 0.8158094296874999 0.0299447515625 0.85039685625 0.0060773484374999995 0.9016408640625 0 0.8407677234375001 0 0.82209823125 0.010497237500000001 0.8201666640624999 0 0.6852626125 0
1 0.702611984375 0.1634254140625 0.7482053046875 0.1519337015625 0.745060903125 0.12276243125 0.64259290625 0.09109665 0.6271473484375 0.1492817671875 0.6412976421875001 0.159005525 0.702611984375 0.1634254140625
1 0.5296728875000001 0.1439779 0.5296728875000001 0.16784530312499998 0.5595442046875 0.196132596875 0.606709234375 0.1917127078125 0.6648801578125 0.2005524859375 0.6994675828125 0.2085082875 0.7104734781250001 0.20143646406250001 0.6271473484375 0.1872928171875 0.63343713125 0.159889503125 0.63343713125 0.15281767968749999 0.6397249515625 0.0909392265625 0.5611168953125001 0.0679558015625 0.5249557953124999 0.037016575 0.5554027500000001 0.024861878125 0.463641453125 0.0060773484374999995 0.38503241718750003 0.00077348125 0.40861493125 0.0299447515625 0.421192534375 0.0334806625 0.49351277031249996 0.06 0.5595442046875 0.0679558015625 0.5736935171875001 0.08475138125000001 0.5296728875000001 0.1439779
1 0.494106090625 0.7193370171875 0.3546168953125 0.7270718234375 0.3555992140625 0.7386740328125 0.3850687625 0.73977900625 0.429273084375 0.7375690609375 0.609037328125 0.7232044203125 0.6051080546875001 0.717127071875 0.494106090625 0.7193370171875