7 0.8183333328125 0.4308300390625 0.8316666671874999 0.43675889375 0.845 0.4505928859375 0.8783333328125 0.4713438734375 0.88055555625 0.4713438734375 0.88055555625 0.46640316249999997 0.8966666671875 0.46245059218750006 0.9 0.47035573125 0.9066666671875 0.407114625 0.9061111109375 0.387351778125 0.822777778125 0.3636363640625 0.817222221875 0.3636363640625 0.8150000000000001 0.37747035625 0.81444444375 0.4100790515625 0.81555555625 0.4249011859375 0.8183333328125 0.4308300390625
7 0.737222221875 0.419960475 0.7411111109374999 0.41403162031249996 0.7466666671875 0.4209486171875 0.747222221875 0.42588932812499997 0.782777778125 0.433794465625 0.7883333328125001 0.3913043484375 0.7877777781249999 0.3547430828125 0.7188888890625 0.3349802375 0.7150000000000001 0.33893280625 0.71 0.3586956515625 0.7133333328125 0.374505928125 0.7122222218750001 0.409090909375 0.732777778125 0.419960475 0.737222221875 0.419960475
7 0.682777778125 0.40019762812500004 0.687222221875 0.3972332015625 0.6911111109375 0.33893280625 0.6888888890625 0.324110671875 0.6333333328124999 0.307312253125 0.62944444375 0.31225296406249997 0.6261111109375 0.34980237187499996 0.6244444437500001 0.375494071875 0.627222221875 0.3784584984375 0.64444444375 0.3863636359375 0.6561111109375 0.3843873515625 0.65944444375 0.392292490625 0.682777778125 0.40019762812500004
7 0.617777778125 0.3399209484375 0.6138888890625 0.3320158109375 0.6088888890625 0.30039525624999996 0.567777778125 0.28656126406250004 0.5566666671875 0.28656126406250004 0.5561111109375 0.3507905140625 0.5733333328125 0.366600790625 0.5722222218749999 0.37648221406250004 0.5772222218749999 0.37648221406250004 0.5866666671874999 0.3656126484375 0.617222221875 0.37252964375 0.617777778125 0.3399209484375
7 0.5333333328125 0.342885375 0.537222221875 0.344861659375 0.5383333328125001 0.27964426875 0.5316666671875 0.2747035578125 0.495 0.264822134375 0.49444444374999996 0.3221343875 0.49611111093750004 0.32806324062500003 0.5016666671875 0.3320158109375 0.5011111109375 0.3418972328125 0.505 0.3507905140625 0.5138888890625 0.3547430828125 0.5333333328125 0.342885375
7 0.32999999999999996 0.38833992031250003 0.3311111109375 0.4011857703125 0.3366666671875 0.4061264828125 0.3438888890625 0.4031620546875 0.34444444375 0.387351778125 0.35055555625 0.3784584984375 0.3566666671875 0.3843873515625 0.37055555625 0.3863636359375 0.3716666671875 0.374505928125 0.367777778125 0.30533596875 0.3211111109375 0.2875494078125 0.325 0.362648221875 0.332777778125 0.36857707500000003 0.332777778125 0.3824110671875 0.32999999999999996 0.38833992031250003
7 0.43555555625000003 0.345849803125 0.4338888890625 0.33300395312500003 0.37944444375 0.31225296406249997 0.382777778125 0.433794465625 0.39388888906249997 0.4416996046875 0.40222222187499995 0.442687746875 0.412777778125 0.4377470359375 0.40944444375 0.429841896875 0.41629611093749996 0.41600790468750004 0.43499999999999994 0.4209486171875 0.43555555625000003 0.345849803125
7 0.462777778125 0.3399209484375 0.46166666718749994 0.342885375 0.45999999999999996 0.4209486171875 0.462777778125 0.43181818125 0.4711111109375 0.434782609375 0.48 0.4436758890625 0.4761111109375 0.46146244999999997 0.4716666671875 0.46837944687500005 0.46666666718750005 0.46739130468749995 0.46388888906250003 0.472332015625 0.4883333328125 0.4861660078125 0.50444444375 0.47924901249999996 0.502777778125 0.45652173906250004 0.5088888890625001 0.45553359687499995 0.5261111109375001 0.4634387359375 0.5305555562500001 0.4229249015625 0.52944444375 0.3675889328125 0.525 0.3606719375 0.4683333328125 0.34090909062499997 0.462777778125 0.3399209484375
7 0.5483333328125 0.3824110671875 0.54444444375 0.4634387359375 0.55 0.47924901249999996 0.5588888890625 0.48320158125 0.5666666671875 0.49505928906249996 0.5666666671875 0.514822134375 0.5638888890625 0.5217391296875 0.5666666671875 0.535573121875 0.58444444375 0.54249011875 0.5983333328125 0.5335968375 0.58444444375 0.514822134375 0.5894444437499999 0.4990118578125 0.625 0.5177865609375 0.6283333328125 0.5138339921874999 0.6311111109375 0.4752964421875 0.62944444375 0.4100790515625 0.58 0.392292490625 0.5538888890625 0.3784584984375 0.5483333328125 0.3824110671875
7 0.6688888890625 0.42687747031249995 0.6605555562500001 0.4308300390625 0.65944444375 0.4505928859375 0.65944444375 0.50889328125 0.657777778125 0.5158102765625 0.65944444375 0.5306324109375 0.6688888890625 0.53853755 0.682222221875 0.540513834375 0.687222221875 0.5474308296875 0.6938888890625 0.5395256921875 0.702777778125 0.5454545453125 0.70555555625 0.5513833984375001 0.7016666671875 0.5681818187500001 0.70444444375 0.5721343875 0.72555555625 0.5691699609375 0.7494444437500001 0.583003953125 0.75555555625 0.583003953125 0.76055555625 0.4841897234375 0.7588888890625001 0.46146244999999997 0.6866666671874999 0.429841896875 0.6688888890625 0.42687747031249995
7 0.4411111109375 0.7598814234375 0.46055555625 0.7727272734375 0.46388888906250003 0.7677865609375 0.46166666718749994 0.6897233203125 0.46166666718749994 0.656409090625 0.46555555625 0.6314229250000001 0.46388888906250003 0.6027667984375 0.43722222187500004 0.5790513828125 0.43 0.5780632406249999 0.40833333281249995 0.5583003953125 0.3633333328125 0.5276679843750001 0.355 0.52964426875 0.3533333328125 0.53853755 0.35555555625 0.5533596843749999 0.35555555625 0.60177865625 0.35944444375 0.6768774703125 0.36222222187500003 0.684782609375 0.3761111109375 0.69466403125 0.3883333328125 0.7124505921875001 0.3788888890625 0.7371541500000001 0.37666666718749997 0.768774703125 0.37944444375 0.7727272734375 0.3983333328125 0.7727272734375 0.39944444375 0.7756917 0.4061111109375 0.7717391296875 0.39944444375 0.75395256875 0.39944444375 0.7470355734374999 0.4033333328125 0.7302371546875001 0.407777778125 0.726284584375 0.4411111109375 0.7598814234375
7 0.3283333328125 0.654150196875 0.33055555625 0.633399209375 0.3261111109375 0.5158102765625 0.32277777812499997 0.5029644265625001 0.2711111109375 0.46146244999999997 0.25166666718749997 0.4505928859375 0.2483333328125 0.4525691703125 0.2483333328125 0.5098814234375 0.25444444375 0.5820158109375 0.27 0.5968379453125 0.27388888906250003 0.595849803125 0.3161111109375 0.655138340625 0.3283333328125 0.654150196875
7 0.2266666671875 0.429841896875 0.1738888890625 0.392292490625 0.1661111109375 0.3913043484375 0.167222221875 0.42786561250000005 0.1766666671875 0.50889328125 0.232777778125 0.557312253125 0.2366666671875 0.5563241109375 0.23777777812499998 0.5464426875 0.23333333281250002 0.505928853125 0.232777778125 0.4782608703125 0.2266666671875 0.429841896875
7 0.14444444375 0.375494071875 0.1066666671875 0.345849803125 0.0988888890625 0.3438735171875 0.10833333281249999 0.5128458499999999 0.12 0.5138339921874999 0.13444444375 0.50889328125 0.132222221875 0.49604743124999995 0.137222221875 0.4752964421875 0.1516666671875 0.489130434375 0.157777778125 0.4881422921875 0.14444444375 0.375494071875
7 0.07444444375 0.416996046875 0.092222221875 0.434782609375 0.0961111109375 0.433794465625 0.08777777812500001 0.3320158109375 0.05444444375 0.30533596875 0.058333332812500006 0.3804347828125 0.0616666671875 0.40019762812500004 0.06555555625000001 0.4081027671875 0.061111110937500004 0.42588932812499997 0.062777778125 0.4357707515625 0.07055555625 0.434782609375 0.07444444375 0.416996046875
2 0.23500000000000001 0.8418972328125 0.23500000000000001 0.9120553359375 0.23611111093749998 0.9160079046874999 0.247777778125 0.92391304375 0.25055555625000003 0.933794465625 0.252777778125 0.929841896875 0.2538888890625 0.8843873515625 0.25 0.8250988140625 0.23722222187500003 0.8211462453125 0.23500000000000001 0.8418972328125
2 0.362777778125 1 0.36 0.9456521734375001 0.35444444375 0.946640315625 0.3461111109375 0.964426878125 0.3416666671875 0.98320158125 0.341329365625 1 0.362777778125 1
2 0.6733333328125 0.6936758890625 0.664722221875 0.709486165625 0.6605555562500001 0.7104743078125 0.6516666671875 0.7005928859375 0.6433333328125 0.7025691703125 0.62944444375 0.6976284578125 0.627222221875 0.7005928859375 0.6261111109375 0.726284584375 0.622222221875 0.739130434375 0.617222221875 0.8191699609375 0.6416666671875 0.8418972328125 0.65 0.8409090906250001 0.6661111109375 0.8270750984375 0.66944444375 0.8152173906250001 0.672222221875 0.7579051390625 0.6761111109375 0.74110671875 0.66944444375 0.7371541500000001 0.667222221875 0.7272727265625 0.6638888890625 0.7243083 0.67 0.70750988125 0.67944444375 0.705533596875 0.6838888890625 0.7005928859375 0.6916666671875 0.7025691703125 0.6916666671875 0.68675889375 0.687777778125 0.6828063234374999 0.682777778125 0.683794465625 0.6733333328125 0.6936758890625
2 0.1838888890625 0.7252964421875 0.177222221875 0.7045454546875 0.167222221875 0.6916996046875 0.1661111109375 0.6936758890625 0.16444444375 0.71146245 0.1661111109375 0.8023715421875 0.17944444375 0.8250988140625 0.1838888890625 0.7252964421875
1 0.2238888890625 0.375494071875 0.21444444375 0.387351778125 0.207777778125 0.404150196875 0.20833333281250002 0.41403162031249996 0.22555555625 0.42588932812499997 0.2338888890625 0.49703557343749993 0.242777778125 0.5049407109375 0.24722222187499998 0.42588932812499997 0.2411111109375 0.38833992031250003 0.232777778125 0.37648221406250004 0.2238888890625 0.375494071875
1 0.26 0.446640315625 0.26 0.4525691703125 0.26277777812499997 0.45553359687499995 0.30222222187500003 0.47924901249999996 0.29722222187499997 0.43675889375 0.29333333281249996 0.4249011859375 0.287222221875 0.416996046875 0.282222221875 0.41403162031249996 0.27444444375 0.416996046875 0.26 0.446640315625
1 0.362777778125 0.46245059218750006 0.3533333328125 0.49505928906249996 0.34944444375 0.5197628453124999 0.3483333328125 0.5849802375 0.34944444375 0.5918972328125001 0.3538888890625 0.5978260875 0.352777778125 0.5780632406249999 0.3566666671875 0.570158103125 0.3533333328125 0.5494071140625 0.35611111093750003 0.54249011875 0.35444444375 0.5365612640624999 0.35611111093750003 0.5276679843750001 0.367222221875 0.5286561265625 0.41 0.5592885375 0.4216666671875 0.557312253125 0.41944444374999995 0.540513834375 0.42055555624999996 0.49604743124999995 0.40555555625000006 0.459486165625 0.3888888890625 0.4486166015625 0.3738888890625 0.4505928859375 0.362777778125 0.46245059218750006
1 0.467777778125 0.6047430828125 0.4683333328125 0.62747035625 0.462777778125 0.6768774703125 0.46444444375 0.6916996046875 0.512777778125 0.7292490125 0.5205555562499999 0.7272727265625 0.5233333328125 0.69466403125 0.5366666671875 0.6245059281249999 0.5433333328125001 0.60177865625 0.54055555625 0.5721343875 0.5338888890625 0.5375494078124999 0.5288888890625 0.52964426875 0.5261111109375001 0.5177865609375 0.5161111109375 0.50395256875 0.502777778125 0.5 0.4888888890625 0.510869565625 0.47888888906249993 0.5256917 0.4738888890625 0.5503952562500001 0.467777778125 0.6047430828125
1 0.6068984546875 1 0.6061111109375 0.9735671937499999 0.6244444437500001 0.726284584375 0.6211111109375 0.6640316203125 0.60555555625 0.6215415015625 0.5838888890625 0.599802371875 0.57055555625 0.5968379453125 0.5527777781250001 0.6116600796875 0.54 0.6324110671875001 0.5349999999999999 0.64822134375 0.53 0.6788537546875 0.5233333328125 0.7381422921875 0.562777778125 0.773715415625 0.562777778125 0.7895256921875 0.5516666671875 0.8152173906250001 0.5446325234375 1 0.5563450296875 1 0.5872222218750001 0.9673913046875 0.5983333328125 0.98715415 0.5989351843749999 1 0.6068984546875 1
1 0.8316666671874999 0.80533596875 0.83944444375 0.6304347828125 0.8427777781250001 0.6254940718750001 0.852777778125 0.540513834375 0.8516666671875001 0.52964426875 0.8416666671874999 0.49802371562500003 0.827222221875 0.47924901249999996 0.8116666671875 0.472332015625 0.8 0.4733201578125 0.7838888890625 0.4841897234375 0.7677777781249999 0.531620553125 0.7666666671875 0.5750988140625 0.8088888890625 0.5968379453125 0.8083333328125001 0.629446640625 0.8038888890625 0.633399209375 0.8038888890625 0.6432806328125 0.8011111109375 0.650197628125 0.8011111109375 0.6729249015625001 0.7977777781250001 0.6877470359375 0.797222221875 0.731225296875 0.7849999999999999 0.844861659375 0.7877777781249999 0.8507905140625001 0.7911111109375 0.8468379453124999 0.80055555625 0.75395256875 0.8044444437499999 0.7401185765625 0.8283333328125 0.739130434375 0.827222221875 0.80533596875 0.8288888890624999 0.8083003953125001 0.8316666671874999 0.80533596875
1 0.95944444375 0.6916996046875 0.962777778125 0.6877470359375 0.96555555625 0.5938735171875 0.977777778125 0.5247035578125 0.9838888890625 0.46936758906250003 0.9716666671875 0.433794465625 0.95555555625 0.419960475 0.937777778125 0.421936759375 0.9288888890625 0.42885375468750003 0.9205555562500001 0.43972332031250005 0.9133333328125 0.464426878125 0.9127777781249999 0.4841897234375 0.93 0.49209486093750004 0.9316666671875 0.544466403125 0.9277777781250001 0.5543478265624999 0.92444444375 0.594861659375 0.92555555625 0.6007905140625 0.9311111109375 0.6007905140625 0.93444444375 0.6106719375 0.9205555562500001 0.70750988125 0.9216666671875 0.71146245 0.925 0.71146245 0.93444444375 0.6432806328125 0.9366666671875 0.6324110671875001 0.9411111109375 0.6254940718750001 0.9583333328125001 0.6175889328124999 0.95944444375 0.644268775 0.957222221875 0.688735178125 0.95944444375 0.6916996046875
1 1 0.34201348593750003 0.9894444437500001 0.34090909062499997 0.9838888890625 0.3438735171875 0.9816666671875 0.35177865625 0.972777778125 0.4308300390625 0.9838888890625 0.4733201578125 0.98055555625 0.5177865609375 0.9916666671875 0.5286561265625 0.9961111109375 0.51679841875 1 0.48724398124999996 1 0.34201348593750003
1 0.7861111109375 0.4209486171875 0.787222221875 0.43873517812499996 0.8166666671874999 0.4505928859375 0.827777778125 0.4505928859375 0.827777778125 0.43873517812499996 0.8161111109375 0.42885375468750003 0.8150000000000001 0.392292490625 0.812777778125 0.38142292499999997 0.7966666671875 0.39031620624999996 0.7861111109375 0.4209486171875
1 0.712777778125 0.355731225 0.705 0.3606719375 0.6972222218749999 0.3715415015625 0.69555555625 0.379446640625 0.6938888890625 0.404150196875 0.7144444437499999 0.4100790515625 0.7150000000000001 0.37252964375 0.712777778125 0.355731225
8 0.5 0.764822134375 0.49277777812499995 0.7579051390625 0.4711111109375 0.760869565625 0.46444444375 0.764822134375 0.462777778125 0.7697628453124999 0.462222221875 0.7756917 0.465 0.781620553125 0.48055555625 0.78853755 0.49611111093750004 0.790513834375 0.5 0.78853755 0.502777778125 0.7806324109375 0.5 0.764822134375