1 0.1603018046875 0.2561117578125 0.156672565625 0.2982150546875 0.157675159375 0.343887440625 0.163235225 0.407732784375 0.16745075468749998 0.42884938593750005 0.1741209703125 0.4459013609375 0.1753366953125 0.4711207078125 0.17267219843749998 0.48785218593749996 0.1567994 0.48020291875 0.136220403125 0.48358843125 0.0429244015625 0.5202829046875 0.025067671875000003 0.5312640156249999 0.013613576562499998 0.547636875 0.010674860937499999 0.56828050625 0.012506748437500001 0.5866440546875 0.02808209375 0.6527087953125 0.043809484375 0.6817796109375001 0.05450533125 0.6858979078125 0.0604982984375 0.6932647937499999 0.06824878906250001 0.7335991 0.0767542109375 0.761228434375 0.08308580156249999 0.7734378656249999 0.0920818921875 0.76891581875 0.0818123078125 0.7238914453125 0.08447680625000001 0.7071599671875 0.090821675 0.68822464375 0.0948439859375 0.6830771546875 0.136895675 0.6577519875 0.19291391093750002 0.636316409375 0.2053095140625 0.649075046875 0.21831131875 0.6783364546875 0.2196691328125 0.6899204421875 0.22784256875 0.69713485625 0.2301551671875 0.7067055890625 0.24016380937499998 0.7244973625 0.2402282140625 0.7332520609375 0.24635995 0.734769778125 0.2454151234375 0.713424465625 0.23172943125 0.6900503484375 0.226217175 0.6738906453125 0.2261527703125 0.665135946875 0.20961268125000002 0.624443028125 0.22420202968749997 0.6059044390625 0.227408325 0.59692103125 0.22673107812499999 0.58723594375 0.2233959703125 0.57870995625 0.22503463906249999 0.5708094125 0.2234670140625 0.5718922765625 0.221357590625 0.56522706875 0.21722638125 0.506148034375 0.21913595 0.502121525 0.21908814062499998 0.45443588437500004 0.22209790156250003 0.426974575 0.21314164062500002 0.3380623578125 0.1998144875 0.272813653125 0.19008338281249998 0.24332353593749997 0.185112925 0.234911903125 0.181571325 0.231266578125 0.1712141015625 0.231990825 0.1603018046875 0.2561117578125
1 0.3282409421875 1 0.31691576875 0.9760669078124999 0.299766159375 0.9266574078125001 0.3009274375 0.9197634921875 0.3076753359375 0.9144254093749999 0.3141556515625 0.8974271046875 0.3203650703125 0.8765547640625 0.3231006109375 0.85300560625 0.3102395515625 0.653416559375 0.3111299296875 0.642648609375 0.3043441796875 0.5769424843750001 0.2877562828125 0.4885639234375 0.267342609375 0.42381075625 0.2568499375 0.42259798593750003 0.24915389375000002 0.41437694374999995 0.25011199687499996 0.4045775015625 0.2435739125 0.3972487328125 0.23812274375000003 0.397629915625 0.236961465625 0.40452383281250004 0.21889160468750002 0.43595798124999996 0.22009737343750002 0.48453589375000006 0.216613540625 0.50521764375 0.220809153125 0.5730513765625 0.2195091078125 0.5857944640625 0.21221277500000002 0.598956853125 0.2051295734375 0.5916662015624999 0.2006431453125 0.5666755640625001 0.1940373359375 0.5583782859374999 0.1914538390625 0.54493351875 0.1796743984375 0.5253190828125 0.1711012515625 0.49672123749999997 0.16660486562500001 0.49508916718749996 0.1621118015625 0.48567090625000003 0.1563220078125 0.4812095453125 0.144329434375 0.4820481484375 0.061529423437499994 0.512169203125 0.03760868125 0.52260110625 0.0169553234375 0.5405904875 0.013749026562499999 0.54957389375 0.0121747625 0.566229134375 0.019034875 0.6173313890625 0.02427623125 0.6296170578125 0.030533459375 0.6564303578125 0.0396583609375 0.66941770625 0.0429290640625 0.6691889953125 0.0487155375 0.6814365453125 0.07701847187500001 0.780674846875 0.056774781249999996 0.7966890921875 0.041640315625 0.8152657984375 0.0340664453125 0.8401265296875 0.031605121874999996 0.8597635328125 0.0327498046875 0.8918005593749999 0.0448413171875 0.9785470484375001 0.0496865375 1 0.1942457640625 1 0.25069235624999997 0.961232809375 0.2643913234375 0.9534621718749999 0.2789740328125 0.9504959609375 0.2944371625 0.9601203625 0.3116611359375 0.9949259953125 0.312376446875 1 0.3282409421875 1
1 0.5174603906249999 1 0.61460159375 0.9932072249999999 0.6107915828125 0.9798482234374999 0.605357009375 0.9412984625 0.5846047109375 0.871702753125 0.5682677984375 0.8339153578125 0.5552015859375 0.7958992546875 0.54914089375 0.7875638578124999 0.5430157953125 0.7704737640625 0.5289881609375 0.7500432921875 0.504945246875 0.727393421875 0.48798221562500005 0.719820390625 0.4733317828125 0.72181809375 0.4617455578125 0.72846775 0.44694971875 0.751887 0.430356525 0.8357730968749999 0.42836595468749994 0.8699758515625 0.4322030296875 0.979684171875 0.43451022031250003 1 0.5174603906249999 1
1 0.7865123890625 0.194804446875 0.7732197703125 0.20838613437500003 0.75992383125 0.22975401406249998 0.7476371234375 0.28122190156250004 0.7407750359375 0.3945981140625 0.739806975 0.427756121875 0.7415034125 0.44418265312500005 0.74531923125 0.44391582500000004 0.746622596875 0.42338655000000003 0.752903059375 0.3956965296875 0.7980023609375 0.41395425937499997 0.8286544031249999 0.43711521875 0.830293071875 0.429214675 0.8312199609375 0.3327986484375 0.8344973015624999 0.3169975609375 0.847444659375 0.31414570625 0.8827318562500001 0.33308956562500003 0.88260304375 0.31558017031249996 0.878316471875 0.301281246875 0.8764845843750001 0.28291769843750003 0.861854065625 0.2381982703125 0.83856608125 0.20284343124999998 0.8348179874999999 0.2040787671875 0.8224901093750001 0.1922886390625 0.8025272734375 0.1888183515625 0.7974147296874999 0.1940420796875 0.7865123890625 0.194804446875
1 0.92224121875 0.3575776484375 0.9943121921875001 0.40120018281250003 0.985365003125 0.2732494109375 0.9588616515625 0.285916534375 0.9381372499999999 0.310723596875 0.92627016875 0.33685778125 0.92224121875 0.3575776484375
1 0.6447985734375 0.16578425937500002 0.6387179671875 0.20416599375 0.6425304656249999 0.2116853546875 0.7084019796875001 0.2528216640625 0.7128585359375 0.34788799843749996 0.7183774296875 0.348475325 0.7238591421875 0.35636458437499996 0.7232058 0.3705223171875 0.7255894421875 0.3732753703125 0.7298149281249999 0.3710334046875 0.72900223125 0.3594113 0.7320730796875 0.34849087500000003 0.7368735546875 0.2761350953125 0.7370256000000001 0.2391411703125 0.734448740625 0.210124025 0.7277174390625001 0.1765311640625 0.7143770093749999 0.1424272125 0.7053198328125 0.1304083734375 0.6869956687500001 0.11903754531249999 0.6701647687500001 0.1211877203125 0.6553722468750001 0.1368207828125 0.6447985734375 0.16578425937500002
1 0.540843234375 0.11271236093749999 0.5359916296875 0.1451686890625 0.5528836187499999 0.1595594 0.6134427312499999 0.1952277203125 0.618348784375 0.19488465625 0.6186907265625 0.1919410109375 0.61598505625 0.145414471875 0.608095796875 0.1109293375 0.5989742140625001 0.0901558015625 0.5893041953125 0.07720656875000001 0.571863771875 0.0706401671875 0.5642998593749999 0.07214233125 0.5529845328125 0.082666021875 0.540843234375 0.11271236093749999
7 1 0.48253962499999997 0.9945194296875 0.40416381875 0.8493509093749999 0.3179053859375 0.8388582375 0.316692615625 0.8334037484374999 0.3248599875 0.82872346875 0.5947760078125001 0.8300102390624999 0.613177675 0.8610009046875 0.6411811765625 0.871083909375 0.6443690828124999 0.8730578843749999 0.649097271875 0.87755426875 0.65072934375 0.8790508515625 0.656464159375 0.916034484375 0.69183455 0.920327696875 0.69056109375 0.9231176874999999 0.6991252 0.93244908125 0.7072318859375 0.935171346875 0.714827484375 0.930600596875 0.72779928125 0.9086571515624999 0.735173184375 0.875191884375 0.7579514390625001 0.8512645046875 0.7839557187499999 0.8464228593750001 0.7930534812500001 0.8464195390624999 0.8008396703124999 0.8665722718750001 0.8383602359375001 0.8863219734375001 0.862283559375 0.9412845109375001 0.9197546125 0.9758878203125001 0.9445857625 0.9901285859375 0.9445631953125 0.9924478234375 0.9385615515625 1 0.93309966875 1 0.48253962499999997
7 0.5292304578125 0.18165152499999998 0.548297615625 0.3681544203125 0.5530615828125 0.381446715625 0.5691375546875 0.3920015078125 0.5717920953125 0.39862859687499996 0.5833716812499999 0.40755131875000006 0.5925709453125 0.4059347984375 0.598966940625 0.42689892812499997 0.598682765625 0.45416964687499994 0.596773196875 0.4581961546875 0.5744200828125 0.46754519375000003 0.5477704375 0.48595387656250005 0.5442222 0.49788092656250005 0.552050371875 0.5158251734375 0.5829699953125 0.5506463578125 0.6132156890625 0.5679962625 0.6196893671875 0.5665703343749999 0.6502258750000001 0.5410771453125001 0.674153253125 0.515072865625 0.6784497843749999 0.506013221875 0.679069265625 0.49137123593750004 0.710605046875 0.5193366203124999 0.7155788234375 0.5199620640625 0.7185786281250001 0.51585931875 0.70778581875 0.2596774609375 0.706834353125 0.253904528125 0.70213479375 0.2493669296875 0.645459225 0.2144002890625 0.5374204890625001 0.1499349953125 0.5286308921875 0.14957637968749998 0.5272664406249999 0.1535647703125 0.5292304578125 0.18165152499999998
7 0.3648760328125 0.197037284375 0.3728396546875 0.21691854843749997 0.3785617234375 0.2204114015625 0.38353218125 0.228823034375 0.3796453203125 0.23590754062500002 0.390131353125 0.2526926890625 0.3970791046875 0.2580463234375 0.4023881859375 0.2713004984375 0.406390584375 0.31287014062499996 0.40481963906249996 0.32173919375 0.395891275 0.3272297484375 0.3854596875 0.3425578640625 0.3853176015625 0.3561932234375 0.38824304062500004 0.366694346875 0.40568014531249996 0.38104693749999996 0.42182716249999996 0.3847840515625 0.4402934140625 0.38251952031249997 0.458898434375 0.37440582031249997 0.4698074109375 0.35807107656250003 0.4718557484375 0.348195396875 0.46818201718749997 0.334826865625 0.469343296875 0.3279329484375 0.47969720000000005 0.334994890625 0.4869902125 0.329618690625 0.48407473124999995 0.2957590015625 0.4604434609375 0.10665552656249999 0.3636456875 0.0462704109375 0.356833384375 0.0428537953125 0.34879207968750003 0.0453625875 0.3468825109375 0.0493890953125 0.3486333953125 0.0979288890625 0.3648760328125 0.197037284375
7 0.258839165625 0.23170295312500003 0.266057815625 0.24093062031249998 0.2798178703125 0.24970086875000003 0.2933103453125 0.24681089531249997 0.337132834375 0.2233083921875 0.3394553890625 0.20952055937499997 0.3380298515625 0.1969680625 0.313298390625 0.0312993890625 0.2895941 0.0134920640625 0.2496915375 0.0162823234375 0.2523774203125 0.0452918453125 0.2654270359375 0.12223889218749999 0.2746807484375 0.1527356359375 0.284350765625 0.165684865625 0.28846138906249996 0.19313489374999998 0.2863791890625 0.20252631718749997 0.2764993578125 0.20224393906250002 0.25952968906249996 0.2102432859375 0.25727485781250004 0.2249996265625 0.258839165625 0.23170295312500003
2 0.6407451203125001 0.8833489453125001 0.6445576203125001 0.89086830625 0.643257575 0.90361139375 0.6478017703125001 0.9529291046875 0.6602584578124999 0.9822286296874999 0.665161190625 0.9896717531249999 0.6810863953124999 0.9885581546875001 0.684446778125 0.9834569515625 0.687179003125 0.9676939812500001 0.6874930499999999 0.8703475656249999 0.6847196546875 0.8228525171875001 0.6746432890625 0.8040922343749999 0.661086409375 0.7982275109375 0.6561803562499999 0.7985705765625 0.6505193734375 0.8116186093750001 0.6409781671875 0.816178775 0.6407451203125001 0.8833489453125001
2 0.4376037046875 0.6182327875 0.44230326406250003 0.622770384375 0.44229994531249994 0.6305565734374999 0.44468358593749996 0.6333096281249999 0.44386093281249994 0.6450460875 0.447537984375 0.65062843125 0.44977621875 0.67480303125 0.45154701875000003 0.6766256953124999 0.454120559375 0.713429028125 0.4515304234375 0.7155566375 0.451869046875 0.72039918125 0.46542924531249996 0.718477715625 0.4638649390625 0.711774390625 0.4666615671875 0.7047661187500001 0.47265453593749995 0.71213300625 0.47633490468749995 0.7099291609375 0.4701719546875 0.6217948609375 0.46351833593749997 0.56581194375 0.45145471718749997 0.5734682249999999 0.4399328984375 0.5888725765625 0.44313255625 0.5954615484375 0.4369941828125 0.6095162078125 0.4395132734375 0.6142062796875 0.4376037046875 0.6182327875