7 0.196875 0.427777778125 0.1953125 0.42222222187499997 0.1973958328125 0.41944444374999995 0.20989583281250002 0.41944444374999995 0.2171875 0.409259259375 0.21979166718749998 0.41203703750000004 0.2244791671875 0.409259259375 0.2265625 0.3981481484375 0.2364583328125 0.3898148140625 0.246875 0.384259259375 0.2520833328125 0.3925925921875 0.2578125 0.3879629625 0.2677083328125 0.36944444375 0.2888020828125 0.35555555625 0.296875 0.35648148125 0.296875 0.3425925921875 0.28125 0.2546296296875 0.2791666671875 0.22777777812500002 0.2760416671875 0.2203703703125 0.1776041671875 0.275 0.17135416718750002 0.284259259375 0.1692708328125 0.28148148125 0.1510416671875 0.290740740625 0.1505208328125 0.3018518515625 0.1703125 0.377777778125 0.178125 0.4296296296875 0.196875 0.427777778125
7 0.3010416671875 0.1490740734375 0.3171875 0.1425925921875 0.3296875 0.1379629625 0.3380208328125 0.1416666671875 0.3380208328125 0.12129629687500001 0.3260416671875 0.04351851875 0.3125 0.046296296875 0.253125 0.075 0.253125 0.08333333281250001 0.2708333328125 0.16851851874999998 0.29635416718749996 0.15555555625 0.3010416671875 0.1490740734375
7 0.3885416671875 0.10648148125000001 0.39114583281250004 0.10185185156250001 0.40625 0.097222221875 0.421875 0.08796296249999999 0.4244791671875 0.08333333281250001 0.415625 0.009259259374999999 0.4125 0 0.353125 0.0296296296875 0.3515625 0.0388888890625 0.3604166671875 0.102777778125 0.3645833328125 0.1166666671875 0.3885416671875 0.10648148125000001
7 0.1708333328125 0.22407407343750002 0.1942708328125 0.20277777812500003 0.2088541671875 0.2018518515625 0.2390625 0.1851851859375 0.2244791671875 0.10092592656249999 0.2203125 0.0898148140625 0.1375 0.127777778125 0.1359375 0.13055555624999998 0.1369791671875 0.1379629625 0.1578125 0.2296296296875 0.1708333328125 0.22407407343750002
7 0 0.23333333281250002 0.0192708328125 0.3018518515625 0.060416667187499995 0.2824074078125 0.07083333281250001 0.271296296875 0.08072916718749999 0.271296296875 0.1203125 0.24907407343750002 0.0994791671875 0.146296296875 0.0869791671875 0.1490740734375 0 0.1870370375 0 0.23333333281250002
7 0 0.5703703703125 0.007291667187500001 0.5675925921875 0.0098958328125 0.5583333328125 0.0203125 0.55 0.0369791671875 0.5416666671875 0.061979167187499996 0.522222221875 0.07552083281250001 0.5175925921875 0.0822916671875 0.50648148125 0.121875 0.48425925937500003 0.1286458328125 0.47407407343749997 0.128125 0.4620370375 0.1135416671875 0.39444444375 0.0994791671875 0.3333333328125 0.0953125 0.3231481484375 0.0395833328125 0.3509259265625 0 0.3731481484375 0 0.5703703703125
7 0.340625 0.32685185156249996 0.36875 0.3101851859375 0.3729166671875 0.3111111109375 0.38333333281250004 0.3 0.384375 0.302777778125 0.4010416671875 0.2824074078125 0.41041666718750003 0.27870370312500004 0.43072916718750004 0.2601851859375 0.4291666671875 0.2148148140625 0.4192708328125 0.13981481406250001 0.4125 0.140740740625 0.3229166671875 0.196296296875 0.3244791671875 0.22407407343750002 0.3375 0.2953703703125 0.3369791671875 0.30740740781250003 0.340625 0.32685185156249996
7 0.45989583281249996 0.23333333281250002 0.46666666718750005 0.23333333281250002 0.4760416671875 0.2259259265625 0.478125 0.22777777812500002 0.47864583281249995 0.234259259375 0.4869791671875 0.2388888890625 0.4921875 0.23240740781250002 0.49114583281249996 0.225 0.4927083328125 0.21851851875 0.5317708328124999 0.1851851859375 0.5208333328125 0.0731481484375 0.4447916671875 0.1175925921875 0.44427083281249996 0.13888888906250002 0.4484375 0.1629629625 0.4479166671875 0.1703703703125 0.45989583281249996 0.23333333281250002
7 0.6161458328125 0.125 0.6067708328125 0.021296296875000002 0.5442708328125 0.060185185937499996 0.5447916671875 0.0870370375 0.5552083328124999 0.16944444375 0.5723958328125 0.1611111109375 0.6161458328125 0.125
7 0.7364583328125 0.3574074078125 0.740625 0.4148148140625 0.7395833328125 0.42592592656250006 0.7416666671875001 0.43148148124999997 0.7395833328125 0.4388888890625 0.7416666671875001 0.4509259265625 0.7401041671875 0.4703703703125 0.7432291671875 0.48333333281249996 0.7567708328125 0.4824074078125 0.7661458328124999 0.4620370375 0.8036458328125 0.4166666671875 0.8135416671875 0.3990740734375 0.834375 0.372222221875 0.83125 0.32592592656249997 0.8291666671875 0.2203703703125 0.8260416671874999 0.2166666671875 0.8161458328125001 0.2166666671875 0.790625 0.24259259218749998 0.7848958328125 0.2546296296875 0.7755208328125 0.259259259375 0.7432291671875 0.29444444375 0.7328125 0.30648148124999997 0.7380208328125 0.32777777812500003 0.7385416671875 0.33888888906250003 0.7364583328125 0.3574074078125
7 0.8588541671875 0.3361111109375 0.8744791671875 0.3101851859375 0.9057291671875 0.26851851875 0.9098958328125001 0.25833333281250004 0.909375 0.10833333281249999 0.9067708328125 0.10648148125000001 0.9 0.1111111109375 0.8385416671874999 0.18055555625 0.840625 0.340740740625 0.8427083328125 0.3481481484375 0.8463541671874999 0.3490740734375 0.8588541671875 0.3361111109375
7 0.9588541671874999 0.21111111093749999 0.9994791671875 0.165740740625 0.9994791671875 0.0259259265625 0.9416666671874999 0.07685185156249999 0.9385416671875 0.0824074078125 0.9380208328125 0.09351851875 0.9369791671875 0.22685185156249998 0.9427083328125001 0.234259259375 0.9505208328125001 0.234259259375 0.9588541671874999 0.21111111093749999
7 0.5619791671875001 0.5620370375 0.5645833328125 0.5694444437499999 0.5635416671875 0.590740740625 0.5729166671875 0.6509259265625 0.5708333328124999 0.659259259375 0.5708333328124999 0.6851851859375 0.575 0.6888888890625 0.5755208328125 0.696296296875 0.58125 0.6944444437499999 0.6151041671875 0.6518518515625 0.6578125 0.6111111109375 0.6619791671875 0.5861111109375 0.6776041671875 0.5703703703125 0.6802083328124999 0.5611111109375 0.6958333328124999 0.54444444375 0.6973958328125 0.5305555562500001 0.6921875 0.378703703125 0.6875 0.372222221875 0.6864583328125 0.3611111109375 0.68125 0.3620370375 0.6786458328125 0.36759259218749996 0.6739583328125 0.36944444375 0.6671875 0.38240740781250004 0.665625 0.38055555625 0.6541666671875 0.3879629625 0.64375 0.403703703125 0.6380208328125 0.403703703125 0.621875 0.43240740781250003 0.6213541671875 0.4370370375 0.5890625 0.47407407343749997 0.5645833328125 0.4981481484375 0.5625 0.4981481484375 0.5604166671875 0.490740740625 0.5526041671875 0.4981481484375 0.5520833328125 0.5268518515625 0.5541666671875001 0.534259259375 0.5552083328124999 0.5601851859375 0.5619791671875001 0.5620370375
7 0.296875 0.9509259265625 0.30625 0.9925925921875001 0.309375 0.9990740734375001 0.3859375 0.9990740734375001 0.3916666671875 0.9916666671875 0.4057291671875 0.984259259375 0.4057291671875 0.9731481484375 0.4088541671875 0.9648148140625 0.41979166718750005 0.95648148125 0.4223958328125 0.946296296875 0.4328125 0.9379629625 0.4375 0.9240740734375 0.45208333281249996 0.9175925921875001 0.4515625 0.9083333328125001 0.45416666718750004 0.8990740734375 0.4578125 0.8981481484374999 0.46302083281249995 0.8870370375000001 0.4869791671875 0.85648148125 0.5208333328125 0.8083333328125001 0.5255208328125 0.7981481484375 0.5208333328125 0.7361111109375 0.5166666671875 0.725 0.5 0.621296296875 0.49791666718750005 0.5796296296875 0.4947916671875 0.5666666671875 0.49114583281249996 0.5629629625 0.4859375 0.5638888890625 0.48333333281249996 0.5703703703125 0.471875 0.578703703125 0.3869791671875 0.66944444375 0.36875 0.6916666671875 0.3630208328125 0.70648148125 0.3453125 0.725 0.3177083328125 0.746296296875 0.2854166671875 0.7824074078125001 0.2786458328125 0.7953703703125 0.2723958328125 0.7981481484375 0.2703125 0.8111111109375001 0.2734375 0.828703703125 0.2911458328125 0.9083333328125001 0.296875 0.9509259265625
8 0.253125 0.2046296296875 0.2484375 0.2 0.24322916718749998 0.2009259265625 0.23854166718749997 0.20648148125 0.23854166718749997 0.21296296250000002 0.2416666671875 0.21574074062499998 0.2541666671875 0.21296296250000002 0.253125 0.2046296296875
8 0.3458333328125 0.16944444375 0.3395833328125 0.16944444375 0.3338541671875 0.1740740734375 0.3322916671875 0.18148148125000002 0.33645833281250004 0.184259259375 0.3489583328125 0.177777778125 0.3458333328125 0.16944444375
8 0.43645833281249996 0.1166666671875 0.4328125 0.1120370375 0.4234375 0.11388888906250001 0.4203125 0.11944444375 0.4203125 0.1231481484375 0.42760416718750005 0.12592592656249998 0.4369791671875 0.12222222187500001 0.43645833281249996 0.1166666671875
8 0.6588541671875 0.165740740625 0.6572916671875 0.1574074078125 0.6515625 0.15370370312499998 0.6432291671875 0.15555555625 0.6375 0.1611111109375 0.6380208328125 0.1675925921875 0.6463541671875 0.171296296875 0.6546875 0.171296296875 0.6588541671875 0.165740740625
8 0.5760416671875 0.23055555625 0.5744791671875 0.2203703703125 0.5703125 0.21574074062499998 0.5588541671875 0.2175925921875 0.5536458328125 0.22407407343750002 0.5552083328124999 0.23148148124999998 0.5609375 0.234259259375 0.5703125 0.23518518593749999 0.5760416671875 0.23055555625
8 0.4671875 0.32685185156249996 0.46979166718750004 0.322222221875 0.46770833281249996 0.3111111109375 0.4640625 0.30648148124999997 0.45520833281249995 0.30648148124999997 0.4453125 0.3138888890625 0.4447916671875 0.31944444375000003 0.446875 0.3240740734375 0.4583333328125 0.3296296296875 0.4671875 0.32685185156249996
8 0.34427083281250004 0.40833333281249995 0.3421875 0.3953703703125 0.3375 0.39074074062499997 0.3302083328125 0.39074074062499997 0.3177083328125 0.3990740734375 0.3114583328125 0.4074074078125 0.3192708328125 0.4166666671875 0.3375 0.415740740625 0.34427083281250004 0.40833333281249995
8 0.1203125 0.58055555625 0.1234375 0.5694444437499999 0.12291666718750001 0.559259259375 0.1197916671875 0.5555555562500001 0.11041666718750001 0.5555555562500001 0.10260416718750001 0.5629629625 0.0973958328125 0.5740740734374999 0.0973958328125 0.5888888890625 0.1 0.5953703703125 0.1109375 0.5935185187500001 0.1203125 0.58055555625
8 0.7817708328124999 0.6620370375 0.7880208328125 0.659259259375 0.7916666671875 0.6509259265625 0.7890625 0.63055555625 0.778125 0.61851851875 0.7494791671875001 0.6175925921875 0.74375 0.621296296875 0.7385416671875 0.63148148125 0.7395833328125 0.640740740625 0.74375 0.647222221875 0.7635416671875 0.6583333328125 0.7817708328124999 0.6620370375
8 0.8802083328125001 0.4601851859375 0.884375 0.4574074078125 0.8864583328125001 0.4509259265625 0.884375 0.4361111109375 0.8739583328125 0.4268518515625 0.8541666671874999 0.4296296296875 0.840625 0.4388888890625 0.8395833328125001 0.44629629687500005 0.8416666671874999 0.45 0.8520833328125 0.4574074078125 0.8802083328125001 0.4601851859375
8 0.9932291671875 0.32592592656249997 0.9947916671874999 0.31944444375000003 0.9921875 0.30648148124999997 0.9828125 0.3009259265625 0.9661458328125001 0.3046296296875 0.9520833328125 0.315740740625 0.953125 0.3240740734375 0.9625 0.328703703125 0.9880208328125001 0.328703703125 0.9932291671875 0.32592592656249997
5 0.9578125 0.7379629624999999 0.975 0.696296296875 0.9802083328125001 0.6768518515624999 0.9994791671875 0.634259259375 0.9994791671875 0.55 0.9666666671874999 0.5324074078125001 0.95625 0.5324074078125001 0.8848958328125001 0.6824074078125 0.884375 0.690740740625 0.8890625 0.6972222218749999 0.9536458328125 0.7398148140624999 0.9578125 0.7379629624999999
5 0.7661458328124999 0.9990740734375001 0.8421875 0.9990740734375001 0.8526041671875 0.98148148125 0.9005208328125001 0.8583333328125 0.9041666671874999 0.853703703125 0.9192708328125001 0.8120370375 0.9197916671874999 0.797222221875 0.8989583328125 0.775 0.8796875 0.7638888890625 0.8744791671875 0.75648148125 0.8572916671874999 0.74351851875 0.8442708328125 0.7416666671875001 0.8375 0.753703703125 0.83125 0.7518518515625 0.8260416671874999 0.7638888890625 0.8255208328125001 0.772222221875 0.8151041671874999 0.7870370375 0.8083333328125001 0.81851851875 0.7953125 0.834259259375 0.7927083328125 0.8453703703125001 0.7869791671875 0.8490740734375001 0.7817708328124999 0.8583333328125 0.7744791671875 0.8796296296874999 0.7671875 0.8879629625 0.7677083328125 0.8925925921875001 0.7515625 0.91944444375 0.7463541671875 0.9416666671874999 0.740625 0.95 0.7380208328125 0.965740740625 0.740625 0.975 0.7515625 0.9888888890624999 0.7661458328124999 0.9990740734375001
5 0.6119791671875 0.252777778125 0.6338541671875 0.2638888890625 0.6447916671875 0.2796296296875 0.6505208328125 0.28055555625 0.7104166671875001 0.22314814843750003 0.7145833328125 0.2175925921875 0.7161458328125 0.2046296296875 0.7130208328125 0.19537037031249999 0.6578125 0.190740740625 0.653125 0.196296296875 0.6567708328124999 0.20740740781250003 0.6546875 0.2101851859375 0.6380208328125 0.2101851859375 0.6260416671875 0.2166666671875 0.6265625 0.221296296875 0.61875 0.240740740625 0.6104166671875 0.24722222187499998 0.6119791671875 0.252777778125
5 0.6078125 0.2888888890625 0.6182291671875 0.275 0.6078125 0.2666666671875 0.5911458328125 0.26574074062499997 0.5635416671875 0.2870370375 0.5260416671875 0.322222221875 0.5255208328125 0.32592592656249997 0.5322916671875 0.334259259375 0.5484375 0.3416666671875 0.6078125 0.2888888890625
5 0.4078125 0.43518518593750005 0.43072916718750004 0.45277777812500003 0.4359375 0.45185185156249996 0.5151041671875001 0.3759259265625 0.5182291671875 0.371296296875 0.51875 0.36296296250000004 0.4947916671875 0.34351851875 0.47447916718750005 0.34444444375 0.4390625 0.3731481484375 0.43125 0.384259259375 0.42760416718750005 0.384259259375 0.39791666718749996 0.40833333281249995 0.3973958328125 0.41203703750000004 0.40260416718750003 0.4203703703125 0.4015625 0.4240740734375 0.4078125 0.43518518593750005
5 0.2786458328125 0.5925925921874999 0.3885416671875 0.4888888890625 0.390625 0.4824074078125 0.3734375 0.46296296249999996 0.3630208328125 0.4583333328125 0.3322916671875 0.48518518593750004 0.3109375 0.497222221875 0.3109375 0.5046296296875 0.26614583281250004 0.5398148140625 0.24895833281250002 0.5574074078125 0.2484375 0.5638888890625 0.2614583328125 0.58148148125 0.2734375 0.5935185187500001 0.2786458328125 0.5925925921874999
5 0.0328125 0.809259259375 0.06875 0.7805555562500001 0.07291666718749999 0.7740740734375 0.215625 0.646296296875 0.2166666671875 0.640740740625 0.1953125 0.60555555625 0.1890625 0.60555555625 0.18802083281249998 0.5944444437499999 0.1755208328125 0.5944444437499999 0.1265625 0.6333333328124999 0.1171875 0.647222221875 0.1109375 0.647222221875 0.09635416718749999 0.6574074078125001 0.059375 0.6916666671875 0.0322916671875 0.7111111109375 0.025520832812499998 0.7194444437499999 0.0208333328125 0.7203703703125 0.009375 0.734259259375 0.009375 0.74351851875 0.0171875 0.7787037031249999 0.021875 0.7833333328125 0.0328125 0.809259259375
1 0.2979166671875 0.3333333328125 0.3026041671875 0.3546296296875 0.3390625 0.3296296296875 0.325 0.225 0.3182291671875 0.22407407343750002 0.3046875 0.24814814843750002 0.3005208328125 0.2666666671875 0.3005208328125 0.27777777812500004 0.2979166671875 0.2824074078125 0.2989583328125 0.2925925921875 0.29635416718749996 0.29907407343750003 0.2958333328125 0.3101851859375 0.2979166671875 0.3333333328125
1 0.484375 0.540740740625 0.46875 0.5166666671875 0.44427083281249996 0.5083333328124999 0.425 0.5259259265625 0.4109375 0.5333333328125 0.3895833328125 0.5629629625 0.3770833328125 0.5888888890625 0.3692708328125 0.622222221875 0.36770833281250004 0.6388888890625 0.3697916671875 0.6518518515625 0.36666666718749996 0.6574074078125001 0.3661458328125 0.6833333328125 0.36875 0.6879629625 0.4875 0.5601851859375 0.484375 0.540740740625
1 0.53125 0.43518518593750005 0.5328125 0.4388888890625 0.5322916671875 0.4611111109375 0.5197916671875 0.4675925921875 0.46875 0.5129629625 0.4848958328125 0.540740740625 0.4890625 0.55648148125 0.49375 0.5601851859375 0.5052083328125 0.6120370375 0.5098958328125 0.622222221875 0.5177083328125 0.622222221875 0.5203125 0.6259259265625 0.5203125 0.634259259375 0.5244791671875 0.647222221875 0.5244791671875 0.6611111109375 0.5208333328125 0.665740740625 0.5208333328125 0.68148148125 0.5302083328125 0.6879629625 0.5328125 0.6953703703125 0.5328125 0.7083333328125 0.5364583328125 0.7120370375 0.540625 0.709259259375 0.5421875 0.703703703125 0.5385416671875001 0.6981481484375001 0.5390625 0.6833333328125 0.5354166671875 0.671296296875 0.5494791671875 0.64351851875 0.5578125 0.6324074078125 0.5588541671875 0.6231481484375 0.5567708328125 0.6203703703125 0.5609375 0.571296296875 0.5588541671875 0.5638888890625 0.5526041671875 0.5574074078125 0.5479166671875 0.4990740734375 0.5526041671875 0.48981481406249994 0.6130208328125 0.427777778125 0.6255208328124999 0.41111111093749997 0.6260416671875 0.3879629625 0.6244791671875001 0.38055555625 0.6171875 0.35555555625 0.6098958328124999 0.34444444375 0.6010416671875001 0.3398148140625 0.5848958328125 0.34351851875 0.5796875 0.34722222187499996 0.5760416671875 0.3583333328125 0.5671875 0.3611111109375 0.5463541671875001 0.40648148125 0.54375 0.4148148140625 0.54375 0.425 0.53125 0.43518518593750005
1 0.6661458328125 0.352777778125 0.665625 0.365740740625 0.6697916671875 0.365740740625 0.6703125 0.3611111109375 0.6838541671875 0.3518518515625 0.6921875 0.353703703125 0.6942708328125 0.3601851859375 0.6963541671875 0.41944444374999995 0.7015625 0.4296296296875 0.7203125 0.41111111093749997 0.7197916671875 0.40833333281249995 0.7239583328125 0.40277777812500004 0.7244791671875 0.4 0.7203125 0.397222221875 0.725 0.38703703749999996 0.721875 0.375 0.725 0.372222221875 0.7239583328125 0.35925925937500003 0.7260416671875001 0.352777778125 0.7239583328125 0.3481481484375 0.7260416671875001 0.3351851859375 0.7213541671875 0.3231481484375 0.7239583328125 0.3120370375 0.7390625 0.296296296875 0.7432291671875 0.28611111093749997 0.7333333328125 0.2518518515625 0.7197916671875 0.2509259265625 0.7119791671875 0.25740740781250004 0.6963541671875 0.2824074078125 0.6833333328125 0.315740740625 0.6739583328125 0.322222221875 0.6786458328125 0.3324074078125 0.6703125 0.3453703703125 0.6708333328125 0.35 0.6661458328125 0.352777778125
1 0.8135416671875 0.1759259265625 0.8098958328125001 0.15370370312499998 0.7989583328125 0.15 0.7791666671875 0.1759259265625 0.7671875 0.2101851859375 0.7604166671875 0.246296296875 0.7598958328125 0.2638888890625 0.7635416671875 0.26851851875 0.8114583328125 0.2166666671875 0.8135416671875 0.1759259265625
1 0.14010416718750002 0.9898148140625 0.1453125 0.9925925921875001 0.1484375 0.9990740734375001 0.2140625 0.9990740734375001 0.2192708328125 0.99444444375 0.2244791671875 0.996296296875 0.240625 0.9879629624999999 0.290625 0.9277777781250001 0.2776041671875 0.853703703125 0.2703125 0.8259259265625 0.2677083328125 0.8027777781250001 0.2838541671875 0.7805555562500001 0.3260416671875 0.7333333328125 0.3229166671875 0.7175925921874999 0.3109375 0.6981481484375001 0.3 0.6916666671875 0.2682291671875 0.6888888890625 0.24322916718749998 0.7046296296875 0.20416666718749998 0.7518518515625 0.2010416671875 0.7620370375000001 0.1890625 0.7833333328125 0.18020833281249998 0.8138888890624999 0.1786458328125 0.827777778125 0.1708333328125 0.8490740734375001 0.1276041671875 0.8916666671875 0.11875 0.9083333328125001 0.11822916718750001 0.9268518515625 0.12291666718750001 0.9509259265625 0.1364583328125 0.9768518515625001 0.14010416718750002 0.9898148140625
1 0.1598958328125 0.4601851859375 0.1807291671875 0.44259259218749997 0.1755208328125 0.427777778125 0.1744791671875 0.403703703125 0.165625 0.3583333328125 0.1619791671875 0.3574074078125 0.1604166671875 0.352777778125 0.1578125 0.3518518515625 0.1484375 0.36851851875 0.14114583281249998 0.40092592656250003 0.14114583281249998 0.4361111109375 0.1463541671875 0.465740740625 0.15 0.46666666718750005 0.1598958328125 0.4601851859375
4 0.26875 0 0.2755208328125 0.034259259375000004 0.2869791671875 0.0351851859375 0.29375 0.028703703125 0.2921875 0 0.26875 0