7 0.5647777921875 0 0.5665300890625 0.1150563125 0.5747403265625 0.21896952656250002 0.5844288515625 0.2225351796875 0.640936034375 0.2207053828125 0.806646753125 0.2282118921875 0.817844846875 0.226368059375 0.8304251656250001 0.23079228437500002 0.8389529140624999 0.2312567515625 0.845343653125 0.22815790468750002 0.8540928515624999 0.231789240625 0.864388528125 0.23053890312499997 0.87299009375 0.2320589953125 0.8946314953125001 0.231076071875 0.9019246546874999 0.2273837296875 0.9024948984375 0.22203992968750003 0.8983741359374999 0.122614284375 0.9020742437499999 0.10803494843749999 0.8945356859375 0.0677218703125 0.8971691203125 0.06488575937499999 0.8945944953125 0 0.5647777921875 0
7 0.583674065625 0.225239921875 0.5762332765625 0.22682101875 0.573636746875 0.230184940625 0.5805754859375 0.329413534375 0.578938571875 0.346500559375 0.5907861 0.515928103125 0.5974794359375 0.571151278125 0.603669015625 0.5786743484375 0.7793598562499999 0.5669192390625 0.9092820875 0.5620773328124999 0.9119893421875 0.5602968453125 0.9003133984374999 0.4338190984375 0.891962859375 0.38189416249999997 0.90448598125 0.3720017875 0.902640571875 0.345611203125 0.89816539375 0.34910649375 0.8883661437500001 0.3439574078125 0.876566521875 0.25620696249999997 0.8773010187500001 0.2397134328125 0.8554750765625 0.23805729687500002 0.7941974468749999 0.239159890625 0.7391998328125 0.235580203125 0.7024923078125 0.2370862578125 0.6464446453125 0.23198881875000002 0.6434052171875 0.229019 0.5990354546875001 0.22893928125000002 0.5959960265625 0.2259694640625 0.583674065625 0.225239921875
7 0.5873164796875 0.736283628125 0.58459260625 0.7513250890625 0.5938695171874999 0.843495078125 0.5995237999999999 0.978349790625 0.6067265203125001 0.9868628015625 0.6162674125 0.98831720625 0.683234525 0.97408734375 0.704765203125 0.9715209874999999 0.7502385484375 0.9603852937499999 0.8418495828125 0.947614515625 0.881576246875 0.935289490625 0.8974709687500001 0.9331172375 0.900399671875 0.9345036203125 0.902019965625 0.930677571875 0.9149859859375 0.9271189359375 0.9236982765624999 0.9302224625 0.9326117281249999 0.9227040687500001 0.9017342390625 0.58912475625 0.8991174234375 0.578699890625 0.8952493968749999 0.5773791921875 0.7268886203125 0.5859697703125 0.6094728890625001 0.5941802765624999 0.5888446296875001 0.5961531375 0.5824538890625 0.599251984375 0.5873164796875 0.736283628125
7 0.5679355171875 0.9720723781249999 0.5610114421875 0.9810428375000001 0.5616063265625 0.9969130156249999 0.890941440625 0.9738836609374999 0.8878063984375 0.9703901374999999 0.8904767437500001 0.9680818375 0.8882622515625 0.9364131375 0.8790535343749999 0.9397090374999999 0.8452747125 0.9426014734375 0.80536350625 0.952287440625 0.6200616234375 0.98858228125 0.6144256671874999 0.9889763859375 0.5943104578125 0.9712888468750001 0.5679355171875 0.9720723781249999
7 0.2827028296875 1 0.32487157031249997 0.9922514187499999 0.3889099828125 0.976635175 0.38435194687499996 0.7764655234375 0.37604564687500003 0.779167928125 0.330921096875 0.78179295 0.3001817015625 0.78765520625 0.257009621875 0.791204484375 0.1915520765625 0.8000248624999999 0.185353209375 0.8598622953125 0.18204805 1 0.2827028296875 1
7 0.3237552859375 0.773807753125 0.3351748296875 0.775130790625 0.3536660796875 0.7695946171875 0.371513271875 0.76834661875 0.381698221875 0.765512846875 0.3860995859375 0.760961934375 0.3853318953125 0.74998345 0.3895044296875 0.74216010625 0.3866588328125 0.6744688437499999 0.39092551875 0.6274959453125 0.38948243437499996 0.5798615265625 0.26523306562500004 0.584837140625 0.192978790625 0.5909504359375 0.196940921875 0.607115546875 0.19520923750000002 0.6498446609374999 0.1887028140625 0.7052838375 0.18495650937500002 0.7866958640624999 0.3060557265625 0.7771669953125 0.3237552859375 0.773807753125
7 0.204906009375 0.39705352031249996 0.19757594375 0.40021805156249995 0.18898904218749998 0.5068970140625 0.18704757031250002 0.5871220484374999 0.21913228125 0.5870000359375 0.296083184375 0.5805583203125 0.36581474687500004 0.57886456875 0.37588897499999996 0.5744473625000001 0.38528223281249996 0.573790521875 0.38295701718749997 0.5405383875 0.3861237890625 0.5318306640625 0.3857307546875 0.4857139984375 0.3780316078125 0.48360041093749995 0.3768339234375 0.47997141406250005 0.37904108281250004 0.45754058750000004 0.388856953125 0.4494287 0.38935338124999996 0.4430292765625 0.38682700312499996 0.42039905781250003 0.38074815 0.414459421875 0.381962453125 0.40482744375 0.3787384859375 0.39921856718750004 0.35123967968750003 0.39742872500000004 0.2843999109375 0.39998104687499997 0.2133599421875 0.3964623640625 0.204906009375 0.39705352031249996
7 0.30384710937500004 0.3811182109375 0.33141973281250003 0.383963678125 0.352121809375 0.3830464421875 0.3867126125 0.3917658609375 0.3887758046875 0.3942735515625 0.39311630625 0.3483562734375 0.389958825 0.2897034953125 0.39411845156249997 0.2681969234375 0.393188415625 0.20090210625 0.3871095625 0.1949624703125 0.3540117078125 0.1940945421875 0.2893993875 0.188004825 0.25930405156249997 0.189578903125 0.1986704828125 0.1863933203125 0.1910468609375 0.3338451484375 0.1922684953125 0.3783126984375 0.1951971984375 0.37969908124999996 0.254817625 0.381894725 0.30384710937500004 0.3811182109375
7 0.3859082140625 0.1642837109375 0.38506365468750003 0.138707303125 0.39424775625 0.13505935468750002 0.3960692125 0.1206113875 0.39797010781250003 0.012808778125 0.376825134375 0.007392276562499999 0.2039891765625 0.01947814375 0.19645965781250002 0.1817743828125 0.20040150156249997 0.18415070625000002 0.22605856562499999 0.1865997296875 0.307357303125 0.1883402625 0.367199178125 0.193702778125 0.381325975 0.193245328125 0.38489873750000003 0.1903435328125 0.389743 0.1921263609375 0.390826290625 0.16712216093750001 0.3859082140625 0.1642837109375
7 0.150631396875 0.8357706531250001 0.1682571375 0.8313557859375 0.1683698203125 0.7114791921875 0.027692392187499998 0.7244986718749999 0.02439265 0.8392942 0.022764975 0.8430146875 0.023307525000000003 0.8507735203125 0.0243022140625 0.8514995531249999 0.150631396875 0.8357706531250001
7 0.0290543296875 0.716977940625 0.16059685625 0.7083099828125 0.1698424828125 0.7055418953125 0.17511864531250002 0.6325091734375 0.1697706234375 0.58302624375 0.1582772640625 0.5806475828125001 0.09819731875 0.585379175 0.0454474375 0.5869462359375001 0.0352624859375 0.5897800078125 0.027155390624999998 0.703320521875 0.0290543296875 0.716977940625
7 0.038650707812500004 0.584239153125 0.052777503125 0.58378170625 0.1740612625 0.5768918968750001 0.17691810624999998 0.4557626265625 0.157007721875 0.45450293437499995 0.0411015609375 0.45730395625 0.034745771875 0.5823906437499999 0.038650707812500004 0.584239153125
7 0.17853106875 0.39783705 0.1777855734375 0.333181290625 0.1454425046875 0.3296086203125 0.0414523140625 0.3273332578125 0.0355413796875 0.33729365625 0.037012084375 0.4528163875 0.0410277453125 0.456248334375 0.10429475156250001 0.45659780625 0.17387867968749998 0.452792809375 0.17853106875 0.39783705
7 0.1887917953125 0.274598875 0.1883858046875 0.26879294531250003 0.1816259828125 0.2666136765625 0.18113884375 0.2056525984375 0.1715241375 0.20314256875 0.0519142015625 0.19347316406249998 0.0466104203125 0.1986175734375 0.044715146875 0.2120099171875 0.040898690625 0.3194160828125 0.070460690625 0.3237136171875 0.14894145 0.325651203125 0.172424596875 0.3240091015625 0.1801772734375 0.31338952343750004 0.17916046562500001 0.285349821875 0.1833403796875 0.2776320375 0.1887917953125 0.274598875
7 0.0209364859375 0.4793993453125 0.0222595578125 0.59281083125 0.029847979687499998 0.59334098125 0.034967220312500005 0.5855575140625 0.0385123640625 0.5147674062500001 0.0355966171875 0.47307028281249996 0.02338538125 0.47392417656249997 0.0209364859375 0.4793993453125
3 0 0.41918581406250005 0.0016259234375 0.4192241359375 0.0318319828125 0.41923349375 0.035072571875 0.41158139374999997 0.047599609375000004 0.1587689625 0.0170244671875 0.1534814890625 0 0.1524886578125 0 0.41918581406250005
8 0.407358953125 0.795011634375 0.403675465625 0.79632999375 0.40050869375 0.805037715625 0.40500416093749997 0.8153312140625 0.41089847187500006 0.818631790625 0.4296111734375 0.8162624875000001 0.43375417812499995 0.8080168921875 0.42260961406249997 0.797127559375 0.407358953125 0.795011634375
8 0.43241644375000005 0.586406353125 0.4144954375 0.5865987265625 0.4099833484375 0.58956620625 0.406742759375 0.59721830625 0.41033580937499997 0.6081052984374999 0.4234494625 0.6066579109375 0.435254709375 0.5999980890625001 0.43737143125 0.589772615625 0.43241644375000005 0.586406353125
8 0.42947307968750004 0.47682091875 0.43216371093749995 0.4883014078125 0.44354634531250003 0.48909663437499995 0.46117208906249996 0.484681765625 0.46133634062500006 0.4735320359375 0.44882984062500003 0.4701634375 0.433689903125 0.469630946875 0.42947307968750004 0.47682091875
8 0.4453514296875 0.217939821875 0.43325091875000005 0.22037714843749998 0.42531369999999996 0.22835766875000002 0.42334461250000005 0.240694390625 0.42769244687499997 0.2488766390625 0.43802503125000003 0.248154115625 0.450326703125 0.23509487187500003 0.4541744453125 0.2226267828125 0.4453514296875 0.217939821875
8 0.48069531093749995 0.07544470625000001 0.4985591234375 0.060935734374999995 0.498871009375 0.0518972515625 0.4872300171875 0.0474073421875 0.47606883125 0.0497789859375 0.4707281421875 0.05439558437499999 0.4649279328125 0.06593941875 0.46656851406250005 0.07590215624999999 0.469497215625 0.0772885390625 0.48069531093749995 0.07544470625000001
8 0.9337355953124999 0.92527744375 0.8993127125000001 0.9324580593749999 0.89664236875 0.9347663562499999 0.9020402531249999 0.944466359375 0.9170282265624999 0.9563243390625 0.915838540625 0.9663083671875 0.9066007859375 0.9727886515625 0.9144702499999999 0.9722383656250001 0.9189148765624999 0.9698059984375 0.9294117140625 0.95793374375 0.9438873046875 0.9489656234374999 0.952431675 0.936169115625 0.9571818328124999 0.92310753125 0.9562960359374999 0.9104400500000001 0.947103940625 0.9004749734375 0.938428559375 0.8978992609375 0.933805746875 0.899283303125 0.9337355953124999 0.92527744375
8 0.9626154171874999 0.24488591249999997 0.9439027171875001 0.247255215625 0.925448375 0.2533192046875 0.9127776187500001 0.26110033125 0.9025391375 0.2766672671875 0.904474984375 0.2908524984375 0.9113086218750001 0.2940873921875 0.935768003125 0.2929074171875 0.9412932328125001 0.290929878125 0.952011521875 0.28222449374999997 0.974756503125 0.270026159375 0.982472271875 0.2588787703125 0.9770743875000001 0.2491787671875 0.9626154171874999 0.24488591249999997