6 0.036840665625000005 0.490916203125 0.026971979687499998 0.4881487328125 0.018218484375 0.50231676875 0.0172776140625 0.520269659375 0.02453159375 0.53471404375 0.0294365359375 0.5366588046875 0.0410095046875 0.5260139453125 0.0429490046875 0.5081133906249999 0.036840665625000005 0.490916203125
6 0.1171657859375 0.6014513546875 0.10417732500000002 0.7155346812500001 0.11248873906250001 0.7289093453125 0.127849365625 0.7415283046875001 0.1371950890625 0.6396305828125 0.12850249062500002 0.614422 0.11922184843750001 0.600433971875 0.1171657859375 0.6014513546875
8 0.9214867437500001 0.40620002499999996 0.9075647359374999 0.40434526562500006 0.8974020265625 0.407188075 0.8921148562500001 0.412536671875 0.8917620296875001 0.41926900624999996 0.8975185890624999 0.42407124375 0.9055664296874999 0.4233678765625 0.9220737421875 0.41410675 0.9214867437500001 0.40620002499999996
8 0.97167238125 0.59504039375 0.968500078125 0.5982495531249999 0.967060415625 0.606612634375 0.9727875734375001 0.6119759 0.991849740625 0.6112872 0.9949338359375 0.609761125 0.9957865 0.5934913171875 0.9828043171875 0.59281095 0.97167238125 0.59504039375
5 0.9099158671875 0.378590321875 0.875966646875 0.3003017703125 0.8704453046875 0.291011309375 0.8644535281250001 0.29069729375 0.83948674375 0.308516178125 0.8380764828125 0.31631823125 0.86300968125 0.3755695046875 0.8777822625 0.3994090203125 0.8920864999999999 0.39397041875 0.9087114218749999 0.3824651796875 0.9099158671875 0.378590321875
5 0.9468609750000001 0.45703588125000005 0.9421030453125001 0.45228597812500004 0.9380497234374999 0.45319868906250005 0.90515270625 0.4694768296875 0.9476475140625 0.5757791046875 0.953433475 0.5800203140625 0.976725378125 0.5750527359375 0.9941725171875 0.5669660015625 0.9943489296875001 0.5635998359375 0.9468609750000001 0.45703588125000005
1 1 0.251080146875 0.9251378499999999 0.24099616406250002 0.8951495625 0.2399871140625 0.873913721875 0.243937309375 0.8646614359375 0.24851553593750003 0.855085725 0.25926506875 0.8544682781249999 0.271046653125 0.8799317625 0.3010721421875 0.9151473703124999 0.3169819328125 0.9201699203124999 0.31668258437499996 0.9205227468749999 0.30995025 0.9105963015625 0.289177553125 0.9127993765625 0.2853550296875 0.920906021875 0.2835296078125 1 0.2860851015625 1 0.251080146875
7 1 0.16350639375 0.9695259046875 0.100992553125 0.9580715906249999 0.090266021875 0.8411143265625001 0.086386825 0.8280733375 0.0868285140625 0.827691109375 0.0941218765625 0.8717431875000001 0.18981695781250002 0.99378180625 0.1922747484375 1 0.191515934375 1 0.16350639375
7 1 0.29052093437500004 0.9296878718749999 0.287927825 0.9263979609374999 0.2933810953125 0.9825491109375 0.4257146625 0.9904205390625 0.42837746093750007 1 0.42858427656250003 1 0.29052093437500004
7 0.85127819375 0.5994196078125 0.8607951 0.5897921312500001 0.8605609281250001 0.5751530703125 0.8507814953124999 0.551575234375 0.8478738124999999 0.5497351421875 0.8407952 0.551051875 0.8243172890625001 0.5597519734375 0.8162694484375 0.560455340625 0.8048445359375 0.5491677796875 0.79903021875 0.5263603156250001 0.7711567984375 0.523211825 0.7041310109375 0.5219494265625 0.6929990734375 0.524178871875 0.6915888140625001 0.5319809249999999 0.6992523328125 0.5768254828125 0.7138768578125 0.6225974203125 0.8269572125 0.6240231609375 0.831833796875 0.6074016703125 0.85127819375 0.5994196078125
7 0.8012700171875 0.3880857890625 0.7963944781250001 0.3855799984375 0.7862317703125 0.38842280625000003 0.7798283609375 0.3959631796875 0.7699596750000001 0.393195709375 0.7575371796875 0.36272852968749997 0.7185318234375 0.361809484375 0.650389796875 0.3627388625 0.6609021937499999 0.4105455671875 0.674029296875 0.446675359375 0.6769369796875 0.44851545000000004 0.7810590703125 0.4489091390625 0.8088463765625 0.4154861484375 0.8012700171875 0.3880857890625
7 0.9104504499999999 0.8078582828125 0.9288668156250001 0.8003849125 0.9352702234375 0.7928445390625 0.9295147109374999 0.7689150171875 0.919588265625 0.7481423203124999 0.9036395953125 0.7467439171875 0.8863688703125 0.751464484375 0.8725644703125001 0.7473656140625 0.8728878953124999 0.7411943078125 0.8624322109375001 0.7305201109375 0.8652233296875 0.7154770312500001 0.855413446875 0.71158750625 0.7473556421875001 0.7098624171875 0.7333160234375 0.71025176875 0.731935165625 0.7174927953125 0.7687311718750001 0.83699805625 0.7796278890624999 0.8392568359375 0.8938832874999999 0.8373687453124999 0.8955140640625 0.8253589828125 0.9104504499999999 0.8078582828125