7 0.926277284375 0.26876367968750003 0.920763071875 0.2370848921875 0.9117513687500001 0.228127490625 0.817081975 0.1993758578125 0.806654353125 0.199313575 0.8053230499999999 0.209175871875 0.8174853578124999 0.323112528125 0.82674810625 0.3788279203125 0.82655349375 0.395412846875 0.8327700218749999 0.41630978281250003 0.8413699250000001 0.433099871875 0.8426758484375 0.44175685937500003 0.8434966421875 0.4699479375 0.840991984375 0.47893830781249996 0.8289792078125 0.485836784375 0.8312525875000001 0.4992820421875 0.8420666296875 0.5100309249999999 0.8485257234375 0.5211608156249999 0.855940984375 0.52441039375 0.907608059375 0.513068034375 0.9247260531249999 0.5018245796875 0.9322259328125 0.5060413375 0.9403068453125 0.5043597671875 0.9299948312499999 0.399032471875 0.9314248421875 0.3589494859375 0.926277284375 0.26876367968750003
7 0.760459215625 0.335898328125 0.7645715984375 0.345284365625 0.7621741328125 0.38057908125 0.767253971875 0.3947533875 0.7624872218750001 0.402967084375 0.762994925 0.40877015937500005 0.7764095296875 0.424164434375 0.8220039296874999 0.41237878125 0.8205287734375 0.4017874359375 0.8253321859374999 0.3877230390625 0.8054170609375 0.210250409375 0.8091223453125 0.1961739078125 0.8147719312499999 0.191781303125 0.7506351359375001 0.1671804921875 0.7409211171875 0.169004940625 0.75430473125 0.2906314046875 0.762213603125 0.330871928125 0.760459215625 0.335898328125
7 0.70426228125 0.2453058515625 0.7076469703125 0.2839930234375 0.7108765171875 0.28955796875 0.7152399484374999 0.3457019953125 0.7121429703125 0.34792211093750003 0.7225818796875 0.36065297812499997 0.7506351984374999 0.35527488281249997 0.7543978296875 0.34812361875 0.758208409375 0.34779023593749997 0.75443449375 0.34227291718749997 0.7555965625 0.3304762609375 0.758064553125 0.32733659375 0.7401228953125 0.166151028125 0.7036755718750001 0.1508226921875 0.694300021875 0.1565158578125 0.693428471875 0.16536335 0.6975267640625 0.20593725625 0.70426228125 0.2453058515625
7 0.676789996875 0.24478561718749997 0.680648528125 0.2512701171875 0.6833675671874999 0.2948884375 0.6855929921875 0.3015158140625 0.6938910921875 0.308586484375 0.6917869484375 0.29707558437500003 0.6929010640625 0.278461046875 0.703497921875 0.2804576890625 0.700305040625 0.269042040625 0.70230199375 0.2542485953125 0.6925089671875 0.1673929609375 0.698316503125 0.15226613125 0.7037601890625 0.1517898703125 0.703881471875 0.1469063484375 0.6871639921875 0.1376485328125 0.6697441937499999 0.13917256718749998 0.668412890625 0.1490348640625 0.6753148375 0.234194271875 0.676789996875 0.24478561718749997
7 0.6829303234374999 0.13314601875 0.6568739578125 0.1237306671875 0.6482486765625 0.12545986250000002 0.6572547671875 0.22213016875 0.6611979171875 0.229581846875 0.6617902375 0.236352103125 0.66526235 0.23215000312499998 0.6742261 0.23428952343749998 0.668872640625 0.148020059375 0.673845290625 0.1358900203125 0.6822646734375 0.13807716718750002 0.6829303234374999 0.13314601875
7 0.357586978125 0.6089431796875 0.3624524375 0.57050879375 0.3630221859375 0.5519418828125 0.3586559484375 0.5396543078125 0.35742335625 0.5192959171875 0.354532278125 0.5175996875 0.350033471875 0.49752705312499995 0.34097662500000003 0.43789531875 0.32386424062499997 0.36142586875 0.317816946875 0.34246329062499997 0.3124578765625 0.34390672968749997 0.3025492453125 0.36231610625 0.27501210781249996 0.4300223109375 0.29217244375 0.51330964375 0.2964766359375 0.5499672046875 0.2949761 0.5578951437499999 0.301604428125 0.57095939375 0.310009715625 0.604334409375 0.3177352640625 0.673828440625 0.31393596874999996 0.6868304078125 0.3145762421875 0.70041854375 0.3176365546875 0.70404913125 0.33379837968750004 0.700685990625 0.33711254375 0.7072181140625 0.34146749375 0.7068371046874999 0.347613496875 0.69557899375 0.38077203437499996 0.6858559203125 0.3838718171875 0.6397793546874999 0.38035175468750004 0.6371635734375001 0.3550202765625 0.6423035375 0.3525889515625 0.639592503125 0.3542841015625 0.6150796374999999 0.357586978125 0.6089431796875
7 0.3157240890625 0.34362097343750003 0.32474707812500003 0.36524695937499996 0.3489954921875 0.460583734375 0.34904344374999996 0.46740161718750006 0.37231311875 0.5452815375 0.3721918359375 0.5501650609375 0.37889349375000003 0.5515279046875 0.40078952343749996 0.5447393390624999 0.40423906406250004 0.5152000734375 0.385307440625 0.5119834625 0.38357843125 0.49849057812500003 0.38765695624999996 0.469870865625 0.3916254859375 0.45880325781250003 0.3727699984375 0.40002879374999994 0.3584274125 0.33013909375 0.3470830921875 0.28824996875000003 0.34473638281249996 0.286506115625 0.33231180625 0.301237278125 0.3153376671875 0.332934375 0.3157240890625 0.34362097343750003
7 0.35812841406249996 0.2765632234375 0.368175290625 0.3663203953125 0.3831468640625 0.437129646875 0.3853722921875 0.443757025 0.39232780156249997 0.4480214078125 0.3936816765625 0.46349627812499994 0.409383753125 0.461147940625 0.4112114703125 0.44442013593749996 0.408066540625 0.43982236874999997 0.3995258765625 0.442518746875 0.3941978296875 0.4317771921875 0.39321344375 0.40798604687499995 0.3947985984375 0.4010252875 0.39205418281250004 0.37592625 0.39325291562500003 0.35827889218750003 0.3807239546875 0.30284925625 0.37548616875 0.2994091765625 0.3696447734375 0.27653025468750003 0.3656310984375 0.236923528125 0.3622436046875 0.24209280781250003 0.35812841406249996 0.2765632234375
7 0 0.5218304781249999 0.0026077937499999998 0.5516376984375 0.005010915625 0.5540263390625 0.0395120421875 0.547109553125 0.0500976125 0.5364376109375 0.05796133906249999 0.5260038015624999 0.05762286875 0.5221350828125 0.039658703125 0.52370674375 0.0342883484375 0.5124816015625 0.06608172343749999 0.474615075 0.065901203125 0.460012134375 0.0565764109375 0.42866672968749997 0.046103640625 0.37793011249999997 0.031989526562499995 0.3294612375 0.013904078125 0.33591642187500004 0 0.344634565625 0 0.5218304781249999
7 0.09045696875 0.289261034375 0.04232124375 0.315887759375 0.0306469375 0.3266549515625 0.0471557140625 0.3836855625 0.060276995312500005 0.445885453125 0.0660704375 0.46194649375 0.07848092031250001 0.4784032 0.0905416484375 0.4783226046875 0.1102602046875 0.4717245421875 0.12276939843750001 0.457960559375 0.12016883593750001 0.45331516718750003 0.1046726625 0.451747159375 0.10156439843750001 0.44129869218750006 0.1177149359375 0.425266965625 0.11892495781250001 0.4202881921875 0.126376884375 0.41768706875 0.12825255625 0.40777714375 0.1266081625 0.395251440625 0.109845534375 0.33531928906249997 0.09985509218750001 0.308905034375 0.096529640625 0.2897043265625 0.09045696875 0.289261034375
7 0.12663073593750002 0.42058860468750003 0.155942028125 0.41704961718750005 0.1682819859375 0.4013512765625 0.1746451765625 0.398845403125 0.17396823749999998 0.3911079703125 0.1648713578125 0.389954678125 0.1604323515625 0.3805972171875 0.1657434703125 0.3723358953125 0.16578013593750002 0.36648519375 0.1547883765625 0.29727691875 0.1458753828125 0.2580988265625 0.1138535359375 0.2745445296875 0.0960698890625 0.29071913125000004 0.1080911453125 0.3403456921875 0.1126632828125 0.3487169234375 0.127744853125 0.40197406874999997 0.12663073593750002 0.42058860468750003
7 0.1245665328125 1 0.10117249375 0.8945137781250001 0.098825784375 0.892769925 0.09109743125 0.86713234375 0.0918477015625 0.8631683750000001 0.0893317578125 0.8594901609375001 0.0811662265625 0.8602045531250001 0.0743432859375 0.8637252296875 0.0675682953125 0.8740637874999999 0.035747371875 0.9304247999999999 0.0418344125 1 0.1245665328125 1
8 0.37125543437499997 0.6272389921875 0.3686435875 0.6099250171875 0.3611437078125 0.6057082578124999 0.3575023609375 0.6079760000000001 0.3547551390625 0.626733415625 0.3535084546875 0.63756289375 0.3553954125 0.6403215515625 0.3702992671875 0.635119303125 0.37125543437499997 0.6272389921875
8 0.3865654140625 0.5138225703125 0.3888641703125 0.50874854375 0.388102615625 0.5000439296875 0.3836997140625 0.49360705625 0.380904540625 0.5055465906250001 0.37994837187499997 0.5134269046875 0.3865654140625 0.5138225703125
8 0.4180118390625 0.41556229218749996 0.4065067671875 0.42826384375000004 0.4076434546875 0.4349864734375 0.415349234375 0.4352868859375 0.4286199828125 0.43022751875000004 0.4301205203125 0.4222995796875 0.42345552499999994 0.41508603125 0.4180118390625 0.41556229218749996
8 0.4296043359375 0.35997146875 0.41968441562500003 0.3657122609375 0.418268496875 0.374607378125 0.4217885609375 0.377223159375 0.43213156562500005 0.3763182640625 0.436607796875 0.3710537328125 0.435471109375 0.364331103125 0.4296043359375 0.35997146875
8 0.1396589203125 0.4252962828125 0.1306218390625 0.434858165625 0.130040803125 0.44075649375000003 0.13347625000000002 0.44240509531249994 0.14892447343749998 0.437155221875 0.152142734375 0.43005158281250006 0.1484534359375 0.42550144375 0.1396589203125 0.4252962828125
8 0.09853794375 0.475673853125 0.08548438281250001 0.4894854640625 0.086076703125 0.49625571874999996 0.092149375 0.49669901093749996 0.1063396265625 0.48961003124999997 0.10880761875 0.4864703625 0.1087596671875 0.47965248125000004 0.09853794375 0.475673853125
8 0.027437221875 0.578378015625 0.044058799999999995 0.57400006875 0.055986959375 0.5661344140625 0.0560236234375 0.5602837125 0.050991735937500005 0.5529272859375001 0.041652851562499996 0.5527697500000001 0.0298939265625 0.5625697640625 0.025296410937500003 0.5727178187499999 0.02454614375 0.5766817875 0.027437221875 0.578378015625
8 0.163625234375 0.39201286562500004 0.1677376171875 0.4013989015625 0.1757339140625 0.3987501515625 0.173254634375 0.38922123750000004 0.163625234375 0.39201286562500004
1 0.3093408203125 1 0.29761064843749996 0.97673506875 0.2961354890625 0.9661437218750001 0.29018409843750004 0.96081690625 0.27487125 0.9299953890625 0.270964765625 0.9166930093750001 0.2802556984375 0.910032665625 0.287865575 0.8966973156250001 0.2904915140625 0.8828234234375 0.2902517546875 0.8487340171875 0.27986640937499996 0.7551081265625 0.297387721875 0.67950695 0.29909415781250004 0.6676626671875 0.297122584375 0.663936828125 0.30005032656249997 0.65978235625 0.29622845937500003 0.6474471546875 0.2978136140625 0.6404863953125 0.29586741875 0.6182412703125 0.2987951609375 0.614086796875 0.2905337265625 0.601165425 0.2815107375 0.579539440625 0.273889575 0.58020620625 0.2651063453125 0.592669628125 0.265165584375 0.6121560921875 0.2574823796875 0.6371928453125 0.256670065625 0.6655268015625 0.258520359375 0.6741361625 0.2577447109375 0.6966194171875 0.260077328125 0.729551140625 0.2585767921875 0.7374790796874999 0.2605117015625 0.7470556203125 0.259011165625 0.7549835593750001 0.2468037734375 0.7784669625 0.2039678828125 0.78416378125 0.18433394375 0.7917290234375 0.17048216249999998 0.8026867203125001 0.16508642812500002 0.8099808625 0.15062823281249998 0.8453561734375 0.1396534359375 0.8891979671874999 0.14117654531249998 0.9066071953125 0.14680075312500002 0.9207338765624999 0.154433203125 0.93273569375 0.17223942187500002 0.941898259375 0.166939590625 0.9628281624999999 0.1680509 0.988070078125 0.1706863609375 1 0.1980335609375 1 0.222789571875 0.9930268874999999 0.233132578125 0.9921219921875 0.23862421718750002 0.9984636124999999 0.23866088125 0.9926129109374999 0.2457743390625 0.98614306875 0.283747578125 0.975024184375 0.288985365625 0.9784642640625 0.29918616875000004 1 0.3093408203125 1
1 0.7196654875 0.565570425 0.7145376953125 0.5445782390625 0.7137281890625 0.5290557421875001 0.7062536890625 0.5063196999999999 0.6969035156250001 0.4934935796875 0.6849274046875 0.49454135312499997 0.6712307656250001 0.5386212796875001 0.6697894671875 0.5660356828124999 0.671865428125 0.6399223203125 0.6752021640625 0.6717916109375001 0.6803299546875 0.6927838000000001 0.681441265625 0.7180257140624999 0.679275078125 0.7308848015625 0.671653915625 0.731551565625 0.6682551343750001 0.7240522640625 0.6568600578125 0.7192017078124999 0.573994734375 0.7313243968750001 0.5720711109375001 0.7344164390625 0.574065259375 0.7634794453125 0.5677020703125 0.7659853156249999 0.5632991671875 0.75954844375 0.5462545046875 0.75909049375 0.5437865125 0.7622301625000001 0.54087005625 0.7790532203125 0.549055353125 0.847532446875 0.5566990890625 0.8722028484375001 0.5720006515625 0.8903557828125 0.57431069375 0.8979503390625 0.5795569625 0.9579154578125 0.583463446875 0.9712178375 0.587077878125 0.9942915921875001 0.59512278125 0.993587753125 0.5938177390625 0.9829815249999999 0.5943508203125 0.970265315625 0.6668731390625 0.9590475234375001 0.715575803125 0.9577103375 0.720063321875 0.965114390625 0.7258325078125 0.9821521343749999 0.7322593578125 0.9815898578125 0.7145857765625 0.9275848999999999 0.71445320625 0.9197998390625 0.7009314109375 0.8781012203125 0.7172511859374999 0.8640038546875 0.7241474578125 0.8487817718749999 0.728347265625 0.8152785375 0.7274108 0.7042580765625 0.7232673625 0.6130098375 0.724514046875 0.6021803625000001 0.7196654875 0.565570425
1 0.615358209375 0.48308538749999996 0.6112712046875 0.455180065625 0.5988861 0.420204075 0.5953660359375 0.41758829375 0.59248624375 0.428560646875 0.5879253953125 0.43285799999999997 0.5837255875 0.46636123593749995 0.58549974375 0.5305284546875 0.588038259375 0.5595438328125 0.596480215625 0.587068146875 0.5957778984375001 0.597849996875 0.5896685609375 0.60325740625 0.5765924265625 0.5917318500000001 0.54899885625 0.5960951390625 0.5490947609375 0.6097309015625 0.5673551203125 0.7055915640625 0.5924806968749999 0.70436794375 0.60949998125 0.723345178125 0.6187542484375 0.7225355343750001 0.6187909140625 0.7166848328125 0.612997471875 0.70062379375 0.6134092718749999 0.69279110625 0.62248301875 0.6773785203125 0.6250610078125 0.6566867453125 0.6241443078125 0.61485990625 0.615358209375 0.48308538749999996
1 0.48706491406249997 0.5527845390625 0.49222656562499995 0.6117824765625001 0.558712875 0.5942706906249999 0.56858484375 0.5817120171875 0.5683676578125 0.5729597765625 0.563372434375 0.5597526484374999 0.5738804328125 0.53251959375 0.5793424546875 0.52911798125 0.5796696359375 0.5203181156250001 0.5744995046875 0.40479514375000003 0.5670137171875 0.369390515625 0.5542506734375 0.3802529625 0.5471597874999999 0.4120599703125 0.5488154671875 0.43725425937500007 0.5551645640625 0.4659362546875 0.5544622484375 0.47671810625 0.556433821875 0.4804439453125 0.55905695625 0.5104265046875 0.5309669703125001 0.5216553015625001 0.4867518234375 0.5303965359375 0.48706491406249997 0.5527845390625
1 0.22384438593749997 0.7668314953124999 0.2352281765625 0.759013465625 0.2467078703125 0.7648311999999999 0.26069222187499996 0.7616585625 0.260960165625 0.73337223125 0.25527952656249997 0.6559026343750001 0.2363112375 0.6585367265625 0.2212861015625 0.6686224968750001 0.20017420000000002 0.7094528437500001 0.2001854859375 0.7221214265625 0.196882609375 0.7282578843749999 0.1956359234375 0.7390873625000001 0.19861161875 0.74175076875 0.1990347046875 0.746586665625 0.214336265625 0.7647396 0.22384438593749997 0.7668314953124999
2 0.06520181875 0.803126315625 0.0745378984375 0.847140303125 0.08191649375 0.8562405828124999 0.0896222734375 0.856540996875 0.09268258593749999 0.860171584375 0.10137839374999999 0.8905974359375 0.1113829296875 0.8858238234375 0.1207471921875 0.8674620734375 0.12797064687499998 0.8434401250000001 0.1188038015625 0.801360496875 0.0935512671875 0.707086153125 0.0898619703125 0.7025360125 0.0795189640625 0.7034409078125 0.06478434375 0.710577515625 0.053352601562500004 0.7115776640625 0.05084794375 0.720568034375 0.045113740624999996 0.7239934578125 0.047435071875 0.7442565984375 0.06520181875 0.803126315625
2 0.1434216109375 0.606239409375 0.11821141875 0.6064958500000001 0.1174611484375 0.6104598203125 0.12100378593750001 0.6384127671875001 0.146521459375 0.7482572328125 0.1516012984375 0.7624315390625 0.16131531875 0.760607090625 0.1776604703125 0.727990440625 0.1738865546875 0.7224731203125 0.169895453125 0.7082035609374999 0.15067892656249998 0.6202232125 0.1434216109375 0.606239409375
2 0.1714185 0.537518396875 0.1710067 0.545351084375 0.17685938125 0.5808985890625 0.1946487015625 0.6651054734375 0.197080028125 0.66781650625 0.21152413124999997 0.6636290640625 0.2217232796875 0.642270525 0.2090363703125 0.597575115625 0.201745196875 0.5455855609375 0.19411275 0.5335837437500001 0.1714185 0.537518396875
2 0.20905607499999998 0.478674340625 0.210373284375 0.49999991250000003 0.22846440937499998 0.593926215625 0.2314401046875 0.5965896234375 0.24425110156250002 0.592545059375 0.25244201093749996 0.5733113828125 0.24877809062499998 0.55024195625 0.23301958437499998 0.48924737656249995 0.22509661875 0.48019472343749997 0.21416129375 0.47432936249999996 0.20905607499999998 0.478674340625
5 0.5399054078125001 0.7304084984375 0.5416964609375 0.71953139375 0.5230496812500001 0.6129841328125 0.503742925 0.611749509375 0.48837932031250003 0.6179665625 0.49138606874999996 0.7024921703125 0.486255471875 0.725356434375 0.4884442328125 0.7378345125 0.5399054078125001 0.7304084984375
1 0.9949969734374999 0.42098467812499996 0.9783223031249999 0.230392321875 0.9750307062499999 0.230387925 0.9598842859375001 0.24535721718749998 0.9520797984374999 0.27527749375 0.9485202625 0.322368865625 0.950271846875 0.361198915625 0.9490590203125 0.4100341421875 0.96050205 0.421702578125 0.983247775 0.4167888390625 0.9906961796875 0.42198468125 0.9949969734374999 0.42098467812499996
1 0.269523340625 0.56791863125 0.27547472968750003 0.5732454453125 0.2924714421875 0.5668855140625 0.2916139828125 0.5445451375 0.2934050375 0.5336680359375 0.28940264843749997 0.5067298921875001 0.2863423359375 0.5030993046875001 0.2701071796875 0.5181638515625 0.26329552500000003 0.5343531109375 0.269523340625 0.56791863125
1 0.286161815625 0.4884963640625 0.283634584375 0.4721495671875 0.2776719078125 0.45415416875 0.2708319625 0.46876610625000004 0.27096743437500004 0.47031455937500005 0.2710444125 0.481226071875 0.2679082890625 0.49553833125 0.26787046718749996 0.498867890625 0.2690917734375 0.5065576984375 0.2731562046875 0.5091258546875 0.2855441171875 0.50024539375 0.28374177500000003 0.49845391250000004 0.286161815625 0.4884963640625
1 0.5458709734375 0.45250289375 0.5243670859375 0.457503878125 0.481959440625 0.46433370468749996 0.481996571875 0.504884778125 0.48999264531250003 0.5110111875000001 0.5485396406249999 0.5131008968749999 0.55098000625 0.47077276562500003 0.5500347515625 0.389746821875 0.5586675890625 0.378072325 0.5540630578125 0.32544229687500004 0.5426048031249999 0.32488543124999997 0.5406875046875 0.3531289421875 0.5458709734375 0.45250289375
1 0.50147168125 0.40647311718749995 0.48552300312499996 0.4047488078125 0.48022219374999997 0.4494927203125 0.5417098218749999 0.4450673640625 0.5418080765625 0.40606377812499994 0.54334031875 0.3232607765625 0.5379417765625 0.281618459375 0.5267729453125 0.304433071875 0.5369725296875 0.32069824687500004 0.5344737546875 0.3723904046875 0.5325564593750001 0.40063391406250004 0.50147168125 0.40647311718749995
7 0.374121325 0.21484127343749998 0.362943103125 0.23754853125 0.3942258140625 0.3643833484375 0.39709099375 0.3469741796875 0.374121325 0.21484127343749998
7 0.41739462187500004 0.34831748125 0.4191950109375 0.338801053125 0.4068657640625 0.33832039062499997 0.40777659999999993 0.3086046265625 0.381070678125 0.1939561234375 0.374146371875 0.215127559375 0.39995625625 0.3295659796875 0.40071042500000004 0.3482178265625 0.41739462187500004 0.34831748125
2 0.8163663265625001 0.8156669000000001 0.836919534375 0.870021240625 0.9053214890625 0.859357875 0.8958441953125 0.680810271875 0.85183266875 0.6191493546875 0.8029341796875 0.6395655296875 0.8163663265625001 0.8156669000000001
2 0.8080282546875001 0.7103306390624999 0.7985854640625 0.6425257125 0.8038698140625 0.6327044765625 0.79802780625 0.5458666921875001 0.7776285515625 0.513335375 0.7441253984375 0.5316590765625 0.7466739078125 0.66110526875 0.767362503125 0.7170070953125001 0.8080282546875001 0.7103306390624999