5 0.5749410484374999 0.2814044375 0.5751126859375 0.28631947343749997 0.9140007812500001 0.42102259531249997 0.92653816875 0.4183976546875 0.9948319453125001 0.3432787390625 0.993310521875 0.2997108796875 0.9079004640624999 0.2741514890625 0.8685361171875 0.2596694671875 0.7743591890625 0.2334320140625 0.769393353125 0.2303247390625 0.749835140625 0.2266334765625 0.671220871875 0.20094612656250002 0.646754034375 0.1957859359375 0.6312867296875 0.197966409375 0.5896645953124999 0.25792547187500003 0.5749410484374999 0.2814044375
5 0.3392796453125 0.09826050625 0.2941126765625 0.0845278984375 0.2843717109375 0.0837744984375 0.276857371875 0.091145059375 0.2478679796875 0.151209759375 0.2597783578125 0.1584487734375 0.4017112265625 0.21691898437499998 0.421345721875 0.22279470781250002 0.42792792031250004 0.216550259375 0.433711471875 0.21525473125 0.472954415625 0.1428027859375 0.4365199859375 0.12876523125 0.3392796453125 0.09826050625
5 0.3492620453125 0.9405016984375001 0.3589839390625 0.9407089828125 0.36937098437500004 0.9321445421875 0.3730232625 0.9254556265625 0.38999250625 0.9106467374999999 0.39162793906250004 0.9018411296875 0.2591048546875 0.751183084375 0.2310643453125 0.7827820265625001 0.22940984062499997 0.7910415203125 0.3492620453125 0.9405016984375001
5 0.1658958828125 0.697025990625 0.185375484375 0.6706470328125 0.18518477656250001 0.66518588125 0.0974709703125 0.573655771875 0.0796268 0.5912291203125 0.07051516875 0.6084975218750001 0.14951550625 0.7008786921875 0.1543859890625 0.7012553921875 0.1658958828125 0.697025990625
7 0.1519610921875 1 0.17528102343750002 0.9936004296875 0.17788673906250002 0.9847609374999999 0.17172177187499998 0.9751341625000001 0.181272028125 0.9704264109375 0.1867313765625 0.9598469234375001 0.193234965625 0.92353225625 0.1615733390625 0.879255065625 0.1566456453125 0.8772400203125 0.14907409375 0.8829722375 0.1416169671875 0.8919811453125 0.13629111249999998 0.9063834390625001 0.1285097828125 0.9061083875 0.12137453281249999 0.89651549375 0.114487203125 0.8940220984374999 0.1122796484375 0.8864442515625001 0.09808543125 0.8694429265625001 0.089181253125 0.8648328375000001 0.08697369687499999 0.8572549921875 0.0695086140625 0.8578648859375001 0.057104721875 0.86431263125 0.0416946296875 0.8681314515624999 0.012667890625 0.871488434375 0.0171556125 1 0.1519610921875 1
7 0.0075959750000000005 0.7262477953124999 0.0096061 0.783810253125 0.0231760015625 0.7829334921875 0.03090011875 0.781570196875 0.043284940625000004 0.7745763359375 0.05072067031250001 0.7371355546875 0.049426184375 0.7278854781249999 0.028001362499999998 0.6985606859375 0.0241202328125 0.6986962171875 0.0194404578125 0.70378066875 0.008559899999999999 0.7260318734375 0.0075959750000000005 0.7262477953124999
7 1 0.824216296875 0.9808707374999999 0.8336943546875 0.9580607296875 0.848160428125 0.9425552828124999 0.849248671875 0.8032448750000001 0.7545993234374999 0.7935039078125 0.7538459234375 0.442497525 0.8563222296875 0.43302355156249994 0.8632144421874999 0.4325872484375 0.8785395515625 0.4557428578125 0.9017893109375 0.46660667031249997 0.9068777499999999 0.4678058015625 0.91339725 0.48981949062499996 0.9317658546875001 0.5510170734375001 0.9985232171874999 1 0.9828443874999999 1 0.824216296875
7 0.47039336406250004 0.45893173593750003 0.4656754453125 0.46292395781250006 0.4339826578125 0.5012118140624999 0.4233095515625 0.5015845265625 0.338775909375 0.44548414062499997 0.23215927500000003 0.45248796249999995 0.20815013593749998 0.46043453437500004 0.06751640625000001 0.46698591718750004 0.0638069140625 0.47203648593749997 0.06599539843749999 0.4790682171875 0.0992543171875 0.513447565625 0.133216525 0.5401474203125 0.150569509375 0.56414659375 0.23923452812499998 0.655096703125 0.282840021875 0.6519336234375 0.328138159375 0.6416032781250001 0.3784593484375 0.63601855625 0.4102879578125 0.6294392640625001 0.43644743906250005 0.62743219375 0.46439492031249996 0.6209884328124999 0.47896822656250004 0.6210263046875 0.503091790625 0.6163564218750001 0.5186544484375 0.616906525 0.5610226703125 0.6061317140625 0.5627343859375 0.5995105640625 0.5418244750000001 0.5849308828125 0.5346892234375 0.575337990625 0.5555372703125 0.532507809375 0.560538921875 0.5088215578125 0.5117173453125 0.47389210625 0.480077115625 0.458046790625 0.47039336406250004 0.45893173593750003
7 0 0.3859989890625 0.16149332031250002 0.376219184375 0.17220456875 0.3769387 0.1753251921875 0.38284431875 0.1931907609375 0.39370284375 0.20979998593750002 0.396403525 0.2145751140625 0.394049646875 0.22146011875 0.368657284375 0.228953059375 0.3328548484375 0.2282093 0.31155635625 0.2023144828125 0.2933232828125 0.19046131718749998 0.2877226109375 0.18267998593749998 0.2874475609375 0.16982072343750002 0.30867429999999996 0.1709817125 0.31410156875 0.1597769515625 0.327068815625 0.145945078125 0.3204436796875 0.09716164375 0.2866064578125 0 0.2899994171875 0 0.3859989890625
1 0.5762299640624999 0.6799629015625 0.565080090625 0.6666827359374999 0.5601523953124999 0.664667690625 0.544199946875 0.6668651046875 0.533916628125 0.6644903 0.4751252375 0.622254065625 0.4673248390625 0.6214329000000001 0.44807175781249997 0.62647948125 0.39489693593749997 0.6338041999999999 0.3804761953125 0.63813525 0.3291847265625 0.64375385625 0.31874046875 0.6506799515624999 0.24420036406249998 0.6582039796875 0.2323281265625 0.6520571937499999 0.1970523609375 0.61556115 0.19809892812500002 0.6177117265625001 0.1840596015625 0.6329650828125 0.18173995 0.649996303125 0.184081 0.6613969562500001 0.2041159828125 0.6787410984375 0.271144075 0.706473390625 0.331663925 0.7147488328125 0.368553725 0.71400739375 0.3813962453125 0.7201202984374999 0.40685476249999997 0.7536784796875 0.42875402500000004 0.7687703953125 0.44494602031249997 0.7873422984375 0.454801409375 0.7913723906250001 0.45493490468750003 0.7951951968750001 0.46283065937499995 0.7987469390624999 0.4650191453125 0.8057786703125001 0.48748820468750004 0.8093682828125001 0.503012721875 0.8088261546875 0.6982278562500001 0.779591065625 0.7125913859375 0.7736216671875 0.7143984546875 0.76973109375 0.7064645578125 0.7650871218749999 0.701613146875 0.7652565359375 0.6581983609375001 0.7738807703125 0.623401690625 0.7789233656250001 0.610749878125 0.7782716125 0.5924289390624999 0.7821920812500001 0.5807664796875 0.7820525625 0.56014263125 0.7756646078125 0.5819991 0.7338927749999999 0.5932610734375 0.722563875 0.6171557859375 0.7113406125 0.6199331390625 0.70741615625 0.5850387890625 0.681842415625 0.5762299640624999 0.6799629015625
1 0.016565884375 0.4545488390625 0.026707334375000003 0.46677065625 0.0513648796875 0.47739200156250006 0.0670419640625 0.4812187953125 0.0628366328125 0.47207036875 0.0704272546875 0.46688426875 0.0899282546875 0.468937184375 0.0947033828125 0.46658330625 0.1858527125 0.461759959375 0.214846759375 0.457466778125 0.2186706765625 0.4556929 0.2185181109375 0.451323978125 0.208395728125 0.439648275 0.2313392328125 0.42900500781249995 0.231243878125 0.4262744328125 0.0961267109375 0.42388467343749997 0.0621859 0.42561669375 0.035170559375 0.4309343390625 0.027484584375 0.43338986406249996 0.0170975390625 0.44195430625 0.016565884375 0.4545488390625
1 0.55658128125 0 0.5615054671874999 0.0079362515625 0.596151896875 0.026410495312499997 0.691375390625 0.054798525 0.72733305 0.055183198437500004 0.76296650625 0.0462839140625 0.78396944375 0.0357084140625 0.8065696718750001 0.015235075 0.8143700734375001 0.0160562421875 0.8361739828125 0.0284175796875 0.861668315625 0.035182234374999996 0.8635707375000001 0.0340222390625 0.866119240625 0.0235444 0.8445060390625001 0.016644214062500003 0.836495859375 0.0098157796875 0.8324677515625 0 0.55658128125 0
1 0.88389558125 0 0.8690873015625 0.025081096874999997 0.8665006562500001 0.03446670625 0.8705176078125 0.0660397390625 0.8826186937499999 0.07873990625 0.9082846625000001 0.0904195984375 0.9865470453125 0.10603024218749998 0.9828443874999999 0 0.88389558125 0
7 0.5896576140625001 0.17426819531249998 0.5748554593749999 0.16767694375 0.5554688828125001 0.16890071874999998 0.5439780609375 0.17367623593749998 0.5336100874999999 0.1827867921875 0.5275428 0.2037763515625 0.528343771875 0.226713190625 0.532530034375 0.2353155015625 0.5413960703125 0.238833359375 0.5521073171875 0.23955287812499998 0.560763575 0.2370634703125 0.57672439375 0.22119623281249998 0.5901534546875 0.188467190625 0.5896576140625001 0.17426819531249998
8 0.2200470140625 0.07781904843750001 0.2164519453125 0.086146309375 0.21921255468749998 0.10956149531249999 0.2264431578125 0.121884965625 0.2333686296875 0.1254705890625 0.245886946875 0.122299534375 0.2531152234375 0.10673724531249999 0.25691774375 0.07653149375 0.255813965625 0.0727425703125 0.246947928125 0.0692247109375 0.22759949375000002 0.071540715625 0.2200470140625 0.07781904843750001
8 0.4409874328125 1 0.44534372031249997 0.9934649140625 0.44595165937500003 0.9830548406249999 0.4398057625 0.97397418125 0.42616459687499997 0.972810196875 0.41847862031250005 0.9752657203125 0.39755196718749997 0.9880256812500001 0.39700462812500004 1 0.4409874328125 1
8 0.20872645312500002 0.7551294625 0.21555657187500002 0.7559845109375 0.22318533437500002 0.751890640625 0.23041361249999998 0.73632835 0.22993684375 0.7226754703125 0.2210135953125 0.717519265625 0.20750592499999998 0.7201780875 0.1980891625 0.728708646875 0.19957435625 0.7434198750000001 0.20872645312500002 0.7551294625
8 0.0747181765625 0.5897601890625 0.07802718125 0.5732412015625 0.0720147796875 0.567983346875 0.057536828124999995 0.5706760515625 0.051030912500000004 0.5791049625 0.052439821875 0.591631728125 0.0594606484375 0.5979479296875 0.0672610484375 0.598769096875 0.0747181765625 0.5897601890625
1 0.0121983859375 0.8580435984375001 0.024894696875 0.8599696187499999 0.0752349546875 0.8549310109375 0.0858508484375 0.8529199515625001 0.089617553125 0.8495077296875 0.06998073125 0.8157462484375 0.040469446874999995 0.7774085609375 0.0240890703125 0.7812612640625 0.018229235937499998 0.7803723312499999 0.009607032812500001 0.78383694375 0.0121983859375 0.8580435984375001