3 0.9662575421874999 1 0.9816583421875 0.7797583 0.9423010328125001 0.775970053125 0.9404458234374999 0.7741695890625 0.869782915625 0.7647730593750001 0.7841014578125 0.757667803125 0.774437875 0.7542074984375 0.6938788609375 0.7446758796874999 0.6803230218749999 0.7827118140625 0.6682229234375 0.7857640781249999 0.663698678125 0.7938013953125 0.605866221875 1 0.9662575421874999 1
7 0.8270036968750001 0.24329641875000002 0.8322086109375 0.21135947656249998 0.8364228265625 0.20775577812499998 0.8368103625 0.20221375468749997 0.8330611890625 0.19916702656250002 0.7115832359375001 0.194013934375 0.68944395 0.241474075 0.68555665625 0.254568140625 0.68789380625 0.2636421640625 0.6936144484375 0.2668267515625 0.7270131859375 0.27083295625 0.8147436203125 0.276967665625 0.8270036968750001 0.24329641875000002
7 0.785716121875 0.3662714609375 0.7918243 0.36391402500000003 0.7939338890625 0.3479110890625 0.799482625 0.3393885 0.8138522874999999 0.289714315625 0.8145498531250001 0.2797386765625 0.8077272140625 0.278147765625 0.680799890625 0.2659306703125 0.6504428359375 0.3317511828125 0.6487207828125 0.34221209531249996 0.6528356343749999 0.35419499062500004 0.6733423046875 0.3584135171875 0.729490459375 0.362896690625 0.785716121875 0.3662714609375
7 0.7594689531250001 0.47247703906250005 0.7893490328125 0.3709807953125 0.78078744375 0.3659268140625 0.77471801875 0.367730046875 0.7649769265625 0.3653781453125 0.7254312578125 0.3642835796875 0.6496459046874999 0.357313415625 0.6467443484375 0.3704764109375 0.640519909375 0.374496453125 0.605289828125 0.4533421015625 0.6089614921875001 0.457497234375 0.7594689531250001 0.47247703906250005
7 0.607859496875 0.45909091249999995 0.59659011875 0.464428915625 0.60109250625 0.47086978593750006 0.592913490625 0.4886759546875 0.5813340859375 0.498447575 0.5840975234375 0.501425375 0.5788588171875 0.5055143453125 0.579900203125 0.5189530578125 0.576167925 0.5298303140625 0.5721474765625 0.530663003125 0.5513596046875 0.5871282375 0.556133265625 0.58968969375 0.5777031796875 0.5928687453125 0.7244614687500001 0.604801821875 0.7344569390625 0.5893503203125 0.7603722203125 0.502056546875 0.761130396875 0.47704851562500006 0.7160966046875 0.4694441484375 0.6452786828125 0.462264428125 0.607859496875 0.45909091249999995
7 0.5669375999999999 0.59100211875 0.551049575 0.59156185625 0.537072409375 0.6072918421875 0.5322381359375 0.6197627765625 0.5230564890625 0.62357603125 0.5185322453125 0.631613346875 0.48117567812499995 0.712537946875 0.46446886562499995 0.7531381046875001 0.46727105625 0.7555617015625 0.4799306 0.7586745921875 0.63213825625 0.7776716718750001 0.6725534 0.7804977734375 0.689376475 0.7382350078125001 0.72494340625 0.6120753796875 0.72521468125 0.6081959640625 0.72044101875 0.6056345078125001 0.704708009375 0.6039774359375001 0.639649484375 0.5994281015625 0.5669375999999999 0.59100211875
7 0.6133316734375 0.2250135421875 0.6174514875 0.2085942625 0.348035740625 0.1942101765625 0.2903881296875 0.25366705 0.2767985 0.2638550125 0.26353579374999997 0.2835333453125 0.2543929 0.2867923953125 0.217101909375 0.32428243125 0.204653028125 0.332322515625 0.178149475 0.357200990625 0.170357996875 0.3694651375 0.1937056140625 0.375553059375 0.251033271875 0.3773341515625 0.392824128125 0.38947678125 0.44711707343749996 0.392159490625 0.47554838125 0.39637525 0.5012937578125001 0.39650480625 0.5016037875 0.3920711875 0.5182281296875 0.3809816078125 0.5288049046875 0.35721707343750003 0.539398575 0.347376521875 0.6133316734375 0.2250135421875
7 0.3434946015625 0.18832350625 0.36987693125 0.1935098109375 0.56911170625 0.20577092968750002 0.6225351781249999 0.2067221 0.6696109781249999 0.1426275890625 0.6967176921875 0.0949578921875 0.6950562515625001 0.09038641562500001 0.6437980203125 0.0868020921875 0.59522571875 0.0873039703125 0.451945328125 0.0822970390625 0.381095621875 0.14639985312499998 0.349043334375 0.1798009171875 0.3450228875 0.1806336046875 0.3434946015625 0.18832350625
7 0.6487098 0.073222753125 0.6627038625 0.0714167515625 0.7002780625 0.0723734578125 0.7379845 0.0154205484375 0.520993453125 0.00024705625000000003 0.48606845156249995 0.0334472421875 0.462388946875 0.046271125 0.46602185937499996 0.050980459374999995 0.4609550640625 0.06677660937499999 0.499359984375 0.070019053125 0.5202154375 0.0692497609375 0.5432748843749999 0.0652931125 0.5759204078125 0.06590517343749999 0.63025210625 0.0680336796875 0.6487098 0.073222753125
5 0.13759536249999998 0 0.1377382375 0.000179025 0.15167168749999999 0.013405414062500001 0.1644087375 0.0154099 0.17154140625 0.012567192187500001 0.18396257031250002 0 0.13759536249999998 0
5 0.3613134421875 0.6417822 0.37028442500000003 0.6268159718749999 0.417752725 0.5287772640624999 0.41564809687500004 0.5163780265625 0.40637204843749997 0.5073757 0.39202920625000004 0.514169521875 0.371943859375 0.5322569421875001 0.32643013593750003 0.6165095218750001 0.3258488328125 0.6248225578125 0.33421665156249997 0.63264755 0.3477844234375 0.6369377734375 0.350315340625 0.6432407859375 0.3613134421875 0.6417822
5 0.46527170937499995 0.4725105140625 0.46915900156249996 0.45941644843749996 0.4980046640625 0.4152098234375 0.49748397187500004 0.4084904671875 0.48379993906249996 0.40586285 0.45919531406249997 0.403585415625 0.45012992812499997 0.40573606093750003 0.4198722390625 0.4559699828125 0.4193296875 0.46372881250000003 0.436624775 0.485543953125 0.4494780875 0.48588583124999996 0.4549880671875 0.4779174453125 0.46527170937499995 0.4725105140625
8 0.42554124687500006 0.644045796875 0.42820531875 0.6626101890625 0.43373219374999994 0.6685657875000001 0.440554834375 0.670156696875 0.4477262546875 0.6667597859375001 0.4523667609375 0.6570598624999999 0.45302557187500003 0.647638425 0.446629221875 0.639951290625 0.43085745781250007 0.6388484203125 0.42554124687500006 0.644045796875
8 0.5318654875 0.5400982796875 0.5250428484375 0.5385073703125001 0.52295511875 0.5400321171875 0.5233207953125001 0.5489682828125 0.531284184375 0.5484113125000001 0.5318654875 0.5400982796875
8 0.5542690796875 0.4180303890625 0.5641651859375 0.41816548124999997 0.5685344156250001 0.4123449734375 0.5690382125 0.40514034531250004 0.5635888453125 0.3980763421875 0.5517600218750001 0.397249190625 0.546637578125 0.3996755546875 0.54700325625 0.40861172031250004 0.5542690796875 0.4180303890625
8 0.6237117249999999 0.331552696875 0.6196356265625 0.3190156015625 0.61186600625 0.316801559375 0.6066660546875 0.32033632968750003 0.60747491875 0.33710025625 0.613040546875 0.3425016515625 0.621275209375 0.338065265625 0.6237117249999999 0.331552696875
8 0.6659582140625 0.2515269484375 0.6604700921875 0.24501714687499998 0.6506127390625001 0.244327853125 0.647461765625 0.2468920765625 0.6485806578125 0.259222384375 0.6561565093749999 0.2642074375 0.6655319234375 0.25762317343749996 0.6659582140625 0.2515269484375
8 0.3008684953125 0.117956428125 0.29101114375 0.117267134375 0.276900821875 0.120735740625 0.27506250625 0.1328592609375 0.2850142625 0.1463641359375 0.2963392890625 0.1543959171875 0.31487448906250004 0.1584765859375 0.32156397187499997 0.14780611562499998 0.3203675734375 0.1365842125 0.3142425 0.1250176625 0.3008684953125 0.117956428125
8 0.1107398640625 0.2021209671875 0.1243851421875 0.2053027859375 0.12943007812500001 0.2039848265625 0.139115521875 0.19296694375 0.1386941953125 0.1706609953125 0.12617277031250002 0.151407309375 0.108063859375 0.141230415625 0.0943023203125 0.1397112046875 0.08015324375 0.1437340140625 0.0757840140625 0.149554521875 0.0770579203125 0.1596680203125 0.0884773484375 0.18051538281249999 0.1031252578125 0.19769011718750001 0.1107398640625 0.2021209671875
1 0 0.5957466109375 0.0441610796875 0.60178355625 0.0541734453125 0.6002560406249999 0.0945498359375 0.603636346875 0.1086601578125 0.6001677375 0.1350424875 0.60535404375 0.1489977953125 0.6041022453125 0.15377145625 0.6066637015625 0.1866882546875 0.6033963453125 0.21303183125 0.609136853125 0.241889428125 0.6072563875 0.25228933124999997 0.6001868499999999 0.268625503125 0.5790527 0.277790253125 0.5613154609375 0.2756081203125 0.550024628125 0.30150851093750003 0.5479373734374999 0.31869230000000004 0.5430129484374999 0.3235047140625 0.5450202 0.329767909375 0.5404459562499999 0.375366109375 0.525813303125 0.40049639062500003 0.5064079218749999 0.4111119203125 0.48208918437500003 0.4086028625 0.461307984375 0.389856996875 0.44607434062499995 0.36563990625 0.43825488437500004 0.3330718890625 0.43653441718749997 0.3066120546875 0.4324565171875 0.287235203125 0.4333292046875 0.22263079062500002 0.4293685359375 0.1668483140625 0.433821528125 0.1167695859375 0.4275351203125 0.007452340625 0.40429737499999996 0.0054731203125 0.40427035624999996 0.005052159375 0.410290378125 0.01980185625 0.4118438828125 0.0391677765625 0.4182102890625 0.08613428749999999 0.4265067171875 0.10246549687499999 0.433774740625 0.1012472390625 0.437031025 0.08827766718749999 0.4383517515625 0.09558224374999999 0.4472162203125 0.0781828296875 0.46938984531249994 0.059509509375000005 0.48144997187499994 0.052570609375 0.48152166875 0.053246315625 0.486024215625 0.059952693749999994 0.4892777328125 0.0596039125 0.494265553125 0.027086581250000002 0.53431704375 0.024013115625 0.5357728640625 0 0.53233423125 0 0.54094009375 0.0243400390625 0.5452632296875 0.052500071875 0.5533584046875 0.059843401562499995 0.5616686718749999 0.0684824984375 0.56561425 0.0710521671875 0.571363059375 0.075942090625 0.572261909375 0.0948429703125 0.5852787421875 0.09516989375 0.5947691109375 0 0.5870693421875 0 0.5957466109375