7 0.26081126875 1 0.34583803281250003 0.848519609375 0.5053621265625 0.5539421390625 0.5056402265625 0.5382177984375 0.48905667812500003 0.34790849218750003 0.4794448296875 0.17712685156250002 0.4645299734375 0.177387190625 0.42430368749999997 0.2154231234375 0.2333212203125 0.4172152515625 0.1883118984375 0.46614181875 0.18244120156250002 0.478033909375 0.1758466640625 0.4801139515625 0.1682673296875 0.4890884609375 0.1645205234375 0.4960311375 0.16524436250000002 0.50584318125 0.22746590000000003 0.8731825656250001 0.24882294374999997 0.9887409890625 0.2522573625 0.9955583171875 0.2600590875 1 0.26081126875 1
7 0 0.5043634640625 0.0006263124999999999 0.5402448875 0.0012285875 0.5430924640625 0.0032972468749999997 0.5666355859375 0.013339545312500001 0.6037940765625 0.013699565624999998 0.62441961875 0.0327098484375 0.7321592625 0.04953146875 0.8094806046875 0.05297923125 0.848719140625 0.05649936875 0.8604473109375 0.067115015625 0.8671392890625 0.1577546359375 0.7732051859375 0.16744071562500001 0.7582990953125 0.16728642031250002 0.749459578125 0.17151705625 0.738578584375 0.1942722015625 0.7126372265625001 0.19347978593749998 0.6988965078125 0.18465849843749998 0.7000329515625 0.1823631703125 0.6951606781249999 0.18386608124999998 0.6862922328125001 0.19203210625 0.67927241875 0.19192924375 0.6733794078125 0.1763362359375 0.5714749203125 0.172816096875 0.5597467515625 0.172524653125 0.5430498828125 0.1685206875 0.5352600296875 0.1677454171875 0.5225014796874999 0.163672875 0.5107829500000001 0.1629661796875 0.5019530750000001 0.1655053203125 0.489136671875 0.2571125953125 0.387325934375 0.35153331250000003 0.2884134921875 0.357438296875 0.2784857421875 0.35026467031249997 0.21573301093750002 0.34550257812499996 0.19616677656249998 0.336441275 0.18355285937500002 0.33254397343750003 0.15021697812499998 0.326968521875 0.14736689375 0.3159890546875 0.1514884125 0.279406715625 0.1766886578125 0.26259084062500004 0.194666603125 0.2499713125 0.199799215625 0.234260240625 0.217757875 0.21399280312500002 0.22793632343749998 0.198178871875 0.2400019734375 0.1938796625 0.2469542921875 0.1703663875 0.2611192671875 0.1658832265625 0.268074796875 0.15999075625 0.26817765 0.147439803125 0.27723893906249997 0.11474141874999999 0.30335385625 0.1142747359375 0.3082743421875 0.093574903125 0.3253376140625 0.05376386875 0.35550655625 0.048239848437499996 0.35560297812499997 0 0.39511005625 0 0.5043634640625
7 0.528241365625 0 0.500039853125 0.027432240625 0.4792714453125 0.0405668375 0.410110728125 0.0987571828125 0.399837959375 0.1117085765625 0.3807267578125 0.124814246875 0.37860286875 0.12976365781250002 0.3540190765625 0.14591225624999998 0.3556134515625 0.2372539421875 0.3623070515625 0.27250595 0.3716293125 0.2684133578125 0.3916910234375 0.24644888593749997 0.4015313984375 0.24038231406250002 0.419935903125 0.21844676718749997 0.46504808906250006 0.1754132109375 0.4782714484375 0.17321746093749998 0.4816544359375 0.1770882828125 0.48216875156250005 0.20655334218750002 0.487530878125 0.26049548125 0.487698515625 0.30175620625 0.491115790625 0.3075913640625 0.49441305937499996 0.3065513421875 0.5077602265625 0.279791734375 0.5056953703125 0.22480957343750002 0.507716396875 0.2139671484375 0.5310239453125 0.1880161484375 0.5346545453125 0.14275925312499999 0.5339345046874999 0.10150816874999999 0.5360755375 0.097540925 0.5368888968750001 0.080824775 0.537932725 0.013998735937500001 0.53605265 0.0012594703125 0.531110953125 0 0.528241365625 0
7 0.5387347890624999 0 0.538279403125 0.0022030703125 0.5397252265625 0.180004525 0.5582840265625 0.166908496875 0.5999027625 0.1769891859375 0.613091834375 0.172829096875 0.6181834609375 0.1796174984375 0.6275742953125001 0.1794535796875 0.6373289484375 0.168476165625 0.6441844437500001 0.14968961249999999 0.6468854796875 0.0828346484375 0.648101128125 0 0.5387347890624999 0
7 0.0519601453125 0.8536492671874999 0.04953146875 0.8094806046875 0.0230142265625 0.6832051046875 0.01285571875 0.60773239375 0.0021581531250000003 0.5646905328125 0.0008533390625 0.5532511812500001 0.007342014062500001 0.9249871390625 0.0170483546875 0.91124179375 0.0519601453125 0.8536492671874999
7 0 0.24500984531249997 0.040868095312500005 0.21818614374999998 0.0486722 0.206260309375 0.0560781953125 0.2031836328125 0.058703056249999996 0.195278071875 0.0551143421875 0.17962122656249999 0.061588873437500004 0.170666003125 0.06763100625 0.1685956015625 0.07108256874999999 0.176395096875 0.0906566546875 0.18980798125 0.1032590390625 0.1836931984375 0.1075411046875 0.1757587109375 0.1175186296875 0.1775494890625 0.1491807828125 0.1553825296875 0.1505979765625 0.1416032421875 0.12680759531250002 0.006437934375 0 0.008651368750000001 0 0.24500984531249997
7 0.21019642031250002 0.0737551296875 0.23982040625 0.061448426562500005 0.24355006875 0.053523581249999994 0.2514037046875 0.060263771875000004 0.256148653125 0.07884783906250001 0.266541428125 0.07277162499999999 0.25769271875 0.004153325 0.1273842234375 0.00642786875 0.1482512171875 0.13378446093750002 0.1534114171875 0.1445015375 0.1627679640625 0.14237328124999998 0.19608732499999998 0.120177396875 0.19986842031250002 0.11519905781249999 0.1963997140625 0.10641739218749999 0.20123418124999998 0.0984732640625 0.2000950890625 0.096528209375 0.205327665625 0.079734921875 0.21019642031250002 0.0737551296875
8 0.19250815625 0.1683807984375 0.1912319125 0.1585783953125 0.18391353593749998 0.150846396875 0.1756103625 0.15000886093750002 0.16741005 0.1550643359375 0.1658728515625 0.16196844375 0.1727245453125 0.1746209296875 0.18434213125 0.1754006125 0.19250815625 0.1683807984375
8 0.7015449140625 0.7450464 0.7018230156249999 0.729322059375 0.6983028765625 0.7175938890625 0.6863938453125 0.7001173406250001 0.6740867078125 0.69148995 0.6635224921875 0.6877444781250001 0.6436531640625 0.689073765625 0.63495188125 0.6970853906250001 0.629081184375 0.7089774796875 0.629218334375 0.7168348296875 0.637329128125 0.7383075484375 0.673128596875 0.76322683125 0.6908397500000001 0.7648826171875001 0.6973485687500001 0.7578917296875 0.7015449140625 0.7450464
5 0.5043634375 1 0.5759437828125 0.9987505609375 0.6150388078125 0.9175057859375 0.6208237859375 0.9007028531250001 0.6470514390625 0.8521041203124999 0.6550117359375001 0.8332982828125 0.65525555 0.81560960625 0.5957751671875 0.763594571875 0.5745267328125 0.749228446875 0.4318908890625 0.998317609375 0.4314493078125 1 0.5043634375 1
2 0.7725151 0.28401263125 0.771932209375 0.250618896875 0.768274921875 0.23103337656249998 0.5616327265625001 0.1688149796875 0.5512228078125 0.173909025 0.5442301609375 0.18483822968750002 0.514777615625 0.20696661875000003 0.5077849718749999 0.2178958234375 0.5073354328125 0.22379847812500003 0.5108517703125 0.26696568906249996 0.5100384109375 0.2836818390625 0.51367855625 0.3022851921875 0.5143128765625 0.33862543125 0.5108746578125001 0.36324714375 0.5081812234374999 0.367224028125 0.5079888421875001 0.3878592125 0.51173185 0.41235557500000003 0.5139586 0.41329917656250004 0.5157946 0.4235132859375 0.5171587515625 0.501665428125 0.5206579453125 0.5438504703125 0.5341213203125 0.55540508125 0.7100652140625 0.6633528421875 0.7166940390625001 0.6632371359375 0.72643155 0.651277553125 0.7520382265625 0.5987597874999999 0.7539049578125 0.5790778453125001 0.7580841609375 0.5652503453125 0.7725151 0.28401263125