1 0.21340550781249998 0.7024914250000001 0.2171058671875 0.70884133125 0.212547540625 0.7188624015625 0.21206493437499999 0.728071075 0.21842373125 0.7386642875 0.2189141609375 0.7622879046875 0.22371006875 0.7697212203125 0.22511953125 0.7318332265625 0.21958034531249998 0.694607065625 0.22148023593750002 0.6803426859374999 0.21747340468749998 0.6688467375 0.2147918796875 0.6430563 0.21706713125000002 0.62162961875 0.2133667703125 0.6152797140625 0.205858421875 0.5276765359375 0.21454609375000003 0.5158198828125 0.2161778703125 0.5066714343750001 0.2245438046875 0.500953896875 0.311620125 0.466529515625 0.3180057328125 0.47661113437499997 0.3182932140625 0.5151010609375 0.32628378750000003 0.5165458265625 0.3256246671875 0.46315947656249995 0.3334696390625 0.456388640625 0.3437432875 0.4692390140625 0.34380473437500003 0.50104811875 0.3489223796875 0.5023423203124999 0.3507302921875 0.47883915468750005 0.3475125375 0.46328057500000003 0.34718297656249997 0.4365874015625 0.3491748484375 0.43156180937500005 0.343283390625 0.42304508125 0.330113725 0.3884970125 0.333415634375 0.3804620875 0.34230253125 0.3757978484375 0.3485309921875 0.36689030312500004 0.35299695937500003 0.27068070624999996 0.3522231484375 0.263458178125 0.3464389375 0.252895078125 0.3440638828125 0.2322506828125 0.3328939125 0.22550930937500002 0.2847054453125 0.2435037859375 0.2104461421875 0.2642359296875 0.20615592968750002 0.2691410703125 0.1921055875 0.3063665859375 0.198051046875 0.3908098671875 0.1958983078125 0.39890501562499997 0.1911407546875 0.4017336734375 0.1852723875 0.4147640765625 0.18524185625 0.4373343921875 0.180001696875 0.4493717234375 0.188735928125 0.557559071875 0.1918237265625 0.63056663125 0.19442854062499998 0.6358331234375 0.19389231093749998 0.6460649843749999 0.1971253328125 0.6503384046875 0.2013082984375 0.6474796359375 0.2073874359375 0.6524152140624999 0.207092509375 0.6580427359375001 0.2112602109375 0.6664691265625 0.21056311249999998 0.67977054375 0.2135816421875 0.6881367093749999 0.21340550781249998 0.7024914250000001
1 0 0.9744822828125 0.11645995312499999 0.980585690625 0.10780543437500001 0.9144683671875 0.09443654375 0.8727278828125 0.0796887234375 0.8463050750000001 0.0595398765625 0.83498915625 0.0380121 0.838990915625 0.020843425 0.8257791875 0 0.8173986015624999 0 0.9744822828125
1 1 0.21851737343750002 0.9974975109375 0.20903989687500002 0.9803057468749999 0.17428103749999999 0.9588621249999999 0.1546892921875 0.947531284375 0.15101747968749998 0.92846271875 0.15207013125 0.90896516875 0.1613082703125 0.8881959359374999 0.183817715625 0.8689743265625 0.2207722140625 0.8684380968750001 0.23100407500000003 0.9959044703125001 0.30540005625 1 0.30604725 1 0.21851737343750002
1 0.7369872187500001 0.012759796875000002 0.7230899234375 0.0140834625 0.7122647796875 0.0227501078125 0.70101065 0.0396022390625 0.6872820468749999 0.0706886375 0.6822947359375 0.088895196875 0.681919375 0.09605749999999999 0.7108326078125 0.11604071093749999 0.7183941984375 0.1256709625 0.7147552828125 0.1511301625 0.706259775 0.2912464171875 0.712511325 0.303886003125 0.7284388484375001 0.30779871875000003 0.7437228984375001 0.3239896640625 0.7502883625 0.29765784375000004 0.753046221875 0.26702248906250003 0.7593052140625 0.235544625 0.76449175 0.22453048125000002 0.7680539515625 0.1785473359375 0.7727347921875001 0.155194734375 0.7733473531249999 0.08853708125000001 0.7642150515624999 0.042914642187500004 0.7498809484375 0.019591506249999998 0.7369872187500001 0.012759796875000002
7 0.6294805734375 0.43701804375000003 0.6606459671875 0.4140274421875 0.6645760859375 0.4049994453125 0.6789407234375 0.4057522640625 0.689896203125 0.41658637968749995 0.6969520984375001 0.41387817499999996 0.6996946890625 0.394527978125 0.704321525 0.29524882343750003 0.7176971 0.1389723796875 0.7165631953125 0.1276269953125 0.7074387171875001 0.1148368484375 0.57226515 0.0225950109375 0.5592105546874999 0.0188328609375 0.556123134375 0.022775040625 0.5550897953125 0.2074002125 0.55725818125 0.26496964218749997 0.5601311078125 0.26512020625 0.5630960140625 0.27450955781249997 0.577123646875 0.29268665 0.594935796875 0.29362014531249997 0.59466768125 0.298736075 0.5901708 0.34056625 0.5864935296875 0.3557634765625 0.5828315265625 0.3596755453125 0.56089003125 0.36057763125000003 0.5300999984375 0.37640593125 0.529456525 0.38868416250000004 0.53184684375 0.3980434015625 0.5405423390624999 0.4190190375 0.5632807328125 0.4468866078125 0.5845787515625 0.458262753125 0.6294805734375 0.43701804375000003
7 0.398375878125 0 0.403352671875 0.07940644531249999 0.40948170937499995 0.105377559375 0.4220920578125 0.128610359375 0.42068259531249996 0.166498353125 0.41905081875 0.1756468015625 0.41366505625 0.17946853125 0.4053143890625 0.173900909375 0.383732990625 0.1789258546875 0.3800709859375 0.18283792031249999 0.37921302031250004 0.199208896875 0.38390168281250003 0.2086885859375 0.394443446875 0.2164230296875 0.3987336578125 0.21151788906250002 0.4030086046875 0.21789790781249999 0.40326145156250004 0.2240671359375 0.41407133125 0.22668565 0.4748086984375 0.20011486875 0.47335305625 0.19490860000000002 0.48119802656250005 0.1881377640625 0.4826153125 0.18308206093749999 0.474111025 0 0.398375878125 0
7 1 0.3110648109375 0.9567559453125 0.28282844375 0.9313285828125 0.2732878828125 0.8841511296875 0.239009534375 0.8688518125 0.23410374531249997 0.8601641421874999 0.2459603984375 0.852066703125 0.3235117453125 0.8521281500000001 0.35532085 0.8348604328125001 0.4539375234375 0.828785396875 0.5038929609375 0.8234689062499999 0.572356084375 0.8376574078125 0.5874636203125 0.8523974046875 0.5810541375 0.8558680078125 0.6027819453125 0.8671299578125 0.6187621015625 0.8787136468750001 0.6286031453125001 0.891661378125 0.71136140625 0.8612314375000001 0.7313125625 0.8481999312499999 0.74909754375 0.83058700625 0.7553564625 0.8181837078124999 0.7721483703125 0.8177011015625 0.78135704375 0.822228896875 0.7939062890625 0.8351993375 0.8212619453125001 0.8621590546875 0.8565327203124999 0.9199013624999999 0.9200926468749999 0.9448997421875 0.9378186953125001 0.958061584375 0.9395344734375 0.9704648828125 0.9227425671875 0.97867590625 0.9199809015625 1 0.5130929609375 1 0.3110648109375
7 0.8758991234375 0.044663771875 0.8786761609375 0.019159403125 0.85803528125 0.0180776609375 0.854493859375 0.035334 0.852846815625 0.055767606250000004 0.8607301421875 0.059258742187500005 0.8758991234375 0.044663771875
7 0.0476239640625 0.259806765625 0.0231279078125 0.045600259375 0.0110925453125 0.27524867343750004 0.0438010921875 0.2667883921875 0.0476239640625 0.259806765625
5 0 0.5260252515625 0.047341725 0.507057071875 0.045717390625 0.472088071875 0.0405077640625 0.46155508437500004 0.0007461015625 0.4726705671875 0 0.4869070328125 0 0.5260252515625
8 0.1246500890625 0.4721207734375 0.128380984375 0.4559003625 0.127982534375 0.44151553281249994 0.12343947343749999 0.4402514453125 0.1198463578125 0.43185516875 0.10234068125 0.43606771406249994 0.09422759375 0.44795448125000004 0.09173785 0.4734739046875 0.09470275624999999 0.48286325625000004 0.099138571875 0.4861737171875 0.10953473437500001 0.485692559375 0.11962442343749999 0.48006536093749996 0.1246500890625 0.4721207734375
2 0.09753922968749999 0.85750054375 0.1247745046875 0.843537940625 0.15091423125 0.828491925 0.169063384375 0.8120011453125 0.170672071875 0.7813055656250001 0.1514109625 0.577148875 0.1478867375 0.5564442515625 0.14044765937499998 0.53348246875 0.13418084218749998 0.5321280421875 0.11421595312499999 0.5392896984375 0.058757101562500004 0.564085121875 0.05943149062500001 0.6061863109375001 0.06396710781250001 0.6515678484375 0.09252882812499999 0.8541599703125 0.09753922968749999 0.85750054375
2 0.5744365796875 0.69576235625 0.57642845 0.6907367640625 0.5606003484375 0.6519453859375 0.5458830625 0.6029522625 0.5462048 0.596813146875 0.5379230203125 0.5789371812499999 0.533264890625 0.546887175 0.5284153593750001 0.5404770437499999 0.5262395296875 0.5270250625 0.5065885546875 0.49521530937499997 0.5009499453124999 0.49286781093750004 0.47371467031250003 0.506830415625 0.4680838859375 0.5373152046875 0.46665915625 0.586488359375 0.464720909375 0.5904907640625 0.46659026875 0.598796703125 0.463954921875 0.6161005265624999 0.465272784375 0.6459234859375 0.462055409375 0.7073146453125 0.4659397296875 0.7321421234375001 0.47048279062500004 0.7334062109375 0.4767343421875 0.7460457968750001 0.473792525 0.7582035765625 0.48458713593749997 0.7721072515625 0.48618838125 0.7855291203125 0.49073144218750003 0.78679320625 0.551897790625 0.7520369375 0.5546403828125 0.7326867421875 0.550740796875 0.7191444234375 0.5518516124999999 0.7089426765625 0.5744365796875 0.69576235625
2 0.592892203125 0.68441761875 0.5966230968749999 0.66819720625 0.597266571875 0.655918975 0.594822628125 0.6475829234375 0.5495372421875 0.5662079046875 0.544741334375 0.5587745890625 0.5388882328125 0.5605198328125 0.543216803125 0.565876665625 0.5484495171875 0.597956784375 0.5746816046875 0.66909929375 0.5830170046875 0.685952075 0.5863572718750001 0.688179121875 0.592892203125 0.68441761875
2 0.38232466875000004 0.447663065625 0.38011830625 0.4567814015625 0.3816353953125 0.49379677343750006 0.39491230625 0.526298471875 0.4148771953125 0.519136815625 0.41695322187499995 0.49051772031249996 0.41475430312499995 0.455518609375 0.43884071249999995 0.41368908125 0.4396067 0.3880793171875 0.39906359999999996 0.315160803125 0.39509512343750003 0.313926828125 0.3860778921875 0.29909030625 0.3764555421875 0.306793990625 0.37366715156249997 0.35999966250000004 0.3757052015625 0.3980683328125 0.38232466875000004 0.447663065625
2 0.8017093828125 1 0.8011081546875 0.9990246468749999 0.7495712171875 0.9050100421874999 0.7329618625000001 0.9031135875 0.7347161515625 0.8806336078125 0.7081854171875 0.8371773453125 0.681402215625 0.8645015921875 0.686090878125 0.8739812796875001 0.6831490625 0.8861390625000001 0.6708835421875 0.8783142796875 0.669182875 0.8997710734375 0.6638202046874999 0.9251399328125001 0.6625332546875 0.9496963968750001 0.67203309375 0.95532424375 0.67296056875 1 0.8017093828125 1
2 0.8304998093749999 0.163352053125 0.8288065859374999 0.140691396875 0.8221260515625 0.1362373 0.7749258890624999 0.15736155937500002 0.76730323125 0.192871940625 0.76497435625 0.21532180781250002 0.7671501859375 0.22877378906249998 0.7597572875 0.24890626875000002 0.75690745 0.27030283593750004 0.754601665625 0.314299834375 0.7815230265625 0.3393086359375 0.7908236390625001 0.33774406875 0.807463528125 0.31707020625000004 0.812473928125 0.3204107796875 0.829297775 0.318214490625 0.837510284375 0.27144906406249997 0.8356409250000001 0.2631431234375 0.8372727015624999 0.253994675 0.8486724328124999 0.24535814375 0.855375675 0.1944096328125 0.8551917171874999 0.1759320609375 0.8603246312499999 0.165941103125 0.8597116890625 0.155649015625 0.8468179609375 0.14881730625 0.8457607671874999 0.15799586875 0.833840075 0.1655791015625 0.8304998093749999 0.163352053125
4 0.0940352609375 0 0.0968763046875 0.034616803125 0.10332708125000001 0.054448803125 0.1166881484375 0.063356996875 0.13340475000000002 0.06320708124999999 0.1521668453125 0.057008385937499996 0.161375478125 0.04620503125 0.1647310125 0.037146921875 0.1656426015625 0.019752759375 0.16396230625 0 0.0940352609375 0