8 0.28379810625 0.678469896875 0.2740136984375 0.687369278125 0.2713377015625 0.7025158734375 0.28079148125 0.70605201875 0.294463540625 0.6955077734375 0.29854844375 0.6833347703125 0.2934519515625 0.6791449593750001 0.28379810625 0.678469896875
8 0.21022678125 0.59761505 0.2035880015625 0.592359034375 0.19078289843750001 0.5905052562499999 0.1842136234375 0.5919626015625 0.179925840625 0.59932963125 0.1797952765625 0.6089040765625 0.18871273125000002 0.6124027171875001 0.206408634375 0.605973275 0.21022678125 0.59761505
8 0.41992499062500005 0.7819078453125 0.4140892921875 0.7728745578125 0.40550809687499995 0.7722745015625 0.39659345625000003 0.7764429171875 0.3909662671875 0.787549715625 0.3911052734375 0.8009764390624999 0.40002272968749997 0.8044750796875 0.41248876093750003 0.7957632171875 0.41992499062500005 0.7819078453125
8 0.5690213156249999 0.9696298062500001 0.5666036328125 0.95796045625 0.5568802859375 0.9505720312499999 0.5384451765625 0.9521579953125 0.5305393125 0.96502216875 0.5294722921874999 0.9802812734374999 0.5385259375 0.989539584375 0.5611821406249999 0.9815402843750001 0.5690213156249999 0.9696298062500001
8 0.4869891984375 0.48567319062500003 0.48236515625000004 0.490141634375 0.48082568593749997 0.4967424875 0.48538585312500004 0.50089479375 0.495173078125 0.49966246875 0.501003146875 0.49336164374999997 0.498588278125 0.48935934999999997 0.4869891984375 0.48567319062500003
8 0.5635699640625 0.5466129734375 0.5594155578125 0.5520726125000001 0.558815359375 0.560655859375 0.5618999296875 0.5627882703125 0.5749051 0.5617809640625 0.5801988453125 0.5554426375 0.5716815234375 0.5462218296875 0.5635699640625 0.5466129734375
8 0.71055390625 0.641226546875 0.7109540390625 0.6355043828125 0.7044486390625 0.628340978125 0.6979460515625 0.62884463125 0.6925189296875 0.637090346875 0.690979459375 0.6436911984375 0.6959425734375 0.6497883984375 0.704054134375 0.6493972578125 0.71055390625 0.641226546875
8 0.8043609375 0.6947456890625 0.799067190625 0.7010840171875 0.7976639125 0.7134445375 0.804302690625 0.7187005531249999 0.814759615625 0.7155983421875 0.819783790625 0.7054077359375001 0.8120028609375 0.69336335 0.8043609375 0.6947456890625
8 0.9704665765625 0.8319057546874999 0.9710000875 0.8242762000000001 0.962013128125 0.814064196875 0.95229259375 0.8143428281249999 0.9474017968749999 0.8226260468750001 0.9455288828124999 0.8339953703124999 0.954582528125 0.8432536796875001 0.9626274 0.8438162312499999 0.9704665765625 0.8319057546874999
8 0.743143925 0.48345976874999996 0.7401288578125 0.4880407203125 0.7401983609375 0.49475408437499996 0.7448919046875 0.4969990046875 0.754476246875 0.4909607046875 0.754206678125 0.4871084234375 0.7491101859375 0.48291861249999996 0.743143925 0.48345976874999996
8 0.6490062640625001 0.442376153125 0.6437763953125 0.44009373125 0.6433762625 0.44581589531250004 0.6490062640625001 0.442376153125
8 0.658993553125 0.43828274531250005 0.6538331875 0.44271368437499997 0.6680472015625 0.44754105468749994 0.6643568 0.43865778125 0.658993553125 0.43828274531250005
8 0.9800331734375 0.5949020671875 0.9776878078125 0.5976131359375 0.975745390625 0.6022690953125001 0.98345681875 0.60760011875 0.9913683125 0.6100700578125 0.9933107296875001 0.6054140984374999 0.9906929812499999 0.5966058296875001 0.9800331734375 0.5949020671875
7 0.958426246875 0.356676871875 0.9643953218749999 0.3638027734375 0.9690193640625001 0.3593343296875 0.9698835046875001 0.33926924999999997 0.9057217859375 0.32424069218749996 0.9039183749999999 0.342323378125 0.958426246875 0.356676871875
7 0.777293115625 0.3727615328125 0.7859409984375 0.37240789531249996 0.794369115625 0.32124594375000004 0.7939633546875 0.31163399531249997 0.757557146875 0.3004630078125 0.7452216765624999 0.299600428125 0.7409338921875 0.30696745625 0.7357180953125 0.343020315625 0.7323028953125 0.35332343437499997 0.72895156875 0.3550058015625 0.7298241515624999 0.357941890625 0.743971475 0.3637229546875 0.7579826093750001 0.36374435156249996 0.777293115625 0.3727615328125
7 0.81334055 0.3196974828125 0.8097891578124999 0.3242409328125 0.7972733234375 0.3799088296875 0.797142759375 0.3894832734375 0.8081388234375 0.3940856234375 0.8442059593750001 0.3946909703125 0.8568110000000001 0.39940582812500003 0.8598260671875 0.3948248765625 0.8704633578125 0.3351921890625 0.8675121640624999 0.331152390625 0.834257215625 0.32116011875 0.81334055 0.3196974828125
7 0.8980854890625001 0.340957146875 0.8953371765625 0.341723321875 0.89272505625 0.3482491671875 0.8808817390625 0.4097142359375 0.9245964296875 0.4242713546875 0.9406889859374999 0.43306351562499995 0.9489339234375 0.430764984375 0.9584375046875 0.3873450984375 0.9652012171875001 0.3676925546875 0.9655346609375 0.3629240859375 0.9621805203125 0.356939396875 0.8980854890625001 0.340957146875
7 1 0.374225475 0.9928900374999999 0.37250381875 0.9803046999999999 0.4214583546875 0.97870416875 0.4443470125 1 0.451804721875 1 0.374225475
7 1 0.4584422375 0.9408251765625 0.4388231828125 0.934122525 0.44218791875 0.9295679874999999 0.45336972343750004 0.92635848125 0.476145871875 0.9222040765624999 0.4816055125 0.91484579375 0.5251754140625 0.9059311531249999 0.5293438296875 0.9415342828125001 0.5442920890625 0.9434128265625 0.5482568796875 0.939730871875 0.562374775 0.9345038156250001 0.5677594078125 0.9731248265625 0.5857937718749999 0.9775488015624999 0.584186409375 0.9928937109374999 0.565133925 0.9966324234374999 0.5656189781250001 1 0.5174603890625 1 0.4584422375
7 0.8052185890624999 0.474383446875 0.8140721687499999 0.48650284062500004 0.8227200546875 0.4861492015625 0.8293588328125001 0.4914052171875 0.8311068125000001 0.5049444515625 0.825007175 0.507392996875 0.8240707171875 0.5130776578125 0.8473383765625 0.5271633375 0.8559195718750001 0.52776339375 0.8639616312499999 0.520658890625 0.867243453125 0.512263159375 0.881187896875 0.51323825 0.8862815734374999 0.5097610046875001 0.9035463859374999 0.42471610625 0.8901354515625 0.4161114640625 0.8248982703125 0.39334084375 0.819471146875 0.401586559375 0.8169980328124999 0.42153912812499994 0.8111735921875001 0.44317406562499995 0.8052185890624999 0.474383446875
7 0.7533228375000001 0.453504109375 0.770890990625 0.46431616875000004 0.7801418890625 0.46304634062499994 0.78255394375 0.4593815765625 0.7947973937499999 0.3921943421875 0.7943249421874999 0.38353608906250003 0.7318360734375 0.35999929218750004 0.7252029249999999 0.3700773890625 0.7155744078125 0.43840583437499997 0.7533228375000001 0.453504109375
7 0.6448124546875 0.3404970046875 0.6393327171875 0.3880316953125 0.6404109953125 0.40344081562499995 0.6530855375 0.4148690390625 0.6892916796875 0.4289011078125 0.6948549953125001 0.42641506093750003 0.7035498671875 0.3714383328125 0.70434731875 0.352326946875 0.6551331890625 0.331635125 0.646418615625 0.3329424578125 0.6448124546875 0.3404970046875
7 0.5184238515625 0.4677458109375 0.5305949828125 0.3861781578125 0.4789659859375 0.36148404218749997 0.47595091875 0.366064996875 0.46839538437500006 0.42016303749999995 0.4668587265625 0.4344309453125 0.46820094687499997 0.43835823281249997 0.47959995781250003 0.44490547343750003 0.48027247500000003 0.45070264531250004 0.486305425 0.44920779375000003 0.50018599375 0.45880363593749995 0.51581173125 0.4742716546875 0.5184238515625 0.4677458109375
7 0.5701307953125 0.52215445625 0.5766361953125 0.5293178609375 0.58488113125 0.52701933125 0.5876933203125 0.517632403125 0.6010375640625 0.527190740625 0.6068009437499999 0.5218436109375 0.613811709375 0.4447068984375 0.613403134375 0.42742789375 0.5602985406250001 0.4007138796875 0.55332631875 0.400226334375 0.5487717796875 0.41140813906249996 0.5420888296874999 0.46844226874999995 0.541827703125 0.48759115781249995 0.5711311265625 0.5078490453125 0.5732125515625001 0.5166198093750001 0.5701307953125 0.52215445625
7 0.7065103609375 0.583442346875 0.7256452734375001 0.479361071875 0.6511515640625001 0.4425261671875 0.6429733140625 0.4438710046875 0.6382215234374999 0.46558094843750003 0.62972953125 0.52536365 0.6304715515625 0.537874184375 0.6395251984375 0.5471324937500001 0.6541421578125 0.55390475625 0.654814675 0.5597019265625 0.6827091921874999 0.5769862203125 0.7015500609374999 0.5850122046874999 0.7065103609375 0.583442346875
7 0.8369321109375001 0.6682725640625 0.8417618484375 0.6762771515625 0.85034304375 0.6768772078125 0.8538944374999999 0.6723337578125 0.8729682890625 0.5845402890625 0.87671411875 0.5618016421875 0.875571965625 0.5550132750000001 0.8558585125 0.5440512015625 0.8508953984375 0.5379540015625001 0.8427838390625 0.5383451421875 0.778413609375 0.5031764984375 0.7719110234375 0.5036801515625 0.7656836359375 0.523370196875 0.7506946875 0.5989906640625 0.750163990625 0.6142872734375 0.791135996875 0.6449446812499999 0.8369321109375001 0.6682725640625
7 0.9416159000000001 0.766636725 0.9485881234375 0.7671242703125001 0.9514059390625 0.7730714562500001 0.9585115390625001 0.7716516140625 0.970102171875 0.7523366031250001 0.9815011859375 0.7588838453125 0.9829870421875 0.760757021875 0.9933546921874999 0.6124927062500001 0.9224407296875 0.5784161640625001 0.9123172484375001 0.576749903125 0.88822485 0.6900680921875 0.8876941546875001 0.705364703125 0.930541890625 0.73231984375 0.9427439812499999 0.7350898140625 0.9445558359374999 0.7400082968749999 0.939601165625 0.7569122687500001 0.9420160328125 0.7609145609375 0.9416159000000001 0.766636725
7 0.8265786625 1 0.8389702218749999 0.9242965234374999 0.8462674437500001 0.8970144281250001 0.84760121875 0.8779405468749999 0.786443309375 0.8276628109375 0.77698953125 0.8241266656249999 0.7355478890625 0.792478059375 0.72756970625 0.7909618125 0.716101190625 0.7777012109375 0.68854011875 0.7556484453125 0.681701275 0.7532535124999999 0.678283259375 0.7558895734375 0.6713222953125 0.7860702546875 0.6483053625 0.90713050625 0.6476412875 0.9243345062499999 0.72241546875 1 0.8265786625 1
7 0.6414712875 0.7351066390625001 0.6379142671875 0.724315975 0.537126571875 0.6473081171875 0.5188915296875 0.646033 0.5170824890625 0.6487815718750001 0.5037776468749999 0.746562025 0.4985562203125 0.767280771875 0.49795883593749996 0.783531075 0.54436640625 0.8289439359375 0.5438995859375 0.8356197953125 0.5217158328125 0.8522773484374999 0.516758346875 0.8615142609375 0.56262959375 0.90688961875 0.5931888468750001 0.8783590921875 0.5980157687500001 0.8786966234375001 0.612232596875 0.89119105 0.6209997875 0.850594740625 0.6286858843750001 0.78692225625 0.632637409375 0.776656640625 0.6369280078124999 0.77695666875 0.6357191656250001 0.77112199375 0.6385341671875 0.7694021234374999 0.638397975 0.7636424546875 0.64147973125 0.75810780625 0.6414712875 0.7351066390625001
7 0.385402096875 0.6050727140625 0.380119609375 0.642079265625 0.376234771875 0.6513911859375 0.3757707671875 0.6657341031249999 0.4104430671875 0.7017011375 0.40957611250000003 0.714099159375 0.3888651421875 0.7251095546874999 0.3869227234375 0.729765515625 0.417974128125 0.7635626359375001 0.43010671718750004 0.75961924375 0.45436907968750007 0.7440654 0.46019633437499996 0.7300975171874999 0.4647368015625 0.68058043125 0.47457382656249997 0.6323920734375 0.474965515625 0.6036687374999999 0.4466652375 0.5767724953125 0.4027420390625 0.5420752906249999 0.39530018125 0.5405965484374999 0.3908790203125 0.549870965625 0.385402096875 0.6050727140625
7 0.3238026953125 0.6304743453125 0.311267159375 0.632472846875 0.3015494390625 0.640418534375 0.32314425 0.6630124546875 0.33728876093750004 0.6611264640625001 0.36322678750000004 0.6447314359375 0.3612815546875 0.6417203390624999 0.36047003125 0.6224964421875 0.3719019578125 0.5360853125 0.37196301875 0.51979750625 0.30852643125 0.47127714374999996 0.305308484375 0.4710521234375 0.3039690796875 0.47479189374999997 0.2918092046875 0.587027771875 0.32661488125 0.6210874171875 0.326148059375 0.6277632765625001 0.3238026953125 0.6304743453125
7 0.2432535203125 0.5337978390625 0.251973721875 0.5478246203125 0.2804017484375 0.5574793609375 0.2862703609375 0.47355427812500006 0.2895493703125 0.4574914921875 0.28740125625 0.449674421875 0.23697547187499998 0.41548086875 0.2332907015625 0.4219317078125 0.224195696875 0.4826305984375 0.22098900625 0.513073803125 0.22528241875 0.5210408890625 0.2320545734375 0.524389515625 0.230581790625 0.5300366734375 0.238157028125 0.529608028125 0.2432535203125 0.5337978390625
1 0.0766996609375 0.8192420703125001 0.09132225000000001 0.8413484453125 0.0971607625 0.858048790625 0.10909328437500002 0.8569664781249999 0.10687848124999999 0.8501031031249999 0.10780649687499999 0.8214172718749999 0.10323788593750001 0.7942637953125 0.10323225625000002 0.7789296828125 0.0961210296875 0.7650154109375 0.094825796875 0.7064650359375 0.08447691874999999 0.63865635 0.0697820125 0.60216955625 0.05650445625 0.591657525 0.046583854687499995 0.5947972375 0.0437162375 0.6358060859375 0.046414746875 0.6819959421874999 0.051452995312500006 0.7101406156250001 0.054954584375000004 0.7525532 0.0578419046875 0.7652137484375 0.0662925359375 0.775388246875 0.06743750468750001 0.789843675 0.06502545 0.7935084359375 0.0507174609375 0.8979272453125 0.0493836859375 0.9170011265625 0.052334878125 0.9210409234375 0.061983096875 0.9063818734375 0.0608381296875 0.8919264484375 0.06505922343750001 0.8855131140625 0.06693213906249999 0.874143790625 0.06498690625 0.8711326953125 0.0682687296875 0.862736965625 0.0657843578125 0.852021309375 0.0694301546875 0.8307132062499999 0.0766996609375 0.8192420703125001
1 0.15678764375 0.937928546875 0.1528943640625 0.9242392984375 0.1523411515625 0.87819945625 0.1569483078125 0.827728675 0.158890725 0.823072715625 0.17115669218750001 0.8172219328124999 0.205284225 0.8301502953125001 0.212192571875 0.839258590625 0.21527995781249998 0.84905805625 0.216816615625 0.8347901468750001 0.22050138437500003 0.8283393078125 0.2333064890625 0.8301930859375 0.255423553125 0.814489228125 0.24851239218750001 0.797713875 0.23442894062500003 0.7833120609375 0.2255781765625 0.778859725 0.21317601718749998 0.7789508406250001 0.198631375 0.786558996875 0.19601362656250002 0.777750728125 0.19761415625 0.75486206875 0.195932865625 0.740369140625 0.164609075 0.69505268125 0.1447678734375 0.701332109375 0.1298146546875 0.6916612609375 0.12666058125 0.6828154890625 0.1190825296875 0.675577078125 0.10922861875 0.6777630984374999 0.10333186093749999 0.6850176171875 0.097527121875 0.7603219484375 0.1067282171875 0.8060081515625 0.10895709218750001 0.8512068109375001 0.10179324687499999 0.8765815171875 0.0895988078125 0.9725229015625001 0.1161531203125 0.9743797609374999 0.12239617031250001 0.9364820187499999 0.129626703125 0.9101536171875001 0.1349232640625 0.911482346875 0.13619879375 0.9163633296875 0.1423679359375 0.9206281453124999 0.1447189296875 0.933251190625 0.14927909687500002 0.9374034984374999 0.15518429843749998 0.9531501499999999 0.1569933390625 0.950401578125 0.15678764375 0.937928546875
1 0.162092646875 0.9622584453125 0.1765790421875 0.978605153125 0.236551834375 0.982798859375 0.2319952296875 0.9106034218750001 0.21655548906250002 0.8539390359375 0.20810204062499998 0.8360974796875 0.183358784375 0.8199919 0.1820109359375 0.8007305015625 0.16558774999999998 0.8043738671874999 0.1582877125 0.8239889046875 0.154350259375 0.8725898015625001 0.15362794062500001 0.9137486640624999 0.162092646875 0.9622584453125
1 0.34746375937499996 0.9857627890625 0.3375347171875 0.9659013328125001 0.323987590625 0.951537021875 0.318288084375 0.9482633999999999 0.3089704984375 0.9504869234375001 0.2996557234375 0.9603775046875 0.29295870156250003 0.9790763515625001 0.2926397203125 0.9867209062500001 0.34873929062500003 0.9906437703125001 0.34746375937499996 0.9857627890625
1 0.5133310296875 0.6561861046875 0.501189996875 0.6371283296875 0.48067346562499996 0.629943528125 0.47504909062499995 0.6487173828125 0.47082799687500004 0.6551307171875 0.46802143906250004 0.6798517578125 0.4644728609375 0.6920622640625 0.4628028265625 0.7082375609375 0.4649537546875 0.7237216875 0.4641534890625 0.7351660171875001 0.4952715828125 0.7680094453125 0.498622909375 0.7663270765625 0.5141397390625 0.66774294375 0.5133310296875 0.6561861046875
1 0.374559109375 0.6522323703125 0.3795804703125 0.6343747078125 0.37910520625 0.6180493953124999 0.3827232875 0.6125522515624999 0.38954242968749997 0.5612777906249999 0.391273525 0.5288146874999999 0.38046908125 0.49835008593749996 0.3654463609375 0.4819658765625 0.348420159375 0.48652543281250005 0.3451383375 0.4949211625 0.3706207984375 0.51587021875 0.372568846875 0.5265483703125 0.36208182031249997 0.630276009375 0.362687646875 0.6370268765625 0.374559109375 0.6522323703125
1 0.8531947531249999 1 0.8387147234375 0.958779525 0.8334209796875 0.965117853125 0.8262231890624999 1 0.8531947531249999 1
1 0.8846762734375 0.7022786 0.906089859375 0.5964399484375 0.89676664375 0.583329359375 0.8774561390625 0.5743121765625 0.871628884375 0.58828005625 0.8646040453125 0.6270814890625 0.8518186421875 0.67889710625 0.8567150671875 0.685948 0.8846762734375 0.7022786
5 0.3569560828125 0.9116746750000001 0.3495781 0.9015751812499999 0.278082571875 0.8141569859375 0.2737919734375 0.8138569578125001 0.23847248593749998 0.8410962609375 0.2375360265625 0.846780921875 0.2452502703125 0.8597790015625 0.29012399843750003 0.927126828125 0.3089704984375 0.9504869234375001 0.33022060625 0.9471810890624999 0.3520681 0.9276249515625 0.35709227499999996 0.9174343421875 0.3569560828125 0.9116746750000001
5 0.366560128125 0.959305771875 0.35302425937500004 0.9756096843750001 0.3513514109375 0.984117925 0.354350071875 0.9910361140624999 0.4405440984375 0.9970633875000001 0.40047352031249994 0.9367599328124999 0.39584666562500004 0.93356131875 0.366560128125 0.959305771875
5 0.468793559375 0.5917368640625 0.516807290625 0.6295951796875 0.5270641484375 0.6293540515625 0.543281640625 0.6132376546875 0.5425424359375 0.6083941765625 0.535970346875 0.6021844671875 0.482526678125 0.5649048109375 0.46013723281249996 0.5690893328125 0.4599399796875 0.579617471875 0.468793559375 0.5917368640625
5 0.6517084468750001 0.6811961156249999 0.6429938734375 0.682503446875 0.6301831390625 0.6653155578125001 0.5827057328125 0.6274947453124999 0.5655461546875 0.6339616890625 0.557973734375 0.6420573921875 0.5581099265625 0.6478170609375 0.6248339640625 0.7032758046875001 0.640993209375 0.711114271875 0.642399303125 0.7064208078124999 0.6503079828125 0.701223690625 0.6568049390625 0.6853859265625 0.6517084468750001 0.6811961156249999
5 0.689395815625 0.7125821953125 0.6813509437499999 0.7120196437499999 0.676793590625 0.7155343921874999 0.665000075 0.730043428125 0.6652029546875 0.7348494015625 0.6797560421875 0.750242415625 0.7556642890624999 0.805385025 0.771553965625 0.8093712109375 0.7836142359375 0.7910474 0.782538771875 0.7833053359375 0.6958345265625 0.7206992953125 0.689395815625 0.7125821953125
5 0.9474468281249999 0.9452989515624999 0.966423890625 0.9590846031250001 0.9691610875000001 0.9584773765625 0.9691944328125001 0.9580005296874999 0.96662395625 0.956223521875 0.9676242890625 0.9419181078125 0.9690970703125 0.9362709515625 0.97078940625 0.93519134375 0.9724785625000001 0.9110352765625 0.9274441046874999 0.876815203125 0.91409423125 0.851922753125 0.8482455921875 0.807067153125 0.83128889375 0.818340071875 0.8183560406250001 0.8337277953125 0.8174862718749999 0.8384587625 0.8244613078125 0.8466133640625 0.8511497968749999 0.865730040625 0.855443209375 0.8736971234375 0.9474468281249999 0.9452989515624999
5 0.7211019921874999 0.5212111015625001 0.7176867921875 0.5315142203125001 0.718092553125 0.5411261671875 0.7284856046875 0.546644709375 0.7333125265625 0.546982240625 0.7428273671875 0.5342305765625001 0.72720163125 0.5187625578125 0.7211019921874999 0.5212111015625001