7 0.7213707515625 0.47381147031250004 0.7225339125 0.4693295578125 0.7076300171875001 0.4637212578125 0.6991725671875 0.47529755625 0.61978355625 0.4713946 0.6022577359375 0.454388415625 0.589325253125 0.44997959062500004 0.399457975 0.43882675000000004 0.310961 0.43630168437499994 0.3077475578125 0.44184262968750004 0.3118873984375 0.46742642187500005 0.35488322031249997 0.619867275 0.356834915625 0.6216313765625 0.3941341671875 0.620107315625 0.4151691890625 0.6231031390624999 0.465499509375 0.6231647640625 0.6273135187500001 0.6305113812500001 0.67159158125 0.6309269750000001 0.6828484109375 0.625666909375 0.70488885625 0.62869784375 0.70979766875 0.6322611609375001 0.7329224062499999 0.6330686937500001 0.7372990109375 0.6230458375000001 0.7163627296875 0.588395759375 0.7277575796875 0.5791833015625001 0.7362544625 0.5664777484375 0.7483591328125 0.5369386984375 0.7633026187499999 0.512586628125 0.7381869062499999 0.48231312812500005 0.7213707515625 0.47381147031250004
7 0.294539809375 0.30118300468750003 0.2957028171875 0.3255322109375 0.3191425625 0.40379905625 0.5834898859375001 0.444122653125 0.59050813125 0.4449330515625 0.596619540625 0.442885203125 0.59689558125 0.4349804171875 0.58942399375 0.4183253359375 0.5996162484374999 0.41472404375 0.6091185546875 0.4020536 0.6172999625 0.3983820890625 0.6305677937499999 0.3643611296875 0.61414598125 0.3445669171875 0.5971918046875 0.3400176515625 0.5847915328125 0.34919500000000003 0.5526771359375 0.34637759218749997 0.5334163546874999 0.35022751875 0.5264572609375 0.3477232375 0.5177239250000001 0.3383732046875 0.4677682328125 0.32758365624999997 0.3106463015625 0.301180140625 0.294539809375 0.30118300468750003
7 0.5178027937499999 0.33611469375 0.5283499593750001 0.32235010625 0.532371653125 0.322490546875 0.535506225 0.3192081109375 0.53584141875 0.30960944375 0.5410065562499999 0.3058326 0.5502724125 0.271106571875 0.541479925 0.2634504203125 0.4238651078125 0.2587779046875 0.3678177234375 0.249471578125 0.2753976421875 0.24398293437500002 0.27316990625000004 0.2501236171875 0.27845319218750003 0.2717901265625 0.286673878125 0.2958204765625 0.2935146703125 0.3017125234375 0.308655171875 0.3005452921875 0.5178027937499999 0.33611469375
7 0.43620638593749994 0.22246332500000002 0.5454031875 0.2375828828125 0.550351434375 0.2400169453125 0.5614505265624999 0.2392739015625 0.5770841156250001 0.19515986406250002 0.5744621890625 0.1837619828125 0.5665765406250001 0.1789640796875 0.55652230625 0.17861297812500002 0.5415985390625 0.20240042187500001 0.531583740625 0.200920065625 0.5098982046875 0.1877258359375 0.473998721875 0.17799245625 0.3474928328125 0.168486928125 0.3365317625 0.165277578125 0.3074336359375 0.1625655 0.2903020046875 0.16309788281249998 0.2929042125 0.1750603921875 0.314037665625 0.20406419374999998 0.34719691875 0.2057874578125 0.43137644062499997 0.21664149687499998 0.43620638593749994 0.22246332500000002
7 0.4609869046875 0.26233549218749996 0.46824175781250005 0.256370359375 0.48239655312499996 0.254603390625 0.48697032812499996 0.23893425937499999 0.4805436 0.22118503281250002 0.43723152499999995 0.2219338078125 0.43236214687499996 0.217241234375 0.41929164375 0.216784803125 0.361253128125 0.2068436265625 0.3301244390625 0.20462595781249998 0.3033329171875 0.1935146875 0.26331315625 0.1864640046875 0.2620316921875 0.19433368125 0.27299260625 0.22637414687500002 0.278788540625 0.2333603390625 0.336905921875 0.24104300312500002 0.443914425 0.261173990625 0.4609869046875 0.26233549218749996
7 0.290321721875 0.1625332546875 0.256137328125 0.161339509375 0.263194853125 0.1898517703125 0.3033526359375 0.192950059375 0.3017361328125 0.1815872875 0.290321721875 0.1625332546875
7 0.4324371328125 0.9357606515624999 0.4390611890625 0.919032484375 0.4230141609375 0.85967923125 0.21477321875 0.8557991953125 0.2115006265625 0.8630340234375 0.2139454734375 0.9903155281249999 0.4575583 0.9988226750000001 0.4556995796875 0.990278025 0.48395001875 0.988437971875 0.48473855312499997 0.9946839859375001 0.489667084375 0.9976826734375001 0.494753353125 0.99616434375 0.5097757078125 0.969553759375 0.5083169421875 0.9536739687500001 0.500707334375 0.9409712796875 0.4543789921875 0.941614721875 0.4324371328125 0.9357606515624999
7 0.40677027031249996 0.7483100234375 0.40075760312500003 0.7187036171875001 0.3932465796875 0.7031777906250001 0.35411393750000003 0.699549984375 0.2183423484375 0.6959393671874999 0.214891834375 0.7947491953125 0.2151084125 0.8462005265625001 0.21887378124999998 0.8536811249999999 0.42409845312499994 0.8574558328125 0.4248871421875 0.8348707296875 0.4178493328125 0.805793840625 0.44107265625 0.8037782359375001 0.44397062343749993 0.8072713328125 0.4470066109375 0.8068120359375 0.4587169359375 0.7885655359375 0.4621275515625 0.777378315625 0.46053076718749997 0.765450915625 0.4492346578125 0.7430091187500001 0.44953041562499996 0.7345397046875 0.44351759218750003 0.7337644156249999 0.43829330468750005 0.7392351406250001 0.443064096875 0.74675085 0.42676043437500005 0.7523999906250001 0.41465591875 0.7531079234375 0.41374908125000004 0.7502496765625 0.40677027031249996 0.7483100234375
7 0.21842121718750002 0.693680859375 0.264650975 0.6958605515625 0.382285509375 0.699968440625 0.3904472 0.6968615578125 0.3889687171875 0.6815463921875 0.3941930078125 0.6760756671875 0.3846381171875 0.66070459375 0.38877135625000003 0.6346182625 0.40661017499999996 0.6328168921875 0.4060612265625 0.6244810296875001 0.385775303125 0.628860475 0.378816209375 0.62635619375 0.37666734218750003 0.6302383671875 0.3705953671875 0.6311569609375 0.36671169375 0.627064128125 0.352675203125 0.6254433296874999 0.3390529265625 0.5831342375 0.32823769999999997 0.5872790890624999 0.3046910765625 0.5870221390625 0.2153069828125 0.5810741968750001 0.21548381718749998 0.6913170171874999 0.21842121718750002 0.693680859375
7 0.3195757203125 0.506701715625 0.2331290296875 0.5031176140625 0.22102451250000002 0.5038255484375 0.213868246875 0.50696754375 0.21520839687499999 0.5838973359375 0.22632720625 0.5825896640625 0.3298266609375 0.58789989375 0.33765315937499996 0.5943916781249999 0.338461409375 0.6000730640625 0.3425225375 0.5990842484375001 0.33767303125 0.5649959328125 0.3195757203125 0.506701715625
7 0.209629975 0.455375771875 0.206396815625 0.46148134531249996 0.2098662703125 0.506262475 0.21357248750000002 0.5154369562500001 0.22202993750000002 0.5038606578125 0.22607134687500002 0.503436471875 0.3175845921875 0.50606686875 0.3188463390625 0.49876181875 0.3081811828125 0.45825193906250006 0.2750613625 0.455399421875 0.209629975 0.455375771875
7 0.2064156 0.63390341875 0.18329086249999998 0.6330958859375 0.17814544375000002 0.6363081 0.179012534375 0.6979578375 0.21116636562500002 0.699645990625 0.2132363625 0.698022328125 0.21236927187500002 0.636372590625 0.2064156 0.63390341875
7 0.21499073124999998 0.7342638234375001 0.21378828906249997 0.7110438718750001 0.2108508890625 0.70868003125 0.183684740625 0.708296684375 0.1775536140625 0.7109091624999999 0.1728020734375 0.7893221765625 0.1786768765625 0.7940498578125 0.2128612703125 0.7952436031250001 0.21499073124999998 0.7342638234375001
7 0.207755284375 0.7973265625 0.1785388546875 0.7980022515625 0.1732948484375 0.804037603125 0.1706723015625 0.9079641890625 0.20891782499999997 0.9081691187500001 0.21374823437499998 0.8274975953125001 0.2125457953125 0.8042776437500001 0.207755284375 0.7973265625
7 0.1715199875 0.9125163203125 0.1658859234375 0.9886372515625 0.21304124062500002 0.9902839515625 0.21142144531249998 0.9229547671875 0.206808390625 0.9109220375 0.17463484375 0.9097985124999999 0.1715199875 0.9125163203125
7 0.164317 0.9885824640624999 0.16497464374999998 0.95581709375 0.145911034375 0.9540207453124999 0.1417907546875 0.9567034421875 0.14070630625 0.9877579593749999 0.164317 0.9885824640624999
7 0.1665715828125 0.9389133765625 0.170061378125 0.8678054109375 0.1676169078125 0.8513258796875001 0.152496121875 0.8519284828125 0.15034725468750001 0.8558106562500001 0.14549712812499999 0.9370468078125 0.14829650781249998 0.943363040625 0.1613472953125 0.9443841015625001 0.1665715828125 0.9389133765625
7 0.16968690625 0.8497022171875 0.170914303125 0.81455415 0.1755423015625 0.79733229375 0.1707517921875 0.7903812109375 0.156675865625 0.78988966875 0.153541290625 0.7931721031250001 0.15456612187500002 0.8503048203124999 0.1676169078125 0.8513258796875001 0.16968690625 0.8497022171875
2 0.531781221875 0.13761155625 0.5412835296875 0.12494111249999999 0.5544726468750001 0.06434754375 0.5396870546875 0.055351478125 0.379331965625 0.035053535937500005 0.35926293125000003 0.033222078125 0.35015496874999996 0.03459996875 0.3288631578125 0.12543765625 0.327542103125 0.163267703125 0.35551650156250003 0.1693324375 0.45901595781250004 0.1746426640625 0.49394945156250003 0.183211678125 0.49588142812499997 0.185540409375 0.508932215625 0.1865614703125 0.5171530578125 0.18176070312499998 0.531781221875 0.13761155625
8 0.5521658875 0.1015778546875 0.5561284296875 0.10341217968750001 0.5643098359375001 0.099740665625 0.5741867703125 0.0763423 0.5735165390625 0.06670852031249999 0.5645860328125 0.0630047625 0.5554386359375 0.065511909375 0.5470009046875 0.0765235796875 0.54739509375 0.0940621453125 0.5521658875 0.1015778546875
8 0.6983042328125 0.6442967562499999 0.7046325312499999 0.636038003125 0.711749365625 0.6340252625 0.701774 0.6314156515625 0.6594673484375 0.632199534375 0.661162721875 0.641303796875 0.6689103484375 0.6500540921875 0.688033109375 0.6501565578124999 0.6983042328125 0.6442967562499999
8 0.597427946875 0.419735471875 0.595042471875 0.430393175 0.60158750625 0.4447546359375 0.611543153125 0.4479288765625 0.6217156890625 0.4448922125 0.6238645578125 0.44101003906249997 0.6277089499999999 0.4174010109375 0.6269992859375 0.4088964875 0.621124484375 0.40416880624999996 0.6109913812500001 0.406076215625 0.597427946875 0.419735471875
8 0.4415654328125 0.8184936640625 0.4330685484375 0.8311992171875 0.43271363906250004 0.8413625140625 0.44046126875 0.8501128093749999 0.4525855 0.8488402484375 0.4555822078125 0.8206790890625 0.45067339375 0.8171157718750001 0.4415654328125 0.8184936640625
8 0.4009748015625 0.6548304796875 0.3959279671875 0.65521955625 0.388673115625 0.6611846890625 0.3901318796875 0.67706448125 0.3991806890625 0.6773804734375 0.4033009703125 0.674697775 0.4057061609375 0.66347544375 0.4009748015625 0.6548304796875
1 0.6770715734375 0.7334405578125 0.5821871484375001 0.740868128125 0.5456567156250001 0.74920283125 0.5170710828125 0.7606415546874999 0.5035273640625 0.7737361843749999 0.4979087296875 0.790499459375 0.505163428125 0.8133654453125001 0.5247198125 0.8298772203125001 0.558411278125 0.8451866562499999 0.586326525 0.8529452703124999 0.6233694515625 0.8587613671875 0.6655972328125 0.8602359937499999 0.9418916421875 0.846706446875 0.9878576812500001 0.8564380359375001 0.9881875109375 0.8469929781250001 0.97221208125 0.8432427296875 0.9633407265624999 0.837845090625 0.99007011875 0.7930821140625001 0.9919365046875 0.7396358359375 0.899487028125 0.734989 0.7827987656250001 0.7326101046875 0.77445961875 0.7407986375 0.767736975 0.7603499421875 0.7848487343749999 0.789213303125 0.7725667640625 0.795002884375 0.72430644375 0.7933175968749999 0.7153365015625 0.7907430953125 0.6877368859375 0.7451193218750001 0.6770715734375 0.7334405578125
1 0.5247996140625 0.6546320078125001 0.5861304390625001 0.6567737265625 0.62248341875 0.653520671875 0.6255785578124999 0.6513674921875 0.6192504140625 0.630795128125 0.50774700625 0.6240747640625 0.4603935234375 0.6252477234375 0.4622269140625 0.63039959375 0.47299081249999997 0.6392552171875 0.5247996140625 0.6546320078125001
1 0.40643678593750004 0.44076640468750006 0.5039431343749999 0.4447367171875 0.5080042625 0.44374790312499995 0.50914770625 0.43983061875 0.5043177625 0.4340087921875 0.4863384453125 0.42998904531250004 0.44107467656250005 0.42897371562500003 0.41485479999999997 0.43031936093749995 0.39149345625 0.4362873578125 0.40643678593750004 0.44076640468750006
2 0.6592708765624999 1 0.73376385625 0.9976139156249999 0.95295635625 0.9953187234374999 0.92276025 0.9372803875000001 0.7068492046875 0.9378811578124999 0.656165740625 1 0.6592708765624999 1
2 1 0.3654991546875 0.8655848640625001 0.3600180875 0.807845428125 0.3987045421875 0.872271415625 0.40163272812499995 1 0.41284037187499995 1 0.3654991546875
5 0.6042109828125 0.1678413484375 0.6122346546874999 0.16868685781249998 0.6184249312500001 0.1643804984375 0.637311396875 0.1135962609375 0.5852661453125 0.076163884375 0.5761779 0.0769771484375 0.5740881843750001 0.0791654375 0.5557340843749999 0.1147047296875 0.555379175 0.1248680265625 0.6042109828125 0.1678413484375