1 1 0.9750508765625 0.9735941468749999 0.9479631453125 0.918445859375 0.8999527078125 0.8564921625 0.8389892109374999 0.824406971875 0.8146704250000001 0.8035217250000001 0.8078622062499999 0.78408838125 0.8123096078125001 0.7605861328125 0.8366851625 0.6978079234375001 0.9340389734375 0.6818728828125 0.9628612437499999 0.6711598999999999 0.98961676875 0.6701911125 0.9943615671874999 1 0.9828443874999999 1 0.9750508765625
1 1 0.5506988140625 0.9925106109374999 0.5496968921875001 0.9692085234375 0.564643521875 0.9240203984375001 0.6199265578125 0.9080196328125 0.6468667359375 0.9032576421874999 0.6621081249999999 0.9030216390625 0.6856712046875 0.9067499765625 0.716633396875 0.9211853281250001 0.7509904640625 0.9059134984374999 0.7684832515625 0.8986390671875 0.7875811515625 0.8904952937499999 0.8575878609375 0.891418415625 0.868861946875 0.9017938234375 0.8779215640625001 0.9099286390625 0.853140459375 0.9208656859375 0.8631226562500001 0.9270467140624999 0.8581958437500001 0.9705409609375 0.84537066875 0.971795690625 0.8509800140625 0.978239615625 0.8535815671875 0.9818424765625 0.8506291734375001 0.98419359375 0.82699223125 0.9884268046875 0.8117693078125001 1 0.82063975625 1 0.5506988140625
5 0.5830211656250001 0.48202573906249996 0.5848405203125 0.47348246562499996 0.58196659375 0.4669874703125 0.54039924375 0.42886690468750005 0.527908725 0.41988114843749996 0.5199770515625 0.42015812812500003 0.457572265625 0.4675626421875 0.4360865453125 0.48904119843749994 0.3078055609375 0.590566803125 0.3070109 0.5981321015625001 0.3261066703125 0.62949984375 0.3610299375 0.6744477796874999 0.37071225625 0.6788206328124999 0.55948605625 0.5054602484374999 0.5830211656250001 0.48202573906249996
5 0.6395287171875 0.341550003125 0.6397258890625 0.347196278125 0.6448463765625 0.3573815953125 0.702408521875 0.398712384375 0.8130755140625 0.2930909046875 0.8206785671875 0.2834034640625 0.8210430343749999 0.2786797703125 0.8177060546874999 0.27408533125 0.764206840625 0.242976790625 0.7192875828124999 0.27563779374999997 0.6395287171875 0.341550003125
5 0.9029677875000001 0.123183540625 0.8246638093750001 0.18527616875 0.8227787296875 0.191937353125 0.8300471921874999 0.20298985468750003 0.8757491671875 0.2230643578125 0.95269983125 0.152539246875 0.9566342984375 0.143922109375 0.9029677875000001 0.123183540625
7 0.5364911609374999 0 0.5467983203125 0.15729170312500002 0.541639 0.17631574218749999 0.5438855609375 0.1800060640625 0.6037988249999999 0.1976999109375 0.6112017203125 0.1974413953125 0.6268021703125 0.18935906875 0.6463370875 0.1726596046875 0.6434303 0.1652235640625 0.6341453109375 0.15706805937499999 0.611046365625 0.14751056406250002 0.6089671 0.1334502703125 0.610389125 0.12868964375 0.6175948484375 0.12278485312500001 0.6363351046875 0.1136506875 0.660133109375 0.097744546875 0.662612690625 0.0929469890625 0.6583555734375001 0.062003265625000005 0.6594818390625 0.048773224999999996 0.657778640625 0 0.5364911609374999 0
7 0.268726725 0.335654821875 0.28326961875 0.327609425 0.2867709078125 0.3369090921875 0.32245896093750004 0.3582754828125 0.363139034375 0.37098780625 0.4024389046875 0.34417620000000004 0.42240401250000004 0.32463513125 0.41559860625 0.311682071875 0.4035382796875 0.2998547109375 0.3748557921875 0.28201245625000004 0.3781300328125 0.2696496 0.45051588125 0.22001215312500003 0.443456534375 0.1543051234375 0.4411113859375 0.1477916625 0.442599134375 0.14491312812499998 0.44174472187499997 0.1204459328125 0.43544717187500004 0.046232559374999996 0.430691153125 0.031323546875000004 0.43178455781249997 0.0171524609375 0.4303187140625 0.0021285515625 0.2419561640625 0.0087063171875 0.21773095156250002 0.0123788609375 0.21478831718750002 0.0190769734375 0.22006714375 0.0641179234375 0.220061171875 0.0942683265625 0.22484408125000002 0.1402687859375 0.24412209687500003 0.252658809375 0.25323680312499997 0.28625948437500004 0.2588472359375 0.3256356921875 0.262348525 0.3349353609375 0.268726725 0.335654821875
7 0.7188096578125001 0 0.721017284375 0.052277520312500006 0.7093811796875 0.06775895937500001 0.707000184375 0.07537965468749999 0.7081891890625001 0.07910690625 0.7317183265625 0.0858228 0.7709793640625 0.0882205484375 0.7947773671875 0.07231440781250001 0.7796429578125 0.063420978125 0.7758100609375 0.0597860515625 0.7756786124999999 0.056021865625 0.765598965625 0.0554316625 0.7646758421875 0.044157575 0.769040503125 0.0326988359375 0.8033154859374999 0.01360025 0.8032134359375 0 0.7188096578125001 0
8 0.57464435 0.393752071875 0.5728578578125 0.40323639375000003 0.5796961281249999 0.4171305 0.60312369375 0.43609845468749997 0.6190856265625 0.43836763124999995 0.6282750140625 0.4286247953125 0.628212275 0.411667503125 0.6252397625 0.4023493703125 0.6130479875 0.3867578265625 0.5859488515625 0.38393537499999997 0.57464435 0.393752071875
8 0.797950059375 0.23897187187500002 0.7954704796875001 0.24376942812500002 0.7973525718750001 0.2521834453125 0.82008705 0.2664646375 0.8334708140625 0.2707082328125 0.8462630640625 0.2580130015625 0.84593444375 0.2486025421875 0.8424660156250001 0.24024392031250003 0.83265225 0.232106884375 0.8066763921875 0.2311295921875 0.797950059375 0.23897187187500002
8 0.9249763156249999 0.1318369203125 0.9448368687500001 0.1396231171875 0.954683496875 0.1487012015625 0.9664839125 0.1379249921875 0.9639415937500001 0.12576525624999998 0.9546894671875 0.11855079843750001 0.9335054765624999 0.1183483671875 0.92474628125 0.12524960000000002 0.9232256703124999 0.12718708750000002 0.9249763156249999 0.1318369203125
2 0.518546115625 0.8036808703125 0.5434375250000001 0.7736036421875 0.5625123734375 0.7437295359375 0.56084835 0.6354353859375 0.5572902921875 0.5790280234375 0.540763734375 0.590911465625 0.43184738593749994 0.7011827796875 0.4309212765625 0.7049838937499999 0.442584275 0.7205939031249999 0.4440361765625 0.731849525 0.4479676578125 0.7383075890625 0.509622609375 0.8058768734375 0.513918559375 0.8076112421874999 0.518546115625 0.8036808703125
2 0.6955553250000001 0.46019428281249997 0.6921526203125 0.45371775468750003 0.69351190625 0.431999834375 0.6915312265625 0.42076267968750003 0.6328786640625 0.378527775 0.614538721875 0.3688040921875 0.613083834375 0.372623671875 0.6129494015625 0.3839346875 0.6228288921875 0.3939538171875 0.6297328859375 0.40973001406250004 0.647015271875 0.41949062968749995 0.6599389671875 0.4105595828125 0.6664814781249999 0.415984275 0.6656121390624999 0.4668930828125 0.674466934375 0.477890190625 0.6698692562499999 0.497836809375 0.6711478890625 0.5496128031249999 0.6956001515625 0.56760278125 0.7008879328125001 0.567418128125 0.723729953125 0.53929685625 0.7265082765625 0.5278935109375 0.730209725 0.527764253125 0.7325010890625 0.47209481875000003 0.7316496625 0.432552421875 0.7218000484375 0.43854954062499996 0.701404746875 0.46093221093750003 0.6955553250000001 0.46019428281249997
2 0.8605460687500001 0.3941322921875 0.8622668375 0.38276587968750003 0.8688631093750001 0.283605209375 0.8178584234375 0.339091365625 0.8162033796875001 0.35233987031249997 0.814572240625 0.411755025 0.8387944671875 0.42315768125000003 0.8561156859375 0.40370894062499996 0.8605460687500001 0.3941322921875
8 0.5078449843749999 0.103062565625 0.5065573921875 0.0965121734375 0.49945324218750003 0.0901649015625 0.493107903125 0.09038648437499999 0.48798443125 0.09527636874999999 0.48824732812500005 0.10280473593749999 0.4941953359375 0.1063658015625 0.50163109375 0.1070483328125 0.5078449843749999 0.103062565625