8 0.8442307687499999 0.3924324328125 0.834615384375 0.3891891890625 0.825 0.39081081093750003 0.8173076921875 0.39891891875 0.8211538468749999 0.4145945953125 0.8298076921875 0.423783784375 0.8509615390624999 0.4275675671875 0.8625 0.42054054062499996 0.8605769234375 0.40972972968750004 0.8442307687499999 0.3924324328125
8 0.73173076875 0.643783784375 0.716346153125 0.6313513515625 0.7019230765625 0.6291891890625 0.697115384375 0.640540540625 0.703846153125 0.6535135140625 0.7173076921875 0.660540540625 0.73173076875 0.660540540625 0.7365384609375 0.65675675625 0.7365384609375 0.6513513515625 0.73173076875 0.643783784375
8 0.6307692312500001 0.759459459375 0.622115384375 0.75891891875 0.61826923125 0.7659459453124999 0.625 0.7854054046875001 0.634615384375 0.7902702703125 0.6480769234375 0.7902702703125 0.6509615390625 0.7816216218750001 0.64326923125 0.7702702703125001 0.6307692312500001 0.759459459375
8 0.5894230765625 0.8924324328125 0.58173076875 0.8918918921874999 0.577884615625 0.895135134375 0.58076923125 0.9172972968750001 0.5894230765625 0.9237837843750001 0.6028846156250001 0.9243243250000001 0.60576923125 0.9156756749999999 0.596153846875 0.89891891875 0.5894230765625 0.8924324328125
8 0.322115384375 0.7302702703125 0.3269230765625 0.7329729734375 0.3355769234375 0.7329729734375 0.334615384375 0.7221621625 0.32788461562500004 0.71675675625 0.3201923078125 0.717297296875 0.322115384375 0.7302702703125
8 0.341346153125 0.6281081078125 0.33942307656250004 0.640540540625 0.34326923125 0.644324325 0.352884615625 0.6454054046875 0.35673076875 0.643783784375 0.35480769218749997 0.635135134375 0.346153846875 0.6281081078125 0.341346153125 0.6281081078125
8 0.378846153125 0.52 0.371153846875 0.52 0.36826923125 0.5281081078125001 0.371153846875 0.5340540546875 0.3798076921875 0.537297296875 0.3875 0.53675675625 0.3894230765625 0.5302702703125 0.38365384687500004 0.522702703125 0.378846153125 0.52
8 0.39423076875 0.40540540468749997 0.3894230765625 0.4064864859375 0.3855769234375 0.4118918921875 0.3875 0.424324325 0.39519230781250003 0.4281081078125 0.40384615312500005 0.4281081078125 0.40673076874999997 0.42108108125 0.4009615390625 0.4091891890625 0.39423076875 0.40540540468749997
8 0.43365384687499997 0.2378378375 0.4259615390625 0.24216216250000003 0.4230769234375 0.2508108109375 0.42980769218750003 0.25729729687499997 0.44038461562500003 0.255135134375 0.4490384609375 0.2470270265625 0.447115384375 0.238378378125 0.43365384687499997 0.2378378375
8 0.25 0.1140540546875 0.241346153125 0.1145945953125 0.2365384609375 0.119459459375 0.2365384609375 0.12864864843749999 0.2394230765625 0.1335135140625 0.2451923078125 0.135135134375 0.2519230765625 0.1259459453125 0.25288461562500003 0.11675675625 0.25 0.1140540546875
8 0.19615384687499998 0.4075675671875 0.2048076921875 0.41135135156249997 0.20865384687500002 0.40972972968750004 0.2076923078125 0.40108108124999997 0.20192307656250003 0.3978378375 0.197115384375 0.398378378125 0.19615384687499998 0.4075675671875
8 0.20576923125 0.47675675625 0.20576923125 0.48648648593750005 0.20865384687500002 0.4886486484375 0.21730769218749998 0.4891891890625 0.21826923125 0.482702703125 0.2134615390625 0.47675675625 0.20865384687500002 0.475135134375 0.20576923125 0.47675675625
8 0.197115384375 0.5740540546874999 0.2 0.5675675671875 0.19423076875 0.560540540625 0.190384615625 0.5599999999999999 0.1875 0.5708108109375 0.197115384375 0.5740540546874999
4 0 0.4853186515625 0.053846153125 0.482702703125 0.05673076875000001 0.479459459375 0.0548076921875 0.46702702656249995 0.05 0.46486486562499996 0.03076923125 0.4654054046875 0.033653846875 0.4713513515625 0.03076923125 0.4729729734375 0 0.4744902796875 0 0.4853186515625
4 0 0.46556610625 0.0115384609375 0.46486486562499996 0.020192307812499997 0.46216216250000003 0.01826923125 0.4545945953125 0.0134615390625 0.4513513515625 0 0.4515675671875 0 0.46556610625
5 1 0.3436486484375 0.997115384375 0.344864865625 0.9461538468749999 0.4264864859375 0.9288461531250001 0.44864864843749996 0.9028846156249999 0.49621621562499996 0.9057692312500001 0.5054054046875 0.9105769234375 0.5086486484375 0.9673076921874999 0.5297297296875 0.975 0.5297297296875 0.98076923125 0.5270270265625 1 0.5009538953125 1 0.3436486484375
5 0.95673076875 0.5881081078125 0.95673076875 0.583783784375 0.9384615390625 0.5740540546874999 0.9057692312500001 0.560540540625 0.8980769234375 0.56108108125 0.8903846156249999 0.5572972968750001 0.8846153843750001 0.5578378374999999 0.8326923078125 0.6416216218749999 0.8134615390625 0.6799999999999999 0.815384615625 0.6843243250000001 0.8423076921874999 0.70108108125 0.8701923078125 0.7124324328125 0.877884615625 0.7086486484375001 0.95673076875 0.5881081078125
5 0.8519230765625 0.7518918921875 0.8278846156249999 0.735675675 0.8201923078125001 0.7335135140625 0.8221153843750001 0.7291891890625 0.8067307687499999 0.723783784375 0.796153846875 0.72324324375 0.79326923125 0.7248648656250001 0.73076923125 0.8259459453125 0.75673076875 0.8464864859375 0.7807692312500001 0.86 0.7875 0.8594594593749999 0.791346153125 0.856216215625 0.85673076875 0.758378378125 0.8519230765625 0.7518918921875
5 0.722115384375 0.8724324328125 0.7076923078124999 0.8681081078125 0.70576923125 0.8697297296875 0.6615384609375 0.9421621625000001 0.6615384609375 0.956216215625 0.6990384609375 0.9881081078125 0.7048076921875001 0.9859459453125 0.7576923078125 0.9043243249999999 0.7519230765625 0.895135134375 0.722115384375 0.8724324328125
5 0.6728365390625 1 0.65 0.979459459375 0.640384615625 0.9778378375000001 0.6267381656250001 1 0.6728365390625 1
5 0.3576923078125 0.719459459375 0.353846153125 0.7335135140625 0.38076923125 0.7691891890625 0.38173076875 0.7751351343749999 0.3855769234375 0.77675675625 0.3990384609375 0.7751351343749999 0.40576923125000003 0.7664864859375 0.4269230765625 0.697297296875 0.4115384609375 0.6908108109375 0.4 0.675675675 0.39519230781250003 0.6778378375 0.3875 0.6740540546875 0.3798076921875 0.6745945953125 0.37211538437499997 0.67675675625 0.3730769234375 0.6854054046875 0.3673076921875 0.6859459453125 0.365384615625 0.6886486484375001 0.35961538437499996 0.7091891890625 0.3644230765625 0.715675675 0.3576923078125 0.719459459375
5 0.41923076875 0.6843243250000001 0.42980769218750003 0.68108108125 0.4509615390625 0.615135134375 0.446153846875 0.5913513515625 0.43461538437499997 0.5864864859375001 0.425 0.5762162156249999 0.409615384375 0.575135134375 0.39038461562500004 0.5924324328125 0.3894230765625 0.6059459453125 0.39519230781250003 0.6286486484375 0.3875 0.6529729734374999 0.40576923125000003 0.6729729734375 0.4115384609375 0.683783784375 0.41923076875 0.6843243250000001
5 0.45 0.5832432437499999 0.45673076874999996 0.580540540625 0.4759615390625 0.561621621875 0.49711538437499997 0.49891891875 0.5 0.48108108125 0.49519230781249995 0.47729729687500005 0.48173076875 0.47459459531250003 0.46634615312500005 0.463783784375 0.447115384375 0.460540540625 0.4375 0.46216216250000003 0.4269230765625 0.45837837812500004 0.4134615390625 0.504864865625 0.415384615625 0.515675675 0.4115384609375 0.5178378375 0.4048076921875 0.5470270265625 0.41826923125000004 0.5599999999999999 0.4394230765625 0.5708108109375 0.45 0.5832432437499999
5 0.4759615390625 0.4459459453125 0.4798076921875 0.4421621625 0.5144230765625 0.340540540625 0.49711538437499997 0.3329729734375 0.49519230781249995 0.3345945953125 0.4875 0.3329729734375 0.4865384609375 0.3302702703125 0.48076923125000004 0.3302702703125 0.45673076874999996 0.3535135140625 0.4509615390625 0.375135134375 0.45576923125 0.3886486484375 0.4519230765625 0.4221621625 0.44230769218750005 0.4329729734375 0.45673076874999996 0.441621621875 0.4759615390625 0.4459459453125
5 0.4884615390625 0.2313513515625 0.4875 0.23567567500000003 0.4884615390625 0.2454054046875 0.49423076874999994 0.2545945953125 0.49326923125000005 0.26432432499999997 0.48269230781249994 0.29675675625000003 0.491346153125 0.30378378437500003 0.502884615625 0.30162162187499997 0.5173076921875001 0.3064864859375 0.5221153843749999 0.30324324375 0.5403846156250001 0.2518918921875 0.5384615390625 0.2464864859375 0.5490384609375 0.21891891874999997 0.55576923125 0.184324325 0.55 0.17675675625 0.516346153125 0.175135134375 0.509615384375 0.183783784375 0.5009615390625 0.184324325 0.4980769234375 0.1918918921875 0.49711538437499997 0.2140540546875 0.491346153125 0.222702703125 0.49519230781249995 0.22756756718750001 0.4884615390625 0.2313513515625
1 0.5615384609375 0.32432432499999997 0.58173076875 0.34324324375000004 0.5855769234375 0.34108108125 0.5932692312500001 0.3118918921875 0.603846153125 0.28864864843750004 0.6230769234375 0.2854054046875 0.6605769234375 0.2891891890625 0.753846153125 0.2918918921875 0.7615384609375 0.2859459453125 0.7730769234375 0.2513513515625 0.7769230765625 0.2470270265625 0.783653846875 0.2464864859375 0.7865384609375 0.243783784375 0.7990384609375 0.2475675671875 0.7980769234375 0.2508108109375 0.8048076921874999 0.2535135140625 0.809615384375 0.24162162187499997 0.815384615625 0.23891891875 0.9096153843750001 0.24324324375 0.9076923078125001 0.23891891875 0.833653846875 0.23459459531250001 0.8048076921874999 0.236216215625 0.8009615390624999 0.23459459531250001 0.8019230765625001 0.2308108109375 0.7884615390625 0.23405405468749998 0.76923076875 0.22864864843750002 0.7740384609375 0.22108108125 0.76923076875 0.218378378125 0.7451923078125 0.217297296875 0.7451923078125 0.2145945953125 0.6625 0.21243243281250002 0.6480769234375 0.22000000000000003 0.6355769234374999 0.24270270312500003 0.6076923078124999 0.2535135140625 0.577884615625 0.2740540546875 0.565384615625 0.2908108109375 0.559615384375 0.3075675671875 0.5615384609375 0.32432432499999997
1 0.502884615625 0.4778378375 0.503846153125 0.4908108109375 0.509615384375 0.4929729734375 0.51826923125 0.5021621625 0.525 0.5021621625 0.5269230765625 0.4897297296875 0.5355769234375 0.484864865625 0.566346153125 0.4913513515625 0.6076923078124999 0.4891891890625 0.6192307687499999 0.4913513515625 0.627884615625 0.4886486484375 0.6336538468749999 0.4908108109375 0.6423076921875001 0.4886486484375 0.671153846875 0.4902702703125 0.6875 0.4524324328125 0.6634615390625 0.4502702703125 0.6567307687499999 0.4518918921875 0.6509615390625 0.4502702703125 0.5538461531250001 0.44864864843749996 0.55 0.4464864859375 0.55 0.4421621625 0.5625 0.40054054062500005 0.558653846875 0.398378378125 0.552884615625 0.39891891875 0.5221153843749999 0.42054054062499996 0.5115384609375 0.43783783749999994 0.5105769234374999 0.4659459453125 0.5201923078124999 0.47459459531250003 0.516346153125 0.47675675625 0.5048076921875 0.47621621562499994 0.502884615625 0.4778378375
1 0.49423076874999994 0.6281081078125 0.49519230781249995 0.6059459453125 0.5115384609375 0.558378378125 0.5105769234374999 0.5529729734375 0.4990384609375 0.5545945953125 0.4798076921875 0.561621621875 0.459615384375 0.58108108125 0.4509615390625 0.5945945953125 0.45480769218750006 0.617297296875 0.465384615625 0.623783784375 0.4875 0.6281081078125 0.49423076874999994 0.6281081078125
1 0.5538461531250001 0.6675675671875 0.5980769234375 0.6621621625 0.6048076921875001 0.6481081078125001 0.603846153125 0.6410810812500001 0.5826923078124999 0.6270270265625 0.56923076875 0.624324325 0.55576923125 0.624864865625 0.509615384375 0.6302702703125 0.4980769234375 0.6659459453125 0.4875 0.6678236125 0.502884615625 0.6691891890624999 0.5538461531250001 0.6675675671875
1 0.4394230765625 0.7437837843749999 0.4480769234375 0.7475675671875 0.4769230765625 0.6718918921875 0.46826923125000003 0.6691891890624999 0.4394230765625 0.6702702703125001 0.4355769234375 0.6718918921875 0.43076923125000005 0.684864865625 0.44038461562500003 0.6940540546875 0.45480769218750006 0.695675675 0.4384615390625 0.7140540546875 0.43173076874999994 0.7313513515625 0.4394230765625 0.7437837843749999
1 0.384615384375 0.8286486484375001 0.3855769234375 0.8389189187499999 0.39326923125 0.8454054046874999 0.4009615390625 0.8481081078124999 0.409615384375 0.8470270265625001 0.4230769234375 0.8097297296875 0.43173076874999994 0.798378378125 0.44038461562500003 0.799459459375 0.458653846875 0.795675675 0.465384615625 0.79675675625 0.48461538437499996 0.7945945953125 0.5019230765625 0.7886486484375 0.5144230765625 0.7902702703125 0.5298076921875 0.7870270265625 0.5403846156250001 0.7875675671875 0.5480769234375 0.779459459375 0.5423076921875001 0.7713513515625 0.49615384687499997 0.7751351343749999 0.46634615312500005 0.780540540625 0.459615384375 0.779459459375 0.45384615312500004 0.78324324375 0.4480769234375 0.782702703125 0.40673076874999997 0.8021621624999999 0.39519230781250003 0.8113513515624999 0.384615384375 0.8286486484375001
1 0.5480769234375 0.8097297296875 0.5451923078124999 0.8221621625 0.5615384609375 0.8216216218750001 0.5730769234374999 0.818378378125 0.5682692312500001 0.8086486484375 0.5615384609375 0.8054054046875001 0.5538461531250001 0.8032432437500001 0.5480769234375 0.8097297296875
1 0.2884615390625 0.1497297296875 0.39423076875 0.15675675625000002 0.402884615625 0.1464864859375 0.3990384609375 0.143783784375 0.3451923078125 0.13999999999999999 0.31923076875 0.14054054062500002 0.2884615390625 0.1497297296875
1 0.346153846875 0.4129729734375 0.32788461562500004 0.4140540546875 0.28557692343749996 0.42108108125 0.2634615390625 0.4318918921875 0.25865384687500004 0.439459459375 0.2615384609375 0.44108108125 0.278846153125 0.438378378125 0.340384615625 0.43891891875000005 0.346153846875 0.4129729734375
7 0.23461538437499999 0.1335135140625 0.22019230781250002 0.1324324328125 0.209615384375 0.1263064859375 0.209615384375 0.1054054046875 0.1269230765625 0.09891891875 0.11730769218749999 0.1 0.11538461562499999 0.1886486484375 0.20384615312499998 0.1945945953125 0.20673076875000002 0.17351351406249998 0.21538461562500003 0.1670270265625 0.2326923078125 0.1702702703125 0.2365384609375 0.142702703125 0.23461538437499999 0.1335135140625
7 0.191346153125 0.30486486562500004 0.2 0.26432432499999997 0.2 0.22648648593749998 0.1125 0.2221621625 0.10865384687499999 0.30108108125 0.191346153125 0.30486486562500004
7 0.102884615625 0.399459459375 0.17980769218749998 0.4021621625 0.184615384375 0.383783784375 0.18846153906250002 0.3329729734375 0.13076923125 0.3308108109375 0.10673076875000001 0.3318918921875 0.102884615625 0.399459459375
7 0.14326923125 0.4913513515625 0.16923076875 0.4891891890625 0.177884615625 0.42918918906250003 0.1 0.4270270265625 0.0951923078125 0.4902702703125 0.14326923125 0.4913513515625
7 0.165384615625 0.5145945953125 0.097115384375 0.5140540546875 0.0923076921875 0.518378378125 0.08846153906250001 0.5713513515625 0.090384615625 0.5729729734375 0.1134615390625 0.5729729734375 0.159615384375 0.5713513515625 0.166346153125 0.55891891875 0.165384615625 0.5145945953125
7 0.296153846875 0.642702703125 0.20865384687500002 0.644324325 0.2048076921875 0.644864865625 0.20288461562500001 0.6486486484375 0.1923076921875 0.7102702703125 0.2 0.7118918921875 0.28076923125 0.7075675671874999 0.29326923125 0.6670270265625 0.296153846875 0.642702703125
7 0.3173076921875 0.5464864859375 0.3019230765625 0.5421621625 0.28557692343749996 0.5421621625 0.28076923125 0.5448648656249999 0.2375 0.5486486484374999 0.2326923078125 0.54324324375 0.21730769218749998 0.5529729734375 0.20673076875000002 0.6216216218749999 0.24423076875 0.6275675671875 0.29711538437499996 0.6216216218749999 0.3009615390625 0.62 0.30576923125 0.6075675671874999 0.3173076921875 0.5464864859375
7 0.29230769218749997 0.524324325 0.322115384375 0.5264864859375 0.33076923125 0.4913513515625 0.34663461562500003 0.4921621625 0.3576923078125 0.5005405406250001 0.3605769234375 0.49945945937499997 0.36826923125 0.4659459453125 0.3625 0.461621621875 0.341346153125 0.459459459375 0.340384615625 0.444324325 0.3355769234375 0.44108108125 0.259615384375 0.44000000000000006 0.24326923125 0.442702703125 0.2384615390625 0.44810810781250004 0.2326923078125 0.4729729734375 0.22884615312499998 0.5270270265625 0.2326923078125 0.5291891890625 0.24423076875 0.5254054046875 0.2576923078125 0.5264864859375 0.29230769218749997 0.524324325
7 0.352884615625 0.3675675671875 0.358653846875 0.364324325 0.358653846875 0.3518918921875 0.35480769218749997 0.3508108109375 0.35961538437499996 0.3464864859375 0.3605769234375 0.3254054046875 0.3673076921875 0.3097297296875 0.3644230765625 0.3113513515625 0.2644230765625 0.3070270265625 0.2605769234375 0.3081081078125 0.25673076875 0.31891891875 0.24615384687500003 0.40108108124999997 0.26538461562500004 0.403783784375 0.3423076921875 0.40324324375 0.347115384375 0.40108108124999997 0.352884615625 0.3675675671875
7 0.375 0.26594594531250004 0.3798076921875 0.24324324375 0.38365384687500004 0.23891891875 0.39519230781250003 0.175135134375 0.39519230781250003 0.1535135140625 0.391346153125 0.15081081093749998 0.384615384375 0.15081081093749998 0.3769230765625 0.14540540468750002 0.3519230765625 0.141621621875 0.322115384375 0.141621621875 0.2894230765625 0.1491891890625 0.277884615625 0.1497297296875 0.275 0.15189189218750002 0.2615384609375 0.2670270265625 0.32115384687500004 0.2708108109375 0.36826923125 0.2713513515625 0.375 0.26594594531250004
7 0.7048076921875001 0.4502702703125 0.716346153125 0.44108108125 0.76923076875 0.33675675625 0.766346153125 0.32648648593749996 0.778846153125 0.29567567499999997 0.609615384375 0.2875675671875 0.5942307687499999 0.31729729687499997 0.5846153843749999 0.343783784375 0.5855769234375 0.3508108109375 0.577884615625 0.363783784375 0.55 0.4459459453125 0.5576923078125 0.44972972968749997 0.7048076921875001 0.4502702703125
7 0.49326923125000005 0.6145945953124999 0.490384615625 0.619459459375 0.49711538437499997 0.6254054046874999 0.5048076921875 0.6270270265625 0.5855769234375 0.618378378125 0.5942307687499999 0.620540540625 0.63173076875 0.619459459375 0.6471153843749999 0.5956756750000001 0.6519230765625 0.5762162156249999 0.6490384609375 0.5670270265624999 0.6557692312500001 0.558378378125 0.6576923078125 0.5464864859375 0.6769230765625001 0.5221621625 0.6759615390625 0.5086486484375 0.6826923078125 0.49945945937499997 0.6798076921875 0.49459459531250005 0.64423076875 0.49945945937499997 0.55576923125 0.49945945937499997 0.5326923078125 0.5021621625 0.5384615390625 0.5118918921875 0.5355769234375 0.5194594593749999 0.525 0.524864865625 0.50673076875 0.5675675671875 0.5019230765625 0.6118918921875001 0.49326923125000005 0.6145945953124999
7 0.566346153125 0.7670270265625 0.572115384375 0.7654054046875001 0.578846153125 0.75891891875 0.5884615390625 0.737297296875 0.5865384609375 0.7335135140625 0.6201923078125 0.6778378375 0.61826923125 0.664864865625 0.5980769234375 0.66324324375 0.5798076921875001 0.6664864859375 0.5048076921875 0.6702702703125001 0.48269230781249994 0.6724324328125 0.4759615390625 0.681621621875 0.4480769234375 0.7567567562499999 0.4480769234375 0.7740540546875 0.4605769234375 0.7751351343749999 0.521153846875 0.7681081078124999 0.566346153125 0.7670270265625
7 0.5048076921875 0.87675675625 0.5173076921875001 0.8740540546875 0.5221153843749999 0.8713513515625 0.5365384609375 0.837297296875 0.58173076875 0.8264864859375001 0.5855769234375 0.82 0.58173076875 0.8102702703125001 0.5730769234374999 0.8021621624999999 0.5548076921875 0.7859459453125 0.5451923078124999 0.782702703125 0.5326923078125 0.7864864859375 0.4990384609375 0.7864864859375 0.490384615625 0.784324325 0.48461538437499996 0.779459459375 0.4375 0.7897297296875 0.428846153125 0.7940540546875 0.425 0.799459459375 0.409615384375 0.841621621875 0.3980769234375 0.879459459375 0.3980769234375 0.883783784375 0.40384615312500005 0.8854054046875 0.5048076921875 0.87675675625
7 0.41272189375 1 0.48076923125000004 0.9913513515625001 0.4865384609375 0.9854054046874999 0.4990384609375 0.9497297296875 0.509615384375 0.9508108109375 0.525 0.9686486484374999 0.5298076921875 0.9697297296875 0.5394230765625 0.93675675625 0.5086538468749999 0.9021621625 0.5019230765625 0.901621621875 0.49711538437499997 0.9086486484374999 0.48461538437499996 0.9113513515625 0.3990384609375 0.920540540625 0.3894230765625 0.9243243250000001 0.36841925781249996 1 0.41272189375 1