5 0.85390625 0.96015625 0.2328125 0.0796875
1 0.1 0.87578125 0.2 0.2078125
7 0.5421875 0.5265625 0.190625 0.2859375
7 0.8421875 0.64453125 0.246875 0.3296875
7 0.29453125 0.4328125 0.1609375 0.25625
5 0.503125 0.85703125 0.2328125 0.1671875
5 0.2 0.71640625 0.209375 0.1484375
7 0.8734375 0.38125 0.15 0.19375
7 0.6796875 0.32578125 0.1265625 0.1796875
7 0.50546875 0.27421875 0.1109375 0.165625
2 0.175 0.83828125 0.1125 0.1328125
1 0.39375 0.46953125 0.075 0.1640625
8 0.68125 0.91796875 0.0390625 0.0734375
8 0.10625 0.65 0.046875 0.0515625
8 0.359375 0.78828125 0.04375 0.0578125
5 0.67578125 0.49296875 0.0921875 0.059375
2 0.41953125 0.946875 0.08125 0.1015625
5 0.4375 0.41328125 0.065625 0.0453125
1 0.3203125 0.94453125 0.1921875 0.1
4 0.49140625 0.0984375 0.0453125 0.196875
1 0.7609375 0.34453125 0.03125 0.1203125
7 0.5796875 0.21015625 0.0375 0.1296875
1 0.63359375 0.571875 0.0390625 0.1265625
4 0.51796875 0.08203125 0.0296875 0.1640625
8 0.3953125 0.39921875 0.0203125 0.01875