6 0.7861772078125 0.8760517546875001 0.7761361984375 0.8718758796875001 0.6470471078125 0.8636217078125 0.608219159375 0.866944571875 0.596248678125 0.87673715 0.5902967265625 0.863631278125 0.5808523328125 0.8574655109375 0.571181059375 0.864297765625 0.5579300828125 0.8830693625 0.558421984375 0.8870785578125 0.5667255015625 0.8942245625 0.580785759375 0.8934698328125 0.5859284296875 0.8885588375 0.602692534375 0.8938522171875001 0.7880750078125 0.8960879281249999 0.7909359265625 0.893137409375 0.7861772078125 0.8760517546875001
0 0 0.7146730906250001 0.308953240625 0.72570015 0.32030965 0.718897309375 0.326101296875 0.7089968796874999 0.3228357375 0.702938965625 0.3287320984375 0.68703945 0.3302743796875 0.6630627140625001 0.324688928125 0.628960040625 0.30599211875 0.605630184375 0.2173812125 0.59608225625 0.21050104687500001 0.60396338125 0.21101040312500002 0.6069727281249999 0.20615239999999999 0.61488915 0.1889465546875 0.6155889734375 0 0.59923535625 0 0.7146730906250001
0 0.8697831031250001 0.6894824640625 0.8620238468749999 0.6833461125 0.7863465374999999 0.6410189140625 0.77492031875 0.65182114375 0.6251002359375 0.6402046546875 0.6171315500000001 0.6460664734375 0.6111828312500001 0.6649655328125 0.613747059375 0.679012425 0.6191547515625 0.69110864375 0.6160320484375 0.709056878125 0.6242483015625 0.721202121875 0.6276534796875 0.7192612546875 0.6633238203125 0.7358863203125 0.84409043125 0.7450425265625 0.8787562812499999 0.72264411875 0.8818091750000001 0.7086952734375 0.8697831031250001 0.6894824640625
7 0.9750934078125001 0.064225153125 0.9785334921875 0.060284590625 0.9770054265624999 0.051256546874999996 0.9815514828125 0.0483354421875 0.9870432015624999 0.0234274921875 0.9878315921875 0.008438968750000001 0.842274253125 0.0058982546875 0.8227188046875 0.13457656406250001 0.8211765218749999 0.1585533 0.8232837515625 0.1665913 0.9321654203125 0.1414877234375 0.9433996625000001 0.1416838171875 0.9569854703124999 0.1359200453125 0.9636006140625 0.11103170468750001 0.9631261640625001 0.10602266093749999 0.9677943859375 0.096102621875 0.9750934078125001 0.064225153125
7 0.829962234375 0.07369370625 0.842269478125 0.005898171875 0.7975265125 0.00511718125 0.7940410890625 0.007056646875 0.7916686578125 0.00501493125 0.7703235937499999 0.0046423515625 0.7675708078125 0.010595215625 0.766869475 0.0185841921875 0.7497912296875 0.0312880703125 0.746316240625 0.037228328125 0.738071553125 0.09109264218749999 0.7285146984375 0.187940603125 0.7436809281250001 0.18820533125 0.8209496406250001 0.17155131875000001 0.820649715625 0.1565437984375 0.829962234375 0.07369370625
7 0.7044877546875 0.051500495312500005 0.700151128125 0.042423428125 0.704976421875 0.023504759375 0.7051509453125 0.013506282812500001 0.6995512749999999 0.0124083875 0.6932851796875 0.0172997734375 0.6817574796875 0.066106021875 0.67378879375 0.071967840625 0.670805709375 0.0819172953125 0.657826225 0.1817059703125 0.6568980125 0.20269296718750002 0.667553090625 0.2038791046875 0.72226605625 0.1918321421875 0.727391275 0.18792099375 0.7446136531249999 0.0381987625 0.7322385312499999 0.03898290625 0.7134926015625 0.050657521875 0.7044877546875 0.051500495312500005
7 0.64821505625 0.0885240390625 0.6398591828125 0.08437757812499999 0.6476850125 0.054509607812500006 0.636468221875 0.05331366562499999 0.6307638375 0.0582148578125 0.6340643 0.062273076562499995 0.6326267328124999 0.0802507265625 0.6341722515625 0.088278921875 0.623290290625 0.1000908046875 0.6192012328125001 0.1090208 0.6111549921874999 0.21589665156249999 0.61784318125 0.21901385156250003 0.6652538859375 0.20683942812499997 0.6574073671875 0.2057023140625 0.6559316609375 0.193674728125 0.667822625 0.0918667484375 0.66522349375 0.07981955156250001 0.64821505625 0.0885240390625
7 0.6074576359375 0.1058153578125 0.6031384609375 0.09573844375 0.6049806703125 0.086769228125 0.6028210828125 0.0817307703125 0.5949222078124999 0.0835932 0.5929491062500001 0.1000612734375 0.583024771875 0.12139131875 0.578642259375 0.17932365625 0.57780454375 0.2273163453125 0.6127179625 0.22292499999999998 0.61671975625 0.21899424218750002 0.6108201609374999 0.2028888265625 0.6170797875 0.133987578125 0.6140062046875 0.1169313390625 0.6147075359375 0.1089423625 0.6074576359375 0.1058153578125
7 0.4405914828125 0 0.43918184218749995 0.0248662109375 0.4436406328125 0.0269443453125 0.466643115625 0 0.4405914828125 0
7 0.4025844828125 0 0.395776165625 0.0651148078125 0.39674251875 0.074133046875 0.40065705156250003 0.075201528125 0.43676046875 0.0348254703125 0.43847674843749995 0 0.4025844828125 0
7 0.3794592328125 0 0.375411671875 0.0407556890625 0.3715908734375 0.09869783125 0.3724699640625 0.112715309375 0.3769636609375 0.11279374687499999 0.40996182656249996 0.089366075 0.41685944375000006 0.080485103125 0.41666423124999996 0.059478496874999995 0.403570328125 0.069251465625 0.3963204265625 0.06612446093749999 0.401851434375 0 0.3794592328125 0
7 0.3561957078125 0 0.35118500468749997 0.0123285453125 0.347430778125 0.0342663671875 0.344052759375 0.131222178125 0.3524435359375 0.13336894531250001 0.37132908750000004 0.11369554687500001 0.37908356875 0 0.3561957078125 0
7 0.32153498593749996 0 0.3293021515625 0.074956175 0.3245531390625 0.15388531562500002 0.3278536015625 0.157943534375 0.346037821875 0.1462591125 0.349477903125 0.14231855 0.350740946875 0.13433937812500002 0.344052759375 0.131222178125 0.343770284375 0.1152148109375 0.347413325 0.0352662140625 0.3504836734375 0.020317521875 0.3508327203125 0.00032056875 0.3509536765625 0 0.32153498593749996 0
7 0.008651368750000001 0 0.0080880109375 0.032274750000000005 0.016969487499999998 0.038499667187499996 0.021027253125 0 0.008651368750000001 0
1 0.2608897953125 0 0.26471623125 0.008818923437499999 0.27031590156249996 0.0099168171875 0.27326408281250003 0.001967059375 0.2734644765625 0 0.2608897953125 0
1 0.47233198749999994 0 0.4733415703125 0.0314633859375 0.4778734078125 0.061547059375000004 0.4838428125 0.0736530828125 0.49058335937499997 0.073770740625 0.49468986875 0.063840896875 0.4972683125 0.044883009375 0.49805175 0 0.47233198749999994 0
1 0.5370419296875 0.0195733 0.538855821875 0.0006020671875000001 0.5118493234375 0.0001306671875 0.5150653453125 0.02319030625 0.5232117875 0.039334940624999995 0.5310932109375 0.038472357812500003 0.5370419296875 0.0195733
8 0.6711024 0.064919884375 0.67791275625 0.06103815 0.6803341281249999 0.0510788921875 0.67761283125 0.046030629687500005 0.666922846875 0.0468441875 0.6633431453124999 0.05878353125 0.6711024 0.064919884375
7 0.02269360625 0 0.020931875 0.0368265640625 0.0517173921875 0.0757807796875 0.0557492609375 0 0.02269360625 0
7 0.8661527890625 0.18283894218750002 0.8529839234375001 0.26772504218750004 0.972604915625 0.2647332609375 0.9833799781250001 0.16247473750000002 0.8661527890625 0.18283894218750002