7 0.1965300578125 0.41516280937500005 0.19423637968750002 0.40921910156249997 0.196380096875 0.370813546875 0.16211171093750001 0.28745080624999997 0.1553674609375 0.275412565625 0.15159289375 0.275148621875 0.1489020453125 0.29038264375 0.14846942968750002 0.40505487812499996 0.153139671875 0.4622507515625 0.156310575 0.4711474625 0.1627812625 0.4715999359375 0.1650723046875 0.46983236875 0.166413775 0.45064844375 0.1634467265625 0.44658542343749996 0.166336159375 0.42076253750000003 0.16451463125000002 0.41581573125000004 0.16706869687499998 0.394788828125 0.166188834375 0.38412455156249997 0.16800772656250001 0.38136008125 0.17859098281250002 0.38499179375 0.180348071875 0.398609071875 0.1943087234375 0.42368245625 0.1957278109375 0.434384440625 0.1965300578125 0.41516280937500005
7 0.1749467421875 0.5688392734375001 0.1763040265625 0.5959230046874999 0.1845318015625 0.6099927562499999 0.1914746375 0.6114421343750001 0.19205985 0.5488304375 0.2020315375 0.5379610890625 0.216872053125 0.5736987499999999 0.2178860625 0.582444634375 0.220984621875 0.5768779890625 0.22162900156249998 0.4901732671875 0.21556075625 0.483965615625 0.2156922703125 0.47433594843750004 0.211713846875 0.4692383171875 0.1683969890625 0.33704852500000004 0.159230184375 0.3364075203125 0.1565367015625 0.3439302640625 0.1564748984375 0.3603120125 0.1593104359375 0.374004703125 0.1569523203125 0.3767314671875 0.1567537359375 0.38732032968749996 0.1541943984375 0.39292468281250004 0.1634979859375 0.399358571875 0.1632994015625 0.40994743749999996 0.165864009375 0.41976563593750005 0.1655312765625 0.4322728921875 0.1637794578125 0.434078165625 0.16674914375 0.4458524640625 0.16371765625 0.4504599140625 0.165611528125 0.46987007500000005 0.1641977140625 0.47459064375000004 0.1674383265625 0.49023943281250004 0.170694753125 0.5521558765625 0.1749467421875 0.5688392734375001
7 0.25162840000000003 0.7043260484375 0.22045066875 0.5922628328124999 0.1987909234375 0.5223123000000001 0.1927923875 0.5228567265625 0.191177353125 0.530454884375 0.19361571875 0.5653253031250001 0.19431808125 0.6482686515625 0.20621526874999999 0.7493447734375 0.21978665625 0.8187297140625001 0.23854115625 0.8682354796875 0.2429299265625 0.8907117609374999 0.2475843546875 0.90163998125 0.24637176093750002 0.9034829609375 0.25297922968750003 0.90972831875 0.2566170125 0.904199378125 0.2640161859375 0.860378003125 0.26460667031249996 0.81318885625 0.2672948828125 0.7902435609375 0.270259296875 0.78659530625 0.2644514390625 0.7534170421875 0.24900199218750002 0.710889596875 0.25162840000000003 0.7043260484375
7 0.2632546578125 0.801527678125 0.2594130171875 0.80222293125 0.260695321875 0.8071320312499999 0.2381360796875 0.86627938125 0.2511011703125 0.9365858125000001 0.268574684375 0.9850381140625 0.328805984375 0.9892498968749999 0.322487840625 0.9618192703125 0.323158575 0.9522273078125 0.2964366890625 0.861681178125 0.288613990625 0.849567525 0.2694491421875 0.7826831109375 0.2702566609375 0.7788840312499999 0.2616935171875 0.7696102609375 0.265336571875 0.779503871875 0.2630481671875 0.788982715625 0.2632546578125 0.801527678125
7 0.695694890625 0.5840480296874999 0.69899730625 0.5833150703125 0.7133905765625 0.4937162203125 0.7156040031249999 0.46206274531249997 0.6106920265625 0.35833794218750004 0.6059731578124999 0.35608019375 0.60253923125 0.3664428203125 0.5977691046875 0.4114119234375 0.6006099109374999 0.4405271671875 0.59636583125 0.44697759687499994 0.591383940625 0.463979184375 0.6732434390625001 0.564164228125 0.695694890625 0.5840480296874999
7 0.7480245046875 0.4633659234375 0.7608343640624999 0.47390053906249996 0.7648101515625 0.47128689375 0.770591653125 0.4273524 0.7695105703125 0.4195657125 0.6484350578125 0.3532661015625 0.6352898312499999 0.347527465625 0.63352124375 0.3495725375 0.6555870203125 0.374971715625 0.7480245046875 0.4633659234375
7 0.7410646703125 0.60938998125 0.744630109375 0.5893976859375 0.747661596875 0.5847902359375 0.7573412687500001 0.508356190625 0.7406871328125 0.49080555 0.7370493484375 0.49633449062499996 0.723798965625 0.5773382796875 0.722728425 0.6003966953125001 0.7410646703125 0.60938998125
1 0.41169235156250006 0.6625050546875 0.40811636875 0.651652246875 0.40912510781250006 0.6449755796875001 0.4144476375 0.6386005609375001 0.42326853125 0.6131924453125001 0.43503275468749997 0.5224458671875001 0.43603622187499996 0.5003466484375 0.433732003125 0.46355783749999996 0.428060928125 0.43617245625 0.4201014484375 0.4182659203125 0.41302182812500005 0.41102365937499996 0.40169812812499994 0.41023182968749994 0.395498371875 0.41365384687500006 0.38701020937499997 0.42655470624999997 0.3760350546875 0.459523275 0.3687082265625 0.5178080046875 0.369928728125 0.5390988531249999 0.36339623906249996 0.555028125 0.352477615625 0.55619239375 0.29270402500000003 0.5896041875 0.293718034375 0.5983500734375 0.30107121875 0.6171781015625 0.3078772703125 0.6128345937499999 0.31232257343750003 0.603506575 0.3174465171875 0.6077204218750001 0.35232383437500003 0.6978729484375 0.3598676984375 0.6829782828125001 0.368626790625 0.6739519140625 0.374625325 0.6734074859375 0.392953665625 0.6592669453125 0.4019166140625 0.6550742625 0.41169235156250006 0.6625050546875
1 0.39711960468749996 0.8185995187499999 0.40345811875 0.8267538421875 0.39619309375 0.8686568250000001 0.39316160624999996 0.873264275 0.39963756250000004 0.8891393015625001 0.40199567968750005 0.8864125375 0.40556111875 0.8664202421875 0.41950859375 0.8529372484375 0.4094671984375 0.8570545171875 0.40616214531250006 0.8500762015625 0.4114123296875 0.829237828125 0.41754237656250004 0.81906373125 0.4290646609375 0.8092666984375001 0.4723288078125 0.787230975 0.4830409390625 0.7735217421875 0.49348741250000006 0.7713605718750001 0.49354921406249996 0.7549788234375 0.5076123859375 0.6855985062500001 0.5136621828125 0.6378272265625 0.5153363859375 0.606136046875 0.509928334375 0.5594913296875 0.5027737359375 0.5300744374999999 0.49231935625 0.5091017812499999 0.4770198671875 0.510923596875 0.46273702656250004 0.529202571875 0.4541173515625 0.5517331000000001 0.4475230609375 0.5840441203125 0.4421466359375 0.6299347140625 0.44558847031250004 0.6427059140625 0.4417521015625 0.65882371875 0.413782171875 0.6636150749999999 0.3844681359375 0.67987908125 0.3734824390625 0.6820025453125 0.354075653125 0.696067675 0.3586656453125 0.715666365625 0.3625099203125 0.7226823890625 0.3672958625 0.7239809421875 0.36824806875 0.7491085734375 0.3648194125 0.774893753125 0.367587875 0.7895456390625 0.37797518281250003 0.811477490625 0.38781799375000003 0.8179490875000001 0.39711960468749996 0.8185995187499999
1 0.609252121875 0.6811392125 0.597845534375 0.6350389234375 0.5935961828125 0.6260668015624999 0.57802049375 0.6085915734375 0.5667638687500001 0.606840546875 0.5531517609375001 0.615527559375 0.5470887859375 0.6247424609375 0.5384020390625001 0.6482321843750001 0.5254843874999999 0.7167287171875001 0.5232709609375 0.74838219375 0.5158665171875 0.7767810171875 0.5124299546875 0.77943236875 0.5073060093749999 0.7752185203125 0.49759998124999993 0.774539809375 0.4484740828125 0.8029128453125001 0.429606521875 0.8170156796875 0.42468906874999995 0.8253467953125 0.4208527 0.8414646015624999 0.4193770828125 0.8625669171875 0.4224888203125 0.89555665 0.4307810328125 0.9009559296875 0.436108834375 0.9100034640624999 0.4551316265625 0.9556724437499999 0.4727971359375 0.9742576921874999 0.49180411875 0.9736590171874999 0.5054135875 0.9572607281250001 0.5474651390624999 0.937067984375 0.5630302859375 0.923698109375 0.5679477375 0.9153669921875001 0.5723286015625 0.914709446875 0.5833090265624999 0.8971634296875 0.5921969953125 0.8707961171875 0.613790853125 0.7479647546875 0.6147943203125 0.7258655359375 0.6118272703125001 0.7218025156250001 0.609252121875 0.6811392125
1 0.7044849703125 1 0.7167814156250001 0.9489077312499999 0.7221552046874999 0.8953058625000001 0.7187751734375001 0.8661529140625 0.711078715625 0.8289870421875 0.695020334375 0.7796698078125 0.6778914125 0.7534109890625 0.664813259375 0.74671315625 0.650726365625 0.7466919921875 0.637114259375 0.75537900625 0.62269990625 0.7832876484375 0.6060103234375 0.8592315156250001 0.6013717062499999 0.8945709484375 0.6021844953125 0.9061944234375 0.5927573046875 0.9325240296875 0.5639745859375 0.9256919140625 0.5337859593750001 0.9467141937499999 0.5116133453125 0.9538387109375 0.49753172343749996 0.9692400984375 0.49072830625 0.98129488125 0.4864197859375 0.9964157828125 0.485984421875 1 0.7044849703125 1
1 0.8796123781249999 0.7202862578125 0.8623598515625 0.7267909359375 0.8494908234375 0.7403493421875 0.8378317578125 0.7443534921875 0.8319029312499999 0.7516499999999999 0.8311624859375 0.7544898828125 0.838040884375 0.76460973125 0.8832173515624999 0.8159630999999999 0.8987048812499999 0.7727073171875001 0.8962665140625001 0.7378368984375 0.8904665625 0.7277924609374999 0.8796123781249999 0.7202862578125