1 0.0337424578125 0 0.025096153125 0.123647915625 0.0547049390625 0.120210440625 0.059882479687500004 0.11616615156250001 0.0675992921875 0.1178073484375 0.072623521875 0.1159555078125 0.11518732812500002 0.0952477921875 0.12569571875000002 0.084966765625 0.13622644687500002 0.060366703125 0.1361338015625 0.0476920015625 0.1255934296875 0.030431179687499997 0.095990990625 0.00577869375 0.0815000328125 0 0.0337424578125 0
1 0.18259178125 0.46128088749999996 0.157211984375 0.5162377625000001 0.163188059375 0.528773078125 0.2684765484375 0.5350339828124999 0.3037387984375 0.5347457984374999 0.3094305890625 0.537346975 0.3099065125 0.5445405546875 0.313803246875 0.544813040625 0.3268892390625 0.5396693875 0.34463852031250003 0.5238359781249999 0.348174315625 0.51527055 0.3462482859375 0.50081526875 0.328965284375 0.481981371875 0.3070956484375 0.47274100781249995 0.29309613749999996 0.46294939062499996 0.2844434671875 0.4606919609375 0.216212284375 0.4564715625 0.18259178125 0.46128088749999996
1 0.23129815781250002 0.7307194265625 0.0832988984375 0.7192687265625 0.06347992031250001 0.7647001890625 0.0604200484375 0.7804591984375 0.08750555156249999 0.7851071609375 0.117743571875 0.7866708171875 0.165002646875 0.7828151953125 0.21130987656250003 0.7645724140625 0.2261366078125 0.748534640625 0.234105725 0.7325681265624999 0.23129815781250002 0.7307194265625
1 0.35328484375 0.5541833703125 0.3708584765625 0.554861446875 0.40957986562500004 0.54710405625 0.4222282625 0.5342187125 0.42513482343750003 0.520652153125 0.3618128859375 0.5162242515625 0.35328484375 0.5541833703125
7 0.34932085156250003 0.4288763390625 0.3598292421875 0.41859531250000004 0.3623141984375 0.4110579859375 0.357082340625 0.40187946406249997 0.3586314390625 0.393725903125 0.36505145781250004 0.38591295 0.3776295453125 0.3460338703125 0.3894857546875 0.2884789578125 0.21285189375 0.280533853125 0.2020911984375 0.3084225890625 0.15767801875 0.3135788 0.15108870000000002 0.3098132765625 0.1490860140625 0.29645422187500003 0.12935638437500002 0.28460953906249997 0.11173807656250001 0.3125695375 0.10456749375 0.34511565625 0.1161970328125 0.3608002625 0.14142681562499998 0.377986684375 0.1503094515625 0.3769554421875 0.1580869296875 0.3637294890625 0.1773406359375 0.36838059218749997 0.1755615703125 0.3798228265625 0.15872580625 0.41059150625 0.158265875 0.41716885000000004 0.1620092984375 0.4196337859375 0.2964083125 0.429582671875 0.3345164578125 0.4305950765625 0.34932085156250003 0.4288763390625
7 0 0.6465176625 0.02906393125 0.6548891 0.034356454687499996 0.649200475 0.035982209375000004 0.639950690625 0.0677469921875 0.6476798234375 0.06126630937500001 0.6703599234375 0.056050440624999996 0.674952325 0.0432263953125 0.7043491546875 0.043472353125 0.71483140625 0.07842798125 0.71892811875 0.218748753125 0.728189509375 0.229349790625 0.7305831828125 0.25097346875 0.7293412984375001 0.29294941875 0.60504353125 0.30857138906250003 0.5356345171875 0.29797035156249996 0.53324084375 0.207102978125 0.5307423250000001 0.20309126093750002 0.532114175 0.1582788140625 0.5289805828125 0.120055684375 0.529612515625 0.1115723171875 0.5389335609375 0.1085507734375 0.55414445625 0.103219921875 0.56038119375 0.10256835 0.5696991 0.1087743921875 0.5789457453125 0.1042260859375 0.587991165625 0.094445921875 0.5878580609374999 0.090833471875 0.5975197156250001 0.084835059375 0.599303434375 0.0606337796875 0.595407946875 0.0559928265625 0.5917786656249999 0.05555523125 0.5840369734374999 0.0493875171875 0.57424221875 0.0419773265625 0.568216125 0.026620354687499997 0.56383750625 0.028798687499999996 0.560685078125 0.025246903124999998 0.5554795828125 0.0118382984375 0.5512372078125 0.0135566984375 0.5546621234375 0 0.5640811859375 0 0.6465176625
7 0.248232178125 0.180560525 0.2517073078125 0.18686224375 0.4170725703125 0.18796065625 0.43999609531250006 0.09813211250000001 0.44172084375000004 0.0734670671875 0.28500825 0.074626084375 0.28443333437499996 0.082847765625 0.2757583265625 0.09490937187500001 0.29291035625 0.1016166828125 0.2835677875 0.10922526875 0.2727751109375 0.10957215625000001 0.2484205203125 0.10786911875 0.238946978125 0.10335111718750001 0.23803345937499998 0.08841584687500001 0.2334308359375 0.08423845468749999 0.2350182625 0.07553678281250001 0.22663388750000002 0.0694425671875 0.21599452187499998 0.06759700625000001 0.20246458750000002 0.093088928125 0.2025732234375 0.11953455312500001 0.2290391359375 0.1610422734375 0.23289754375 0.1618628703125 0.23612671562499998 0.1576823375 0.2534320546875 0.1621971984375 0.248232178125 0.180560525
7 0.39420665781249997 0.3609628609375 0.399725975 0.36603054375 0.3918686671875 0.3943976984375 0.3944845953125 0.39898696093749997 0.4961063171875 0.40168670625 0.5098565749999999 0.3310452265625 0.508368140625 0.32433163593750003 0.4527246890625 0.3220930453125 0.40959231406249996 0.32293248124999996 0.405634915625 0.3375271421875 0.3773612515625 0.3498706546875 0.37776052031249996 0.3581604578125 0.384388165625 0.3613778703125 0.39420665781249997 0.3609628609375
7 0.48328227031250004 0.4310835359375 0.4168461453125 0.42919183125 0.388901440625 0.42283140937499997 0.38053305625 0.4305081171875 0.37529485 0.4494195546875 0.3525820046875 0.45223765625 0.34672091250000003 0.4380580015625 0.3409141390625 0.43710116093750007 0.334340809375 0.44710656249999997 0.3244456625 0.4486177953125 0.3187858515625 0.47355846562500004 0.3236567703125 0.47389907343750004 0.3419906109375 0.49170486875 0.3481040078125 0.4882768125 0.3652560359375 0.49498412187499996 0.3619278703125 0.5145799140625 0.4652296640625 0.5212526875 0.4712280765625 0.51946896875 0.482624353125 0.468491403125 0.48616649375 0.4318360125 0.48328227031250004 0.4310835359375
7 0.346008921875 0.6302347109374999 0.33023034375 0.6318853265625 0.32359635 0.6567578765625 0.3789331796875 0.663381365625 0.4373841984375 0.667468659375 0.444740071875 0.660271940625 0.45345975312500003 0.6195722609375001 0.4565675265625 0.5891286265625 0.462869334375 0.5690065640624999 0.45834336562500005 0.563732946875 0.40585243281250005 0.5584100453125 0.39307306249999996 0.5591688031250001 0.35316986093749997 0.55582770625 0.3461589359375 0.5580914156250001 0.34745573125 0.5675455656249999 0.34212488125 0.573782303125 0.3472800828125 0.58405705 0.3440509109375 0.5882375828125 0.3317474640625 0.5961899171875 0.30649534375 0.5933225328125 0.3027902484375 0.5903094859375 0.297459396875 0.596546225 0.2958719703125 0.6052478953125 0.3003979390625 0.6105215125 0.33071261406249997 0.61098894375 0.33726360624999996 0.61530258125 0.345954603125 0.6170119 0.3505572265625 0.6211892921875 0.3512631171875 0.6250941984375 0.346008921875 0.6302347109374999
7 0.3759725453125 0.8317167671875 0.40632555000000004 0.8316360875000001 0.42793628906250003 0.71858246875 0.425320359375 0.7139932078125 0.377777 0.707914690625 0.31059665625 0.702666190625 0.3056107546875 0.70396991875 0.3011550953125 0.7256900390625 0.2655862234375 0.730363121875 0.25977945 0.7294062796875 0.25362772499999997 0.733382446875 0.2446620875 0.7635998749999999 0.24553727812499998 0.7790832578125 0.25208826875 0.7833968921875 0.25602333125 0.7831212671875 0.2605716375 0.774075846875 0.26563419375 0.77167589375 0.287925434375 0.7748870265625001 0.2868905859375 0.789686053125 0.2827255578125 0.7932503515625 0.2878041046875 0.8046213234374999 0.279550703125 0.810653696875 0.277963275 0.8193553687499999 0.32246910156249997 0.8268738578124999 0.3759725453125 0.8317167671875
7 0.457535678125 0.8412757624999999 0.4682516984375 0.8420251000000001 0.47230174375 0.8401051374999999 0.4871794953125 0.7673393296875 0.484985171875 0.7567208359375 0.43046921562499996 0.752357915625 0.4254833140625 0.75366164375 0.40995399062500004 0.8357453578125 0.457535678125 0.8412757624999999
7 0.4466884390625 0.660408184375 0.44023009375 0.668769246875 0.3995603375 0.67639039375 0.40015124375 0.6819396375 0.4107522796875 0.6843333109375 0.41609912187500003 0.691867496875 0.408896559375 0.69687176875 0.40813000468749994 0.7078340109375 0.4312804453125 0.7127576 0.43358975156249996 0.721731759375 0.43737150312499995 0.72364858125 0.4920407703125 0.7258190531250001 0.5064202625 0.6601787015625 0.5050468125 0.6518207765625 0.49732999843750003 0.6501795796875001 0.466156121875 0.6479996906250001 0.45192664374999997 0.6414967453125 0.4466884390625 0.660408184375
7 0.463137628125 0.565169778125 0.45322978750000004 0.622860934375 0.4557690609375 0.62854641875 0.5113741843749999 0.6313331234375 0.521074396875 0.5626116046875 0.46558425625 0.5581805656250001 0.44485810625 0.560586796875 0.4584583484375 0.562088609375 0.463137628125 0.565169778125
7 0.484955996875 0.463146525 0.47111309375 0.52111330625 0.47388233281250003 0.52351011875 0.5295641125 0.5252005984375 0.53951028125 0.46696133125 0.5387277359375 0.46415264843750004 0.484955996875 0.463146525
6 0.964194175 0.8475127859375 0.937354628125 0.8533470734374999 0.9339338171874999 0.8602681671875001 0.9419318640625001 0.9698843109374999 0.94661114375 0.9729654796875 0.9679419984375001 0.9759111703125001 0.9762261546875 0.8574422171875 0.9739743390625 0.8476458906250001 0.964194175 0.8475127859375
6 0.9205599984375 0.6175351796874999 0.92372850625 0.628221796875 0.9286760796875001 0.6274661796875 0.9591504140625 0.5976512031250001 0.951529296875 0.5106439 0.9486450734374999 0.509891421875 0.9413658546875 0.5159919171875 0.9187616453125 0.5452556421875 0.9205599984375 0.6175351796874999