1 0.26294591562499997 0.41290983593749997 0.27100114999999997 0.41803278749999995 0.283659378125 0.43954917968749996 0.29344073593750003 0.44774590156249994 0.314729575 0.45594262343749997 0.32738780156249997 0.45594262343749997 0.3423475265625 0.44877049218750004 0.35385500625 0.4344262296875 0.3509781359375 0.4323770484375 0.34982738750000003 0.4231557375 0.3619102421875 0.397540984375 0.3670886078125 0.3770491796875 0.3670886078125 0.3125 0.3647871109375 0.278688525 0.36133486718749996 0.2602459015625 0.35730724999999997 0.2530737703125 0.36018412031249997 0.23463114687500003 0.3584579984375 0.2202868859375 0.36133486718749996 0.19467213125 0.3642117375 0.1895491796875 0.3670886078125 0.1711065578125 0.369390103125 0.1362704921875 0.3653624859375 0.13217213125 0.362485615625 0.140368853125 0.36133486718749996 0.1629098359375 0.3561565015625 0.188524590625 0.3429229 0.1967213109375 0.3365937859375 0.1905737703125 0.3296892984375 0.195696721875 0.3153049484375 0.174180328125 0.3072497125 0.172131146875 0.300345225 0.2356557375 0.298043728125 0.289959015625 0.287111621875 0.304303278125 0.201380896875 0.2612704921875 0.1846950515625 0.256147540625 0.1812428078125 0.2592213109375 0.18181818125 0.26536885312499997 0.18929804374999998 0.27663934375 0.22784810156250002 0.3012295078125 0.233601840625 0.32223360625 0.23245109375 0.3309426234375 0.2364787109375 0.35040983593749997 0.24971231249999998 0.3893442625 0.26294591562499997 0.41290983593749997
1 0.5011507484375 0.533811475 0.5138089765625 0.5163934421875 0.51783659375 0.5040983609375 0.5207134640625 0.47233606562499997 0.505753740625 0.46004098437499996 0.4223245109375 0.41188524531250004 0.4217491375 0.44364754062499995 0.42692750312500005 0.46209016406250003 0.437284234375 0.48053278749999995 0.43958573124999994 0.4959016390625 0.46202531718750006 0.5245901640625 0.4741081703125 0.533811475 0.4884925203125 0.5368852453125 0.5011507484375 0.533811475
1 0.65362485625 0.5430327875 0.61795166875 0.5174180328125 0.6116225546875 0.508196721875 0.614499425 0.491803278125 0.616225546875 0.42520491875 0.6139240499999999 0.39959016406250003 0.614499425 0.3565573765625 0.6012658234375 0.3452868859375 0.5995397015624999 0.340163934375 0.5886075953125001 0.3422131140625 0.5782508625 0.335040984375 0.57537399375 0.325819671875 0.576524740625 0.318647540625 0.573647871875 0.299180328125 0.5655926359375 0.45594262343749997 0.5655926359375 0.486680328125 0.573072496875 0.5112704921875 0.58227848125 0.533811475 0.5995397015624999 0.5594262296875 0.616225546875 0.5727459015624999 0.6357882625 0.5727459015624999 0.6467203687499999 0.5635245906249999 0.6542002296875 0.547131146875 0.65362485625 0.5430327875
7 0 0.8427918906249999 0.0166858453125 0.8452868859375 0.046029918749999996 0.8452868859375 0.050057537500000006 0.7930327875 0.0581127734375 0.76229508125 0.0650172609375 0.75 0.0684695046875 0.7305327875 0.0724971234375 0.7243852453125 0.009781357812499999 0.7110655734375 0.007479862499999999 0.69467213125 0.009205984375 0.6895491796875 0 0.6852351171875 0 0.8427918906249999
7 0 0.9564452515624999 0.029919446875 0.9559426234374999 0.039125431249999995 0.8883196718749999 0.01438435 0.883196721875 0.0046029921875 0.8883196718749999 0 0.884676684375 0 0.9564452515624999
7 0.084004603125 0.8370901640625 0.0776754890625 0.8319672125 0.06789413125 0.8319672125 0.058688146875 0.8350409843750001 0.0523590328125 0.875 0.050057537500000006 0.9170081968750001 0.12428078281249999 0.9231557374999999 0.1294591484375 0.866803278125 0.12485615624999999 0.8545081968750001 0.12485615624999999 0.8452868859375 0.1219792859375 0.841188525 0.098388953125 0.83401639375 0.084004603125 0.8370901640625
7 0.176639815625 0.73770491875 0.1668584578125 0.7489754093750001 0.1507479859375 0.7459016390625 0.144418871875 0.7530737703125 0.133486765625 0.7530737703125 0.1283084 0.7950819671875 0.12543153125 0.85348360625 0.130609896875 0.8627049187500001 0.2151898734375 0.8709016390625001 0.22209436093749998 0.772540984375 0.219217490625 0.758196721875 0.21346375156250003 0.7540983609375 0.1898734171875 0.7510245906249999 0.176639815625 0.73770491875
7 0.130609896875 0.508196721875 0.134062140625 0.506147540625 0.11795166875 0.5030737703125 0.116225546875 0.48975409843750006 0.09608745625000001 0.47745901562500004 0.08112773281249999 0.4825819671875 0.090909090625 0.4948770484375 0.091484465625 0.5143442625 0.0845799765625 0.5235655734375 0.027042578125 0.5040983609375 0.023590334375 0.5112704921875 0.016110471874999997 0.5614754093750001 0.0172612203125 0.57479508125 0.010356731249999999 0.616803278125 0.0069044875000000006 0.681352459375 0.16052934375 0.72336065625 0.1685845796875 0.6731557375 0.169735328125 0.6413934421875 0.173187571875 0.6239754093750001 0.1777905640625 0.5635245906249999 0.12485615624999999 0.5379098359375 0.130609896875 0.508196721875
7 0.3245109328125 0.5768442625 0.32336018437499997 0.5727459015624999 0.3026467203125 0.5635245906249999 0.280207134375 0.5594262296875 0.2566168015625 0.5727459015624999 0.25373993125 0.577868853125 0.2543153046875 0.5819672125 0.247986190625 0.5870901640625 0.2353279625 0.585040984375 0.234177215625 0.6198770484375 0.23072497187500002 0.6290983609375 0.226697353125 0.6875 0.22497123125 0.73770491875 0.226697353125 0.7407786890625 0.3406214046875 0.7674180328125 0.3492520140625 0.6280737703125 0.33889528125 0.6198770484375 0.305523590625 0.6065573765625001 0.3043728421875 0.59836065625 0.3141542 0.5922131140625 0.3245109328125 0.5768442625
7 0.455120828125 0.6260245906249999 0.4367088609375 0.6157786890625 0.4223245109375 0.616803278125 0.4131185265625 0.6239754093750001 0.40506329062499996 0.625 0.40218642187500003 0.6342213109375 0.3901035671875 0.6413934421875 0.3883774453125 0.64651639375 0.38377445312499997 0.777663934375 0.47525891875 0.7981557375 0.4781357875 0.7592213109375 0.4792865359375 0.672131146875 0.44188722656249996 0.6567622953125001 0.44131185312500004 0.64651639375 0.45454545468749996 0.6383196718749999 0.455120828125 0.6260245906249999
7 0.698504028125 0.3104508203125 0.7036823937500001 0.3094262296875 0.71749136875 0.292008196875 0.714039125 0.278688525 0.6904487921875 0.2520491796875 0.677215190625 0.2459016390625 0.6415420015625 0.2684426234375 0.6191024171875 0.27459016406250003 0.6150747984375 0.283811475 0.6047180671875 0.292008196875 0.6070195625 0.306352459375 0.615650171875 0.3299180328125 0.615650171875 0.34938524531250004 0.6133486765625 0.35963114687500003 0.614499425 0.36987704843749997 0.612773303125 0.37397540937499996 0.6150747984375 0.4334016390625 0.61104718125 0.4467213109375 0.6098964328125 0.508196721875 0.6455696203125 0.5368852453125 0.72899885 0.5860655734375 0.73187571875 0.3842213109375 0.6846950515625 0.33401639375 0.6846950515625 0.32479508125 0.694476409375 0.318647540625 0.698504028125 0.3104508203125
7 0.8331415421875 0.46311475468749996 0.8377445343750001 0.4426229515625 0.848101265625 0.438524590625 0.86075949375 0.42520491875 0.86075949375 0.4211065578125 0.8544303796875001 0.41290983593749997 0.8365937859375 0.39959016406250003 0.8262370546875 0.39959016406250003 0.7761795171875 0.42520491875 0.7635212890624999 0.43545082031250004 0.7686996546875 0.4518442625 0.7773302640625 0.45594262343749997 0.7813578828125001 0.466188525 0.7796317609375001 0.6229508203125 0.7853855000000001 0.6290983609375 0.8619102421875 0.6680327875 0.8716915999999999 0.6711065578125 0.8739930953125 0.6680327875 0.8739930953125 0.4969262296875 0.8716915999999999 0.491803278125 0.8331415421875 0.46311475468749996
7 0.5724971234375 0.24077868906250002 0.5080552359375 0.1844262296875 0.5092059843750001 0.1731557375 0.5218642124999999 0.167008196875 0.5258918296874999 0.14856557343750001 0.530494821875 0.1444672125 0.5402761796875 0.123975409375 0.53970080625 0.11680327812499999 0.505753740625 0.0788934421875 0.4792865359375 0.0594262296875 0.471806675 0.061475409375 0.448216340625 0.0799180328125 0.42289988437500003 0.10758196718749999 0.41829689375 0.10758196718749999 0.3970080546875 0.08811475468749999 0.390678940625 0.08913934375 0.384349828125 0.1229508203125 0.369390103125 0.2827868859375 0.3716916 0.3012295078125 0.36823935625000004 0.3555327875 0.369965478125 0.37397540937499996 0.399884925 0.395491803125 0.508630609375 0.46106557343750004 0.5558112765625001 0.4836065578125 0.5644418875 0.4825819671875 0.5655926359375 0.4105194671875 0.5719217484375 0.3268442625 0.5724971234375 0.24077868906250002
7 0 0 0 0.16186344531250002 0.0276179515625 0.179303278125 0.0379746828125 0.1782786890625 0.042577674999999995 0.1844262296875 0.07710011562499999 0.200819671875 0.1064441890625 0.21004098437500002 0.1133486765625 0.20901639374999997 0.12370540781249999 0.21516393437499998 0.12888377499999998 0.22336065624999998 0.13924050625 0.2243852453125 0.147871115625 0.23258196718750002 0.17146145 0.241803278125 0.19620253125 0.258196721875 0.21346375156250003 0.26229508125 0.26697353281249997 0.2930327875 0.29631760625000003 0.2961065578125 0.2991944765625 0.2254098359375 0.3078250859375 0.1280737703125 0.3084004609375 0.0870901640625 0.3147110140625 0 0 0
8 0.6472957421875 0.0727459015625 0.64614499375 0.05020491875000001 0.6369390109374999 0.0440573765625 0.6196777906250001 0.054303278125 0.5926352125000001 0.09118852499999999 0.5926352125000001 0.10450819687499999 0.594936709375 0.109631146875 0.6081703109375 0.118852459375 0.6208285390625 0.1198770484375 0.6311852703125 0.1147540984375 0.6398158796875 0.10143442656249999 0.6455696203125 0.08401639375 0.6472957421875 0.0727459015625
8 0.7433831984375 0.29098360625 0.7128883781249999 0.3094262296875 0.7071346375 0.318647540625 0.7071346375 0.32786885312499997 0.7094361328125001 0.3309426234375 0.71806674375 0.33811475468749996 0.7405063296875001 0.335040984375 0.7543153046875 0.31762295156250003 0.7566168015625 0.30737704843749997 0.7560414265625 0.2961065578125 0.752013809375 0.29098360625 0.7433831984375 0.29098360625
8 0.9188722671875 0.41495901562500004 0.8970080546875 0.42622950781249996 0.8883774453125 0.4344262296875 0.88952819375 0.44364754062499995 0.8958573078125 0.44877049218750004 0.905638665625 0.44979508125 0.9240506328125001 0.445696721875 0.9315304953125001 0.436475409375 0.9332566171875 0.417008196875 0.930379746875 0.41393442656249996 0.9188722671875 0.41495901562500004
8 0.5126582281250001 0.6352459015624999 0.5172612203125 0.6198770484375 0.5080552359375 0.6147540984375001 0.4919447640625 0.6209016390625 0.487917146875 0.6290983609375 0.4959723828125 0.6362704921875 0.5126582281250001 0.6352459015624999
8 0.35673187500000003 0.5942622953125001 0.35385500625 0.5993852453125 0.3544303796875 0.604508196875 0.3619102421875 0.6116803281250001 0.3757192171875 0.61270491875 0.38204833125 0.6055327875 0.38377445312499997 0.5932377046874999 0.37974683593749997 0.58913934375 0.3630609890625 0.591188525 0.35673187500000003 0.5942622953125001
8 0.16455696250000001 0.49282786874999995 0.16168009218749999 0.49795082031250004 0.16168009218749999 0.5051229515625 0.1703107015625 0.5133196718749999 0.1864211734375 0.515368853125 0.19390103593750002 0.508196721875 0.19677790625 0.4948770484375 0.1904487921875 0.486680328125 0.1789413125 0.4856557375 0.16455696250000001 0.49282786874999995
5 0.2059838890625 0.693647540625 0.22382048281250003 0.6977459015624999 0.226697353125 0.6905737703125 0.22784810156250002 0.6680327875 0.17088607656250002 0.6506147546875 0.1685845796875 0.6762295078125 0.2059838890625 0.693647540625
5 0.0684695046875 0.7612704921875 0.0684695046875 0.7684426234374999 0.12485615624999999 0.784836065625 0.130034521875 0.77151639375 0.130034521875 0.7612704921875 0.0845799765625 0.7510245906249999 0.0788262375 0.7540983609375 0.073647871875 0.7643442625 0.0684695046875 0.7612704921875
5 0.073072496875 0.33709016406250003 0.06789413125 0.33709016406250003 0.0638665125 0.34426229531249997 0.0690448796875 0.3565573765625 0.0724971234375 0.36270491875 0.1668584578125 0.4067622953125 0.2146145 0.4344262296875 0.228423475 0.4375 0.2399309546875 0.42622950781249996 0.2313003453125 0.417008196875 0.073072496875 0.33709016406250003
4 0.0335475 1 0.035673187499999995 0.9805327875 0.035673187499999995 0.9395491796875 0.033947065625 0.9354508203125 0.0310701953125 0.9549180328125001 0.0155350984375 0.9610655734375 0.010356731249999999 0.9702868859375 0.0052876140624999995 1 0.0335475 1