1 0.22597212031249997 0.870135928125 0.241238715625 0.8789894296874999 0.2558214234375 0.8819556421874999 0.2746940234375 0.8784091187499999 0.29506320625 0.8691277812499999 0.31937702031250004 0.8426038765625 0.320873603125 0.8368690593749999 0.316715840625 0.8336585859375001 0.2369156328125 0.8076402765624999 0.2253971328125 0.8000221125 0.2306185734375 0.7410193140625 0.2517473484375 0.595536853125 0.23395834375 0.5835872328125 0.21930790937500003 0.58158953125 0.21627092656250002 0.5701848515625 0.2185430234375 0.545525996875 0.2166334546875 0.5414994875 0.21063716718749997 0.5410801875 0.209485846875 0.5575448359374999 0.18596679375 0.6902079734375001 0.1802646390625 0.7404179562500001 0.18573904218749998 0.7953024609375 0.1967934265625 0.8330587515625 0.22597212031249997 0.870135928125
1 0.451670459375 0.9326340328124999 0.461831146875 0.9518361828125 0.48187166406250004 0.9707559546875 0.507492159375 0.9725475140625001 0.5273129078125 0.9554418703125 0.5370506500000001 0.9415241312499999 0.54235973125 0.9282699546875 0.5531777515625 0.8910698859374999 0.559218528125 0.8360173578125 0.56640066875 0.7411416156249999 0.564558825 0.7361465984375 0.559720496875 0.734835025 0.558020740625 0.7434753671875 0.552437440625 0.752817390625 0.5351968703125001 0.748692078125 0.533923378125 0.7982385 0.537949009375 0.8111721796875001 0.5360460781249999 0.8227180468749999 0.538229865625 0.8306567093749999 0.5360527171875 0.838290425 0.5349823984375 0.8849313203125 0.5288573000000001 0.9020214140625 0.5188420203125 0.904240809375 0.44783140781249997 0.8778638859375001 0.44292535624999996 0.8775208203125 0.4410191046875 0.8812805000000001 0.451670459375 0.9326340328124999
1 0.7332302328125 1 0.733309353125 0.9941776593749999 0.6789941921875 0.9718879250000001 0.673946053125 0.9579095015625001 0.6684238390624999 0.9507106390625 0.6669783859375 0.9165460031249999 0.6694908390625 0.8962835546875001 0.66798098125 0.8708736171875 0.66926443125 0.8446857609375 0.6674903125 0.8387222359375001 0.6602683421875 0.840163715625 0.6522848046874999 0.8133278484375 0.6528332390625 0.8211521562499999 0.64813368125 0.825689753125 0.643277415625 0.9421395171875 0.645267984375 0.976342271875 0.6510557343750001 1 0.7332302328125 1
7 0.8569512828124999 1 0.8558863078125001 0.98815040625 0.82868293125 0.789652759375 0.8272507546875 0.786632878125 0.822141528125 0.7891953390625 0.8063942234375 0.7715490234375 0.7978078015625 0.7690021140625001 0.794198475 0.773615946875 0.7805672328125 0.7648768015625 0.7802053734375 0.7152160249999999 0.8156957437499999 0.6933666390625 0.832042615625 0.6789378125 0.839464440625 0.6668046171875 0.8329841234375 0.6498063109375 0.818123878125 0.6351417578125 0.7939966421875 0.61982919375 0.785684440625 0.6211944359375 0.7826846359374999 0.6170916906249999 0.768101928125 0.6141254796875 0.7326148765625 0.643761053125 0.6979504796875 0.6851330890625 0.698566640625 0.6919888875 0.7103593578125 0.703519203125 0.70750164375 0.7130518203125 0.671720459375 0.6920581078125 0.66334053125 0.6943918609375 0.6623246609375 0.7089194921875 0.66878371875 0.8358929453125 0.6565235671874999 0.8467145671875 0.6558529578125001 0.8719720328125 0.65858518125 0.8877349999999999 0.6684683296875 0.8952388109375 0.666971746875 0.9009736265624999 0.668881315625 0.905000134375 0.6687558250000001 0.9302957187500001 0.671552453125 0.937303990625 0.6711494234375001 0.9509012312499999 0.6744944875 0.9657338093750001 0.6843099125000001 0.9742061265625 0.7559788703125 1 0.8569512828124999 1
7 0.3754736484375 0.40856648125 0.360981896875 0.45913508125 0.3562245703125 0.4879997546875 0.3171182359375 0.49889059687500004 0.3102315703125 0.4877033421875 0.3019160484375 0.4812823984375 0.27963065781249996 0.47096485 0.27356664531249997 0.4715140578125 0.267989984375 0.496428459375 0.2539311359375 0.603475515625 0.24325852343749998 0.6620971296875 0.22763536874999998 0.7758475125000001 0.2271002078125 0.799167959375 0.320599384375 0.83295690625 0.36646025312499997 0.8429765234375 0.3854749421875 0.8530653609375 0.399035140625 0.8549868265624999 0.451102109375 0.8780925953125 0.506778403125 0.8965845281249999 0.5251769296875 0.8998175671875 0.53035388125 0.896286596875 0.5318504640625 0.8905517812499999 0.5350335265624999 0.8450318687499999 0.53198725625 0.731922484375 0.5345920109375 0.608502565625 0.532272775 0.602500921875 0.5163933390625 0.5945778109375001 0.5071973937500001 0.60074748125 0.504468490625 0.5927707 0.4989495953125 0.593358025 0.470638046875 0.5125454796875 0.5075473171875 0.46257122187500005 0.5156463890625 0.4407529390625 0.5135980515624999 0.430877259375 0.4968959625 0.411217690625 0.4502768453125 0.3807069140625 0.4317395484375 0.37162470625 0.399916271875 0.36453318281249997 0.39480704375000003 0.36709564375000003 0.3754736484375 0.40856648125
7 0.96625754375 1 0.9804125828125001 0.7975735015625001 0.9395581265624999 0.8256300015625 0.9402420109375 0.8315172890625 0.9294140343749999 0.8453587921875 0.958965865625 1 0.96625754375 1
2 0.797898125 0.501366175 0.7985753718749999 0.49168108593750004 0.7933951015625 0.48742586875000005 0.78943719375 0.47352368125 0.7432788734375 0.40508859062499997 0.7388502140625001 0.4057521546875 0.7396151015625 0.4418156890625 0.7430956140625 0.45471125 0.79408230625 0.501099346875 0.797898125 0.501366175
2 0.7690693546875 0.3261127390625 0.7682566578125 0.33773484374999996 0.7747369749999999 0.35473315 0.7703826765625 0.37000058125 0.75212955625 0.3881890890625 0.74818160625 0.39764546875 0.772792871875 0.42953703593750003 0.8135743859375 0.5121948125 0.8215479671875 0.5156721109375 0.822164128125 0.5225279109375001 0.8281637328125001 0.5307334 0.8501104984375001 0.5458934921874999 0.8606708953125001 0.5437122125 0.8825333421874999 0.5209098703125 0.8835525328125 0.5141684265625 0.8812299765624999 0.50038059375 0.8836103 0.489841353125 0.885367825 0.456873934375 0.8801165093750001 0.4458010359375 0.8823613828125 0.4371988125 0.8808548437500001 0.4195750625 0.8828865859375 0.3905198 0.8763119890625 0.31220049375 0.87337659375 0.2993430515625 0.8457110765625 0.2954620015625 0.8414211859374999 0.301974734375 0.8344023890625 0.3005106890625 0.8275223625000001 0.3048958125 0.8184552296875 0.2935560875 0.8037370718749999 0.29252689374999996 0.799379453125 0.30000813437499996 0.7690693546875 0.3261127390625
2 0.560708546875 0.015676385937500002 0.49473477499999996 0.13661159843749998 0.4901806234375 0.16257074375 0.4837368140625 0.23122051406250002 0.4871462859375 0.23729839375 0.5053449578125 0.2512231484375 0.5191050125000001 0.24245290000000003 0.523743484375 0.2544561875 0.5212243937500001 0.2591462578125 0.5212954375 0.26596393906250004 0.5337009984375001 0.276563865625 0.538810225 0.2740014046875 0.5411228234375 0.2644306703125 0.5415968953125 0.257651109375 0.5379132078125 0.2476610734375 0.5453383515625 0.24331406875 0.5569245765625 0.2499637234375 0.565781896875 0.2486365984375 0.56905591875 0.256651496875 0.5772326718749999 0.257223271875 0.6241904140625001 0.2828915015625 0.633389678125 0.2845080203125 0.6358888546875 0.2331008203125 0.6331566328125 0.21733785 0.62749896875 0.2120760046875 0.6246246578125 0.1826776765625 0.6214860875 0.1727257609375 0.6290433609375 0.15865555 0.6364519093750001 0.1153776 0.6370614328124999 0.106661021875 0.63289703125 0.0878781703125 0.6357481093749999 0.0627731796875 0.632064421875 0.05278314375 0.6226586640625 0.0462859625 0.6214296609375001 0.04036055625 0.6041857734375 0.028449054687500003 0.6051372390624999 0.0226761203125 0.6006375359375 0.016522003125 0.5846226484375 0.010535909375 0.560708546875 0.015676385937500002
2 0.5655853625 0.267114503125 0.564911434375 0.2845857796875 0.568804934375 0.3072426640625 0.599751109375 0.3347109890625 0.6040443203125 0.3359844453125 0.6094244453125001 0.3295479484375 0.624061603125 0.3004008953125 0.6222874843749999 0.2944373703125 0.6155395875 0.28909928906250004 0.5764199750000001 0.26884537656249996 0.5721234453124999 0.25978573437499997 0.5687850203125 0.2605255328125 0.5655853625 0.267114503125
2 1 0.4608985546875 0.9900946875000001 0.45543795 0.9633939125 0.47692871875 0.96995855 0.531889459375 0.9759581562499999 0.5400949484375 0.97631005625 0.566397159375 0.9824484296874999 0.5804518203125 0.9929721078125 0.6179639265625 1 0.5174603875 1 0.4608985546875
2 0.9917386531249999 0.63560315 0.979113321875 0.5889778078125001 0.9728361812499999 0.569073975 0.966223734375 0.5617988765625 0.9630240750000001 0.5683878453125 0.9626887703125 0.5810165781250001 0.9455258843750001 0.599281325 0.947577540625 0.6169431921874999 0.9575317328124999 0.63126468125 0.9901791281250001 0.6579053874999999 0.9917386531249999 0.63560315
2 0.6468947203125001 0.79640578125 0.6438915984375 0.784516846875 0.619561190625 0.7721098093750001 0.6145874124999999 0.772735253125 0.5806002625 0.8044222 0.5780234046875 0.8334393453125 0.580691221875 0.8579570109375 0.5732693953125 0.8700902062500001 0.5726598734375 0.8788067859375 0.5719281796875 0.9206051359374999 0.5745926765625 0.9373366125 0.5812051234375 0.9446117125000001 0.59013016875 0.942316078125 0.597700721875 0.959390621875 0.6073773765625 0.9620137671875 0.6256338171875 0.9516114484375 0.6415032953125 0.9361759921875 0.6468947203125001 0.79640578125