5 0.2422967078125 0.3948152203125 0.2424942421875 0.39013454531249997 0.23942816718749999 0.3838153390625 0.230027040625 0.38447273125 0.176816253125 0.39659394375 0.166237971875 0.4029338828125 0.16989128281250002 0.41014539687499996 0.175701365625 0.4106724875 0.2422967078125 0.3948152203125
5 0.487064184375 0.345031378125 0.4883712375 0.3412064921875 0.4849154609375 0.329314303125 0.48008499687499995 0.3277853359375 0.3922708265625 0.3479264875 0.38828739843750004 0.3510051515625 0.385803190625 0.3605125890625 0.38815213125 0.3640818234375 0.392330409375 0.36378965 0.487064184375 0.345031378125
5 0.8919213562499999 0.25791854999999997 0.9062205796875 0.2522517890625 0.905311278125 0.23924816093749998 0.9100794750000001 0.23238112968750002 0.9142577546874999 0.23208895625 0.9119088140624999 0.2285197203125 0.86725211875 0.2353759109375 0.731579909375 0.269130715625 0.7172157343750001 0.273868646875 0.7127722875 0.28537983125 0.7159033124999999 0.2926278671875 0.725891675 0.292862784375 0.8919213562499999 0.25791854999999997
5 0.66530395 0.30456646875 0.6657666515625 0.2886667859375 0.6587820984375 0.286355075 0.5358422593750001 0.31455268593749997 0.5258512125 0.321784934375 0.5225172875 0.33415190625 0.5351170734374999 0.3342042140625 0.657729478125 0.3088296171875 0.66530395 0.30456646875
5 0.2827804921875 0.373316871875 0.2706353578125 0.3797663765625 0.277552278125 0.3886164203125 0.317443459375 0.381160096875 0.35035008749999996 0.3713920609375 0.3490484 0.36028261562499997 0.2827804921875 0.373316871875
2 0.7563769078125 0.4811390078125 0.841181903125 0.47800898125 0.8451706984375 0.4599959828125 0.848840109375 0.4224045 0.8375742140625 0.34385563750000003 0.8340561687499999 0.323567453125 0.830532759375 0.3182136 0.744547928125 0.334493340625 0.7453922796875 0.3465681375 0.7380668734375 0.38441527343750004 0.7391710265625 0.40020539375 0.7563769078125 0.4811390078125
2 0.3177252734375 0.5052789125 0.32164106875 0.50873858125 0.3975699046875 0.498762259375 0.3984845734375 0.4968315546875 0.389941215625 0.4722279109375 0.368026721875 0.414024490625 0.363133990625 0.404099528125 0.35993533125 0.403389828125 0.3402184078125 0.4066353140625 0.3252643140625 0.4179481015625 0.303834534375 0.464248490625 0.3177252734375 0.5052789125
2 0.42109687500000004 0.429914284375 0.42226865937499997 0.4391660671875 0.44209401562500006 0.497515575 0.4495954875 0.5147250953125 0.4540335671875 0.51814824375 0.4635699625 0.50441418125 0.5228506328125 0.496535384375 0.5298432375 0.47644559375 0.5267798453125 0.46265922187499997 0.5038910984375 0.39052334375000003 0.4968442765625 0.3798156375 0.43260055781249995 0.391774975 0.4337073953125 0.40009792656250004 0.43207290781249996 0.40674582968750006 0.42175174374999996 0.4242682578125 0.42109687500000004 0.429914284375
2 0.22873663125000002 0.52363544375 0.293045303125 0.5126049375 0.2932428359375 0.5079242625 0.270608521875 0.45443804062500004 0.254038725 0.4201285640625 0.2462694015625 0.4216052203125 0.231834909375 0.44034865312499993 0.2151110609375 0.4713860125 0.2119097171875 0.4781434796875 0.21255921875 0.487431784375 0.22873663125000002 0.52363544375
2 0.5622409984375001 0.4293782484375 0.581346534375 0.49244495156249996 0.66079878125 0.48782248125 0.672892384375 0.44310831406249995 0.67263526875 0.431925825 0.6617483359375 0.3888186125 0.656341371875 0.356528671875 0.6506638734375 0.35039207656250004 0.57146874375 0.366197034375 0.5714660609375 0.3736642 0.559375140625 0.41091120312499996 0.5622409984375001 0.4293782484375
8 0.373486309375 0.84486074375 0.370809934375 0.8441145203125 0.34639512968749997 0.8402215375000001 0.34397855625 0.8431906375 0.344887859375 0.8561942640625 0.35245696406250004 0.86686545 0.36094342031250004 0.8681387640624999 0.37381105937500003 0.8495048953125 0.373486309375 0.84486074375
8 0.7009948390625 0.176998825 0.715821715625 0.1563612109375 0.7155646 0.145178721875 0.7027699625 0.1423399203125 0.6905598765625001 0.14786059375 0.6811533828125 0.1634523171875 0.6814104999999999 0.17463480625 0.6857159937499999 0.1836674609375 0.6894369390625 0.1843406390625 0.7009948390625 0.176998825
7 0.48785947187499995 0 0.488362096875 0.0033263421875 0.49534396718749996 0.0131052171875 0.5051916953125 0.041351140625 0.51099104375 0.071746896875 0.5197942015625 0.1000658625 0.5205736046875 0.11121182968750001 0.5364182140625 0.1651728359375 0.6246274546875 0.1356703359375 0.6279560125 0.138237696875 0.6319313906249999 0.15756053125 0.6379363234375 0.16087411406250002 0.6413325171875 0.156903140625 0.640358265625 0.14297068125 0.642777521875 0.13253441562499998 0.6472182859375 0.128490396875 0.7144035468750001 0.10605827187500001 0.7120626578125 0.0800875375 0.6961242296875 0 0.48785947187499995 0
7 0.48253960625000003 0 0.4172674140625 0.0045642765625 0.34478798125 0.044167309375000005 0.34041216875 0.0491401578125 0.33929996406249996 0.055751537500000004 0.368518396875 0.13584515156250002 0.3738630953125 0.1597390953125 0.389645440625 0.20530410312499997 0.388925621875 0.2100212984375 0.3936235 0.21715977031249997 0.45297448906250004 0.1952754703125 0.46805579843749995 0.193287509375 0.47588202187500006 0.2151411828125 0.4822793390625 0.21656058281249999 0.4796056484375 0.2083471953125 0.47915368281250004 0.1943782140625 0.48529388281249997 0.184615128125 0.4986134875 0.179950240625 0.5072352140625 0.16814688125 0.512260528125 0.1724623390625 0.5206197687499999 0.1644108265625 0.53054318125 0.1637169140625 0.531525484375 0.155247871875 0.5243568140625 0.12028100625 0.5195939843749999 0.11221370312500001 0.5194018171875 0.101960046875 0.5056436609375 0.0553201203125 0.5029726546875 0.039639565625 0.48703622031249993 0 0.48253960625000003 0
7 1 0.6463278625 0.978994784375 0.48237275156250004 0.7745242921875 0.48547025312500003 0.5977971656250001 0.4950281 0.47414555781249995 0.5055414093749999 0.46487433281249996 0.508056459375 0.45938631562500004 0.5196406875 0.4633643765625 0.5314963546875 0.4672152203125 0.5340271953125 0.4715207171875 0.5430598484375 0.4739265546875 0.5699594140625 0.4945962640625 0.6403837171875 0.5555688671875 0.8293281734375 0.5636522078125 0.8623643359375001 0.57944796875 0.8705935124999999 0.64551029375 0.88464143125 0.648443784375 0.896570140625 0.6505329234375 0.8964240546875001 0.6510578921875 0.8889203671875 0.6690104265625 0.8904651187500001 0.6777566859374999 0.89545375625 0.7741061640625 0.9223177484375 0.7938177203125 0.9340065953125001 0.7981285828125 0.9281049171875001 0.9444756234374999 0.9701401859375001 1 0.9662575421874999 1 0.6463278625
7 0.2108672875 0.29060853125 0.23626707656249998 0.278565309375 0.2378988828125 0.2793845765625 0.2376283484375 0.30553791874999997 0.2338397703125 0.311403075 0.23827785 0.314826225 0.24650450625000003 0.3123842171875 0.268191403125 0.2772663171875 0.2675419015625 0.2679780109375 0.273027234375 0.26386094843749996 0.271725546875 0.252751503125 0.23722468437500002 0.15715994375 0.2228739265625 0.12456204062500001 0.21778366249999997 0.119317753125 0.15940960937499998 0.1476673453125 0.1273473328125 0.169510178125 0.1875593203125 0.2950385015625 0.2108672875 0.29060853125
7 0.27341961875 0.261966765625 0.2800767375 0.2671014890625 0.323431746875 0.249135853125 0.3316530375 0.261628178125 0.31949985000000003 0.2904791828125 0.3203468875 0.2950868125 0.351556759375 0.28357068281250003 0.36991509843750003 0.2458854203125 0.3680911265625 0.234812496875 0.373316659375 0.2269801140625 0.3895751234375 0.21930960625 0.390229990625 0.21366357812499998 0.363365865625 0.12220486562499999 0.3364963734375 0.0456804875 0.28896040312500004 0.0714054625 0.22379127968749998 0.1151641703125 0.2391162890625 0.16169453125 0.2497487859375 0.1861520875 0.27341961875 0.261966765625
7 0.6981659515625 0 0.7034624 0.032153562499999996 0.719756296875 0.107550715625 0.8339498765625001 0.0743644703125 0.8407368953125 0.08135685312499999 0.843667703125 0.1007527296875 0.8501949234374999 0.1040297921875 0.855160653125 0.0924820859375 0.8519673609374999 0.076838053125 0.8601967015625 0.0669288796875 0.9683963234374999 0.030585973437500004 0.96625754375 0 0.6981659515625 0
8 0.6616769703125 0.9507137546875001 0.6732295046875 0.958306275 0.6840675859375 0.9556816578125 0.6930167453125 0.9410552859375001 0.6905459546875 0.913226890625 0.6847412390625001 0.8977654656249999 0.6381983046874999 0.885152734375 0.63297545625 0.8855179515625 0.63036135 0.8931677265625 0.6347291109375 0.910596378125 0.6529983453125 0.9391867843749999 0.6616769703125 0.9507137546875001
8 0.1387045125 0.9023466687499999 0.1474561375 0.892400971875 0.165749525 0.8537868812499999 0.16790898125 0.839635290625 0.16621491093750002 0.8304200296875001 0.1531577890625 0.831333071875 0.135197203125 0.8521898171875 0.126375259375 0.8761410156249999 0.12539295625 0.8846100578125 0.1272818796875 0.8966118109375 0.13400394843750002 0.9026753640624999 0.1387045125 0.9023466687499999
8 0.5350220578125 0.2352733890625 0.53424265625 0.224127421875 0.5257561984375 0.222854109375 0.51269639375 0.23123431874999997 0.506553509375 0.24846457187499998 0.5095519515625 0.26132211562499996 0.5194104125 0.259699371875 0.529991378125 0.245892265625 0.5350220578125 0.2352733890625
8 0.3990250984375 0.26438404375 0.3974609265625 0.25702644218750004 0.388517134375 0.2567184796875 0.3770241859375 0.264989125 0.3721234046875 0.2774656609375 0.373947375 0.288538584375 0.3793001234375 0.290031028125 0.3939944171875 0.27500291875 0.3990250984375 0.26438404375
8 0.21438533125 0.31089671874999997 0.209489915625 0.308438921875 0.201588009375 0.31552508437500004 0.20106304062499997 0.323028771875 0.204781303125 0.331169115625 0.2111136703125 0.3316596875 0.2169264359375 0.3247196109375 0.21438533125 0.31089671874999997
8 0.2957995 0.29680333281250004 0.29619456718750004 0.287441984375 0.2945627625 0.28662272031249997 0.287773059375 0.2870975015625 0.2773246796875 0.2952951015625 0.2732736171875 0.30491210468749996 0.27398806875 0.3151292390625 0.27999300312500003 0.31844282343749997 0.2897242484375 0.3074952515625 0.2957995 0.29680333281250004
7 0.48205874375 0.6487274046875 0.478343165625 0.63311989375 0.4724735015625 0.6167296375 0.4670558015625 0.6143083640625 0.46503429687500003 0.6079161156249999 0.46745355312500003 0.5974798484375 0.46451737812499994 0.5930183046875 0.46275835625 0.5828742109375 0.45531915156249997 0.5740606875 0.45094870781249996 0.564099203125 0.44227545 0.5376378984375 0.4405867453125 0.513488303125 0.443460653125 0.50955385 0.44156904687500004 0.5050192625000001 0.433147540625 0.5046747796875 0.4297540296875 0.5011785875 0.40723083125 0.5018201906249999 0.3488648296875 0.507768284375 0.23415433125 0.52605671875 0.1903446703125 0.537520540625 0.1813332453125 0.5437509140625 0.20363744062500003 0.607527315625 0.2335107421875 0.6819749046875 0.239832375 0.7123341390625 0.2777917 0.8123507234374999 0.286795075 0.8285218484374999 0.3371915359375 0.836198253125 0.344695690625 0.8459406062499999 0.3478240328125 0.860655809375 0.35173982812500004 0.8641154796875 0.3568977265625 0.8628214328125001 0.3611436390625 0.855990921875 0.3674110578125 0.8555526609375 0.373551259375 0.8457895734375 0.3840619046875 0.8459879703125001 0.3903915890625 0.85394570625 0.36928119375 0.91982458125 0.3691486109375 0.9254340859375001 0.37156250156250004 0.929932153125 0.4444118421875 0.9509724546875 0.45839705156250005 0.910792875 0.4690537 0.8680459359375 0.47297217968750005 0.8640384390625 0.5185381765625 0.8701858781249999 0.5214094015625 0.8737185921874999 0.5379249828125 0.8772305703125 0.542368428125 0.8657193859375001 0.5410017921875 0.8536811109375 0.49985991093750004 0.7081518296875 0.49274545625000005 0.7039824578125 0.48530893593749996 0.6877017671875 0.48316289687499997 0.664517525 0.480421571875 0.6628424734375 0.48022940468749997 0.6525888140625 0.48205874375 0.6487274046875
7 0.1959277015625 0.6248671359375 0.1796177046875 0.5942729828125 0.17674916406250002 0.583273103125 0.17009472812499998 0.5706712125 0.15867209531249998 0.5649363546874999 0.0938491921875 0.553601884375 0.054745462499999994 0.5498026765625 0.02197141875 0.55396120625 0.0258222609375 0.5564920453125 0.023600539062500002 0.5622476375 0.0343060375 0.5652325265625 0.0367821921875 0.5781265890625 0.033908284375 0.5820610421875 0.0378863453125 0.593916709375 0.0461076359375 0.6064090328125 0.05100305000000001 0.6088668296875 0.05439119375 0.6272973546875 0.0924884671875 0.7067701 0.09783853125 0.7157297093749999 0.10593260468750001 0.7188972078125 0.1087335125 0.7364354234375 0.124651125 0.768923759375 0.19899700468749998 0.80386 0.198014703125 0.812329040625 0.1784792125 0.85569685 0.178541478125 0.8640928484374999 0.22005373125 0.887324453125 0.224232009375 0.8870322796875 0.2506275203125 0.829184184375 0.256177803125 0.8259959546875001 0.2673379515625 0.8354826578125 0.27908801875 0.8383945015625001 0.2843785015625 0.8314909484375 0.28274937968749997 0.8232045171875001 0.272441634375 0.8033911125 0.2601800171875 0.770647125 0.253392996875 0.763654740625 0.250981790625 0.751689509375 0.24015444375 0.7244454593749999 0.23499922812500001 0.718272340625 0.1959277015625 0.6248671359375
7 0.051523196874999996 0.7964382984375 0.085073959375 0.810892903125 0.11486298125000001 0.7565410015625 0.1127765234375 0.7492199203125 0.0996651875 0.7193354671875001 0.093465403125 0.7132353921875 0.0843997609375 0.6886682703125 0.07702550625 0.680783578125 0.0528243375 0.6274069203125 0.01785540625 0.5626493765625 0.016228967187500002 0.546895778125 0.0117908890625 0.54347263125 0.0018057734374999999 0.5432841546875 0.014548346875000001 0.7255114265625 0.0409041171875 0.7346449109375001 0.048673439062500004 0.7331682546875 0.0495204765625 0.7377758859375 0.0574196984375 0.738156890625 0.0678627125 0.744893621875 0.06609295625 0.7646181953125 0.0579961984375 0.7689178640625001 0.0566864609375 0.78020991875 0.0507411109375 0.7927594984375 0.051523196874999996 0.7964382984375
1 0.504687690625 0.7171479609375 0.511596559375 0.7483995046875 0.517598809375 0.7591802546875 0.5318304015625 0.76005183125 0.5307885140625 0.7526577062500001 0.49355437812499997 0.6329895953125 0.4892461984375 0.63142410625 0.4849976015625 0.6457217843749999 0.487276225 0.663296521875 0.4944475796875 0.690796221875 0.499210409375 0.698863521875 0.504687690625 0.7171479609375
1 0.20643298125 0.639999865625 0.21080879375 0.6350270171875 0.21054899374999997 0.6313116953125 0.20181078593750001 0.6039215609374999 0.1807433265625 0.550325771875 0.1736911390625 0.5545523984375 0.1680082734375 0.563350134375 0.1678107390625 0.568030809375 0.19214449218750002 0.6157979609375 0.1982090078125 0.6349747078125 0.20643298125 0.639999865625