7 0.37871299375 0.6056518046875 0.3762208671875 0.6840226625 0.3673303 0.6893007375 0.3674168890625 0.6979212890625 0.3749334546875 0.698315215625 0.3788783953125 0.70522330625 0.3773542921875 0.7137594453125 0.405919525 0.7439765359375 0.46486859999999997 0.7183458765624999 0.47600682499999997 0.711270928125 0.4813392484375 0.7019770390625 0.511965484375 0.723686125 0.5201190171875 0.7221987640624999 0.522029915625 0.7165549 0.5267966625 0.6153272109375 0.5318270609375 0.49879598124999996 0.530666678125 0.49011915312500004 0.534665540625 0.45490733125 0.53750790625 0.3698534859375 0.5271702296874999 0.3616530296875 0.459598128125 0.336093021875 0.3721608140625 0.309491925 0.36652040937499997 0.4068444859375 0.3637568578125 0.5828492828125 0.37871299375 0.6056518046875
7 0.24326494843750002 0.33432883125 0.2585962171875 0.4835192234375 0.2591849671875 0.5955582671874999 0.2749281734375 0.6136153625 0.317556703125 0.6014894046875 0.3203817 0.5681307328125 0.347449790625 0.58582400625 0.3555032546875 0.5862460703125 0.358537984375 0.57970376875 0.3403067921875 0.3317559 0.3389097171875 0.31732265625 0.3368621953125 0.31530068125 0.2682162984375 0.2896843984375 0.2480643609375 0.28384160625 0.24259531562499997 0.2854696546875 0.24135793749999998 0.29880749687499997 0.24326494843750002 0.33432883125
7 0.1871216875 0.2653303765625 0.18744107968749998 0.3208725421875 0.191951696875 0.41971443124999996 0.1908931984375 0.5220937953125 0.1926405140625 0.5298440484375 0.1994700796875 0.5330739765625 0.2338950390625 0.52339009375 0.24412305625 0.5028647515625 0.24875499687499997 0.506936840625 0.258519221875 0.5055338921875 0.260106840625 0.48551306250000004 0.2551150671875 0.4574887421875 0.24168121718750002 0.3131844625 0.24127135000000002 0.29018694375 0.24415597500000003 0.28650878125 0.23816351249999998 0.27757871562499997 0.1890325859375 0.25968651249999997 0.1871216875 0.2653303765625
7 0.1430056078125 0.2955677375 0.1450588359375 0.369390134375 0.1484033625 0.3877547765625 0.1647335015625 0.40488529843750004 0.173283421875 0.43692543281249996 0.18298413125 0.447007175 0.1927483578125 0.44560422656250004 0.19326218281250002 0.4255271203125 0.1875738140625 0.3697035796875 0.18330559375 0.348418521875 0.1758968734375 0.2637847734375 0.13755393124999998 0.24550061250000002 0.1336955796875 0.24721307343749999 0.137399940625 0.2895299484375 0.1430056078125 0.2955677375
7 0.134815521875 0.28747983593750004 0.13657631718750002 0.284700109375 0.1331586828125 0.24718493593750002 0.1254554578125 0.2400798828125 0.1037428640625 0.2331979640625 0.10198206875 0.2359776890625 0.103615834375 0.256167346875 0.1019916609375 0.2666129109375 0.1309571703125 0.289192296875 0.134815521875 0.28747983593750004
7 0.1424687109375 0.2955396 0.11979586874999999 0.276162003125 0.1131529609375 0.279643203125 0.1112055078125 0.2757118015625 0.1034387703125 0.280091440625 0.1019242578125 0.3192628 0.10364461250000001 0.3480730078125 0.10134303124999999 0.3919897953125 0.1046105625 0.4323691046875 0.104570121875 0.4639590390625 0.11235993281250001 0.4796846453125 0.1134702828125 0.4893161859375 0.12441796406250001 0.5166953078125001 0.11869874843749999 0.5230969203125 0.106250034375 0.52435918125 0.1020414421875 0.53275463125 0.0976962265625 0.53348424375 0.10172775468749999 0.5490128859375 0.10953104843749999 0.5542085140624999 0.16529529062499998 0.537984296875 0.165795634375 0.52843716875 0.159989828125 0.5262182281250001 0.1547844359375 0.5125427375 0.1563528703125 0.43125146562500005 0.1538184859375 0.42824663906250005 0.1529082734375 0.41479624687500005 0.147352640625 0.40780374375 0.1461922578125 0.3991269171875 0.147516225 0.39440962968750004 0.1428516171875 0.3395970765625 0.1424687109375 0.2955396
7 0.8180974390625 0.470718703125 0.8212553093749999 0.48237221874999997 0.8189941703124999 0.49469907187500006 0.794233365625 0.5048894328125 0.7933962609375 0.510589571875 0.80114951875 0.5167399125000001 0.8129112328125 0.5183136515625 0.8307154406249999 0.527862746875 0.8451616421875 0.5295771734375 0.86337960625 0.5209585875 0.870222653125 0.5136585375 0.866764575 0.5077332984375 0.8706498890625 0.48496087968749996 0.8906016875 0.49462252500000004 0.9444280703124999 0.505102125 0.9423805484375001 0.5030801484375 0.9473705062500001 0.41813885156249997 0.9606314328125001 0.278105590625 0.9528281406250001 0.2729099640625 0.7696594703125 0.254694484375 0.7673617765625 0.25744607343750003 0.756531278125 0.44355878437499996 0.7547704828125 0.446338509375 0.8103441796874999 0.4645683625 0.8180974390625 0.470718703125
7 0.645370403125 0.41762905625 0.660003259375 0.4260546109375 0.6627108203125001 0.4463005421875 0.6557041906250001 0.46699470937500004 0.6735584343750001 0.4755890890625 0.683222590625 0.476095565625 0.706759496875 0.46871306874999996 0.709157259375 0.4640520546875 0.7120188125 0.44026864843749997 0.75139899375 0.44903382187499996 0.7553073796875001 0.44636664687499994 0.7667748453125001 0.2583726484375 0.7620928703125001 0.25525527187499997 0.6274316421874999 0.24628330625 0.624633603125 0.258582021875 0.6195627640625 0.4067031859375 0.6209733187500001 0.41060644999999996 0.6314610984375 0.415942765625 0.645370403125 0.41762905625
7 0.52147615625 0.2340290703125 0.5197653953125 0.23585408125 0.5222497453125 0.239813621875 0.517032690625 0.349633725 0.5305917531250001 0.3580030046875 0.542353465625 0.3595767453125 0.5608812296875 0.375865103125 0.5635022015625 0.38749048125 0.5697448374999999 0.391646984375 0.5987238265625 0.40369639218750003 0.61478071875 0.405495234375 0.6183023125 0.3999357828125 0.6228458453125 0.282421703125 0.6237233921875001 0.2451316296875 0.621138971875 0.24308151718749998 0.5757028140625 0.23687096875 0.5320640062499999 0.237455959375 0.5284558265625 0.234394859375 0.525621234375 0.237118309375 0.52147615625 0.2340290703125
7 0.517519553125 0.3506165765625 0.5224999171875 0.23504005781249998 0.5130358984375001 0.2307147296875 0.4524165046875 0.22658046718749997 0.447034046875 0.23682906875 0.44238085 0.325617353125 0.5141480640625 0.3533118890625 0.528107403125 0.3540434671875 0.517519553125 0.3506165765625
7 0.4488949125 0.2321399171875 0.45466416406250004 0.22478359218750002 0.45310350625 0.223744465625 0.4051329625 0.2145290921875 0.40079734062499994 0.24589392499999999 0.397395003125 0.3108143921875 0.41734679999999996 0.32047603593749996 0.44179391875 0.3265439296875 0.445946771875 0.2473027703125 0.4488949125 0.2321399171875
7 0.63197699375 0.2417348421875 0.6342150609375 0.209302746875 0.5753064265625001 0.20334347187500001 0.5731183953125 0.2348208546875 0.63197699375 0.2417348421875
7 0.6458362625 0.244375846875 0.717680471875 0.2500557109375 0.71884474375 0.217567340625 0.716897290625 0.2136359390625 0.7040617828125 0.21200592343750002 0.6438792171875 0.20980922343750003 0.6415314890625 0.21351552499999998 0.6402305953125 0.23833805625 0.641591115625 0.24319603281250002 0.6458362625 0.244375846875
7 0.7763524140625 0.2502585734375 0.8164696296875 0.2552330328125 0.81984111875 0.25253771875000003 0.821492253125 0.22103219843750002 0.728272209375 0.2123174046875 0.7230898890625 0.2187471546875 0.720178303125 0.24348527187500002 0.7241732765625 0.24943865 0.73856944375 0.2521077921875 0.766438084375 0.254525659375 0.7763524140625 0.2502585734375
7 0.8303288999999999 0.257874034375 0.9556126968750001 0.271141225 0.9548160343750001 0.24525143124999998 0.9534189609375 0.23081819062500003 0.95098464375 0.22590393749999998 0.8285219578125 0.220443275 0.8224659796875 0.22299790000000003 0.820378015625 0.25256585781249996 0.8228623671875 0.256525396875 0.8303288999999999 0.257874034375
7 1 0.22778358124999998 0.9644070843750001 0.22660737812499998 0.9615724921875 0.229330828125 0.958110528125 0.2645707859375 0.9625423312500001 0.272461728125 0.9615416437500001 0.2915559828125 0.95414433125 0.350523071875 0.9520563687499999 0.3800910296875 0.9534669234375001 0.38399429375 0.9626942515625 0.3825632078125 0.9736188609375 0.3898370859375 1 0.39480862656250004 1 0.22778358124999998
7 1 0.20358201406249998 0.9775197234374999 0.2024038734375 0.9629234203125 0.20355358437499999 0.960025315625 0.217761725 0.96074886875 0.2245009890625 1 0.22715164375 1 0.20358201406249998
7 0.8652080578125 0.1984325390625 0.8634472625 0.20121226406249998 0.862596678125 0.21744237968750002 0.9536190984375 0.22699933906249997 0.9588014171875001 0.2205695875 0.9601888984375 0.2043676078125 0.8652080578125 0.1984325390625
7 0.7753960546875 0.196597696875 0.77308488125 0.20987926093749998 0.7760560937500001 0.21482165156250002 0.8501479625 0.2187046421875 0.8535194531249999 0.2160093296875 0.85324620625 0.20067764999999999 0.7753960546875 0.196597696875
7 0.772024565625 0.199293009375 0.7195587046874999 0.193671384375 0.717897978125 0.194541684375 0.717197496875 0.20790766249999998 0.7201186749999999 0.21380476406249999 0.7696133234375 0.21448399999999998 0.7723978796875001 0.21271526093749998 0.772024565625 0.199293009375
2 0 0.5157636765625 0.023281078125 0.5152242874999999 0.1102488953125 0.489147359375 0.11049906875 0.4843737953125 0.10411981249999999 0.472551453125 0.10208577187500001 0.4599995 0.10481069999999999 0.42855025468749997 0.10281321406249999 0.42557356718749995 0.1013565125 0.38145981562500003 0.10212439531249999 0.3154439484375 0.10145087500000001 0.3077499703125 0.09891649062499999 0.30474514375 0.0860809828125 0.3031151296875 0.038970615624999996 0.308304859375 0.026708559375000003 0.316278246875 0.013436221875000001 0.3127106671875 0.0091010140625 0.3132493375 0 0.4869070515625 0 0.5157636765625
8 0 0.5410235109375 0.000941109375 0.540858878125 0.017398278125 0.5350200171874999 0.020382971875 0.529432428125 0.019609384375 0.5236478765625 0.0144905796875 0.5185929359375 0 0.5178335171875 0 0.5410235109375
8 0.747276990625 0.466049825 0.745529675 0.45829957343750005 0.73772638125 0.45310394687500005 0.73015978125 0.45366473125000006 0.7196084875000001 0.45981310625000005 0.7164236546875 0.4692195453125 0.718857971875 0.474133796875 0.7436553296875 0.4735187015625 0.747276990625 0.466049825
8 0.894159834375 0.4986383375 0.8932861765625001 0.4947632125 0.8780163515625 0.48821894375 0.871323409375 0.49265485781249996 0.8705363390624999 0.49740028281250004 0.8734575187500001 0.5032973843749999 0.8803871531249999 0.5046178875 0.8902014125000001 0.502260225 0.894159834375 0.4986383375
8 0.543386565625 0.6583193890625 0.5340226171875 0.652084634375 0.52528215 0.6544985718749999 0.5236675703125 0.6955793578125 0.5318711375 0.6931372828125 0.5427226390625 0.6812606328124999 0.54533401875 0.6622507890625 0.543386565625 0.6583193890625
8 0.3515178734375 0.6109279140625 0.3582108171875 0.6064920015624999 0.35993505937500003 0.5941370109374999 0.3555032546875 0.5862460703125 0.3457890640625 0.58669430625 0.3406202265625 0.5825940796875 0.32112832812500003 0.5949752421875 0.3168196671875 0.60528011875 0.3234490953125 0.612328896875 0.3515178734375 0.6109279140625
8 0.5959893046875 0.40451041718749997 0.5826669328125 0.40189755156249996 0.577047784375 0.4063897390625 0.5761106125000001 0.4139993046875 0.581129346875 0.42096366874999996 0.5848876296875 0.42116063125 0.5948519937500001 0.4159388328125 0.5959893046875 0.40451041718749997
8 0.9652786703125 0.3846133203125 0.9533668546875 0.38590371874999996 0.9505688187500001 0.398202434375 0.969260165625 0.4010966765625 0.9728818265625 0.3936278 0.9720081687500001 0.3897526734375 0.9652786703125 0.3846133203125
1 0.7145903421875001 1 0.703508828125 0.9108314500000001 0.697543328125 0.880841428125 0.692724728125 0.8700582109375 0.7060740609375 0.851611121875 0.715778659375 0.820527665625 0.7197044140625 0.7661653140625 0.7351956328125 0.6760303546875 0.7377974203125001 0.6263852921875 0.7302116328125 0.5656756359374999 0.723308959375 0.5432951796875 0.712447865625 0.5245366109375 0.701086428125 0.5153251671875 0.680834421875 0.5113918 0.6720439234375 0.51476045 0.658994796875 0.5274792640625 0.6439577765625 0.5678566078125 0.632478903125 0.6122497671875 0.62600528125 0.674137271875 0.6278526656250001 0.6799780984375 0.6353191984375 0.6813267375 0.6694035109375001 0.7089610640624999 0.6711508265624999 0.7167113171875 0.6702502078125 0.733896146875 0.674918703125 0.7475435 0.675815434375 0.7715238703125 0.6698960796875 0.781744334375 0.65751088125 0.771521903125 0.655176634375 0.764698225 0.6435149890625 0.761215059375 0.640593809375 0.7553179578125 0.6368355265625001 0.7551209953125 0.6154462109375001 0.7626160421875 0.6102138578125 0.7700005062499999 0.6040326687500001 0.9084901296875 0.6116358234375 0.917504609375 0.6029049515625 0.950553765625 0.6007117484375 1 0.60880805 1 0.60919373125 0.9949207546875 0.6162369156249999 0.983801853125 0.6945412656250001 0.93812419375 0.69877293125 0.9498339843749999 0.7060897875000001 1 0.7145903421875001 1
1 0.5280571140625 0.6220946125 0.5317653640625 0.6232462890625 0.5359239234375 0.6158055499999999 0.540219103125 0.6160306515625 0.553778165625 0.6243999312499999 0.5568128953125 0.6178576296875 0.5625860328125001 0.5693361046875001 0.5607020953124999 0.5539200140625 0.563076784375 0.52915375625 0.5613429484375 0.5108735265625 0.55474048125 0.48276479375000003 0.5419819703125001 0.459120109375 0.5367130609374999 0.45692930781249996 0.53401509375 0.46731859687500005 0.5324640281249999 0.49691469374999997 0.5280571140625 0.6220946125
1 0.3666801078125 0.43461556874999996 0.36677058125 0.40207092343750006 0.3623118171875 0.4152399390625 0.359550334375 0.43711391875 0.3572987875 0.48007599218749997 0.361130178125 0.4994234859375 0.3644016 0.4986375984375 0.3666801078125 0.43461556874999996
1 0.954069153125 0.485503359375 0.9574232734375 0.5345032234375 0.9535148875000001 0.5371703984375 0.951550065625 0.584934171875 0.9455537171874999 0.6171693046875 0.943165546875 0.6524655390625 0.9435023078125001 0.6563125265624999 0.9489213171875001 0.655639190625 0.9507051875 0.672964709375 0.9442489359374999 0.683157034375 0.9394168578125001 0.6829037953125 0.9364552359375 0.708596628125 0.9512016421875 0.7045827796874999 0.9520753 0.7084579062499999 0.9506512640624999 0.7150846203125 0.9534954499999999 0.742996390625 0.9543017046875001 0.79952140625 0.95727291875 0.8044637953124999 0.9616681671875 0.8027794703125 0.9621685109375001 0.7932323421875 0.9615893546875001 0.7118285203125 0.9586816562499999 0.6954014421875 0.957151846875 0.6321371609375 0.9649955796875 0.6057428546875 0.9675068921875001 0.5886424390625 0.9730933734375 0.5334097875 0.9776156531250001 0.5087560812499999 0.9799537875000001 0.4744145609375 0.9751121171875001 0.44352610156249994 0.9680093062499999 0.4249644953125 0.95602438125 0.4071043625 0.950118509375 0.4067948484375 0.9482576437500001 0.411484 0.9445551 0.48213274375 0.954069153125 0.485503359375
2 0.430827534375 0.9467051812499999 0.37185807187500003 0.9939705390625001 0.42765917656249997 0.9968949515625001 0.430827534375 0.9467051812499999
2 0.2544149484375 0.8324487609375 0.252868965625 0.987734584375 0.299436140625 0.9901750671875 0.3001357921875 0.8012778765625 0.2544149484375 0.8324487609375
2 0.83683419375 0.9288568093749999 0.8530174828125 0.7351160828125 0.863471071875 0.6630318875000001 0.8000193250000001 0.7108875625 0.7891504125 0.901842375 0.83683419375 0.9288568093749999
2 0.581871259375 0.5506257015625 0.5584043921874999 0.57105364375 0.5531846671875 0.6213426906249999 0.57471885625 0.6377924390625 0.581871259375 0.5506257015625
5 0 0.570107928125 0.014346181250000001 0.59325749375 0.0270181046875 0.6082816249999999 0.0784871671875 0.5918323062499999 0.0831826234375 0.5844197046875 0.0828458640625 0.580572715625 0.066865965625 0.5567592078125 0.0414220484375 0.5286203703125001 0.0053363578124999995 0.539174553125 0 0.5420856749999999 0 0.570107928125