1 0.1644362375 0.3666930578125 0.1049978703125 0.3630699359375 0.10251844375000001 0.371427978125 0.10609785468749999 0.40153824687500006 0.12665563124999998 0.4056418546875 0.2125687671875 0.4100498453125 0.21247929375000002 0.397779671875 0.20745280625 0.3883635515625 0.187600015625 0.374178178125 0.1644362375 0.3666930578125
1 0.0472728875 0.307844890625 0.0443395171875 0.28204550625 0.027760612499999997 0.2616905015625 0.0160123671875 0.25355210625 0.0097520109375 0.343079353125 0.01555769375 0.341352471875 0.0365454578125 0.3257572375 0.0472728875 0.307844890625
1 0 0.5526437 0.009075206249999999 0.542453978125 0.015088250000000001 0.52421196875 0.0054063234375 0.5000735374999999 0 0.49341704843749995 0 0.5526437
1 0.19295574531249998 0.7040788015625 0.19475202656249999 0.69194049375 0.1845506359375 0.6752307296875 0.159872146875 0.6623075515625 0.14772605781249998 0.659858571875 0.1006564078125 0.6555007140625 0.0910421140625 0.6574944875 0.1116391078125 0.7287857718749999 0.1360797046875 0.731561253125 0.1688425140625 0.723721190625 0.1796223125 0.7186096359375 0.19295574531249998 0.7040788015625
1 0.1989579890625 0.5775936390624999 0.21672714375000002 0.594476940625 0.217014496875 0.603917321875 0.22313227812499997 0.611276896875 0.24394978437499998 0.6116661718749999 0.260238428125 0.6090726890625 0.2758439265625 0.6026989390625 0.2820577578125 0.5951352453125 0.28294826562500003 0.582400384375 0.275241565625 0.5706639906250001 0.255923503125 0.5623813609375 0.199387978125 0.5578947984375 0.18943974218749998 0.5646641421874999 0.193374934375 0.5761368078125 0.1989579890625 0.5775936390624999
1 0.2790938578125 0.5426730390625 0.283511409375 0.5472476546875 0.30987486406250003 0.54962438125 0.32370592187499997 0.541526909375 0.3233938203125 0.53244045 0.31463293124999997 0.52222998125 0.2943348859375 0.5144120390625 0.27826887031249997 0.51382180625 0.2790938578125 0.5426730390625
9 0.6973053265625 0.9574307937500001 0.7036086312500001 0.9621372750000001 0.7130002984375 0.9633272171874999 0.7385692953125 0.963515534375 0.744597603125 0.9586049359375 0.7500911828125 0.9477915953125 0.75901364375 0.9014927015625 0.737615615625 0.8552064500000001 0.731349415625 0.84996935 0.6946143109375 0.8468673671875001 0.6885860015625 0.851777965625 0.6860694703125 0.8606666265625 0.6794561796874999 0.9145919859375 0.6973053265625 0.9574307937500001
6 0.8587493828125 0.6269300328125 0.846529084375 0.625542290625 0.8431067796875 0.6338344015625 0.8822710562499999 0.6834958453125 0.913231009375 0.7149875359375 0.935117971875 0.7271822953125 0.9427351984375001 0.726648515625 0.9443830609375 0.716632684375 0.937433715625 0.70761531875 0.8587493828125 0.6269300328125
6 1 0.378957396875 0.96770653125 0.3695418109375 0.9632147718749999 0.366028434375 0.9034643062500001 0.3533188546875 0.88876458125 0.36028915625 0.8845478171875 0.36639285625 0.8888169484375 0.3730899484375 0.89617444375 0.376270503125 0.8999830578125 0.3760036140625 0.9011856671875 0.3723552125 0.9323377171875 0.3740003625 1 0.3916560453125 1 0.378957396875
6 0.8384379515625 0.9038473093749999 0.8532642546875 0.9086165609375 0.8627301328125 0.9087452656250001 0.8231642828125001 0.8377271890625 0.81565836875 0.8366691109375 0.8107584609374999 0.8389925437500001 0.8093703296875001 0.8452940421875 0.8384379515625 0.9038473093749999
6 0.849433803125 0.92274548125 0.8736233578125001 0.9697601515625 0.8780038031249999 0.9748653859375 0.8901498921875 0.9773143640624999 0.894292446875 0.972271903125 0.87886378125 0.9354677015625 0.8702142046875 0.9236653765625 0.8523737468749999 0.921351421875 0.849433803125 0.92274548125
0 0.7566638484375 0.06791525781249999 0.76463028125 0.07593731875000001 0.78145365 0.079246578125 0.7930650140625 0.0757928125 0.8511807687499999 0.044131340625 0.88006108125 0.0253555109375 0.8044914828125 0.0200711703125 0.761474284375 0.05332165 0.7566638484375 0.06791525781249999
1 0.0728740421875 0 0.07592179375 0.0336434796875 0.160892053125 0.037985539062500004 0.17242920625 0.0355930125 0.19221436249999999 0.023646181250000002 0.1999276375 0.008189131249999999 0.1987003921875 0 0.0728740421875 0
1 0 0.9662575421874999 0.0362442140625 0.9687919859375 0.05234892343749999 0.953388509375 0.057270671875 0.93720304375 0.050692371874999996 0.9228794859375 0.0370686765625 0.9144618328125 0.0336682140625 0.9088919109375 0.0153301328125 0.9001445953125 0 0.89649290625 0 0.9662575421874999
1 0.281597003125 0.8185195984375 0.280156503125 0.8120203046875 0.26204105 0.800089271875 0.24721474687499997 0.79532001875 0.22375413125 0.792079853125 0.2240072875 0.8155589609374999 0.27752865937500004 0.8225008218750001 0.281597003125 0.8185195984375
2 0 0.6339300125 0.0206450015625 0.6344425734375 0.08594141875 0.6491396046875 0.086386671875 0.6427721734375 0.093469171875 0.6363356515625 0.109111775 0.62943128125 0.10807942343750002 0.6170951765625 0.0733413859375 0.6125332015625 0 0.6078867296875 0 0.6339300125
2 0.1792230875 0.5346229671875 0.0961756875 0.5298821546875 0.103400028125 0.5485165984375 0.148472609375 0.55433445 0.1865587421875 0.551665553125 0.19205232187500001 0.5408522125 0.1792230875 0.5346229671875
7 0.216566121875 0 0.214858678125 0.038559970312500004 0.221118303125 0.0709905109375 0.22934446562500002 0.0752982375 0.2415647640625 0.076685978125 0.28647366406249997 0.07129489375 0.2964961078125 0.0634643125 0.311730559375 0.062396753125 0.3134170265625 0 0.216566121875 0
7 0.3151199859375 0.1900718578125 0.3156591765625 0.10106286093750001 0.3121473984375 0.097084796875 0.30181285468749997 0.095828921875 0.2225740671875 0.09082121875 0.22536113281249998 0.18646137499999998 0.30644856875 0.1921315609375 0.3151199859375 0.1900718578125
7 0.30863985 0.228543328125 0.22283802656249999 0.22254347968750002 0.22035860000000002 0.230901521875 0.22810451718750002 0.30982559374999996 0.288411553125 0.31457588593749997 0.3091919546875 0.31549577968750003 0.31311188125 0.3136370328125 0.31446079375 0.24014785781249998 0.313205815625 0.2309954671875 0.30863985 0.228543328125
7 0.230391846875 0.331314090625 0.23064500312499997 0.3547931984375 0.220786240625 0.3738327171875 0.20370313750000002 0.374237790625 0.2016689640625 0.376228403125 0.2066954515625 0.3856445234375 0.23170788125000003 0.393792128125 0.2276024328125 0.398303971875 0.22856057343749997 0.41170131562499995 0.2345299375 0.42118336875000006 0.3072056890625 0.425198925 0.314934228125 0.4230732875 0.31580078437500003 0.3564821609375 0.3125487390625 0.3487897625 0.278552790625 0.333615403125 0.25509217500000003 0.33037523750000003 0.230391846875 0.331314090625
7 0.074446303125 0.0953931015625 0.0902154828125 0.10022828749999999 0.09184150468749999 0.10407448749999999 0.092339128125 0.11050784843749999 0.078545175 0.1180747015625 0.077231253125 0.1233149625 0.0820066984375 0.1769702703125 0.08555557968750001 0.180417715625 0.217521278125 0.1901788703125 0.22144120625000002 0.1883201234375 0.2179186265625 0.0760989078125 0.214339215625 0.045988639062499996 0.20890457968749998 0.042409329687500004 0.07497891718750001 0.0335775484375 0.07011611250000001 0.0353703625 0.074446303125 0.0953931015625
7 0.221305703125 0.3664040484375 0.22434827343750002 0.3228932765625 0.2205004421875 0.2559724875 0.215845 0.2412501765625 0.21124192812499998 0.23932865625000002 0.090627859375 0.22982807031250002 0.0856908453125 0.2326821234375 0.09435122500000001 0.3527276015625 0.0959030390625 0.3576350390625 0.1042034109375 0.360881528125 0.2088998828125 0.36766940312499996 0.221305703125 0.3664040484375
7 0.22543510625000002 0.415748471875 0.21905759374999997 0.41210322968749996 0.1908825921875 0.40853339999999994 0.139893015625 0.4060342890625 0.11458374843750001 0.40213163749999997 0.10018085937500001 0.4048569859375 0.10290898125 0.51488979375 0.110192265625 0.5191315859375 0.191019971875 0.52851610625 0.22699772187499997 0.5288990609375 0.22543510625000002 0.415748471875
7 0.32542799375000003 0.5304498390625 0.32905108437499997 0.5328360453125 0.3375740828125 0.5328988171875 0.34738916406250003 0.5415833609375 0.37826621875 0.5336114328125 0.377611490625 0.4887756921875 0.3654654 0.4863267140625 0.3277503125 0.48368941875000004 0.3247732625 0.48561409843750003 0.325768509375 0.49848082343750005 0.31001459374999996 0.5069770499999999 0.310586425 0.512349175 0.32542799375000003 0.5304498390625
7 0.37908463281250004 0.589656109375 0.37892752500000004 0.55125373125 0.3745099765625 0.546679115625 0.32816057656250003 0.5455709046874999 0.3278266359375 0.5503464765625 0.33348389843750004 0.550742071875 0.34986201562499997 0.5604187625 0.3500038578125 0.585489728125 0.353404321875 0.5910596484374999 0.37512760156249997 0.592045475 0.37908463281250004 0.589656109375
7 0.3757146984375 0.6107490109375 0.35119989218750003 0.6090347687500001 0.33744304375 0.616071003125 0.33710910312500003 0.6208465750000001 0.342617946875 0.623364646875 0.3502949640625 0.6355255359374999 0.349434140625 0.6478359015625 0.3529459171875 0.6518139656249999 0.376629159375 0.6518704171875 0.3757146984375 0.6107490109375
7 0.372538975 0.6697136718750001 0.3508899046875 0.6676666078125 0.3136877046875 0.6847940859375 0.3123737828125 0.6900343453125 0.3224485953125 0.6950045546875 0.3485523203125 0.701095615625 0.353727225 0.708389259375 0.37443341874999997 0.7103703921875 0.376162065625 0.6720998781249999 0.372538975 0.6697136718750001
7 0.3485239046875 0.7421510890625 0.32805560312500004 0.7503176546875 0.32561328125 0.758145078125 0.3507370234375 0.7647008234375 0.3735144953125 0.764160725 0.3761118109375 0.7270173828125001 0.3659627875 0.7231084109375 0.34895389374999997 0.722452246875 0.3485239046875 0.7421510890625
7 0.346454740625 0.8123906171874999 0.3457258015625 0.768616115625 0.3317681671875 0.764974034375 0.30921332343749997 0.7623304171874999 0.30623627343750004 0.764255096875 0.3057691796875 0.7844845578124999 0.2860582328125 0.7953701515625 0.28459589375 0.8027328875 0.28984500625 0.80896529375 0.3302774109375 0.8133922421875001 0.346454740625 0.8123906171874999
7 0.346902109375 0.8737414859375001 0.34678210625 0.8348084874999999 0.34225324218750003 0.8318257296875 0.3160382046875 0.8273265265624999 0.30280081875 0.8269340921874999 0.307687578125 0.87899754375 0.3399309234375 0.87858615 0.346902109375 0.8737414859375001
7 0.290072096875 0.7108698375 0.28317511875 0.7146532640625 0.2828782828125 0.7188982187499999 0.3048394546875 0.730031740625 0.30485471875000003 0.7433631515625 0.3101038328125 0.7495955578125 0.326206953125 0.7496551703125001 0.33023819374999996 0.7462045640625 0.33316945 0.70428565 0.329657671875 0.7003075875 0.3175115828125 0.6978586078125 0.31000566875 0.6968005296875 0.30593732500000004 0.7007817546874999 0.2934201890625 0.7036389671875 0.290072096875 0.7108698375
7 0.3073844015625 0.6800876062500001 0.3342673203125 0.6750356640625 0.3450100140625 0.670454728125 0.34547710781249996 0.6502252671875 0.3331149671875 0.6237665609375 0.33228340312500004 0.622108771875 0.31056012499999996 0.6211229453125 0.281754346875 0.626573640625 0.2825117015625 0.6292926703124999 0.2910347 0.6293554421875001 0.30531185625 0.6419778578125 0.3073844015625 0.6800876062500001
7 0.32845952500000003 0.6090442484375 0.3447110640625 0.606981384375 0.34753100625 0.5666543265625 0.3433731890625 0.5583653765625 0.32767821874999997 0.552468953125 0.2880773765625 0.5496997921875 0.28513743125 0.551093853125 0.287944221875 0.5651536828125 0.28086172343750004 0.5715902046875 0.2959411828125 0.599838565625 0.3041302421875 0.6046769109375 0.32845952500000003 0.6090442484375
7 0.2196510296875 0.6339616578125 0.2241427890625 0.637475034375 0.2200526046875 0.6553182890625 0.2326221078125 0.6652618703125001 0.2265566953125 0.670703084375 0.2259630234375 0.6791929921875 0.2449471453125 0.6922511953125 0.2580361125 0.6947661046875 0.2958625109375 0.69581154375 0.3026329109375 0.6802885640625 0.300092425 0.6353209578125 0.297449315625 0.6324700640625001 0.278777296875 0.628498321875 0.22612459375 0.6226836296875 0.2200591796875 0.628124846875 0.2196510296875 0.6339616578125
7 0.2723953203125 0.71976481875 0.2347173375 0.7165969046875 0.2241972703125 0.7179941249999999 0.2246206859375 0.7254887250000001 0.2326613265625 0.7324495484375 0.23229028125 0.7377557390625 0.2275016859375 0.738487315625 0.223173609375 0.7461828734375 0.2277024734375 0.74916563125 0.22930665625 0.7668738609375 0.236218896875 0.7764218453125 0.2347936609375 0.7832539625 0.247734209375 0.7878913515625 0.2796065109375 0.7927861468749999 0.29574673749999997 0.7923151421875 0.3019605671875 0.7847514484375 0.3037852640625 0.731557665625 0.3014760953125 0.7239312 0.2723953203125 0.71976481875
7 0.22570751875 0.8183439218749999 0.224862803125 0.871073015625 0.23412131875000003 0.8877168484375 0.289862384375 0.890015003125 0.30324818750000004 0.8882849593750001 0.304278425 0.83290276875 0.30091506562500003 0.8268022281249999 0.26907986875 0.8213768124999999 0.22570751875 0.8183439218749999
7 0.2990466890625 0.9077200718749999 0.28856372656249996 0.9085866734374999 0.24491638125 0.89593670625 0.2326218734375 0.895610203125 0.2294898296875 0.926850803125 0.23345555 0.964986290625 0.29085974375 0.9706000250000001 0.3013798109375 0.9692028046875001 0.3048676359375 0.9193246015625001 0.2990466890625 0.9077200718749999
7 0.23008350156250001 0.9183608953125001 0.2262661984375 0.8781029296874999 0.218077140625 0.8732645859374999 0.1702501359375 0.8661876984375001 0.11364040156249999 0.862762375 0.1168706078125 0.884316803125 0.106566590625 0.9097237515625001 0.0988380515625 0.9118493890625 0.080960490625 0.910066053125 0.0736029953125 0.9068854999999999 0.07542980625 0.9214100140625 0.0816589 0.9271777312499999 0.09613599843750001 0.923391146875 0.1103162609375 0.9238495125 0.1244004734375 0.9392311484375 0.1257296609375 0.9473223000000001 0.13569315937499998 0.95388436875 0.1939289171875 0.961155890625 0.211123334375 0.959158959375 0.2193866 0.962936065625 0.2283548546875 0.9566314078125 0.23008350156250001 0.9183608953125001
7 0.2192318421875 0.7619036515625 0.2148513984375 0.7567984171875 0.1755102875 0.750314921875 0.1144458984375 0.7428456015625 0.1059228984375 0.7427828296875 0.10196586875 0.7451721953125 0.108969696875 0.8347086515625 0.1234249546875 0.8447840953125001 0.2145129953125 0.8564857296874999 0.22159549374999998 0.8500492078124999 0.2192318421875 0.7619036515625
8 0.10920336093750001 0.7094197531249999 0.096908853125 0.7090932515625 0.09036108281250001 0.7214325171875 0.09154185000000001 0.731646146875 0.1001761640625 0.7301170609375001 0.11230698750000001 0.7192346281249999 0.10920336093750001 0.7094197531249999
8 0.21440191562500002 0.6277292515624999 0.22235308437499998 0.6224198999999999 0.22091258281249998 0.61592060625 0.21148381249999998 0.61526128125 0.20780177656249998 0.627267725 0.21440191562500002 0.6277292515624999
8 0.270979009375 0.53677345625 0.279873053125 0.5315300374999999 0.2783954484375 0.5255613609374999 0.2727381859375 0.5251657671875 0.269649821875 0.5286823046875 0.270979009375 0.53677345625
8 0.08739741875 0.4386219765625 0.1016518890625 0.4380191046875 0.100508225 0.42727485625000006 0.09427913125000001 0.4215071375 0.0849245671875 0.4197865765625 0.07995044999999999 0.4231712484375 0.08029965624999999 0.4317270875 0.08739741875 0.4386219765625
8 0.0688085296875 0.2437655140625 0.0822685421875 0.240974234375 0.0897220859375 0.2292315203125 0.0798699015625 0.22107759374999997 0.07138400624999999 0.220484203125 0.06426440312500001 0.2274513453125 0.063411 0.23965558593749997 0.0688085296875 0.2437655140625
8 0.0700134875 0.0774870765625 0.07385920625 0.076689565625 0.07253001875000001 0.0685984140625 0.0663751328125 0.06176945625 0.055855065625 0.0631666765625 0.056130060937500004 0.07278375468750001 0.0606218203125 0.0762971328125 0.0700134875 0.0774870765625
8 0.2215983125 0.2267225 0.22378090312499999 0.2226094125 0.2194004578125 0.217504178125 0.20612596875000003 0.2176423625 0.20726963281250002 0.228386609375 0.2215983125 0.2267225
8 0.095450740625 0.8518925812499999 0.10114510624999999 0.8517575578125 0.11403328593749999 0.843594153125 0.10738077812499999 0.8303318328125 0.1026292875 0.8305327890624999 0.09641545781250001 0.8380964828125 0.09303025781249999 0.8458579734375 0.095450740625 0.8518925812499999
8 0.21717371718749998 0.710037996875 0.2096307 0.7095105375 0.20552525156249998 0.7140223812500001 0.203951596875 0.722976975 0.207611790625 0.7248325624999999 0.2176342359375 0.717001978125 0.21717371718749998 0.710037996875