3 0.0635416671875 0.5120370375000001 0.1265625 0.5120370375000001 0.13125 0.5305555562500001 0.1307291671875 0.5481481484375 0.14114583281249998 0.5490740734374999 0.1421875 0.7574074078125 0.1364583328125 0.759259259375 0.1354166671875 0.7648148140625 0.1265625 0.7787037031249999 0.1244791671875 0.8027777781250001 0.1213541671875 0.8129629625 0.12291666718750001 0.83055555625 0.1625 0.83055555625 0.2166666671875 0.8175925921875 0.246875 0.80648148125 0.26510416718749996 0.80648148125 0.2671875 0.8101851859375 0.2786458328125 0.8074074078125 0.2833333328125 0.7981481484375 0.284375 0.765740740625 0.2828125 0.752777778125 0.2708333328125 0.7490740734375 0.26974427031250003 0.5453703703125 0.3338541671875 0.54444444375 0.3380208328125 0.5370370375 0.33541666718749996 0.40092592656250003 0.33541666718749996 0.2518518515625 0.1890625 0.24259259218749998 0.1739583328125 0.2370370375 0.1588541671875 0.2416666671875 0.0427083328125 0.23611111093749998 0.0479166671875 0.371296296875 0.0489583328125 0.50555555625 0.05208333281250001 0.5101851859375001 0.0635416671875 0.5120370375000001
7 0.4022916671875 0.8240740734375 0.4078125 0.83055555625 0.4125 0.8222222218749999 0.4401041671875 0.8203703703125 0.44635416718750004 0.8324074078124999 0.4447916671875 0.847222221875 0.45104166718750005 0.872222221875 0.4703125 0.8731481484374999 0.5104166671875 0.865740740625 0.5109375 0.859259259375 0.49895833281249996 0.827777778125 0.5078125 0.8175925921875 0.525 0.8129629625 0.5348958328125 0.8129629625 0.5421875 0.8175925921875 0.5494791671875 0.8120370375 0.5796875 0.8101851859375 0.5776041671875001 0.777777778125 0.5770833328125 0.5990740734375 0.5755208328125 0.5898148140624999 0.37552083281250004 0.5962962968750001 0.3734375 0.5990740734375 0.3729166671875 0.7675925921875 0.3739583328125 0.8222222218749999 0.37552083281250004 0.825 0.4022916671875 0.8240740734375
7 0.5973958328125 0.8009259265625 0.6505208328125 0.803703703125 0.6536458328125 0.8055555562500001 0.6536458328125 0.821296296875 0.6463541671875 0.8231481484375 0.6494791671875 0.8333333328125001 0.6651041671875 0.85648148125 0.7130208328125 0.8546296296874999 0.7171875 0.853703703125 0.7192708328124999 0.8490740734375001 0.7041666671875 0.825 0.7041666671875 0.8074074078125 0.7322916671875 0.8046296296875 0.7375 0.797222221875 0.7598958328125 0.8018518515625 0.7744791671875 0.79444444375 0.7760416671875 0.7824074078125001 0.775 0.722222221875 0.7708333328125 0.6601851859375001 0.7739583328124999 0.63055555625 0.775 0.590740740625 0.7729166671875001 0.5888888890625 0.7447916671875 0.5851851859375 0.5911458328125 0.5861111109375 0.5885416671875 0.6398148140625 0.5875 0.79444444375 0.5885416671875 0.8101851859375 0.590625 0.8120370375 0.5973958328125 0.8009259265625
7 0.7791666671875 0.7990740734374999 0.8125 0.7981481484375 0.8182291671874999 0.80648148125 0.8166666671874999 0.8101851859375 0.8182291671874999 0.8175925921875 0.8515625 0.8453703703125001 0.8848958328125001 0.8416666671874999 0.896875 0.8388888890624999 0.8994791671875 0.8333333328125001 0.8708333328125001 0.8083333328125001 0.875 0.7953703703125 0.8921875 0.79444444375 0.8994791671875 0.7888888890625 0.9338541671874999 0.7870370375 0.9390625 0.7805555562500001 0.9447916671875 0.7796296296875 0.9489583328125001 0.771296296875 0.9510416671874999 0.5824074078125 0.9197916671874999 0.5796296296875 0.7848958328125 0.5870370375 0.7807291671875001 0.5888888890625 0.7765625 0.597222221875 0.775 0.6481481484375 0.7765625 0.6574074078125001 0.7755208328125 0.6851851859375 0.7791666671875 0.7990740734374999
7 0.9541666671875 0.58148148125 0.9520833328125 0.5953703703125 0.9515625 0.63148148125 0.9510416671874999 0.7629629625 0.9994791671875 0.75555555625 0.9994791671875 0.578703703125 0.9541666671875 0.58148148125
7 0.9359375 0.577777778125 0.9723958328125001 0.5722222218749999 0.9760416671875 0.5148148140625 0.975 0.5046296296875 0.8744791671875 0.503703703125 0.8677083328125 0.5046296296875 0.865625 0.509259259375 0.8651041671874999 0.5481481484375 0.8661458328125 0.5703703703125 0.86875 0.577777778125 0.9359375 0.577777778125
7 0.8630208328125001 0.577777778125 0.8604166671875 0.525 0.8614583328125001 0.509259259375 0.8598958328125 0.5046296296875 0.7635416671875 0.5009259265625 0.7479166671875 0.5018518515625 0.7463541671875 0.50555555625 0.7453125 0.5796296296875 0.7473958328125 0.5824074078125 0.7932291671875 0.584259259375 0.8630208328125001 0.577777778125
7 0.74375 0.5796296296875 0.7458333328125 0.522222221875 0.7458333328125 0.509259259375 0.74375 0.50555555625 0.6333333328124999 0.50555555625 0.6307291671875 0.509259259375 0.6302083328125 0.5731481484375001 0.6328125 0.58148148125 0.7286458328125 0.584259259375 0.74375 0.5796296296875
7 0.5796875 0.5944444437499999 0.5791666671875 0.63055555625 0.5833333328125 0.6361111109375 0.5869791671875 0.6231481484375 0.5859375 0.5944444437499999 0.5880208328125 0.5824074078125 0.6276041671875 0.5796296296875 0.6265625 0.50648148125 0.5104166671875 0.50555555625 0.5088541671875 0.5083333328124999 0.5088541671875 0.5870370375 0.5703125 0.5851851859375 0.578125 0.5898148140624999 0.5796875 0.5944444437499999
7 0.50625 0.5083333328124999 0.38333333281250004 0.509259259375 0.3802083328125 0.5120370375000001 0.3807291671875 0.5935185187500001 0.5067708328125 0.5870370375 0.5078125 0.5120370375000001 0.50625 0.5083333328124999
7 0 0.665740740625 0.0546875 0.6629629625 0.05729166718749999 0.6675925921875 0.05625 0.6740740734374999 0.058854167187499994 0.6833333328125 0.0614583328125 0.6833333328125 0.0640625 0.6777777781250001 0.06979166718749999 0.6768518515624999 0.0682291671875 0.6703703703125 0.0753473953125 0.6620370375 0.1307291671875 0.6583333328125 0.1307291671875 0.5287037031249999 0.1296875 0.5166666671875 0.1265625 0.5129629625 0 0.5129629625 0 0.665740740625
8 0.0734375 0.7018518515625 0.07083333281250001 0.6944444437499999 0.05625 0.69351851875 0.05208333281250001 0.6972222218749999 0.050520832812500006 0.7083333328125 0.0536458328125 0.7138888890625 0.0640625 0.7120370375 0.0734375 0.7018518515625
8 0.5515625 0.8388888890624999 0.5484375 0.83148148125 0.5328125 0.8268518515625001 0.525 0.828703703125 0.51875 0.8370370375 0.5192708328125 0.853703703125 0.5276041671875 0.8583333328125 0.5458333328125 0.8509259265625 0.5515625 0.8388888890624999
8 0.7390625 0.8398148140625 0.7416666671875001 0.8361111109375001 0.7427083328124999 0.8222222218749999 0.7364583328125 0.8120370375 0.7151041671875 0.8120370375 0.7161458328125 0.825 0.7223958328125 0.8333333328125001 0.7317708328125 0.8398148140625 0.7390625 0.8398148140625
8 0.9427083328125001 0.8509259265625 0.9463541671875 0.8481481484375 0.9479166671874999 0.840740740625 0.9473958328125001 0.8333333328125001 0.9380208328125 0.8222222218749999 0.9234375 0.8194444437499999 0.9145833328125 0.825 0.9161458328125001 0.834259259375 0.9192708328125001 0.8388888890624999 0.93125 0.8481481484375 0.9427083328125001 0.8509259265625
7 0.6505208328125 0.928703703125 0.5791666671875 0.9370370375 0.5760416671875 0.9388888890624999 0.5734375 0.946296296875 0.5739583328125 0.9990740734375001 0.9994791671875 0.9990740734375001 0.9994791671875 0.9046296296874999 0.6505208328125 0.928703703125
5 0.5682291671875 0.9731481484375 0.565625 0.9685185187500001 0.5359375 0.9731481484375 0.5197916671875 0.9703703703125001 0.5078125 0.9759259265625 0.47447916718750005 0.9768518515625001 0.46458333281249997 0.9824074078124999 0.44166666718750003 0.9833333328125 0.4390625 0.9861111109375 0.4390625 0.9990740734375001 0.5677083328125 0.9990740734375001 0.56875 0.99444444375 0.5682291671875 0.9731481484375
5 0.0229166671875 0.7805555562500001 0.06770833281250001 0.7740740734375 0.0723958328125 0.7574074078125 0.071875 0.7518518515625 0.0666666671875 0.75 0.013020832812499999 0.753703703125 0.0098958328125 0.75555555625 0.0109375 0.7629629625 0.0192708328125 0.7787037031249999 0.0229166671875 0.7805555562500001
2 0.065625 0.9870370375 0.0821182296875 0.9870370375 0.0875 0.9916666671875 0.0901041671875 0.95555555625 0.0880208328125 0.7925925921875 0.0760416671875 0.796296296875 0.0473958328125 0.8416666671874999 0.0473958328125 0.8546296296874999 0.05625 0.8620370375 0.0640625 0.915740740625 0.065625 0.9870370375
1 0 0.9518518515625001 0.0223958328125 0.9472222218749999 0.0390625 0.9685185187500001 0.0385416671875 0.9990740734375001 0.0489583328125 0.9990740734375001 0.0515625 0.99351851875 0.0609375 0.9888888890624999 0.0640625 0.98148148125 0.0640625 0.91944444375 0.061979167187499996 0.9 0.058854167187499994 0.8925925921875001 0.058333332812500006 0.86944444375 0.055208332812500004 0.8601851859374999 0.0463541671875 0.853703703125 0.034375 0.853703703125 0.0322916671875 0.8435185187500001 0.03125 0.8101851859375 0.028125 0.7981481484375 0.021875 0.7824074078125001 0.0020833328125000002 0.753703703125 0 0.753703703125 0 0.9518518515625001