7 0.9255121046875001 1 0.9255121046875001 0.9973821984375 0.9376163875 0.99005235625 0.9515828671875 0.974869109375 0.95065176875 0.96701570625 0.9581005593749999 0.9617801046875 0.96461825 0.94712041875 0.8538175046875001 0.82722513125 0.8407821234374999 0.8214659687499999 0.832402234375 0.8246073296875001 0.7802607078125 0.893717278125 0.7709497203125 0.9005235609375 0.6396648046875 0.7319371734375 0.624767225 0.72984293125 0.461824953125 0.743455496875 0.310055865625 0.7518324609375 0.29143389218750004 0.754973821875 0.2141527 0.759162303125 0.2057728125 0.762827225 0.2262569828125 1 0.9255121046875001 1
7 0.4925512109375 0.727748690625 0.5055865921875 0.725130890625 0.551210428125 0.725130890625 0.6080074484375 0.72146596875 0.6238361265625 0.7172774875 0.624767225 0.7068062828125 0.6033519546874999 0.6811518328124999 0.6033519546874999 0.6712041890625 0.6080074484375 0.6717277484374999 0.6108007453125001 0.669109946875 0.6126629421875001 0.6575916234375 0.62011173125 0.6523560203125001 0.64711359375 0.6073298421875 0.6080074484375 0.5617801046875 0.5968342640625 0.5544502625 0.587523278125 0.562827225 0.565176909375 0.607853403125 0.5540037250000001 0.612041884375 0.48882681562499997 0.5267015703125 0.47113594062499997 0.5178010468750001 0.3761638734375 0.5314136125 0.372439478125 0.5298429312499999 0.3510242078125 0.5314136125 0.346368715625 0.5298429312499999 0.31657355625 0.5303664921875 0.3119180640625 0.5319371734375 0.23836126562499999 0.530890053125 0.23649906875 0.5335078531249999 0.22532588437499998 0.535078534375 0.20856610781249998 0.5319371734375 0.2039106140625 0.5340314140625 0.1843575421875 0.5314136125 0.18156424531249998 0.5429319375 0.1843575421875 0.580628271875 0.198324021875 0.7151832453125 0.2039106140625 0.73874345625 0.29888268125 0.7397905765624999 0.372439478125 0.73298429375 0.4925512109375 0.727748690625
7 0.466480446875 0.5214659687500001 0.4720670390625 0.5172774875 0.482309125 0.519371728125 0.48696461874999997 0.5183246078125 0.5093109874999999 0.46125654374999997 0.48696461874999997 0.4324607328125 0.482309125 0.4314136125 0.4767225328125 0.43612565468750003 0.46275605156250005 0.47382198906250006 0.45065176874999996 0.4759162296875 0.4199255125 0.429319371875 0.41247672187499995 0.41937172812499995 0.40689012968749994 0.4183246078125 0.40409683437500005 0.41204188437499994 0.3845437609375 0.409424084375 0.17411545625 0.4073298421875 0.171322159375 0.4083769640625 0.171322159375 0.42146596875000003 0.17877095 0.49424083750000003 0.18342644375 0.5251308906250001 0.1871508375 0.5298429312499999 0.4199255125 0.5251308906250001 0.466480446875 0.5214659687500001
7 0.4255121046875 0.3769633515625 0.410614525 0.3581151828125 0.40595903125 0.3581151828125 0.40130353750000003 0.3675392671875 0.36033519531249997 0.359162303125 0.3566108 0.3502617796875 0.3491620109375 0.3476439796875 0.3119180640625 0.34712041875 0.21135940468749997 0.3397905765625 0.1638733703125 0.3382198953125 0.16294227187500002 0.3397905765625 0.1685288640625 0.4073298421875 0.2057728125 0.4057591625 0.3426443203125 0.409424084375 0.3957169453125 0.4083769640625 0.40595903125 0.409424084375 0.41247672187499995 0.4146596859375 0.4255121046875 0.3769633515625
7 0.3333333328125 0.34712041875 0.3426443203125 0.34450261718749997 0.3519553078125 0.34712041875 0.36033519531249997 0.35602094218749997 0.3649906890625 0.35654450312499997 0.372439478125 0.33036649218749997 0.36126629375 0.31570680625 0.3575419 0.3167539265625 0.35288640625 0.3246073296875 0.346368715625 0.3261780109375 0.3426443203125 0.33298429375 0.3314711359375 0.3345549734375 0.31843575468749996 0.30732984218750004 0.310055865625 0.3047120421875 0.1554934828125 0.29581151875 0.1554934828125 0.3429319375 0.15642458125 0.354973821875 0.1601489765625 0.359162303125 0.161080075 0.3418848171875 0.16480446875000002 0.33874345625 0.3137802609375 0.34712041875 0.3333333328125 0.34712041875
7 0.11173184375 0.5738219890625 0.109869646875 0.6539267015625 0.11266294218749999 0.6602094234375 0.18901303593750002 0.662827225 0.19087523281250002 0.6554973828125 0.18249534375 0.5769633515625 0.158286778125 0.57434555 0.11173184375 0.5738219890625
7 0.2998137796875 0.750785340625 0.2979515828125 0.7403141359375 0.24301675937499997 0.7403141359375 0.22718808125 0.743455496875 0.21135940468749997 0.7392670156250001 0.2057728125 0.7424083765625 0.198324021875 0.7361256546875 0.19087523281250002 0.6738219890625 0.12197392968750001 0.6717277484374999 0.10800744843750001 0.6732984296875 0.10614525156250001 0.7753926703125 0.109869646875 0.7790575921875 0.19925512031249998 0.7769633515625001 0.20204841718750002 0.774869109375 0.20204841718750002 0.7596858640625 0.21973929218750002 0.754973821875 0.2998137796875 0.750785340625
7 0.21601489687500003 0.9445026171875 0.2178770953125 0.937172775 0.202979515625 0.7874345546875 0.20111731875 0.7853403140624999 0.189944134375 0.7853403140624999 0.12104283125 0.7874345546875 0.10242085625 0.7890052359374999 0.100558659375 0.7916230359374999 0.0977653625 0.9486910999999999 0.1014897578125 0.9523560203124999 0.12197392968750001 0.95287958125 0.20763500937499998 0.946596859375 0.21601489687500003 0.9445026171875
7 0.2225325890625 1 0.21973929218750002 0.9685863875 0.2039106140625 0.9685863875 0.09404096875 0.978010471875 0.0931098703125 1 0.2225325890625 1
7 0.0977653625 0.8198952875 0.0949720671875 0.8178010468749999 0.078212290625 0.8183246078125 0.06983240156250001 0.8198952875 0.06797020468750001 0.8287958109375 0.060521415625 0.911518325 0.0623836125 0.92722513125 0.0921787703125 0.9240837703125001 0.0949720671875 0.9162303671875 0.0977653625 0.8198952875
7 0.091247671875 1 0.0921787703125 0.9814136124999999 0.1014897578125 0.976439790625 0.17783985156249998 0.970680628125 0.202979515625 0.96701570625 0.2001862203125 0.950785340625 0.0996275609375 0.9560209421874999 0.0949720671875 0.9497382203125 0.09404096875 0.92722513125 0.073556796875 0.92722513125 0.0623836125 0.9282722515625 0.0586592171875 0.930890053125 0.054003725 1 0.091247671875 1
8 0.45530726250000003 0.362303665625 0.45530726250000003 0.353403140625 0.448789571875 0.3502617796875 0.4413407828125 0.3502617796875 0.4320297953125 0.3554973828125 0.42737430156249995 0.3638743453125 0.4292364984375 0.3774869109375 0.435754190625 0.38534031406249997 0.4432029796875 0.3848167546875 0.446927375 0.38219895312499996 0.45530726250000003 0.362303665625
8 0.5391061453125 0.5 0.5260707640625 0.49581151874999996 0.519553071875 0.496335078125 0.5093109874999999 0.502094240625 0.5037243953125 0.511518325 0.50465549375 0.52722513125 0.5139664796875001 0.53874345625 0.5297951578125 0.5324607328125001 0.5409683421875 0.5109947640625 0.5391061453125 0.5
8 0.783054003125 0.6109947640625 0.7821229046875 0.6005235609375 0.7774674109374999 0.5947643984375001 0.7597765359374999 0.5895287953125 0.7262569828125 0.5874345546875 0.7150837984375 0.5942408375 0.7104283046875 0.6089005234375 0.716945996875 0.6256544500000001 0.7225325890625001 0.6287958109375 0.7337057734375 0.6287958109375 0.7737430171875 0.6230366484375 0.783054003125 0.6109947640625
8 1 0.930608134375 0.9906890125000001 0.9314136124999999 0.9702048421875 0.9424083765625 0.95996275625 0.9570680625 0.95996275625 0.982198953125 0.9655493484375001 1 1 1 1 0.930608134375
5 0.6713221593750001 0.312041884375 0.6703910609375 0.307853403125 0.6536312843750001 0.2968586390625 0.605214153125 0.27434555 0.5856610796874999 0.262303665625 0.5772811921875001 0.2596858640625 0.5726256984375 0.2617801046875 0.5484171328125 0.2968586390625 0.5456238359375 0.30994764375 0.6014897578125 0.3539267015625 0.62104283125 0.3638743453125 0.627560521875 0.3654450265625 0.640595903125 0.36439790625 0.6713221593750001 0.312041884375
5 0.868715084375 0.4539267015625 0.88826815625 0.430890053125 0.899441340625 0.4183246078125 0.904096834375 0.4172774875 0.9022346375 0.41256544531249995 0.9087523281250001 0.406282721875 0.9087523281250001 0.397905759375 0.8789571687500001 0.38586387499999997 0.8715083796875 0.37801047187500003 0.7960893859375 0.343455496875 0.7867783984375001 0.34136125625 0.7765363125 0.3340314140625 0.7458100562500001 0.31937172812500003 0.734636871875 0.3167539265625 0.689944134375 0.370680628125 0.6890130359375 0.376439790625 0.8249534453124999 0.46439790625 0.8398510234375 0.472251309375 0.8491620109375001 0.472251309375 0.864059590625 0.46439790625 0.868715084375 0.4539267015625
5 1 0.462827225 0.9255121046875001 0.54712041875 0.9292364984375 0.5513089 0.9972067046875001 0.590575915625 1 0.590837696875 1 0.462827225
1 1 0.1866005375 0.8032560515625 0.159267015625 0.6840400375 0.15005235625 0.6706284921875 0.1575916234375 0.7034124765625 0.18523560156250002 0.8360409687500001 0.21874345625 0.9790996281250001 0.2405235609375 0.9373743015624999 0.280732984375 0.8941582875 0.35277486874999997 0.9999627562500001 0.4005235609375 1 0.3970217140625 1 0.1866005375
1 0.6912825375 0.178007453125 0.6795698328124999 0.1483769640625 0.5186275609375001 0.11068062812499999 0.5007448796875 0.1090052359375 0.5335297953125 0.129109946875 0.6912825375 0.178007453125
1 0.8151778406249999 0.3201047125 0.8762756046875 0.2438743453125 0.90011918125 0.23047120468750001 0.728745809375 0.19863874374999999 0.724985625 0.1980348 0.67211825 0.270680628125 0.7302364984375 0.2974869109375 0.7734525140625 0.3016753921875 0.8151778406249999 0.3201047125
1 0.6885102421875 0.1818848171875 0.6259217875 0.1609424078125 0.5803926671874999 0.1455862703125 0.6214515828125 0.1601047125 0.6125102421874999 0.20785340312499997 0.66615735625 0.20869110000000002 0.6885102421875 0.1818848171875
1 0.45474096406250003 0 0.45603910625 0.0218848171875 0.47392178749999997 0.036125654687499995 0.5797262562500001 0.06293193750000001 0.616980446875 0.06628272187499999 0.64380446875 0.06293193750000001 0.66615735625 0.06879581093750001 0.6393342640624999 0.0838743453125 0.63188268125 0.12073298437499999 0.5608918796875 0.110322603125 0.7436480453125001 0.149214659375 0.82411918125 0.1542408375 0.847961825 0.06041884843749999 1 0.046434928125000004 1 0.0380104 0.7731843578125 0.070680628125 0.7630204843749999 0.0352879578125 0.5976080078125 0.0059685859375 0.558998275 0 0.45474096406250003 0
1 0.5454515828125001 0.2480628265625 0.5976080078125 0.2430366484375 0.6125102421874999 0.20869110000000002 0.616980446875 0.1567539265625 0.546941340625 0.1366492140625 0.5126666671875 0.11486910937499999 0.511176909375 0.10397905781250001 0.5944134078125 0.11256544531249998 0.581216015625 0.0939267015625 0.43517597812500003 0.072146596875 0.394940409375 0.077172775 0.388979515625 0.0947643984375 0.494783984375 0.1282722515625 0.5499217875 0.14502617812500002 0.5156471140625001 0.20952879531250002 0.5454515828125001 0.2480628265625