7 0 0.7956144578125001 0.0337719296875 0.7941344781249999 0.043737865625 0.6972705578125 0.01841079375 0.69539301875 0.014423628124999999 0.6968346734375 0.011898059375 0.7077064046875 0 0.791864578125 0 0.7956144578125001
7 0 0.9227630515625 0.014278837499999999 0.923511375 0.0201614203125 0.9045625078124999 0.027311746874999997 0.842764121875 0.0424002046875 0.8347516 0.1343300796875 0.8346176 0.1367981359375 0.8248432640625 0.134045 0.82139775 0.1243790265625 0.8192405640624999 0.0426411671875 0.8177078859375 0.03276546875 0.8133388921875 0.0336281484375 0.7968779640625 0.000355503125 0.7973350375 0 0.7981903953125 0 0.9227630515625
7 0 0.9744822828125 0.0109985984375 0.9750586953125 0.017031974999999998 0.9269568874999999 0.014278837499999999 0.923511375 0 0.9234720203125001 0 0.9744822828125
7 0.12245485468749999 0.8372964734374999 0.0374378171875 0.8361421468750001 0.030496223437499997 0.837979171875 0.014592675 0.9752470531249999 0.1605642640625 0.9828971 0.1584806359375 0.8402849140624999 0.1546947625 0.8378856875 0.12245485468749999 0.8372964734374999
7 0.136167984375 0.818207784375 0.148129478125 0.8138828171875 0.1558162484375 0.8164864828124999 0.1598921609375 0.7946919078125 0.1557498234375 0.6684779671875 0.14998474687500002 0.66652521875 0.0592601453125 0.6623207484375 0.049364123437500004 0.6645531421875 0.04818760625 0.6683429171874999 0.039199374999999995 0.74655111875 0.036551340625 0.81573811875 0.0491717421875 0.8174999359375 0.063972640625 0.814974390625 0.136167984375 0.818207784375
7 0.1597444296875 0.610915834375 0.15251775781250002 0.5995330078125 0.153066603125 0.5704009296875 0.1497120703125 0.5597712390625 0.0649825921875 0.5531299375 0.056794568749999996 0.653388259375 0.1522802671875 0.6600430671875 0.154120653125 0.6249264234374999 0.1593418453125 0.6185976 0.23649957812500003 0.620440446875 0.23595569374999997 0.612158875 0.1597444296875 0.610915834375
7 0.07512106562500001 0.45297383125 0.067680696875 0.5389660187499999 0.0831117484375 0.543075953125 0.151233659375 0.54939709375 0.1509009890625 0.4624473359375 0.1432142203125 0.45984367031250006 0.0859060421875 0.4524386390625 0.07512106562500001 0.45297383125
7 0.8315176046874999 1 0.7883242187499999 0.932165509375 0.8755316750000001 0.8542051687500001 0.8801514718749999 0.8406921671875001 0.7995365859375 0.736880290625 0.7834753828125 0.7261348765625 0.775587321875 0.72737209375 0.715746134375 0.7869592734374999 0.7026656359375 0.7939766171875 0.6006320171875 0.632371159375 0.58227529375 0.628107896875 0.5558292171875 0.6289227359375 0.5412583671875 0.6270587 0.32125781249999996 0.6265330515625 0.24226465468749997 0.6223931953124999 0.16017329062500002 0.621392196875 0.1574751859375 0.6355561140625 0.163170346875 0.7321403890625 0.16473709375 0.9831157890625001 0.4869070296875 1 0.8315176046874999 1
7 0.2624880390625 0.60969794375 0.28503321875 0.60867866875 0.46547844375 0.617585196875 0.47439924062500005 0.61530169375 0.5759950890625001 0.617324878125 0.5848871296875 0.615590071875 0.58726891875 0.607461828125 0.5763426421875 0.59203368125 0.5739920890625 0.580906403125 0.5864999484375 0.5661561828125 0.590029496875 0.5547868640625 0.624224815625 0.5180646421875 0.624512375 0.5125776671875 0.5917623 0.4657445328125 0.5824126421875 0.45755167343750003 0.5785405015625 0.4567985390625 0.5704223921875 0.46242533750000003 0.537516134375 0.5118698187499999 0.529656828125 0.5125583406249999 0.5230027953125 0.5089083890625 0.5233478671875 0.50232401875 0.50072138125 0.467575734375 0.4749966859375 0.435966309375 0.4771771828125 0.43167894687499997 0.470839465625 0.42199332343749996 0.4576176671875 0.4130473296875 0.34331515 0.41090842031249997 0.1668283328125 0.401108934375 0.1531464390625 0.40094209999999997 0.152056190625 0.40308578281249996 0.1534716671875 0.5440123375 0.159114278125 0.6042803546875 0.2204671328125 0.609146334375 0.239140171875 0.6073739234375 0.2624880390625 0.60969794375
7 0.4808341578125 0.3245807078125 0.47498281249999996 0.3242740515625 0.4513999359375 0.363753265625 0.4385494859375 0.366381028125 0.41265473437500005 0.3193569609375 0.4059719453125 0.3162557078125 0.4027324375 0.303431228125 0.38549471875 0.2964755859375 0.359307446875 0.292352146875 0.1558881828125 0.2739885296875 0.152243609375 0.287552640625 0.1561871359375 0.3989006390625 0.3511169421875 0.4113172953125 0.47221727343750003 0.41436266718750003 0.5034031328124999 0.3604263859375 0.5027154687500001 0.3548883015625 0.4808341578125 0.3245807078125
7 0.3904571078125 0.29508504062499996 0.40106955 0.2978420328125 0.4025311453125 0.307272109375 0.4073497546875 0.30862505156250003 0.42708924687499994 0.26784400625 0.4246811828125 0.2578141234375 0.410742965625 0.24387874062499998 0.40678455625 0.2447716984375 0.399440378125 0.2542904890625 0.37064375 0.24397805 0.36375966875 0.244717678125 0.359945040625 0.2428671484375 0.34893249531250004 0.22908509531250001 0.22281474375000002 0.2098208390625 0.16355611875 0.2023135890625 0.152771140625 0.2028487828125 0.1464021875 0.21241868125000002 0.14840270625000002 0.2675439828125 0.1547379421875 0.2959364328125 0.1543090828125 0.28546006875 0.1598178359375 0.2736442703125 0.36409729999999996 0.29425378593749996 0.3904571078125 0.29508504062499996
7 0.3566192640625 0.23168875937500003 0.35905608437500003 0.241169946875 0.3620105125 0.2407745765625 0.37406075625 0.21609669375 0.373516871875 0.20781511875 0.3654299984375 0.19418639531249998 0.35954989843749996 0.1944284359375 0.3427673140625 0.2161072875 0.33109338125 0.2149452765625 0.3200258046875 0.18355379375 0.3144045078125 0.17885755625 0.1591738109375 0.1553165328125 0.14354146875 0.1550474796875 0.1418686578125 0.224285590625 0.146917315625 0.22124895156250002 0.1478375078125 0.20369062968749999 0.15675830468750002 0.2014071265625 0.32756383125 0.2263145984375 0.3451466234375 0.22668586875000002 0.3566192640625 0.23168875937500003
8 0.36390345 0.2419741921875 0.36180922031249996 0.244615459375 0.3670566890625 0.2564447640625 0.37173151875 0.26054119375 0.37761161875 0.26029915312499996 0.3838655484375 0.2529240421875 0.383264153125 0.2457398640625 0.36390345 0.2419741921875
8 0.45896028906249997 0.2381526359375 0.4522775 0.23505138125 0.44246774687499996 0.23563768437500002 0.42909968750000005 0.24814200312499998 0.42921223125 0.26465403906249996 0.43655392812500005 0.273842075 0.443409253125 0.2736511421875 0.44748268593749996 0.2705633953125 0.45947541718749996 0.24698290625000002 0.45896028906249997 0.2381526359375
8 0.5249681265625 0.396769653125 0.5075291156249999 0.3936548953125 0.496514090625 0.39857966718750004 0.48916991249999997 0.40809845781250004 0.4891099203125 0.427902678125 0.49742684062500003 0.43714182343749997 0.5122852515625 0.4335188828125 0.5292978828125 0.40745045312499995 0.5249681265625 0.396769653125
8 0.7567115203125 0.527759 0.76196146875 0.5208814796875 0.759898478125 0.5042672234375 0.7532732 0.5000685765624999 0.7252505046875 0.4936481265625 0.705746021875 0.492625940625 0.69668144375 0.4976529328125 0.6880457265625 0.5131562859375001 0.6920016546875 0.5309701546875 0.6967339953125 0.5339691890625 0.71136235625 0.534735828125 0.7456964937499999 0.5326837734375001 0.7567115203125 0.527759
8 0.9136417625 0.9293796453125 0.935528034375 0.9222735859375 0.951821765625 0.9099225953125 0.9699246453124999 0.8817104828125 0.973025334375 0.8598648000000001 0.9678641328124999 0.846389403125 0.9566502953124999 0.8364482328125 0.9287138671875 0.8283816921874999 0.910127096875 0.828508009375 0.8982231140625 0.83173558125 0.8820731640625 0.8413430828124999 0.8725197343750001 0.855697934375 0.8713119812500001 0.87874323125 0.8816631375 0.9051453265625 0.900218671875 0.9242745328125 0.9136417625 0.9293796453125
5 1 0.396765728125 0.9991595953125 0.39851238125 0.990210040625 0.401344584375 0.9623261640624999 0.42959430000000004 0.9317466624999999 0.45330110625 0.9214768125000001 0.46266656875 0.9221932328125 0.46765595624999995 0.989248690625 0.5129857328125 0.999772809375 0.517428009375 1 0.5130929531249999 1 0.41666522500000003 0.9992721390625 0.41502441718750005 1 0.4147940765625 1 0.396765728125
5 0.8869537859375001 0.37502537812500003 0.8881590578124999 0.37068690625 0.9467662171875 0.3159868953125 0.9450170609375 0.31204379531250004 0.9299023265624999 0.3018981875 0.8008663437499999 0.22636012499999997 0.7902539015625 0.22360313281250002 0.7847188734375 0.21726080312499998 0.761744834375 0.20780371562500002 0.7521338921875 0.2232559609375 0.7056607640625 0.27033881875 0.7034802671875 0.27462618125 0.7108794765625001 0.28271682187499997 0.8387939734375 0.37965408906250003 0.851184328125 0.3858054859375 0.8599325890625 0.3868141671875 0.8758524921875 0.38159624375 0.8869537859375001 0.37502537812500003
5 0.643533978125 0.261580846875 0.6572446281250001 0.2611989828125 0.6961460109375001 0.20931766875000002 0.6985853125 0.2000920296875 0.6218926375 0.15205637031250002 0.6047124312500001 0.1440033328125 0.6007827781249999 0.14434759218749998 0.59016785625 0.16029742656249998 0.581103278125 0.1653244171875 0.563259203125 0.1885982515625 0.5628278625 0.1968287140625 0.615053665625 0.2452327328125 0.6367936765625 0.25957698906250004 0.643533978125 0.261580846875
1 0.72308838125 0.14305449374999998 0.6640885609375 0.130608965625 0.6545088546875 0.12680568750000001 0.6470808906250001 0.11926374531249999 0.6466232749999999 0.1093360796875 0.6591311328125 0.0945858609375 0.6517894359375 0.08539782500000001 0.6694084250000001 0.0290999203125 0.616338703125 0.0054108796875 0.6005841609375 0.00458521875 0.55286045625 0.0884662453125 0.5531455359375 0.101686096875 0.5657059453125 0.123252134375 0.5722161984375 0.129645571875 0.5885649609375 0.1349040125 0.5945313296875 0.1330158765625 0.652155821875 0.134385234375 0.6665541375 0.1395414546875 0.7178959453125 0.1488346203125 0.72308838125 0.14305449374999998
1 1 0.053727135937500003 0.85986945625 0.020594685937500003 0.7708106640625 0.0176879671875 0.7425783765625 0.018849359375 0.73550681875 0.0343246453125 0.7566215374999999 0.0495164578125 0.7803068078125001 0.075406915625 0.9730636609375001 0.1304055703125 1 0.136286865625 1 0.053727135937500003
1 1 0.18816279687499998 0.9331548843749999 0.26476477656249997 1 0.30492463281250004 1 0.18816279687499998
1 1 0.132497665625 0.8835937749999999 0.10546912187499999 0.7880655171875001 0.07669385937499999 0.753362790625 0.05198665625 0.727051659375 0.0189159640625 0.6988643671875 0.0097358671875 0.6099874078124999 0.0050780234375 0.6300603921875 0.015593523437500001 0.7423443609375 0.0531698609375 0.7865041828125 0.0766120328125 0.7268179609375001 0.1403888890625 0.704825090625 0.171808403125 0.7429715765625 0.1905337953125 0.7866282874999999 0.193702075 0.8536942109375 0.22802830625 0.9150337859375 0.1625774453125 0.9395502234374999 0.14273444062500001 1 0.1329360734375 1 0.132497665625
1 0.7556983515625 0.09700575156249999 0.7756247562499999 0.075161540625 0.7591451046875 0.06109296875 0.7268749015625 0.049718157812500004 0.67155861875 0.0300929359375 0.6681707593749999 0.028628479687500003 0.649654775 0.08968758906249999 0.683716359375 0.0967546453125 0.7556983515625 0.09700575156249999