5 0 0.6484972671875 0.0029126218749999998 0.64808743125 0.001941746875 0.645355190625 0.0087378640625 0.6437158468749999 0.0058252421875 0.642076503125 0.0097087375 0.6398907109375 0.019417475 0.6398907109375 0.01553398125 0.636612021875 0.02038835 0.625683059375 0.026213592187500002 0.6234972671875 0.032038834375000005 0.62677595625 0.041747573437500005 0.6174863390625001 0.0582524265625 0.60874316875 0.062135921875 0.608196721875 0.06504854374999999 0.61256830625 0.072815534375 0.6131147546875 0.0864077671875 0.6076502734375 0.0932038828125 0.602732240625 0.1417475734375 0.5825136609375 0.14077669843750001 0.58032786875 0.1582524265625 0.5743169406249999 0.157281553125 0.570491803125 0.17961164999999998 0.5601092890625 0.192233009375 0.557923496875 0.233009709375 0.5371584703125001 0.227184465625 0.5245901640625 0.177669903125 0.4628415296875 0.1718446609375 0.457923496875 0.16310679687500002 0.457923496875 0.1388349515625 0.464480875 0.007766990625 0.5131147546875 0 0.5166767859375 0 0.6484972671875
5 0.31456310625 0.46775956250000006 0.32233009687499997 0.4693989078125 0.332038834375 0.46775956250000006 0.497087378125 0.378688525 0.497087378125 0.3655737703125 0.4737864078125 0.33770491874999997 0.4660194171875 0.32185792343749997 0.4582524265625 0.3163934421875 0.44174757343750004 0.3229508203125 0.43495145625 0.3229508203125 0.2563106796875 0.4021857921875 0.267961165625 0.4131147546875 0.3009708734375 0.45901639375 0.31456310625 0.46775956250000006
5 0.560194175 0.3612021859375 0.5766990296875 0.36229508125 0.5932038828125 0.354644809375 0.642718446875 0.3245901640625 0.6436893203125 0.3207650265625 0.6504854375 0.31967213125 0.667961165625 0.30546448125 0.6708737859375 0.2934426234375 0.6495145625000001 0.25683060156250004 0.6466019421875 0.254644809375 0.6310679609375 0.26010928906249997 0.5310679609375 0.3076502734375 0.5514563109374999 0.3459016390625 0.552427184375 0.3535519125 0.560194175 0.3612021859375
7 0.786998734375 1 0.7932038828125 0.986612021875 0.8038834953125 0.9715847 0.847572815625 0.8584699453125 0.8864077671875 0.7863387984375 0.892233009375 0.7655737703125001 0.8300970875000001 0.7568306015624999 0.801941746875 0.75519125625 0.798058253125 0.750819671875 0.7699029125 0.749180328125 0.733009709375 0.7415300546875 0.66504854375 0.7355191249999999 0.642718446875 0.731147540625 0.6213592234374999 0.7300546453125001 0.6135922328125 0.7273224046875 0.5359223296875 0.718579234375 0.4902912625 0.7158469953125 0.482524271875 0.7196721312500001 0.177716134375 1 0.786998734375 1
7 0.7941747578125 0.7327868859375 0.807766990625 0.7327868859375 0.82524271875 0.7382513656249999 0.847572815625 0.7393442625 0.85533980625 0.7420765031250001 0.8718446609375 0.7426229515625 0.8757281546875 0.74098360625 0.8834951453125001 0.7459016390625 0.8941747578125 0.7464480874999999 0.90485436875 0.74098360625 0.9213592234375 0.71420765 0.933009709375 0.6825136609375 0.9543689328125 0.6486338796875 0.967961165625 0.6092896171875 0.9912621359375 0.5666666671875 0.997087378125 0.5442622953125 0.9902912625000001 0.5404371578125 0.7912621359374999 0.5262295078125 0.71553398125 0.5234972671875 0.7038834953124999 0.5289617484375 0.636893203125 0.595628415625 0.6223300968750001 0.6049180328125 0.617475728125 0.61256830625 0.6058252421875 0.6202185796874999 0.5912621359375 0.6234972671875 0.592233009375 0.6322404374999999 0.560194175 0.668852459375 0.552427184375 0.672131146875 0.5388349515625 0.6841530046875001 0.5310679609375 0.6841530046875001 0.5242718453124999 0.6879781421875 0.5233009703125 0.702732240625 0.5281553390625 0.7021857921875 0.532038834375 0.70546448125 0.560194175 0.70546448125 0.572815534375 0.7092896171875 0.6087378640625001 0.70874316875 0.7941747578125 0.7327868859375
7 1 0.4081509453125 0.8300970875000001 0.40765027343750004 0.8184466015625 0.4120218578125 0.8106796109375001 0.4120218578125 0.7689320390625001 0.45573770468749997 0.7708737859375 0.461748634375 0.7660194171875 0.47267759531250003 0.763106796875 0.4748633875 0.7533980578125 0.4737704921875 0.7446601937499999 0.47978142031250004 0.7320388343750001 0.4967213109375 0.7349514562499999 0.50163934375 0.7233009703125 0.508196721875 0.72038835 0.5076502734375 0.71456310625 0.5180327874999999 0.719417475 0.521311475 0.7359223296875 0.5234972671875 0.8165048546874999 0.5300546453125 0.877669903125 0.5311475406249999 0.907766990625 0.5360655734375 0.99514563125 0.5398907109375 1 0.5368548875 1 0.4081509453125
7 1 0.33646299062499996 0.9436893203125001 0.3393442625 0.901941746875 0.343715846875 0.8961165046874999 0.3426229515625 0.8339805828125 0.40546448125 0.83495145625 0.407103825 0.9087378640624999 0.40874316874999994 1 0.40832892656249997 1 0.33646299062499996
7 1 0.292412778125 0.9504854375 0.29562841562500003 0.91553398125 0.3404371578125 1 0.3375928265625 1 0.292412778125
7 1 0.9872346140625 0.9524271843750001 0.9819672125000001 0.9339805828125 0.9765027328125001 0.9213592234375 0.9693989078125 0.9106796109375 0.9677595625000001 0.9009708734374999 0.961748634375 0.8563106796875 0.9513661203125 0.827184465625 0.9486338796875 0.8223300968749999 0.9502732234375 0.7984237578125 1 1 1 1 0.9872346140625
7 1 0.797235615625 0.9961165046874999 0.7967213109375 0.932038834375 0.7934426234374999 0.9213592234375 0.7950819671875 0.912621359375 0.792896175 0.9 0.8147540984375 0.8970873781250001 0.827595628125 0.8737864078124999 0.8672131140625 0.8543689328124999 0.87322404375 0.8563106796875 0.8770491796875 0.8339805828125 0.9387978140625 0.8466019421875 0.9437158468750001 0.8951456312499999 0.9502732234375 1 0.9636160609375001 1 0.797235615625
7 1 0.6864480875 0.96504854375 0.684699453125 0.9495145624999999 0.7060109296875 0.93495145625 0.734972678125 0.9135922328125 0.7415300546875 0.9135922328125 0.7464480874999999 0.92038835 0.75191256875 0.912621359375 0.76612021875 0.9087378640624999 0.7836065578125 0.9174757281250001 0.79125683125 0.9961165046874999 0.7907103828125 1 0.791031821875 1 0.6864480875
7 1 0.5909289625 0.987378640625 0.6207650265625 0.9796116500000001 0.6333333328124999 0.9747572812499999 0.635519125 0.972815534375 0.650819671875 0.9660194171875001 0.6601092890625 0.96504854375 0.6726775953125 0.9689320390624999 0.6748633875000001 1 0.675145425 1 0.5909289625
1 0 0.362922915625 0.027184465624999998 0.4049180328125 0.027184465624999998 0.4120218578125 0.042718446874999996 0.42622950781249996 0.0456310671875 0.43770491875 0.042718446874999996 0.4513661203125 0.0485436890625 0.45191256874999997 0.0611650484375 0.44808743125 0.13009708749999999 0.421311475 0.187378640625 0.4163934421875 0.19126213593750002 0.41420765 0.18640776718750002 0.41147540937500005 0.18640776718750002 0.40327868906250003 0.1941747578125 0.39672131093749996 0.2893203890625 0.35901639375 0.30485436875 0.3497267765625 0.266990290625 0.27322404375 0.2543689328125 0.26010928906249997 0.24271844687500002 0.25901639374999996 0.23495145625 0.245355190625 0.2485436890625 0.24153005468750002 0.32524271875 0.2322404375 0.3611650484375 0.22349726718750001 0.3902912625 0.22349726718750001 0.40970873750000003 0.215300546875 0.47087378593749996 0.201092896875 0.48834951406249993 0.1819672125 0.49126213593749996 0.1726775953125 0.48737864062499997 0.1666666671875 0.4495145625 0.1666666671875 0.36796116562500003 0.17158469999999998 0.277669903125 0.1868852453125 0.26504854375 0.1923497265625 0.2533980578125 0.1923497265625 0.2262135921875 0.2 0.1932038828125 0.20546448125 0.18932038906249998 0.208196721875 0.1533980578125 0.21256830624999998 0.1067961171875 0.2218579234375 0.082524271875 0.2300546453125 0.0912621359375 0.231147540625 0.117475728125 0.22732240468749998 0.1417475734375 0.2289617484375 0.1504854375 0.23715847031249998 0.14854368906249998 0.238251365625 0.1592233015625 0.238251365625 0.1660194171875 0.2459016390625 0.16116504843749999 0.25191256875 0.14854368906249998 0.2573770484375 0.14368932031249998 0.2748633875 0.13786407812499998 0.278688525 0.12524271874999998 0.28032786875000004 0.10970873750000001 0.2863387984375 0.0660194171875 0.2967213109375 0.052427184375000005 0.3032786890625 0.0281553390625 0.3065573765625 0 0.3167918953125 0 0.362922915625
1 0 0.3135070765625 0.057281553124999995 0.2994535515625 0.06504854374999999 0.2950819671875 0.13786407812499998 0.2737704921875 0.14563106718750002 0.2666666671875 0.1514563109375 0.2540983609375 0.16699029062499998 0.2469945359375 0.1592233015625 0.23333333281250002 0.14077669843750001 0.23606557343749998 0.13495145625 0.23387978125000003 0.12330097031250001 0.235519125 0.11456310624999999 0.23333333281250002 0.1116504859375 0.236612021875 0.041747573437500005 0.24808743125000002 0 0.25945707812499996 0 0.3135070765625
1 0.3456310671875 0.24371584687499998 0.35436893281250004 0.25191256875 0.37766990312500004 0.290163934375 0.36504854375 0.29562841562500003 0.3485436890625 0.29836065624999997 0.32912621406250003 0.2994535515625 0.319417475 0.2978142078125 0.3087378640625 0.30273224062500004 0.3097087375 0.3065573765625 0.3281553390625 0.3065573765625 0.3718446609375 0.30163934375 0.38543689375 0.3038251359375 0.3932038828125 0.3147540984375 0.397087378125 0.315300546875 0.432038834375 0.30273224062500004 0.48155339843749995 0.297267759375 0.4932038828125 0.29125683125 0.50485436875 0.28907103749999996 0.53495145625 0.277595628125 0.5485436890625001 0.2666666671875 0.5407766984375 0.2584699453125 0.5378640781249999 0.242076503125 0.522330096875 0.22021857968749997 0.51553398125 0.20218579218750002 0.5281553390625 0.19726775937500002 0.5359223296875 0.19726775937500002 0.5378640781249999 0.1748633875 0.5485436890625001 0.17322404375 0.5582524265625 0.1672131140625 0.5893203890625001 0.1601092890625 0.6262135921875001 0.157923496875 0.6281553390625 0.150819671875 0.6388349515625 0.14480874375 0.667961165625 0.1360655734375 0.6708737859375 0.1273224046875 0.6961165046875 0.1229508203125 0.6980582531249999 0.118579234375 0.6902912625 0.1158469953125 0.6893203890625 0.11092896249999999 0.663106796875 0.11092896249999999 0.6436893203125 0.12459016406250001 0.61456310625 0.125683059375 0.5980582531249999 0.1289617484375 0.4456310671875 0.164480875 0.4504854375 0.1672131140625 0.46407767031249997 0.16612021875 0.48155339843749995 0.175956284375 0.4757281546875 0.1978142078125 0.4291262140625 0.20491803281249998 0.4213592234375 0.202732240625 0.412621359375 0.20546448125 0.397087378125 0.21803278750000002 0.3883495140625 0.2158469953125 0.3757281546875 0.2174863390625 0.3737864078125 0.22131147499999998 0.3504854375 0.22459016406250001 0.32912621406250003 0.2306010921875 0.3262135921875 0.23387978125000003 0.3456310671875 0.24371584687499998
1 0.3640776703125 0.064480875 0.402912621875 0.068852459375 0.4106796109375 0.081420765625 0.4213592234375 0.12349726718750001 0.41456310625 0.12677595625 0.3893203890625 0.12459016406250001 0.387378640625 0.1273224046875 0.3932038828125 0.1306010921875 0.41553398125 0.13169398906250002 0.42427184531249995 0.134972678125 0.4300970875 0.1426229515625 0.432038834375 0.15519125625000002 0.43495145625 0.150819671875 0.4737864078125 0.15191256875 0.4737864078125 0.15573770468749998 0.4864077671875 0.1568306015625 0.5718446609375001 0.1322404375 0.5941747578125 0.12786885312500001 0.5932038828125 0.12513661250000002 0.602912621875 0.118579234375 0.61553398125 0.11530054687499999 0.617475728125 0.11256830625 0.6058252421875 0.0819672125 0.5941747578125 0.0693989078125 0.580582525 0.0628415296875 0.55533980625 0.05846994531250001 0.5184466015625 0.061748634375 0.49126213593749996 0.0683060109375 0.482524271875 0.060655737499999994 0.4864077671875 0.0535519125 0.51553398125 0.028415299999999998 0.5 0.0300546453125 0.4834951453125 0.038251365625 0.47475728124999994 0.0469945359375 0.46893203906250003 0.061748634375 0.4582524265625 0.0666666671875 0.4407766984375 0.061748634375 0.3737864078125 0.0535519125 0.26407767031249996 0.0415300546875 0.233009709375 0.0404371578125 0.24368932031249999 0.045355190625 0.3310679609375 0.054644809375000006 0.35533980625 0.05901639374999999 0.3640776703125 0.064480875
1 0.5291262140625 0.18743169375 0.5242718453124999 0.184699453125 0.507766990625 0.1841530046875 0.5291262140625 0.2092896171875 0.6038834953125 0.20437158437499997 0.6262135921875001 0.19726775937500002 0.6300970875 0.192896175 0.6310679609375 0.1808743171875 0.6242718453125 0.15191256875 0.5864077671875 0.1606557375 0.5757281546875 0.1601092890625 0.567961165625 0.1672131140625 0.5407766984375 0.1677595625 0.536893203125 0.18579235 0.5291262140625 0.18743169375
1 0.6058252421875 0.231147540625 0.6 0.2300546453125 0.587329275 0.2115124578125 0.5844660187499999 0.21366120156249999 0.5932038828125 0.22732240468749998 0.5786407765625 0.23442622968750002 0.5407766984375 0.2398907109375 0.539805825 0.2442622953125 0.5592233015625 0.24371584687499998 0.5815533984375 0.23934426250000002 0.6067961171875 0.2387978140625 0.6446601937499999 0.227868853125 0.6592233015625 0.23934426250000002 0.6864077671875 0.2387978140625 0.7097087375 0.2316939890625 0.7349514562499999 0.202732240625 0.7310679609374999 0.1770491796875 0.7077669906249999 0.12513661250000002 0.7116504859375 0.1191256828125 0.78446601875 0.1076502734375 0.8485436890625 0.0863387984375 0.8543689328124999 0.0770491796875 0.8640776703125 0.072131146875 0.8679611656249999 0.0726775953125 0.877669903125 0.06612021875 0.8786407765625001 0.057923496875 0.8611650484375 0.054644809375000006 0.8514563109375001 0.0535519125 0.78543689375 0.0612021859375 0.7815533984374999 0.063387978125 0.777669903125 0.062295081249999995 0.687378640625 0.0781420765625 0.6699029125 0.08579234999999999 0.6592233015625 0.0967213109375 0.6582524265624999 0.107103825 0.6689320390625 0.107103825 0.7 0.1147540984375 0.7 0.11748633906249999 0.6990291265625 0.12076502656250002 0.6718446609375001 0.1300546453125 0.667961165625 0.1360655734375 0.6456310671875001 0.142076503125 0.6291262140625 0.150819671875 0.6320388343750001 0.1836065578125 0.6281553390625 0.19726775937500002 0.6359223296875001 0.2109289625 0.6349514562499999 0.2218579234375 0.6262135921875001 0.22732240468749998 0.6058252421875 0.231147540625
1 0.33495145625 0.316939890625 0.3300970875 0.3076502734375 0.33495145625 0.30491803281249996 0.380582525 0.301092896875 0.397087378125 0.315300546875 0.43495145625 0.3021857921875 0.460194175 0.3005464484375 0.48446601874999995 0.29617486406250004 0.5310679609375 0.27923497343750003 0.5485436890625001 0.270491803125 0.5436893203125 0.2540983609375 0.5087378640625 0.1907103828125 0.497087378125 0.17868852500000001 0.49223300937500003 0.1781420765625 0.482524271875 0.183060109375 0.4737864078125 0.2 0.4495145625 0.20546448125 0.436893203125 0.20491803281249998 0.4310679609375 0.21038251406250003 0.42427184531249995 0.21147540937499998 0.4165048546875 0.2092896171875 0.397087378125 0.21857923437500001 0.3766990296875 0.2174863390625 0.32524271875 0.23387978125000003 0.3495145625 0.2469945359375 0.3786407765625 0.291803278125 0.37281553437500004 0.2950819671875 0.3310679609375 0.2994535515625 0.32427184531250003 0.297267759375 0.3203446765625 0.2934785484375 0.307766990625 0.3038251359375 0.31067961093749996 0.3076502734375 0.31456310625 0.30546448125 0.3233009703125 0.307103825 0.33495145625 0.316939890625
8 0.066990290625 0.9060109296875 0.07572815468750001 0.9300546453124999 0.087378640625 0.9442622953124999 0.10291262187500001 0.9524590156249999 0.11456310624999999 0.9508196718749999 0.133009709375 0.9404371578124999 0.147572815625 0.92677595625 0.15533980625 0.9103825140625 0.1563106796875 0.8841530046875 0.14563106718750002 0.872131146875 0.1262135921875 0.8622950812499999 0.1087378640625 0.8612021859375 0.0883495140625 0.865027321875 0.0766990296875 0.872131146875 0.066990290625 0.88743169375 0.066990290625 0.9060109296875
8 0.4213592234375 0.5781420765624999 0.387378640625 0.5792349734375 0.3708737859375 0.5830601093750001 0.3640776703125 0.5907103828125 0.3640776703125 0.6005464484374999 0.37281553437500004 0.6092896171875 0.407766990625 0.6158469953125 0.4291262140625 0.6136612015625 0.436893203125 0.5994535515625 0.43398058281249996 0.584699453125 0.4213592234375 0.5781420765624999
8 0.657281553125 0.5300546453125 0.6718446609375001 0.534972678125 0.6815533984375 0.524043715625 0.6834951453125 0.5065573765625 0.6699029125 0.4950819671875 0.6514563109375 0.4967213109375 0.6466019421875 0.49945355156250004 0.6456310671875001 0.5060109296874999 0.657281553125 0.5300546453125
8 0.7679611656249999 0.3513661203125 0.7737864078125 0.374316940625 0.777669903125 0.38032786875 0.7834951453125 0.3819672125 0.7941747578125 0.3754098359375 0.798058253125 0.3612021859375 0.7941747578125 0.35191256875 0.787378640625 0.3469945359375 0.777669903125 0.3459016390625 0.7679611656249999 0.3513661203125