7 0.7897654390625 0.9480805078125 0.681217421875 0.9521881515624999 0.6701345921875 0.9554041703125 0.658006534375 0.9565668125 0.6545418015625 0.962018771875 0.653966334375 0.9868197203125 0.6541178328125 0.9897104890625 0.65426933125 0.992601259375 0.79172115 0.985397715625 0.7897654390625 0.9480805078125
7 0.7265299296875 0.832810971875 0.7229274703125 0.8356349578125 0.6948760796875 0.83710506875 0.6884684796875 0.84007606875 0.6837106140625 0.8387443046874999 0.670647509375 0.83995595 0.6668246875 0.8385751812500001 0.65939940625 0.8400183999999999 0.6560999453125 0.8486239265625001 0.6555029015625 0.9445761453125 0.655668171875 0.9477297124999999 0.657648446875 0.9497340828124999 0.6726091890625 0.9489500234375001 0.6840225609374999 0.952041140625 0.7719169203125 0.94743479375 0.789572621875 0.9444013453125001 0.7931199906249999 0.94052616875 0.798092253125 0.8743858234375 0.8006219390625 0.8689828687500001 0.798585084375 0.8480080921875001 0.7959467078125 0.8692278859375 0.7928936609375 0.864644546875 0.79135261875 0.853130471875 0.7944592640625 0.8408457828125 0.7900029015625 0.827376340625 0.777985025 0.8306413625 0.7628865578124999 0.8287974484375 0.7451206765625 0.82972851875 0.7265299296875 0.832810971875
7 0.80713524375 0.8143565984375 0.8121060140624999 0.7302970359375001 0.8079251046874999 0.722083540625 0.8110042046875 0.7092732578125001 0.8061637015625 0.7063647078125 0.8040181562500001 0.7012067703125 0.782457 0.7012826671875 0.778937175 0.7056834375000001 0.7517932859374999 0.7065789515625001 0.73317499375 0.7091358078125001 0.673276934375 0.71122085625 0.668381340625 0.70726111875 0.6656588359375 0.7089849125 0.6610491374999999 0.8357156375000001 0.6610766828125 0.83624123125 0.6639369125 0.8371454093749999 0.6675944625 0.8353726109374999 0.6714448296875 0.8372789734375001 0.6798877921875001 0.8373635343749999 0.689210709375 0.836347903125 0.6983408125 0.8316531093749999 0.7031537703125 0.8340360640625001 0.706728684375 0.8306864828125 0.7096990953125 0.8336930390624999 0.714264146875 0.8313456406249999 0.7190495578125 0.8332030015624999 0.726254478125 0.8275550265625 0.7645913796875 0.8255458750000001 0.774107115625 0.8282094046875 0.7936879968749999 0.8261291375 0.797676090625 0.8306634734375 0.8013611859375 0.8294162703125 0.80713524375 0.8143565984375
7 0.8175160171875 0.636727771875 0.8155632890625 0.63524899375 0.8109156015625001 0.6360196078125 0.8098152828125 0.6329150453125 0.8116302859375001 0.6317658484375 0.8154531078125 0.6331466171875 0.8214750734375 0.6228172953125 0.8191076734375 0.595535384375 0.8240844109375001 0.583152690625 0.8203978234375 0.566480678125 0.8044194015624999 0.56573695625 0.7361610140625 0.5693142265625 0.6652076703125 0.5751408875 0.661005184375 0.6380786609375 0.6616156546874999 0.7033993890625 0.6617533796874999 0.7060273625 0.6646687015625 0.707982728125 0.7160962515625 0.7052875249999999 0.719671165625 0.70193794375 0.7234113515625 0.7017419281249999 0.7282793984375 0.7051760703125 0.738482275 0.703060246875 0.7469803265625 0.704195996875 0.7515178328125 0.70132300625 0.7908173265625 0.6997904453125 0.800250425 0.700877190625 0.8048154765625 0.6985297953125 0.8061897546875001 0.6889710874999999 0.8102329390625 0.6945566109375 0.8110287656249999 0.67396041875 0.8153183640625 0.666357078125 0.8163070093749999 0.6494400453125 0.8196891078125 0.642411303125 0.8175160171875 0.636727771875
7 0.8265850609375001 0.5593049234375 0.8346379140625 0.49827351249999996 0.833370834375 0.47409616562499995 0.8374125250000001 0.4617624734375 0.8419470484374999 0.42305105000000004 0.8415338703125 0.41516713281250006 0.83861855 0.413211765625 0.739448540625 0.41735496875000005 0.6806783453125 0.42307017656249996 0.6720545015625 0.562660184375 0.6722106015625 0.5656387281249999 0.6725227703125001 0.571595290625 0.6773081828125 0.57345265 0.8192424171875 0.562324925 0.8265850609375001 0.5593049234375
7 0.635937628125 0.8038282765625 0.6379729937499999 0.8068838359375 0.6417131781250001 0.806687821875 0.644738678125 0.810745565625 0.6514492749999999 0.8135561062500001 0.6545574125 0.8191906343750001 0.65736255 0.8190436234374999 0.6611823890624999 0.7845859609375 0.6626623734375 0.7233719796875 0.661946196875 0.7097065234375 0.6569955125 0.7046955968749999 0.6571042015625 0.6888787578125 0.6513837421875001 0.687070403125 0.6318304046875001 0.6896762640625 0.62921808125 0.6935024359375 0.6316725921875 0.7761187796875 0.6318378625000001 0.7792723453125 0.635937628125 0.8038282765625
7 0.71503209375 0 0.713102665625 0.0935532046875 0.7121951640625 0.09412780312499999 0.7160730765625 0.0965597609375 0.73293145625 0.0962032890625 0.8640032203124999 0.0924963359375 0.9078953109375 0.0891419734375 0.9116340046875001 0.07102674375 0.9157814 0.0070377796875 0.9176980640625001 0 0.71503209375 0
8 0.81429700625 0.951011165625 0.8175153234374999 0.9587480718749999 0.8242810109375001 0.9626098031250001 0.8289837875 0.9628903781249999 0.8363539781249999 0.9603959703125 0.835005753125 0.9525610578125001 0.8232342921875 0.9426372125 0.815781465625 0.9435548359375 0.8141041890625 0.9473320046874999 0.81429700625 0.951011165625
8 0.829221253125 0.8421862140625 0.8354099796875 0.8529296765625001 0.842148121875 0.8562658109375001 0.8496560390625 0.8563993765625 0.8532860421875 0.8541009828125 0.85397318125 0.849321628125 0.8409636765625 0.8336652484375 0.8333731249999999 0.8319549 0.8290284359375001 0.8385070515624999 0.829221253125 0.8421862140625
8 0.8628188796874999 0.7318555921875001 0.866999790625 0.740069090625 0.8727753406250001 0.742928634375 0.8812183031249999 0.743013196875 0.8904310390625 0.7398951859375 0.8900729515625001 0.7330624578125 0.8822620375 0.727147353125 0.8671635703125 0.7253034406250001 0.8627362453125 0.730278809375 0.8628188796874999 0.7318555921875001
8 0.851725609375 0.6096370953125 0.8645958953124999 0.6047462875 0.8661078984374999 0.59781555 0.8602497140625 0.593379221875 0.8443263812499999 0.593686690625 0.8391017359375 0.6013390375000001 0.83912928125 0.60186463125 0.844190146875 0.608977934375 0.851725609375 0.6096370953125
8 0.8893358906250001 0.46852797187500006 0.8876310703125 0.47177954531250005 0.8878055140625 0.475108134375 0.8901897921874999 0.48482139999999996 0.8969554796875 0.4886831296875 0.9073236250000001 0.489720871875 0.91650881875 0.4860772703125 0.9170306859374999 0.4781443484375 0.9101272734375 0.4716546453125 0.8967611718749999 0.467084753125 0.8893358906250001 0.46852797187500006
1 1 0.7523266765625001 0.998073046875 0.7542813546875 0.9914190328125001 0.77044121875 0.991556759375 0.7730691921874999 0.9947199859375001 0.779754909375 1 0.7835580359375001 1 0.7523266765625001
1 0.6584233890625 0.6782688609374999 0.6614704687499999 0.611175334375 0.6590770171875 0.601287046875 0.6516792812500001 0.603255859375 0.623655434375 0.6052515656249999 0.62186946875 0.624845571875 0.6218970140625 0.6253711671875 0.624812334375 0.6273265343750001 0.635074775 0.6800195484375 0.6437656453125 0.684834459375 0.6473130140625 0.680959284375 0.6511082890625 0.6818144578124999 0.6584233890625 0.6782688609374999
3 0.6190665156249999 0.3208914984375 0.6188736984375 0.3172123375 0.6123008296875 0.3170297703125 0.609385509375 0.3150744015625 0.6107508359375 0.1980003953125 0.5863019046875 0.19664651875 0.322453553125 0.207311996875 0.2699807765625 0.2079538265625 0.25130739375 0.20945949375 0.24861243437499997 0.211708884375 0.2487708203125 0.21473105312500002 0.2682082359375 0.38882078125 0.2643318171875 0.40430803906249996 0.2692825 0.409318965625 0.282245865625 0.5314394578125 0.3523467984375 0.5272385859375001 0.437243203125 0.5191000859375 0.44103847968750004 0.5199552609375 0.6016460953125 0.50732186875 0.6040105109375 0.49876534531249994 0.6059267421875 0.39220322812499997 0.6122241609375 0.3871298515625 0.619787165625 0.3883146046875 0.6223994890625 0.3844884328125 0.619429078125 0.381481878125 0.6120037984375 0.38292509531249996 0.607988159375 0.377865165625 0.608038775 0.3251587046875 0.6190665156249999 0.3208914984375