7 0.16560804843750002 0.221011821875 0.17562884843749998 0.21433067656250002 0.1831520828125 0.214962396875 0.180011040625 0.2099970296875 0.180210265625 0.202804615625 0.1703812484375 0.158175896875 0.1750162875 0.147673021875 0.1844088796875 0.139998803125 0.21035720468750002 0.12940494375 0.19956840468749998 0.015058779687500001 0.0626405203125 0.022234865625 0.063646890625 0.034494078125 0.086361434375 0.18207311875 0.0952483296875 0.18673735625000001 0.1097585703125 0.1777689375 0.1206756921875 0.17719679531250002 0.14317650625 0.1667836109375 0.148363040625 0.1777977546875 0.148286328125 0.1983217 0.156506659375 0.2122548390625 0.16560804843750002 0.221011821875
7 0.3326444859375 0.08811226562499999 0.35722915 0.0734858875 0.3522847515625 0.0070552546875 0.2585458515625 0.011967903125 0.26900327968750004 0.11607147031250001 0.2753773421875 0.11676341718750001 0.30628244375 0.101805796875 0.313407228125 0.116822346875 0.3175671046875 0.141228246875 0.327963265625 0.14170940468749998 0.33971036875 0.1368187796875 0.3322765703125 0.1250674125 0.3289441265625 0.09446217031250001 0.3326444859375 0.08811226562499999
7 0.5621021703125 0.2997540828125 0.5676335328125 0.2953602109375 0.5715953265625 0.0961093078125 0.56996355 0.086960859375 0.5585254625 0.08858629999999999 0.42155924999999994 0.1686101296875 0.41843347499999994 0.174929921875 0.41867850000000006 0.201592984375 0.4238106515625 0.36548342031250003 0.4283916890625 0.4309070984375 0.432521034375 0.43274268125 0.4606451890625 0.4086968390625 0.46478979843749996 0.4218175796875 0.45952655 0.43132738125000003 0.46157204375000005 0.43737616093750004 0.49043909531249996 0.4604872125 0.5266148890625 0.48013723906249994 0.5536587625 0.46845996718749994 0.57222945625 0.4490187875 0.583905125 0.4299389578125 0.5849317828125 0.41654720312500004 0.5752021859374999 0.40679714687499996 0.53103581875 0.3885918828125 0.5269373875000001 0.332376878125 0.5465269171875 0.33237623125 0.5521119031249999 0.32900554375 0.5640940421875 0.3047796734375 0.5621021703125 0.2997540828125
7 0.6848277656249999 0 0.6091887859375 0.043865303125 0.60798523125 0.1968018203125 0.6085289046875 0.25115112812499996 0.6133400796874999 0.25500297031249997 0.61829685625 0.2506392125 0.6255288859375 0.267702134375 0.6826578703124999 0.2913840328125 0.7057868921875 0.2819639234375 0.720963696875 0.26372660312499996 0.7220976 0.25238121874999997 0.7195847671875 0.24840892656250002 0.68279603125 0.23905098281249998 0.6794404968750001 0.2299928734375 0.678712865625 0.19412113749999999 0.686902665625 0.185483959375 0.6916602171874999 0.1883126140625 0.699742771875 0.1776290640625 0.706140684375 0.0028744 0.7056941703125 0 0.6848277656249999 0
7 0 0.5130929625 0.015324285937500001 0.8054977546875 0.0176226265625 0.8053773046874999 0.055085753125000005 0.7726340578124999 0.0690597625 0.7534337796874999 0.076008409375 0.7540956109375 0.09030415625 0.7410344484375 0.10647670625000001 0.76378479375 0.1087366921875 0.773926315625 0.1220363125 0.7968272265625 0.1236144671875 0.8049524890624999 0.12564469375 0.7997161078125 0.1423765625 0.8111511828125 0.14757836562499999 0.8334504859375 0.154059675 0.8361888046875 0.16463197031250001 0.8510246765625 0.17680551093750002 0.85243868125 0.18763065625 0.8611053265624999 0.19623417031249998 0.849368475 0.20797872812499998 0.8425969921875 0.2365165984375 0.8154514781250001 0.2653609421875 0.7831599234375 0.28745586093750003 0.7430141203125 0.2825757953125 0.7268539328125 0.23911435 0.6891177984375 0.255134234375 0.5990165562499999 0.2609720671875 0.5894766421875001 0.2605967078125 0.582314340625 0.2685336578125 0.579846390625 0.2723029078125 0.5858048296875 0.2897244296875 0.5664238734375 0.28204853124999996 0.45294056562499996 0.27094038593750003 0.35092309374999997 0.2664665953125 0.2875457875 0.260276490625 0.26837626718749996 0.2465400625 0.270122159375 0.1551884171875 0.3190275359375 0.122145840625 0.3371751640625 0.11286049375 0.3468957546875 0.0790288421875 0.3609807515625 0 0.40384405624999997 0 0.5130929625
2 0.4600001921875 0.7042175640624999 0.46316394375 0.7645855375 0.46728546406250004 0.799253409375 0.4942373578125 0.796814925 0.5124784906250001 0.8040669171875001 0.5114060328125001 0.7836031984375 0.50366830625 0.778878734375 0.5102646843749999 0.750831134375 0.5093530953125 0.733436971875 0.46380779843750003 0.6999140296874999 0.4600001921875 0.7042175640624999
1 1 0.8771245265625 0.9508026624999999 0.8344471265625 0.9193307984375 0.8166025687499999 0.88277964375 0.7897902390625 0.83588595 0.7635199375 0.811883696875 0.7452839140624999 0.797879153125 0.7419138750000001 0.7798830453125001 0.7613249453125001 0.7655414984375 0.74053063125 0.7602324515625 0.71618495625 0.76228576875 0.6894014453125 0.7609068390625 0.6740837671875 0.76620844375 0.65431199375 0.766446025 0.63685760625 0.772283859375 0.627317690625 0.77331051875 0.613925934375 0.7654119234375 0.6061319125 0.7592374656249999 0.5212978125000001 0.749967765625 0.4653538234375 0.7343392703125 0.4200030453125 0.7217751015625 0.40014158125000004 0.7076096921875 0.393701984375 0.6933523015625 0.3965011765625 0.6802057234375 0.4095021140625 0.6659252437500001 0.4338484375 0.648740921875 0.51272474375 0.646595625 0.5487470437499999 0.6421903437500001 0.5746278203124999 0.6350041125 0.591420375 0.6600162375 0.892778440625 0.670312596875 0.9353306734375 0.6819957078125001 0.9603682953125 0.6969654625 0.9821556796875001 0.69837945 0.9902895468749999 1 0.9744822828125 1 0.8771245265625
1 0.5130929640625 1 0.5786352453125 0.996565075 0.56750015625 0.9304588828125 0.5457199109374999 0.8556766140625 0.5351859703125 0.8305787671875 0.5258700921874999 0.817729040625 0.51378853125 0.80707625 0.5014541203125 0.8025926890624999 0.46927733437499997 0.8042790015625 0.450545771875 0.8206506265625 0.4376673109375 0.83876749375 0.40813331406250003 0.90187508125 0.3929486859375 0.9529446890625 0.3817020015625 0.9802100062499999 0.3786892609375 1 0.5130929640625 1
1 0.343852434375 0.1480586625 0.3373633015625 0.178152634375 0.3369648515625 0.1925374640625 0.33871131875 0.2478497328125 0.34604276875 0.2997913171875 0.353251709375 0.3384013703125 0.3587599828125 0.35555462968749996 0.36377038281249996 0.35221405781250004 0.370052465625 0.362144790625 0.37200598125 0.377432353125 0.3779127046875 0.380200784375 0.421481778125 0.343033553125 0.421320909375 0.3399639953125 0.4113384640625 0.3363831671875 0.409568909375 0.30261802968749996 0.4210069953125 0.3009925890625 0.42184225 0.2619609578125 0.41775164374999996 0.1729136625 0.409516046875 0.1476953671875 0.39930384375 0.1287366359375 0.3813155578125 0.11531541406250001 0.3591212171875 0.12058255468750001 0.343852434375 0.1480586625
1 0.18686771093750001 0.21989765 0.173682778125 0.2431605609375 0.16512506093749998 0.2887528875 0.1644737640625 0.3093069453125 0.16745393749999998 0.311202753125 0.25431614375 0.26458465000000003 0.26137203750000004 0.2672928578125 0.2672404046875 0.28032325937499997 0.27879280156249997 0.4018113796875 0.2801028390625 0.40482071093750005 0.2852204875 0.40352651093749997 0.2978997234375 0.3926020578125 0.295011528125 0.38146746249999997 0.2972946046875 0.3700618515625 0.2911354140625 0.2965129125 0.27978930625 0.288899565625 0.2689719859375 0.24740063124999997 0.25739612031250003 0.2244093828125 0.2397679296875 0.20686530468750003 0.22967823906249998 0.20123810468749997 0.212908015625 0.20006500312500003 0.198344153125 0.2080102375 0.18686771093750001 0.21989765
1 0.0425019171875 0.08177207187499999 0.0229123890625 0.08177271875 0.01513630625 0.087310228125 0.018691065625 0.0891759234375 0.02111191875 0.10238700468749999 0.01662248125 0.10467427656249999 0.015955917187499998 0.1139431765625 0.030511575000000003 0.21577997343750002 0.08454569843750001 0.1914022421875 0.074364409375 0.118064090625 0.064726790625 0.0990752484375 0.0425019171875 0.08177207187499999
8 0.20636564062499999 0.15218605000000002 0.2231358640625 0.15335915312499998 0.2316474015625 0.1508610890625 0.233156665625 0.1466780078125 0.2310575484375 0.13960604375000002 0.218508646875 0.1310297359375 0.21046445 0.1314513140625 0.202274653125 0.1400884953125 0.20207542812499998 0.147280909375 0.20636564062499999 0.15218605000000002
8 0.096910640625 0.218456121875 0.095225240625 0.2082844875 0.0824618484375 0.1956154375 0.07044917656250001 0.1972709921875 0.0628875859375 0.20690124375000002 0.0633701921875 0.2161099171875 0.06949140625 0.22297109218750003 0.088613596875 0.2250469296875 0.096910640625 0.218456121875
7 0 0.1985546453125 0.000817090625 0.1988682625 0.0078577171875 0.1902913078125 0.005620821874999999 0.15860265625 0.009734900000000001 0.149153078125 0.0223221578125 0.1474674140625 0.0170514640625 0.112859765625 0.0070232203125 0.07542346250000001 0.0060580078125 0.0570061140625 0.0013388125000000002 0.0439154859375 0 0.04398565 0 0.1985546453125