7 0.33690041718749997 0 0.37722665 0.226299675 0.3831666609375 0.25170364218749997 0.39361634843750004 0.270341346875 0.4004997484375 0.3173861171875 0.40970105781250005 0.3202025375 0.441753665625 0.32304944375 0.47852840625 0.33489708125 0.5443699796875 0.3471009484375 0.7308655374999999 0.3761319265625 0.744454528125 0.37450989375 0.7489032078125 0.3689075359375 0.7405874015625 0.3293738515625 0.73290999375 0.3173004890625 0.7335504687500001 0.3050794984375 0.759723028125 0.301199190625 0.8124036296874999 0.2870371046875 0.8542980234374999 0.28047944375 0.8864726265625 0.2809985421875 0.8960094234374999 0.277413490625 0.8951564921875 0.2738674890625 0.8828779125 0.27030624375 0.8809890609375 0.2667059515625 0.901525559375 0.25144281562500004 0.8974123687500001 0.2506437015625 0.8937566578125 0.24111530937499998 0.8747146000000001 0.2278628015625 0.8630154984375 0.2132444703125 0.8554905875 0.19826134687500002 0.85201890625 0.1654005859375 0.8480887062500001 0.1611097625 0.8486376859375 0.15063462656249998 0.8539087953125 0.1491602234375 0.8489426734375 0.14481510625 0.8505275734375 0.1343942625 0.8586634984374999 0.1178976890625 0.869449709375 0.11029326718750002 0.8707296234375 0.10569194062500001 0.8646055828125 0.1036203421875 0.8531189375 0.10476900468749999 0.8254529734375 0.1173243 0.7815161984375 0.1430320859375 0.734014171875 0.17730628125 0.699981215625 0.1726049375 0.6949540953125 0.169423725 0.6884956046874999 0.153912940625 0.68158170625 0.107450125 0.6718934515625 0.094104278125 0.6733563593749999 0.0860112421875 0.665983940625 0.068118359375 0.44711673437500005 0 0.33690041718749997 0
7 0.9007846484375 1 0.8956681484375 0.9776559875 0.8866803296875 0.970765903125 0.8895461812500001 0.9359030781250001 0.9534389421875 0.925829896875 0.9784191484375 0.9248801500000001 0.9899505812499999 0.7048472921875 0.9649369921875 0.7064340140625001 0.912530878125 0.7153585328125 0.8885521625000001 0.7170196140625 0.83559810625 0.7165786093750001 0.82124768125 0.7129087843749999 0.81536763125 0.7061815703125001 0.8078437578125 0.6713577921875 0.7989474359375001 0.6627218515625 0.80181225 0.64769968125 0.791119609375 0.6138769359375 0.784112140625 0.6088412875 0.6162926546875 0.600046240625 0.5995653953125 0.6020873546875001 0.46900863125000003 0.5958287140625 0.44423798124999997 0.5927798890625 0.431593415625 0.5962020671875 0.42891159375 0.6077325250000001 0.44243647656249996 0.6667963671875 0.44368381875 0.7024583062499999 0.4788937875 0.9225514015625 0.4937322 1 0.9007846484375 1
7 0 0.9744822828125 0.18984716562499998 0.9844317515625001 0.1953822921875 0.9806369828125 0.20967171874999999 0.9854707125 0.2283183296875 0.986447940625 0.229600315625 0.9421653031250001 0.2175373015625 0.89484908125 0.212449184375 0.8928317734375 0.1937720765625 0.892436496875 0.1790251671875 0.896332046875 0.1693358765625 0.9028268578124999 0.16832941562499998 0.9220312703125 0.144259203125 0.9254382078125 0.137394071875 0.9176865890625001 0.1352419234375 0.8992894171874999 0.13118972812500002 0.8973264000000001 0.1341765375 0.8799764218749999 0.129882425 0.8429877078124999 0.127902078125 0.8411332703125 0.10712262343750001 0.841211365625 0 0.8482740015625 0 0.9744822828125
7 0 0.7113010890625 0.011062517187499999 0.7118808515625 0.0444560359375 0.7089625296875 0.1192254671875 0.7093797281249999 0.122181778125 0.6926117015625 0.116119771875 0.6695355421875 0.119380034375 0.6667886546874999 0.11886259218749999 0.65684118125 0.1439382296875 0.6540704875000001 0.15100669687499998 0.6579422328125 0.1727915734375 0.6585003781250001 0.1918346671875 0.6519122296875001 0.1940600421875 0.6292703953125 0.1876635875 0.5927550515625 0.1957684953125 0.5867607593749999 0.2014965703125 0.586477403125 0.1921732640625 0.5859887890625 0.180260671875 0.575444121875 0.17297871250000002 0.575646040625 0.1570738859375 0.581815109375 0.1393412046875 0.583219978125 0.11444855937500001 0.5824989625 0.10832451875 0.5804273640625001 0.1071991734375 0.542437615625 0.102172053125 0.539256403125 0 0.53278358125 0 0.7113010890625
7 0.16220494375 0.3451625859375 0.158672265625 0.31346572968749997 0.149197503125 0.29604621875000003 0.12573622812500002 0.30765477343750003 0.118758221875 0.3218778296875 0.10426477812499998 0.3275373125 0.089416896875 0.32675916875 0.07957615 0.31632308125 0.0843298171875 0.30490120468750004 0.08085813750000001 0.2720404421875 0.01190879375 0.2596737078125 0.00411533125 0.4083818265625 0.017476598437499997 0.41110503437499996 0.09090511875 0.41728746250000004 0.09440937187500001 0.4098849578125 0.08859135625 0.3821531828125 0.1138194875 0.37647273124999997 0.11875511093749999 0.3813997984375 0.12289880312499998 0.381616959375 0.1420333921875 0.37328295625 0.158212709375 0.36187632187499996 0.16220494375 0.3451625859375
1 1 0.0748477421875 0.9949204328125001 0.0748532859375 0.9522036093749999 0.07728299375 0.9175301765625001 0.0848026421875 0.8823687640625 0.10163352031249999 0.8648790359375 0.11822343125000001 0.8579010296874999 0.13244648750000002 0.8537247656250001 0.172492590625 0.8557650765625 0.1930237796875 0.8631984906250001 0.20975275781249997 0.9173683531249999 0.26627830937499997 0.987748028125 0.310815275 1 0.3158773890625 1 0.0748477421875
1 0.161147853125 0.16712434062499998 0.1899086625 0.1931407421875 0.2406068421875 0.216805534375 0.2959366953125 0.2313762546875 0.3744228328125 0.240157940625 0.3767996671875 0.23444700156249998 0.3508478578125 0.09536905 0.32519378125 0.08935617500000001 0.2361044234375 0.08468719999999999 0.20475225 0.0882960546875 0.19104126562499998 0.0922458953125 0.16867691093749998 0.10274483593749999 0.1588351265625 0.11214940625 0.151948615625 0.12462660625 0.1499977296875 0.1420308734375 0.161147853125 0.16712434062499998
1 0.2192995796875 0.40534272031249996 0.2100362359375 0.423530859375 0.209943703125 0.445117371875 0.2192659703125 0.4654466421875 0.23495626875000003 0.4831918953125 0.2579895234375 0.49957132499999996 0.2761786515625 0.50927783125 0.3179805109375 0.52430668125 0.3871128453125 0.5331817062499999 0.49914499531249995 0.5361353109375 0.5025272546874999 0.5310606156250001 0.497530634375 0.5272974515625 0.5053310703125 0.5172023484375 0.50798239375 0.5062538437499999 0.48638362031250004 0.442682015625 0.48794009687499995 0.393161809375 0.48330946093750005 0.382415221875 0.48760564687499997 0.379722625 0.5164589890625 0.3841525140625 0.5403157125 0.38481924218749997 0.5456478203125 0.382180934375 0.5448863859374999 0.376889078125 0.5109449265625 0.37044187812499996 0.49537558437499996 0.3702094734375 0.402539021875 0.3577579609375 0.3934292078125 0.35319568437500004 0.372558259375 0.3550196359375 0.3734721859375 0.357401734375 0.359852696875 0.35960571875 0.34330843125 0.3581551203125 0.2867891265625 0.36628052499999997 0.269939871875 0.3706494453125 0.23581438281249997 0.3875346140625 0.2192995796875 0.40534272031249996
1 0.25943273125 0.8684507625 0.278139303125 0.888104740625 0.30321390312499996 0.9051747046875 0.3347175328125 0.9184967453124999 0.3603411109375 0.9250915734375 0.39336864375 0.929156675 0.43693839843750004 0.9302729671875 0.47663895 0.9259345328125 0.446363565625 0.7306091609375 0.4425858609375 0.7234085765625 0.434298478125 0.7229742531250001 0.4268945265625 0.7255039796875 0.418668140625 0.723905753125 0.373696478125 0.7297185921875 0.34529958125000004 0.736400078125 0.28996765625 0.7615106703125 0.25492720156250004 0.795854396875 0.24746121406250002 0.819388684375 0.25093289375 0.8522494453125 0.25943273125 0.8684507625
2 0.348640540625 0.3555168125 0.382186553125 0.34968872968750003 0.41954077031250003 0.35047928125 0.43599353750000003 0.3536757359375 0.4700275328125 0.338536421875 0.466066834375 0.33482755000000003 0.43023652031250004 0.32478005625 0.41378375156249997 0.321583603125 0.394040221875 0.3217159890625 0.37920492656250004 0.2678354265625 0.358486471875 0.2667496171875 0.349041171875 0.2685888109375 0.30379605781249996 0.2597985609375 0.292339909375 0.26036527187499997 0.241577621875 0.297386353125 0.2407236546875 0.313681009375 0.2446233546875 0.3185537859375 0.2420025296875 0.3289203390625 0.24870501093750003 0.3397755078125 0.2721957484375 0.3474256578125 0.348640540625 0.3555168125
2 0.34107268749999997 0.5792035203125 0.40328905156249995 0.581297040625 0.4107540015625 0.5776034109375 0.4167875828125 0.5615802078125001 0.45002860624999996 0.5615716453124999 0.4602963375 0.5638604046875 0.47486025468750004 0.5634565671875 0.477846028125 0.565947246875 0.49140452031250004 0.564907165625 0.4942987953125 0.5691436999999999 0.4965231359375 0.566342521875 0.5215072765625 0.565317684375 0.5321104953125 0.561204971875 0.528942765625 0.5423653484375001 0.523885146875 0.5397660890625 0.38705184843749996 0.5343456109375 0.2872078140625 0.51685845 0.2755381765625 0.5214988218750001 0.2709675015625 0.5294289875 0.27696747187500004 0.5735097062500001 0.28394444218750003 0.5791273078125 0.3057903171875 0.5785215499999999 0.3131942703125 0.5759918234375 0.34107268749999997 0.5792035203125
1 0 0.5321812625 0.081514596875 0.5370066921875 0.0841964171875 0.5254762328125 0.0784709359375 0.476157946875 0.0703055484375 0.473395815625 0.044437978125 0.47145660312500004 0.0080891859375 0.4713022953125 0.0008140046875 0.4713748921875 0 0.48690703125 0 0.5321812625