5 0.695222925 0.07284463906250001 0.6942188093749999 0.060577128125000004 0.6227786671875 0.02616414375 0.61702843125 0.0263649453125 0.5998820984375001 0.0464427890625 0.6052718578125 0.0524058625 0.68788775 0.09360508281249999 0.692380665625 0.09037254375 0.695222925 0.07284463906250001
5 0.965130240625 0.23463012343749998 0.9676149234375 0.20686255937500003 0.9638429640625 0.1977673453125 0.952559940625 0.1879092109375 0.9156898218749999 0.1707428796875 0.906230440625 0.2131070109375 0.94795105 0.2372804625 0.9548513328125001 0.2370395 0.9603512640625 0.229670934375 0.965130240625 0.23463012343749998
5 0.4535864328125 0.39089761093750003 0.4607041609375 0.38039690625 0.4898187140625 0.3568254796875 0.49467210625 0.3474290640625 0.49442180156250004 0.3402613015625 0.35212524218749996 0.22220464374999999 0.33505332656250003 0.22792688125 0.3026316625 0.25571465312499997 0.3029177234375 0.26390638125 0.31010406874999996 0.271857146875 0.44844697812499995 0.3921023 0.4535864328125 0.39089761093750003
5 0.266532759375 0.14522685156249998 0.1635107859375 0.0637316390625 0.11660626249999999 0.08894951875 0.1227498328125 0.10001234375000001 0.22418976562499998 0.1856636609375 0.2602761171875 0.16389920468750002 0.267250815625 0.14930263593749998 0.266532759375 0.14522685156249998
5 0.8572838296875 0.6084987078124999 0.8634302999999999 0.6031579953125 0.8681435625 0.573262178125 0.8645146328125 0.5682628296875001 0.6510668921875 0.407581378125 0.642298509375 0.40378671875 0.6297881234375 0.42472788437500003 0.6301457 0.43496754375 0.635571215625 0.441954584375 0.8473653984375 0.6047442078125 0.8572838296875 0.6084987078124999
8 0.6162465640625 0.3831669625 0.613803440625 0.379151421875 0.5760364796874999 0.35278947656250004 0.5697798359374999 0.3714618265625 0.5697054203125 0.38581743125 0.580484934375 0.3977435796875 0.59033185 0.3994501453125 0.6152037906250001 0.3862790234375 0.6162465640625 0.3831669625
8 0.30572712812499997 0.228950975 0.30946622968750004 0.22061868437499998 0.3086766609375 0.21449496875000001 0.2979686625 0.2046167546875 0.28176073125 0.202107103125 0.264867603125 0.212949171875 0.263175390625 0.2304369140625 0.27506919375 0.24129893593750001 0.2814302109375 0.24210201874999998 0.30572712812499997 0.228950975
8 0.1280738765625 0.0711204125 0.1305556578125 0.059756384375000006 0.12099770624999999 0.0498380078125 0.0995788046875 0.046485115625000004 0.08998219375 0.051946309375 0.08642187968750001 0.06539842812499999 0.09662637187499999 0.07734465625 0.1041374359375 0.078107578125 0.1280738765625 0.0711204125
8 0.5960057671875 0.017872142187500002 0.5870585953125 0.008957650000000001 0.5812726031250001 0.008134487499999999 0.5768154453125 0.012390993749999999 0.5767052734375 0.0257226328125 0.58274156875 0.0337135578125 0.5940274921875 0.02716815625 0.5960057671875 0.017872142187500002
7 0.8212027984375 0 0.8271652109375 0.0097998765625 0.8364013437500001 0.0105025578125 0.8476843671875001 0.02036069375 0.8551596734375 0.02009965 0.8703963453125001 0.027769290624999998 0.878875765625 0.039775759375000004 0.87880135 0.0541313640625 0.8934272406250001 0.060797118750000004 0.8974166484375001 0.059632590625 0.9016592593749999 0.049232289062500004 0.9119381656250001 0.046822910937500004 0.9278213781250001 0.056520404687500005 0.9379930109375 0.0510391296875 0.939321846875 0.05611879843749999 0.9451793546875 0.05898989375 0.9571475749999999 0.0554963109375 0.9628291953125 0.036844040625000005 0.9630108843749999 0.025560334375 0.968006571875 0 0.8212027984375 0
7 0.7073733421874999 0 0.707095475 0.0006650124999999999 0.6992867484375 0.05732450625 0.6960869093750001 0.06461275 0.6942845234374999 0.09543213125 0.6802877671875 0.1892154484375 0.6771594453125 0.1985516234375 0.6772280609375 0.2170030921875 0.6815392859375 0.22505425781250002 0.7457186703125 0.26587208125 0.7465439968750001 0.2730197640625 0.7256585624999999 0.3014298953125 0.7183949015625 0.3242382703125 0.7721881046875 0.3643935734375 0.7931750109375 0.37186241249999996 0.81783240625 0.3525474921875 0.8381785765625 0.3251814078125 0.877420303125 0.34431535 0.8845409328124999 0.3174111109375 0.887529125 0.2875755328125 0.8977780750000001 0.25133511875000003 0.9043623390625 0.2090713875 0.92918016875 0.0954311125 0.9287868343750001 0.0841674859375 0.919911178125 0.077300928125 0.748399253125 0 0.7073733421874999 0
7 0.49127244843750006 0 0.426291196875 0.0022691953125 0.424785996875 0.060758996875000006 0.4284506828125 0.0667823109375 0.4801969953125 0.0977821609375 0.487383340625 0.105732925 0.48594433125 0.11398489375000001 0.4700582203125 0.1206909359375 0.45614748125000004 0.134504503125 0.452408378125 0.1428367921875 0.46609876874999995 0.15568650312500001 0.5013510906249999 0.17598497500000002 0.5354591640625 0.16351653125 0.5518130265625001 0.1537185109375 0.5583914890624999 0.1442618546875 0.56475250625 0.1450649375 0.5766724156249999 0.0082951296875 0.5768839546875 0 0.49127244843750006 0
2 0.1761380984375 0.194518165625 0.184254140625 0.229092046875 0.190597753125 0.3283163484375 0.1974236203125 0.3424309890625 0.21822883750000002 0.361183534375 0.25100807812500003 0.3436354234375 0.2489698890625 0.2852693609375 0.24447987499999999 0.2720983640625 0.24537961875 0.2648904421875 0.23682868125 0.250836040625 0.23327706875 0.215077553125 0.23769846718749998 0.2097970796875 0.24344870312500003 0.2095962765625 0.25225284375 0.214414903125 0.2811141921875 0.20007925312500002 0.2818709046875 0.188775465625 0.2797882578125 0.178596046875 0.2756915765625 0.17668867500000002 0.230440609375 0.1997983828125 0.2289629421875 0.223429921875 0.22572734687499998 0.22969420000000002 0.21641969843750003 0.22694358593750003 0.186667309375 0.1992765515625 0.1761380984375 0.194518165625
2 0.345217209375 0.46952261875 0.342917115625 0.469602940625 0.34331045 0.4808665671875 0.348089425 0.48582575625 0.35146515 0.5000608765625 0.379528228125 0.5288121203125 0.3903464015625 0.5253586968749999 0.43556451249999995 0.4848214875 0.43657442968750004 0.46428192656249995 0.4320844140625 0.45111092968750005 0.43442316718749996 0.4356510375 0.42479369843750003 0.42368473125 0.35167004375 0.35754887968750004 0.33880498281250004 0.3518468484375 0.3394128625 0.369254271875 0.34544915781249996 0.377245196875 0.34830977343749997 0.459162478125 0.345217209375 0.46952261875
2 0.603818296875 0.752678259375 0.6121189296875 0.759564896875 0.619451203125 0.755207990625 0.67236786875 0.6713429234375 0.6846782109375 0.5622402796875 0.684788384375 0.548908640625 0.6829560406249999 0.545896984375 0.59405645 0.47313553906249994 0.5894205046875001 0.4722722140625 0.5732811890625 0.4882140328125 0.5669172703124999 0.5038144859375 0.55764923125 0.6835507046875 0.5595501890625 0.7050138296874999 0.603818296875 0.752678259375
1 0.5087275359375 1 0.6513946890625 0.9950179531250001 0.6333213328125 0.9710439359375 0.618516653125 0.9592583515625 0.56055815625 0.898744209375 0.503675290625 0.8525455109375001 0.48175288125 0.8512606296874999 0.46823837968750004 0.859934284375 0.443902803125 0.8884648984375 0.4119073328125 0.9449437984375001 0.40299301718749997 0.953456809375 0.3842375890625 0.9274561828125 0.35376714531250003 0.8957133640625001 0.31761798125 0.8662192781250001 0.2978883953125 0.8617821781250001 0.27833759687500004 0.8624649062499999 0.269316009375 0.8679060203125 0.2534627546875 0.8920395671874999 0.2470988375 0.9076400203125001 0.24422082031249998 0.9241439578125 0.24486155781250002 0.95897888125 0.24819862499999998 0.9885935765625 0.2512911515625 1 0.5087275359375 1
1 0 0.5087275453125 0.001672525 0.5566224015625 0.0039992296875 0.5573041015625 0.033644346874999995 0.5818992390625 0.048913875 0.6069963828125 0.06023265625 0.6178784828125 0.082041990625 0.6488985406250001 0.09752896718750001 0.66373594375 0.11203598125 0.7329439468750001 0.1190406359375 0.75217841875 0.13287405624999998 0.76912399375 0.14678189375 0.7717139656249999 0.1569892859375 0.7672566578125 0.16187553593749998 0.77528774375 0.15553867500000002 0.8411227718750001 0.16656849375 0.8602166828125 0.1698040875 0.853952403125 0.17438012187500002 0.7871536515625001 0.178336671875 0.7685616203125 0.19379659062500001 0.7331644484375001 0.26457474062499997 0.649700859375 0.27179974218749997 0.642272053125 0.28035357968749997 0.63992291875 0.2870364140625 0.6499416953125 0.2907697171875 0.674416478125 0.292885221875 0.7020234000000001 0.2868460234375 0.7104360109375001 0.290942703125 0.71234338125 0.29679731249999997 0.7316180125 0.3051220984375 0.8051427625 0.3079527578125 0.8532290046875 0.31283900625 0.861260090625 0.3195605 0.8558992968749999 0.301444859375 0.666867190625 0.29724380781250004 0.6454843859375 0.28804633125 0.629402134375 0.2877245125 0.6201864406250001 0.294770725 0.6076378046875 0.302898371875 0.576597540625 0.3045548265625 0.5580858296875 0.3010360703125 0.53975484375 0.29356366562499997 0.52361235 0.258350003125 0.48793430937500004 0.22155430156249997 0.4564123734375 0.2063176296875 0.44874273281250004 0.193020575 0.4471566453125 0.17023417968750001 0.45410365468749997 0.1001798859375 0.5088359515625 0.0944654078125 0.5100607203124999 0.0757515390625 0.4522769859375 0.0652609859375 0.43213903125 0.060627940625 0.4148721703125 0.0424504375 0.372447925 0.013922509375 0.330385125 0.0016682296874999999 0.3256869796875 0 0.323294628125 0 0.5087275453125
1 0.065514190625 0.42290325624999997 0.0707580171875 0.4411740015625 0.0768658296875 0.451212859375 0.09288627031249999 0.497813290625 0.1337902546875 0.46562844999999997 0.14766233281250002 0.46719445625 0.1527302703125 0.4639418359375 0.1531622640625 0.459825890625 0.148922553125 0.45382265781250003 0.160822159375 0.43187760468749997 0.1648173671875 0.3979060046875 0.16377749375 0.3846145265625 0.15382620625 0.363432525 0.13043483281249998 0.336568571875 0.0827136828125 0.30542816093749997 0.052848220312500006 0.30749630156249996 0.01564758125 0.330324884375 0.043025460937499996 0.37242784375000004 0.065514190625 0.42290325624999997