7 0.24479166718749998 0.696296296875 0.246875 0.7787037031249999 0.32083333281250004 0.7796296296875 0.31875 0.6990740734374999 0.24479166718749998 0.696296296875
7 0.42395833281249995 0.7861111109375 0.4296875 0.7805555562500001 0.43385416718750003 0.727777778125 0.428125 0.702777778125 0.36666666718749996 0.7 0.353125 0.703703703125 0.35104166718749996 0.7148148140624999 0.3578125 0.7768518515625 0.4078125 0.7861111109375 0.42395833281249995 0.7861111109375
7 0.5338541671875 0.702777778125 0.4557291671875 0.702777778125 0.45625 0.784259259375 0.5354166671875 0.7861111109375 0.5359375 0.73055555625 0.5338541671875 0.702777778125
7 0.6484375 0.7074074078125 0.5947916671875 0.703703703125 0.5677083328125 0.70648148125 0.5666666671875 0.7879629625 0.5786458328124999 0.7925925921875 0.6494791671875 0.790740740625 0.6484375 0.7074074078125
7 0.7083333328125 0.79351851875 0.7166666671875 0.7981481484375 0.7197916671875 0.821296296875 0.7265625 0.8175925921875 0.7270833328124999 0.797222221875 0.7604166671875 0.7953703703125 0.7625 0.790740740625 0.7614583328125 0.7083333328125 0.7583333328124999 0.70555555625 0.68125 0.703703703125 0.6765625 0.7194444437499999 0.6682291671875 0.7324074078125 0.6645833328124999 0.7481481484375 0.6635416671875001 0.7675925921875 0.6572916671875 0.790740740625 0.6723958328124999 0.79444444375 0.7083333328125 0.79351851875
7 0.8682291671875 0.6898148140625 0.8729166671874999 0.696296296875 0.8786458328125001 0.6648148140625 0.878125 0.6416666671875 0.865625 0.6388888890625 0.821875 0.6416666671875 0.821875 0.6944444437499999 0.8416666671874999 0.696296296875 0.8489583328125001 0.690740740625 0.8682291671875 0.6898148140625
7 0.9046875 0.696296296875 0.9057291671875 0.6861111109375 0.9119791671874999 0.66944444375 0.9494791671874999 0.6675925921875 0.9484375 0.6388888890625 0.89375 0.6398148140625 0.8927083328125001 0.6759259265625001 0.8958333328125001 0.6888888890625 0.9010416671874999 0.6972222218749999 0.9046875 0.696296296875
7 0.9177083328125001 0.734259259375 0.9260416671874999 0.7351851859375 0.9302083328125 0.747222221875 0.9354166671874999 0.7490740734375 0.95625 0.7324074078125 0.96875 0.728703703125 0.9703125 0.7185185187500001 0.9744791671874999 0.715740740625 0.9791666671874999 0.6851851859375 0.9786458328125001 0.675 0.9744791671874999 0.672222221875 0.9234375 0.6703703703125 0.9078125 0.671296296875 0.9057291671875 0.675 0.9057291671875 0.709259259375 0.909375 0.7361111109375 0.9166666671874999 0.7398148140624999 0.9177083328125001 0.734259259375
7 0.8932291671874999 0.9416666671874999 0.8963541671874999 0.877777778125 0.8963541671874999 0.8203703703125 0.8932291671874999 0.80648148125 0.7630208328125 0.7981481484375 0.759375 0.8148148140625 0.7609375 0.8759259265624999 0.7578125 0.91944444375 0.7604166671875 0.9305555562500001 0.8932291671874999 0.9416666671874999
7 0.7151041671875 0.83055555625 0.7130208328125 0.7981481484375 0.590625 0.796296296875 0.5885416671875 0.8018518515625 0.5875 0.9083333328125001 0.5932291671875001 0.9240740734375 0.7125 0.928703703125 0.7151041671875 0.83055555625
7 0.5442708328125 0.9166666671874999 0.546875 0.8675925921875001 0.54375 0.7925925921875 0.484375 0.7879629625 0.43854166718750004 0.7879629625 0.4244791671875 0.7916666671875 0.4270833328125 0.915740740625 0.528125 0.9203703703125001 0.5416666671875 0.9203703703125001 0.5442708328125 0.9166666671874999
7 0.378125 0.9175925921875001 0.3786458328125 0.8018518515625 0.3739583328125 0.790740740625 0.3244791671875 0.7870370375 0.2625 0.7898148140625 0.2578125 0.7981481484375 0.2614583328125 0.8675925921875001 0.2604166671875 0.9046296296874999 0.2625 0.9166666671874999 0.378125 0.9175925921875001
7 0.225 0.7898148140625 0.1208333328125 0.7861111109375 0.10833333281249999 0.7888888890625 0.1135416671875 0.9101851859375 0.2203125 0.9138888890624999 0.22760416718749998 0.9111111109375001 0.225 0.7898148140625
8 0.6015625 0.9425925921875 0.6015625 0.9361111109375001 0.5958333328125 0.9268518515625 0.5875 0.91944444375 0.5817708328125 0.9231481484374999 0.5802083328125 0.9361111109375001 0.5854166671875001 0.9425925921875 0.5916666671875 0.946296296875 0.6015625 0.9425925921875
8 0.44739583281249995 0.91944444375 0.4479166671875 0.9305555562500001 0.4578125 0.9305555562500001 0.45729166718750003 0.91944444375 0.44739583281249995 0.91944444375
8 0.8885416671874999 0.7490740734375 0.8807291671874999 0.746296296875 0.8765625 0.75 0.8776041671874999 0.75648148125 0.8927083328125001 0.759259259375 0.8927083328125001 0.7546296296875 0.8885416671874999 0.7490740734375
8 0.990625 0.7509259265625 0.9875 0.747222221875 0.9807291671874999 0.747222221875 0.978125 0.7518518515625 0.9822916671874999 0.7601851859375001 0.990625 0.7583333328124999 0.990625 0.7509259265625
8 0.5713541671875 0.790740740625 0.5671875 0.7888888890625 0.5630208328124999 0.79351851875 0.5625 0.8018518515625 0.5645833328125 0.80648148125 0.5739583328125 0.8055555562500001 0.5713541671875 0.790740740625
0 0.3307291671875 0.31851851875000003 0.3359375 0.322222221875 0.3583333328125 0.321296296875 0.3895833328125 0.3138888890625 0.4036458328125 0.3166666671875 0.4145833328125 0.3101851859375 0.41197916718750005 0.2824074078125 0.3729166671875 0.21851851875 0.340625 0.1740740734375 0.3135416671875 0.1740740734375 0.2953125 0.1898148140625 0.2677083328125 0.1916666671875 0.25729166718749996 0.197222221875 0.2541666671875 0.2203703703125 0.25833333281250004 0.246296296875 0.2625 0.25555555625 0.3307291671875 0.31851851875000003
0 0.1416666671875 0 0.14010416718750002 0.00648148125 0.1348958328125 0.0111111109375 0.1130208328125 0.0083333328125 0.0317708328125 0.0111111109375 0.017708332812499998 0.013888889062500001 0.0817708328125 0.0824074078125 0.0916666671875 0.0916666671875 0.0979166671875 0.0925925921875 0.171875 0.171296296875 0.196875 0.1925925921875 0.2958333328125 0.1879629625 0.3046875 0.184259259375 0.3104166671875 0.172222221875 0.3109375 0.1574074078125 0.30520833281250004 0.14351851875 0.2786458328125 0.10185185156250001 0.2671875 0.09074074062500001 0.2640625 0.07962962968750001 0.2390625 0.04351851875 0.21770833281250002 0 0.1416666671875 0
6 0.36875 0.08333333281250001 0.384375 0.10648148125000001 0.3916666671875 0.1074074078125 0.39114583281250004 0.0925925921875 0.3546875 0.0074074078125 0.3401041671875 0 0.3375 0.00555555625 0.34375 0.028703703125 0.3427083328125 0.0324074078125 0.36875 0.08333333281250001
6 0.665625 0.1268518515625 0.6572916671875 0.1166666671875 0.68125 0.002777778125 0.6770833328125 0 0.6692708328125 0.004629629687499999 0.64375 0.1203703703125 0.64375 0.13055555624999998 0.6541666671875 0.1416666671875 0.6635416671875001 0.134259259375 0.665625 0.1268518515625
6 0.9994791671875 0.04351851875 0.9546875 0.0925925921875 0.9520833328125 0.1074074078125 0.959375 0.109259259375 0.9994791671875 0.07962962968750001 0.9994791671875 0.04351851875
1 0.9494791671874999 0.8481481484375 0.9578125 0.834259259375 0.9578125 0.828703703125 0.9875 0.821296296875 0.9911458328125 0.80648148125 0.9911458328125 0.797222221875 0.984375 0.7675925921875 0.975 0.753703703125 0.9604166671875 0.7416666671875001 0.9552083328125001 0.740740740625 0.9354166671874999 0.752777778125 0.9276041671874999 0.7666666671875 0.9255208328125001 0.7768518515625 0.9239583328125001 0.8074074078125 0.9265625 0.8351851859374999 0.9348958328125001 0.85 0.9494791671874999 0.8481481484375
1 0.9630208328125001 0.9370370375 0.965625 0.9277777781250001 0.9666666671874999 0.897222221875 0.965625 0.840740740625 0.9546875 0.840740740625 0.953125 0.8462962968750001 0.9380208328125 0.853703703125 0.93125 0.8759259265624999 0.9328125 0.8916666671875 0.9588541671874999 0.9370370375 0.9630208328125001 0.9370370375
1 0.7588541671875 0.8148148140625 0.7427083328124999 0.8120370375 0.734375 0.815740740625 0.7234375 0.827777778125 0.7161458328125 0.8481481484375 0.7166666671875 0.922222221875 0.7572916671875001 0.925 0.7609375 0.8731481484374999 0.7588541671875 0.8148148140625
1 0.4166666671875 0.8222222218749999 0.4078125 0.80648148125 0.396875 0.8 0.38125 0.8009259265625 0.3776041671875 0.8111111109375001 0.3791666671875 0.909259259375 0.4234375 0.9111111109375001 0.4234375 0.840740740625 0.4166666671875 0.8222222218749999
1 0.25729166718749996 0.8027777781250001 0.2453125 0.8009259265625 0.2364583328125 0.8046296296875 0.228125 0.8138888890624999 0.2265625 0.821296296875 0.2260416671875 0.86851851875 0.22916666718749998 0.9064814812499999 0.2609375 0.9074074078125 0.25729166718749996 0.8027777781250001
1 0.3614583328125 0.7814814812499999 0.3546875 0.7634259265625001 0.353125 0.7231481484375 0.3494791671875 0.709259259375 0.3427083328125 0.7120370375 0.32864583281250004 0.727777778125 0.3265625 0.746296296875 0.3260416671875 0.7824074078125001 0.32760416718749996 0.784259259375 0.3692708328125 0.7824074078125001 0.3614583328125 0.7814814812499999
1 0.9036458328125001 0.7120370375 0.8890625 0.6981481484375001 0.871875 0.7046296296875 0.8640625 0.7185185187500001 0.8604166671875 0.73148148125 0.8619791671874999 0.7490740734375 0.9 0.7481481484375 0.9046875 0.74444444375 0.9036458328125001 0.7120370375