2 0.5890625 0.41015625 0.0796875 0.20625
7 0.6828125 0.72109375 0.14375 0.2734375
7 0.53203125 0.81328125 0.1203125 0.234375
7 0.3921875 0.9015625 0.090625 0.19375
7 0.90234375 0.59296875 0.1953125 0.3296875
7 0.47890625 0.1109375 0.2828125 0.221875
7 0.20234375 0.29453125 0.178125 0.4125
7 0.046875 0.5671875 0.09375 0.390625
1 0.221875 0.671875 0.1203125 0.303125
1 0.30625 0.56953125 0.121875 0.290625
1 0.44140625 0.4328125 0.1484375 0.3234375
1 0.74453125 0.209375 0.2390625 0.41875
1 0.78359375 0.72734375 0.059375 0.1828125
1 0.603125 0.82734375 0.0328125 0.15
1 0.7265625 0.8375 0.05625 0.0734375