7 0 0.43518518593750005 0.0645833328125 0.41851851875 0.06875 0.4138888890625 0.128125 0.397222221875 0.1369791671875 0.3916666671875 0.121875 0.2601851859375 0.1088541671875 0.25833333281250004 0.071875 0.26574074062499997 0 0.28055555625 0 0.43518518593750005
7 0.1776041671875 0.3888888890625 0.1979166671875 0.3768518515625 0.2192708328125 0.3703703703125 0.2322916671875 0.371296296875 0.23854166718749997 0.3638888890625 0.2640625 0.3574074078125 0.2666666671875 0.353703703125 0.2609375 0.2370370375 0.2588541671875 0.23148148124999998 0.1765625 0.24722222187499998 0.1421875 0.25555555625 0.13333333281249998 0.2611111109375 0.1338541671875 0.2870370375 0.1416666671875 0.3638888890625 0.1463541671875 0.3898148140625 0.1776041671875 0.3888888890625
7 0.5416666671875 0.2666666671875 0.5401041671875 0.17314814843749998 0.5380208328125 0.1675925921875 0.45885416718750005 0.1879629625 0.4583333328125 0.22870370312500002 0.4625 0.29907407343750003 0.46666666718750005 0.3 0.5416666671875 0.2666666671875
7 0.590625 0.2509259265625 0.6151041671875 0.24351851875000002 0.6130208328125 0.2166666671875 0.615625 0.1601851859375 0.6130208328125 0.147222221875 0.5760416671875 0.15370370312499998 0.5442708328125 0.1629629625 0.5385416671875001 0.1675925921875 0.5411458328125 0.2629629625 0.5432291671875 0.2675925921875 0.5692708328125 0.2629629625 0.590625 0.2509259265625
7 0.6265625 0.23611111093749998 0.6463541671875 0.234259259375 0.6796875 0.2203703703125 0.6817708328125 0.2101851859375 0.684375 0.13055555624999998 0.6765625 0.1296296296875 0.6182291671875 0.1453703703125 0.6161458328125 0.1490740734375 0.6145833328125 0.1888888890625 0.6140625 0.23333333281250002 0.6182291671875 0.24259259218749998 0.6229166671875 0.24259259218749998 0.6265625 0.23611111093749998
7 0.7557291671875 0.197222221875 0.7510416671875 0.190740740625 0.7515625 0.1148148140625 0.7463541671875 0.1120370375 0.6885416671875 0.125 0.6854166671875 0.13333333281249998 0.6833333328125 0.17314814843749998 0.6838541671875 0.2203703703125 0.6880208328124999 0.22314814843750003 0.7489583328125 0.2046296296875 0.7557291671875 0.197222221875
7 0.75 0.2009259265625 0.7635416671875 0.2 0.7994791671875 0.1851851859375 0.8083333328125001 0.1175925921875 0.8083333328125001 0.0990740734375 0.7614583328125 0.10833333281249999 0.7484375 0.1148148140625 0.75 0.146296296875 0.746875 0.1740740734375 0.7479166671875 0.197222221875 0.75 0.2009259265625
7 0.615625 0.43055555625 0.6572916671875 0.41851851875 0.6640625 0.41018518593750003 0.7088541671875 0.38703703749999996 0.715625 0.3759259265625 0.7182291671875001 0.328703703125 0.7171875 0.30648148124999997 0.7135416671875 0.29351851875 0.7145833328125 0.2675925921875 0.7114583328124999 0.2518518515625 0.6979166671875 0.253703703125 0.6796875 0.2629629625 0.665625 0.26574074062499997 0.6427083328125 0.27870370312500004 0.6182291671875 0.2851851859375 0.615625 0.28796296250000003 0.6130208328125 0.3101851859375 0.6161458328125 0.35648148125 0.615625 0.39953703749999997 0.6114583328125 0.427777778125 0.615625 0.43055555625
7 0.7328125 0.377777778125 0.7875 0.353703703125 0.8015625 0.34444444375 0.80625 0.2638888890625 0.8067708328125001 0.23148148124999998 0.8036458328125 0.21944444375 0.7921875 0.21851851875 0.7203125 0.24259259218749998 0.715625 0.2518518515625 0.7171875 0.25740740781250004 0.7151041671875 0.2648148140625 0.7182291671875001 0.3324074078125 0.7145833328125 0.36944444375 0.7171875 0.378703703125 0.7328125 0.377777778125
7 0.8265625 0.3453703703125 0.8296875 0.3333333328125 0.8713541671874999 0.30648148124999997 0.8713541671874999 0.2833333328125 0.875 0.2638888890625 0.8796875 0.1925925921875 0.8776041671874999 0.1888888890625 0.8734375 0.1898148140625 0.8151041671874999 0.2175925921875 0.8119791671875 0.222222221875 0.8088541671874999 0.24722222187499998 0.8020833328125001 0.3453703703125 0.8260416671874999 0.35648148125 0.828125 0.353703703125 0.8265625 0.3453703703125
7 0.8958333328125001 0.2925925921875 0.928125 0.272222221875 0.9380208328125 0.1768518515625 0.9375 0.16388888906250001 0.9083333328125001 0.17314814843749998 0.8791666671874999 0.1888888890625 0.878125 0.2259259265625 0.871875 0.2833333328125 0.8729166671874999 0.29907407343750003 0.8958333328125001 0.2925925921875
7 0.9510416671874999 0.2824074078125 0.9541666671875 0.27870370312500004 0.9536458328125 0.26944444375 0.9583333328125001 0.26203703749999996 0.9875 0.2453703703125 0.996875 0.1416666671875 0.9875 0.1416666671875 0.9494791671874999 0.15925925937500002 0.9458333328125 0.18055555625 0.9411458328125001 0.24907407343750002 0.9380208328125 0.26851851875 0.9395833328125001 0.27870370312500004 0.9510416671874999 0.2824074078125
7 0.6697916671875 0.8416666671874999 0.6692708328125 0.6046296296875 0.6614583328125 0.603703703125 0.6036458328125 0.6379629625 0.49791666718750005 0.7138888890625 0.4604166671875 0.74444444375 0.45729166718750003 0.7629629625 0.4578125 0.8194444437499999 0.4703125 0.9990740734375001 0.5015625 0.9990740734375001 0.6697916671875 0.8416666671874999
7 0.4479166671875 0.9203703703125001 0.44114583281249997 0.777777778125 0.43854166718750004 0.7648148140625 0.43541666718750005 0.7611111109375 0.43072916718750004 0.7620370375000001 0.40989583281249997 0.7768518515625 0.403125 0.777777778125 0.3098958328125 0.840740740625 0.3010416671875 0.8518518515625001 0.28854166718749996 0.85648148125 0.2880208328125 0.8629629624999999 0.2734375 0.872222221875 0.2703125 0.877777778125 0.2286458328125 0.9046296296874999 0.2260416671875 0.909259259375 0.1651041671875 0.9509259265625 0.1578125 0.959259259375 0.15 0.9611111109375001 0.1119791671875 0.99351851875 0.11145833281249999 0.9990740734375001 0.45416666718750004 0.9990740734375001 0.45208333281249996 0.95555555625 0.4479166671875 0.9203703703125001
7 0.2770833328125 0.5888888890625 0.2947916671875 0.5870370375 0.3484375 0.5638888890625 0.359375 0.5574074078125 0.36666666718749996 0.547222221875 0.3770833328125 0.5490740734374999 0.4125 0.5324074078125001 0.41197916718750005 0.475 0.4067708328125 0.36944444375 0.2869791671875 0.4046296296875 0.24114583281250002 0.42222222187499997 0.2526041671875 0.5731481484375001 0.25729166718749996 0.6 0.2713541671875 0.5962962968750001 0.2770833328125 0.5888888890625
7 0.052604167187499995 0.6972222218749999 0.1338541671875 0.6583333328125 0.1552083328125 0.6537037031249999 0.1677083328125 0.64351851875 0.2203125 0.622222221875 0.2567708328125 0.602777778125 0.2510416671875 0.5740740734374999 0.25 0.5370370375 0.24375 0.459259259375 0.23541666718749998 0.425 0.0828125 0.4703703703125 0.025520832812499998 0.490740740625 0.025 0.50555555625 0.034375 0.6074074078125 0.0463541671875 0.6972222218749999 0.052604167187499995 0.6972222218749999
7 0 0.7240740734375 0.025520832812499998 0.7129629625 0.0317708328125 0.7046296296875 0.0333333328125 0.6861111109375 0.029166667187500002 0.6648148140625 0.021354167187500002 0.5953703703125 0.0114583328125 0.5518518515624999 0.009375 0.5333333328125 0.0015625 0.515740740625 0 0.515740740625 0 0.7240740734375
3 0.015625 0 0.015625 0.0111111109375 0.0390625 0.1916666671875 0.04375 0.21574074062499998 0.046875 0.24814814843750002 0.0489583328125 0.2509259265625 0.071875 0.25 0.1328125 0.23611111093749998 0.1625 0.234259259375 0.19375 0.22407407343750002 0.1994791671875 0.2175925921875 0.2046875 0.222222221875 0.2171875 0.22314814843750003 0.22552083281250002 0.2175925921875 0.3046875 0.2009259265625 0.3145833328125 0.1888888890625 0.31302083281250004 0.1296296296875 0.30416666718749996 0 0.015625 0
8 0.1177083328125 0.4388888890625 0.1171875 0.42870370312499995 0.1135416671875 0.42314814843750004 0.10625 0.42222222187499997 0.0979166671875 0.4296296296875 0.09895833281250001 0.4379629625 0.1010416671875 0.43981481406249995 0.11145833281249999 0.44166666718750003 0.1177083328125 0.4388888890625
8 0.2479166671875 0.415740740625 0.24479166718749998 0.4 0.23541666718749998 0.4018518515625 0.2348958328125 0.40833333281249995 0.2375 0.4175925921875 0.240625 0.41944444374999995 0.2479166671875 0.415740740625
8 0.5598958328125 0.29444444375 0.5609375 0.2870370375 0.5552083328124999 0.28148148125 0.5458333328125 0.28796296250000003 0.5442708328125 0.290740740625 0.5458333328125 0.29351851875 0.5567708328125 0.2953703703125 0.5598958328125 0.29444444375
8 0.6380208328125 0.272222221875 0.6354166671875 0.2648148140625 0.6244791671875001 0.2666666671875 0.6234375 0.271296296875 0.6270833328125 0.275 0.6348958328125 0.2759259265625 0.6380208328125 0.272222221875
8 0.7010416671875 0.24259259218749998 0.6973958328125 0.2379629625 0.6869791671875001 0.2416666671875 0.6859375 0.24444444375000002 0.6895833328125 0.24814814843750002 0.7010416671875 0.24722222187499998 0.7010416671875 0.24259259218749998
8 0.7885416671875001 0.2 0.7875 0.209259259375 0.7963541671875001 0.20833333281250002 0.7963541671875001 0.2009259265625 0.7885416671875001 0.2
8 0.7411458328125 0.221296296875 0.7432291671875 0.22685185156249998 0.7552083328125 0.22777777812500002 0.7520833328125 0.21851851875 0.7411458328125 0.221296296875
8 0.6916666671875 0.4240740734375 0.6942708328125 0.41203703750000004 0.6895833328125 0.40833333281249995 0.6822916671875 0.41018518593750003 0.68125 0.42314814843750004 0.6833333328125 0.427777778125 0.6890625 0.427777778125 0.6916666671875 0.4240740734375
8 0.8791666671874999 0.3490740734375 0.8791666671874999 0.3416666671875 0.8760416671875 0.33703703749999997 0.8635416671874999 0.33703703749999997 0.8609375 0.3416666671875 0.8635416671874999 0.3481481484375 0.8729166671874999 0.352777778125 0.8791666671874999 0.3490740734375
8 0.9484375 0.30555555624999997 0.9458333328125 0.3018518515625 0.934375 0.303703703125 0.9359375 0.3138888890625 0.9432291671874999 0.3166666671875 0.9484375 0.3138888890625 0.9484375 0.30555555624999997
8 0.978125 0.2546296296875 0.9630208328125001 0.259259259375 0.9583333328125001 0.2638888890625 0.9572916671874999 0.2666666671875 0.9739583328125001 0.2740740734375 0.9828125 0.2675925921875 0.978125 0.2546296296875
8 0.38333333281250004 0.65 0.384375 0.6333333328124999 0.3807291671875 0.625 0.3713541671875 0.622222221875 0.3640625 0.627777778125 0.3651041671875 0.6398148140625 0.3703125 0.6509259265625 0.3770833328125 0.6546296296875 0.38333333281250004 0.65
8 0.23541666718749998 0.6768518515624999 0.23541666718749998 0.665740740625 0.2286458328125 0.6546296296875 0.2166666671875 0.6555555562500001 0.20729166718749997 0.6648148140625 0.2088541671875 0.6740740734374999 0.2208333328125 0.6833333328125 0.2286458328125 0.684259259375 0.23541666718749998 0.6768518515624999
8 0.659375 0.9870370375 0.6651041671875 0.9648148140625 0.6583333328125 0.940740740625 0.6447916671875 0.9268518515625 0.6302083328125 0.93148148125 0.6302083328125 0.9490740734375 0.6375 0.9712962968750001 0.6489583328124999 0.9870370375 0.659375 0.9870370375
5 0.2765625 0.81851851875 0.28177083281250004 0.8074074078125 0.275 0.7981481484375 0.2666666671875 0.771296296875 0.2614583328125 0.7638888890625 0.2552083328125 0.7629629625 0.2375 0.7805555562500001 0.12552083281249998 0.8611111109375 0.1145833328125 0.875 0.11822916718750001 0.890740740625 0.13333333281249998 0.91944444375 0.1369791671875 0.91944444375 0.2765625 0.81851851875
5 0 0.975 0.003125 0.9824074078124999 0 0.9898148140625 0.0020833328125000002 0.9990740734375001 0.0208333328125 0.9990740734375001 0.0442708328125 0.98148148125 0.0375 0.93148148125 0.0348958328125 0.9259259265625 0.010416667187500001 0.9379629625 0 0.9444444437499999 0 0.975
5 0.7104166671875001 0.5453703703125 0.7166666671875 0.5453703703125 0.7802083328125 0.5018518515625 0.7807291671875001 0.49444444374999996 0.759375 0.4731481484375 0.75 0.4703703703125 0.709375 0.49351851875 0.7010416671875 0.50648148125 0.6895833328125 0.5148148140625 0.6875 0.5259259265625 0.6859375 0.525 0.6927083328125 0.5333333328125 0.7104166671875001 0.5453703703125
5 0.578125 0.35648148125 0.5833333328125 0.3509259265625 0.584375 0.34444444375 0.5796875 0.3425925921875 0.5760416671875 0.3351851859375 0.5630208328124999 0.3333333328125 0.5526041671875 0.33888888906250003 0.5364583328125 0.33888888906250003 0.5317708328124999 0.3490740734375 0.5151041671875001 0.35648148125 0.5145833328125 0.3620370375 0.5239583328124999 0.3740740734375 0.53125 0.3759259265625 0.578125 0.35648148125
1 0.6291666671875 0.1268518515625 0.6244791671875001 0.1175925921875 0.6046875 0.1203703703125 0.6010416671875001 0.12407407343750002 0.5989583328125 0.1324074078125 0.5994791671875 0.147222221875 0.6151041671875 0.1453703703125 0.6302083328125 0.1379629625 0.6291666671875 0.1268518515625
1 0.7135416671875 0.7888888890625 0.7177083328125 0.7212962968750001 0.7223958328125 0.7120370375 0.7328125 0.7138888890625 0.7192708328124999 0.6888888890625 0.7203125 0.6796296296875 0.7255208328125 0.6703703703125 0.7322916671875 0.66851851875 0.7421875 0.6796296296875 0.75 0.6944444437499999 0.7619791671875 0.6981481484375001 0.7723958328125 0.7101851859375 0.7734375 0.728703703125 0.7802083328125 0.7398148140624999 0.7807291671875001 0.7518518515625 0.7796875 0.759259259375 0.7682291671875 0.7601851859375001 0.7822916671875 0.7814814812499999 0.7890625 0.872222221875 0.7901041671875 0.88055555625 0.7947916671875 0.8824074078124999 0.7947916671875 0.852777778125 0.7885416671875001 0.7833333328125 0.7947916671875 0.7675925921875 0.7984375 0.7675925921875 0.8458333328125001 0.725 0.8494791671874999 0.7324074078125 0.8541666671874999 0.8101851859375 0.8572916671874999 0.8148148140625 0.8598958328125 0.8101851859375 0.8557291671874999 0.75648148125 0.8609375 0.7481481484375 0.8609375 0.7398148140624999 0.8583333328125 0.7361111109375 0.8557291671874999 0.672222221875 0.853125 0.665740740625 0.8520833328125 0.6490740734375 0.859375 0.6388888890625 0.86875 0.6416666671875 0.8760416671875 0.6148148140624999 0.884375 0.5601851859375 0.8828125 0.5324074078125001 0.8734375 0.5148148140625 0.853125 0.51851851875 0.8421875 0.5324074078125001 0.8348958328125 0.5481481484375 0.8213541671875 0.5916666671875 0.8135416671875 0.609259259375 0.7822916671875 0.5870370375 0.7682291671875 0.5861111109375 0.7302083328125 0.6101851859375 0.7197916671875 0.6268518515625 0.7203125 0.6555555562500001 0.7135416671875 0.6777777781250001 0.7119791671875 0.7009259265625001 0.7109375 0.75 0.7083333328125 0.775 0.709375 0.7916666671875 0.7135416671875 0.7888888890625
1 0.796875 0.5935185187500001 0.8140625 0.6083333328125 0.8203125 0.5935185187500001 0.8265625 0.590740740625 0.828125 0.571296296875 0.8421875 0.55648148125 0.8416666671874999 0.5481481484375 0.8458333328125001 0.54444444375 0.8442708328125 0.5416666671875 0.8453125 0.5324074078125001 0.8614583328125001 0.5287037031249999 0.88125 0.5305555562500001 0.8838541671875 0.55648148125 0.8776041671874999 0.5916666671875 0.88125 0.5925925921874999 0.8921875 0.5768518515625 0.9041666671874999 0.5731481484375001 0.9078125 0.5638888890625 0.9067708328125 0.5490740734374999 0.9135416671875 0.547222221875 0.9203125 0.5398148140625 0.9328125 0.48055555625 0.9354166671874999 0.43981481406249995 0.93125 0.4296296296875 0.9213541671875 0.4268518515625 0.9125 0.4379629625 0.9020833328125001 0.44351851875000003 0.8942708328125001 0.4546296296875 0.8802083328125001 0.49351851875 0.8755208328125 0.5 0.8635416671874999 0.5018518515625 0.8640625 0.5120370375000001 0.8567708328125001 0.5138888890625 0.8338541671874999 0.503703703125 0.8208333328125 0.5046296296875 0.796875 0.525 0.7927083328125 0.5388888890625 0.7911458328125 0.55 0.7942708328125 0.575 0.796875 0.5796296296875 0.796875 0.5935185187500001
1 0.9244791671874999 0.522222221875 0.9223958328125 0.5453703703125 0.9177083328125001 0.55 0.9151041671875 0.5601851859375 0.9213541671875 0.5629629625 0.9265625 0.571296296875 0.9239583328125001 0.5796296296875 0.9479166671874999 0.5675925921875 0.9546875 0.5861111109375 0.95625 0.622222221875 0.9598958328125 0.6231481484375 0.9666666671874999 0.6129629624999999 0.9614583328125 0.60648148125 0.9588541671874999 0.5620370375 0.9932291671875 0.447222221875 0.99375 0.43518518593750005 0.990625 0.427777778125 0.9927083328125 0.3981481484375 0.9901041671874999 0.3851851859375 0.978125 0.38148148125 0.959375 0.39351851875 0.9453125 0.41851851875 0.9385416671875 0.4388888890625 0.934375 0.4824074078125 0.93125 0.4879629625 0.928125 0.5129629625 0.9244791671874999 0.522222221875
8 0.7848958328125 0.3768518515625 0.784375 0.36851851875 0.7786458328125 0.36296296250000004 0.7645833328125 0.36666666718749996 0.7651041671875001 0.3731481484375 0.7692708328125 0.3768518515625 0.775 0.3796296296875 0.7848958328125 0.3768518515625