5 0.44819738593749997 0.7420224281250001 0.4157938 0.74259465 0.3143563828125 0.7544780109375 0.2980850984375 0.7587453140625 0.23729611093749997 0.7616666421875 0.1510683484375 0.7721087437499999 0.1504032125 0.8102144296875 0.1553434359375 0.8751569546875 0.16748733437500002 0.8753689281250001 0.2609479484375 0.8565193531249999 0.29544500937499996 0.8520012687499999 0.3594685203125 0.8377581015625 0.3797480609375 0.8358364234375 0.4538914890625 0.8217698999999999 0.45902093749999995 0.8178770312499999 0.45919963125 0.8076396828125001 0.4517291265625 0.771667646875 0.452146078125 0.7477805015625 0.44819738593749997 0.7420224281250001
5 0.6558045734375 0.7371125015625 0.6517168984375 0.7393168109375 0.63755894375 0.73850076875 0.5767302453125 0.7436970625 0.574408440625 0.76072398125 0.5797259046875001 0.8040543265625001 0.598983528125 0.8026837265625 0.7279432671875 0.7799024734375 0.73014594375 0.769700453125 0.7235980843750001 0.73886475625 0.7166134171875 0.733053690625 0.707525346875 0.731757228125 0.67203615 0.7351201656249999 0.6598326859375 0.7383206437500001 0.6558045734375 0.7371125015625
8 0.5528786484375 0.7762777937500001 0.5511723421875 0.758042734375 0.5391872828125 0.7487308968749999 0.533145115625 0.7469186859375 0.5179553140625 0.7472224625 0.5096806875000001 0.7573184953125 0.5152066296875 0.78870526875 0.5221019499999999 0.799635009375 0.5291561078125 0.8014648843750001 0.5444551125 0.79490495 0.5528786484375 0.7762777937500001
8 0.017951440625000002 0.801075496875 0.019171304687499998 0.84717889375 0.02703890625 0.8604012640625 0.042109578125000005 0.8669223859375 0.051217503124999994 0.8670813656249999 0.07769804999999999 0.8578720343749999 0.0881058609375 0.8415551718750001 0.0926601265625 0.812620009375 0.090854546875 0.8000723656250001 0.08492158125 0.792003996875 0.0658525796875 0.7825685078125 0.052706615624999995 0.7817701296874999 0.035453121875 0.7843135421875 0.027277770312499998 0.7887221609374999 0.017951440625000002 0.801075496875
8 0.43400638125 0.1051589921875 0.434224784375 0.0926466765625 0.4303158015625 0.0846136390625 0.385718678125 0.087817596875 0.381631003125 0.0900219046875 0.3882086453125 0.11915137656250001 0.391175128125 0.1231855609375 0.40221768906250005 0.1284985421875 0.4184393375 0.1270749484375 0.42663454375 0.12152884687500001 0.43400638125 0.1051589921875
7 0.9003157609375 1 0.9789947859374999 0.9538212234375001 0.98116768125 0.9453254281250001 0.9710874734375 0.9428738171875001 0.7803273609375 0.9105294296875 0.7701975187500001 0.910921528125 0.6989213000000001 0.93470965 0.6914905046875 0.8964626484375 0.6854781187500001 0.8929442140624999 0.6702783906249999 0.8938167312499999 0.6468735265625 0.9008040906250001 0.633568725 0.909105578125 0.6242914296875 0.976644509375 0.623883759375 1 0.6718531984375 1 0.68273875625 0.9918875843749999 0.681766475 0.989594953125 0.6756746703125 0.99062645 0.67168626875 0.9871433421875 0.672747896875 0.9843172984375 0.676855428125 0.9809755078125001 0.6849513593750001 0.9811168234375 0.7761876546875001 1 0.9003157609375 1
7 0.7524437796875 0.3621777078125 0.7497949734375 0.33994379218750004 0.7609864453124999 0.33672565 0.786306090625 0.3360297765625 0.791405759375 0.3338431328125 0.8014264000000001 0.3397071921875 0.8155347171875 0.34336694375 0.8519465593750001 0.34514034374999997 0.9208215531249999 0.3429290734375 0.9309613234375 0.3419682328125 0.9411705875 0.337026203125 0.9857379265624999 0.33552846875000003 0.9868293375 0.3309962 0.983843 0.3280995 0.902665875 0.28116935781249996 0.887495928125 0.2803356515625 0.7800759078125 0.28699435 0.7010710703125 0.28959772031250003 0.6979953875 0.29181969375 0.69345105 0.320186115625 0.6918235578124999 0.355430428125 0.6957821765625 0.36061976093750003 0.7008024265625 0.3629830484375 0.7049595937500001 0.3567975484375 0.7130952359375 0.354663896875 0.7098011484375 0.3693981859375 0.7178871546875001 0.3701082421875 0.721865628125 0.374160090625 0.7289396421875 0.3748524828125 0.735061228125 0.3721147609375 0.7431571609375001 0.3722560765625 0.7492886750000001 0.36894961249999997 0.7524437796875 0.3621777078125
7 0.5296678546875 0.25019531562499997 0.5327435406250001 0.24797334218749997 0.589544125 0.24156890625 0.5956160749999999 0.2416748921875 0.621739234375 0.25294025625 0.634875271875 0.2543073765625 0.678212215625 0.26530429375 0.796694653125 0.26282109375 0.809880325 0.26134450625 0.8302392859375001 0.25487289375 0.8525428109375 0.25298654374999996 0.8567893249999999 0.2416823703125 0.8498145859375 0.23530256249999998 0.704693975 0.14003635 0.693581921875 0.13870455937499998 0.44523695625000004 0.15769519062499998 0.44217120000000004 0.159348421875 0.44100036875 0.16843062343749998 0.4429548609375 0.17244714218749999 0.45097137500000006 0.177138390625 0.438718275 0.1831825734375 0.42943165624999996 0.19326094375 0.42516528593749997 0.2057026015625 0.42486746406250003 0.2227648484375 0.43750712812500003 0.25256904687500004 0.45641729062499997 0.27110440156250004 0.46744992500000004 0.27698612499999997 0.48457436249999997 0.28183635156250003 0.504843975 0.280483415625 0.5201826875 0.27164851562500003 0.52846724375 0.260983740625 0.5296678546875 0.25019531562499997
7 0.015331707812500001 0 0.011510725 0.0101714140625 0.0081352328125 0.0295693828125 0.007518409375 0.06490719218749999 0.008494 0.06701024375 0.030489775000000004 0.0827548828125 0.039548062499999995 0.08575756875 0.0525550421875 0.0945183296875 0.1118356671875 0.1200164171875 0.1450526953125 0.130836690625 0.1794008453125 0.134849728125 0.1855025765625 0.1332494890625 0.1927751390625 0.12256705000000001 0.1940849546875 0.1055224671875 0.193807590625 0.0634179265625 0.18990853593749998 0.054816145312499995 0.18084032187500002 0.052382200000000004 0.1981831625 0.0447201109375 0.22359215468750002 0.038905562500000004 0.2687644609375 0.0607438984375 0.278814884375 0.06490173437499999 0.282872778125 0.06440365 0.2918715 0.07081878593749999 0.30205098124999996 0.06758298125 0.3050075375 0.0721859078125 0.2998780875 0.07607877656249999 0.307954165625 0.07735757343750001 0.32798552187499996 0.08965443437500001 0.334037615625 0.090897903125 0.4992801421875 0.0772836921875 0.5266932609375 0.07264195625 0.5997055671875 0.0653826671875 0.5998941875 0.0545765765625 0.5788309859375 0.0433995359375 0.5608633234375 0.0288630375 0.5427666015625 0.0217201796875 0.5368038546875 0.0153580359375 0.5227650296874999 0.0077170953125 0.5169141359375 0.0002190734375 0.504363428125 0 0.015331707812500001 0
1 0 0.73667923125 0.009945460937500001 0.7377862015625001 0.060594678125 0.7358257125 0.1772814609375 0.720226128125 0.196608575 0.7148743343749999 0.227216509375 0.7011857265625 0.2375349734375 0.6899875375 0.2417715625 0.67925210625 0.2474867296875 0.641803484375 0.2423187796875 0.531912709375 0.234451178125 0.5186903375 0.20616505 0.5153520265625 0.199210165625 0.5078347359375 0.209389646875 0.5045989296875 0.20643309062499998 0.49999600468749994 0.21562043593750002 0.4956050515625 0.24392641718750002 0.497805878125 0.32795150156249997 0.497565796875 0.3501954625 0.499091896875 0.3988901875 0.4931148875 0.41109365000000003 0.48991441093750004 0.455710628125 0.4855729703125 0.46992814843749997 0.48297656250000004 0.47605966093749996 0.4796701 0.48109976562499995 0.4808959046875 0.4935017765625 0.466320596875 0.5067668703125 0.460294075 0.502947234375 0.4471423625 0.48280667499999996 0.44110165781250005 0.4423865765625 0.43698263437499996 0.3523292515625 0.43484176249999995 0.3381315875 0.4363006859375 0.298663915625 0.43561177500000003 0.22064128906249997 0.4399390328125 0.0187784453125 0.4637234171875 0.0005096500000000001 0.46643874687500003 0 0.4956365734375 0 0.73667923125
1 0.416947196875 0.5025327109375 0.3947032375 0.5010066125 0.3856945859375 0.4951602171875 0.40499192031250003 0.4915146484375 0.39890011406250003 0.4925461453125 0.40506141093750003 0.4875334578125 0.398979534375 0.48799621406250004 0.395993196875 0.4850995125 0.3908836015625 0.48785489843749996 0.3878873359375 0.4855269390625 0.3777674203125 0.4853502953125 0.3736102515625 0.49153579531249997 0.3705444953125 0.49318902812500004 0.36551432031250003 0.49139447968749994 0.3532413625 0.4985761484375 0.3439547453125 0.5086545171875 0.2975421171875 0.4998795734375 0.257112090625 0.49632929062500003 0.2512434125 0.5005690125 0.292303465625 0.5100285999999999 0.2840486921875 0.51898715 0.2789788078125 0.5194675703125 0.282937428125 0.5246569015625 0.2788773296875 0.525281246875 0.2758826640625 0.5808563312499999 0.284028234375 0.5781539390625 0.2849310234375 0.5844277609375 0.2757933171875 0.58597500625 0.276730853125 0.59025823125 0.2827978375 0.5906485890625001 0.282758128125 0.5929235562499999 0.27564440625 0.5945061296875 0.2749991234375 0.6314743328125 0.2688279 0.6370557609375 0.250621978125 0.6361690609374999 0.2494908578125 0.642976296875 0.287906828125 0.645922509375 0.3182765046875 0.6458836984375 0.3375341265625 0.644513096875 0.3457293328125 0.6389669953125 0.35484718593750003 0.638557234375 0.36577061718750004 0.650695115625 0.37777553125 0.6588694703125 0.39993014531250004 0.66551424375 0.41710422031250005 0.6675207624999999 0.4951069921875 0.6643309875 0.5245937328125 0.6568808734375 0.5358745515625001 0.6485440578125 0.5411628390625001 0.635551321875 0.539972759375 0.5877417015625 0.5339113421875 0.52903766875 0.5280180875 0.5186943328125 0.515913896875 0.5162073953124999 0.5139891890625 0.51048465 0.5262422890625 0.5044404640625 0.5394577453125 0.5012576515625 0.592051525 0.503882425 0.6863950734375 0.49244415625000004 0.720941771875 0.48508236250000003 0.7331551625 0.48131314375 0.7505774234375 0.4691011234375 0.7507064796875 0.46170748437500003 0.7407056937500001 0.45470594062499997 0.7124195656250001 0.45136762968750005 0.6263804265624999 0.45100364062500004 0.6010409265625001 0.452836996875 0.5888374625 0.4560374734375 0.5675757109374999 0.456235265625 0.51988305 0.462798678125 0.500655209375 0.46246305468750004 0.49352163125 0.4651831140625 0.48627885156249995 0.47415932656250004 0.48121889375000004 0.47407100468749996 0.47709150781250004 0.47855028125 0.4587664578125 0.48448847968750003 0.46271515 0.490246553125 0.4687374609375 0.493196246875 0.5011013375 0.49489898906249996 0.510169553125 0.49733293593749994 0.48966168125 0.5123356703125 0.44924158125 0.508216646875 0.442207278125 0.5052492890625 0.43206750625 0.506210128125 0.416947196875 0.5025327109375
1 0.54830631875 0.0007670265625 0.5592066546875001 0.007784270312499999 0.5851312656250001 0.030424465625 0.593018721875 0.042509353124999996 0.5909053937500001 0.0475927 0.599983534375 0.049457903125 0.64771590625 0.0406195234375 0.7097650718749999 0.023497318750000003 0.7291318953125 0.015870559375000003 0.7487442093750001 0.004265682812499999 0.54830631875 0.0007670265625
2 0.21856948437499998 0.268659496875 0.21666462968750003 0.2617992703125 0.21876803281249999 0.25728466562499996 0.2238081359375 0.25851047031249996 0.2198395890625 0.2538898796875 0.2238974828125 0.253391796875 0.210816046875 0.24889659687500001 0.20986858437499997 0.2451821125 0.18658285 0.2453445734375 0.17944927187499998 0.24806462968749998 0.1429877921875 0.2491349390625 0.0780813453125 0.2559667984375 0.066731034375 0.26828480625 0.0787756609375 0.27418419374999997 0.08689144843749999 0.2731880265625 0.1040655234375 0.2751945453125 0.1090857703125 0.2775578328125 0.1536332546875 0.2771975828125 0.1627908171875 0.27451285468750003 0.1698449765625 0.2763427296875 0.181056303125 0.27198710625 0.1941625578125 0.27506045 0.1982502328125 0.2728561421875 0.20735815624999998 0.273015121875 0.21538459687499997 0.27713762656249996 0.21856948437499998 0.268659496875