7 0.9722168625000001 1 0.9729953609375 0.9831775921875 0.9668694046875 0.9780397171875 0.8583380828125 0.947971990625 0.855955634375 0.9549737296874999 0.8547805078125 1 0.9722168625000001 1
7 0.8138163875 1 0.8184770046875001 0.9331895593749999 0.8162525796875 0.9311383531249999 0.7224082828125 0.9013269906250001 0.715137515625 1 0.8138163875 1
7 0.6831738781250001 0.9801311187499999 0.688108275 0.891672575 0.611687646875 0.867196290625 0.608599853125 0.8822352359375 0.6028166078125 0.9545799296874999 0.60557080625 0.9586527625000001 0.6801738734375 0.9901406484375 0.6824685296874999 0.988168321875 0.6831738781250001 0.9801311187499999
7 0.547121175 0.9405272984374999 0.5475807140625 0.94657245625 0.551110490625 0.9385845546875 0.5730181296875 0.9460102796875001 0.5788570828124999 0.9028460515625 0.5819242828125 0.856614875 0.5375441203125 0.8417535640624999 0.5161135796874999 0.8393671125 0.5130784578124999 0.8513884078125 0.5068883484375 0.914670296875 0.51290895625 0.9258434703124999 0.541595221875 0.9333875171875 0.547121175 0.9405272984374999
7 0.4622272625 0.9159031125 0.4702410078125 0.91000585625 0.48206849375000005 0.912224684375 0.4885776796875 0.8630350203124999 0.4891922015625 0.8278291140625 0.4312898984375 0.8107193953125 0.426121175 0.8478581843749999 0.42427153593750006 0.889079665625 0.44275474375 0.8984579984375 0.45276466718749997 0.9076884281250001 0.4549013046875 0.9147690484375 0.4622272625 0.9159031125
7 0.51686595625 1 0.5179112124999999 0.9953578578125001 0.515879921875 0.9822419390625001 0.51760665625 0.9480616375 0.509273834375 0.9398666718750001 0.48406466875 0.9273523703125001 0.42898679531250006 0.9102919500000001 0.4260394609375 0.91728383125 0.41931925156250005 0.9986678765624999 0.4956365765625 1 0.51686595625 1
7 0.6620120593750001 1 0.6501647 0.9936415921874999 0.569312775 0.9640570125 0.5625165890625 0.964944575 0.5590394859375001 0.9699148281250001 0.5563585578125 0.9940165796875 0.5564140984375 1 0.6620120593750001 1
7 0.40266541718750004 0.8967520468749999 0.399346334375 0.8926693531250001 0.3302516640625 0.8693271328125001 0.31758748125 0.9797869203125 0.33603557500000003 0.9911770171875001 0.3357042734375 0.997208371875 0.392983684375 0.9982081875000001 0.3967417109375 0.9771438046875 0.40266541718750004 0.8967520468749999
7 0.2934554171875 0.9703099890625 0.3022417046875 0.9201538796875001 0.3081508890625 0.872966121875 0.307796696875 0.8608856656249999 0.2533890546875 0.8377998078125 0.2454806546875 0.8376617671875 0.23069739375 0.9400350484375 0.27273022343750003 0.9598863359375001 0.27318976250000004 0.96593149375 0.275979075 0.967992559375 0.2934554171875 0.9703099890625
4 0.5456807718750001 0.8288151265625 0.5483647375 0.8369114906249999 0.5528487078125 0.8390021375 0.562469321875 0.8381638765625 0.5653639828125 0.8341896453125001 0.5686449125 0.8080859890625 0.57121441875 0.725623303125 0.56600450625 0.7003776265625 0.5605312265625 0.690220196875 0.5519701515625 0.695101709375 0.55172434375 0.7091840703125001 0.5538609828125 0.7162646921875 0.5497487624999999 0.72524861875 0.54842585625 0.7362936109375 0.5456807718750001 0.8288151265625
4 0.5845494999999999 0.8033326562499999 0.5865892374999999 0.7188483453125001 0.5779548953125 0.695555275 0.5697480140625 0.71251724375 0.5711441875000001 0.7296468359375 0.5686975859375 0.8050683390625 0.5702868953125 0.8111332171875001 0.5776479671875 0.810255515625 0.5845494999999999 0.8033326562499999
6 0.6448032078125 0.29726489843750004 0.6650085578125 0.298623775 0.66690398125 0.2936259109375 0.67088336875 0.29872631875 0.6831803203125 0.29994715312500003 0.7413635484375 0.3009627453125 0.783693340625 0.2876149609375 0.8519376453125 0.2787442765625 0.86392315 0.27191015625000003 0.8680880421875001 0.25990858125 0.8670285015625 0.25586532968750003 0.7645910546875 0.26514536093749996 0.7497460078125 0.2739419453125 0.6846085734375 0.28286686250000004 0.673823071875 0.28569716875 0.665774209375 0.293606190625 0.648262753125 0.29330052812499996 0.6448032078125 0.29726489843750004
6 0.8634193828125 0.17128241718749998 0.8674262546874999 0.16833378906250002 0.8703560296875 0.1623477921875 0.869384278125 0.1532751234375 0.8581464984375 0.1334582734375 0.8438003265624999 0.09748813437500001 0.8336850578125 0.094293003125 0.8222644390625 0.10113698125 0.8319758796875 0.127467421875 0.8578056406250001 0.16917205 0.8634193828125 0.17128241718749998
6 0.5616360296875 0.2384604109375 0.5662253453125 0.2345157609375 0.5674604640625 0.22850018125 0.5658184796875 0.22545295312500002 0.5167757328125 0.1863617078125 0.5077551203125 0.1851980640625 0.5014711468749999 0.189113134375 0.5019658 0.1931465265625 0.5108459515625 0.20235723593750002 0.5548925171875 0.2363303234375 0.5616360296875 0.2384604109375
0 0.09429997500000001 0.2403649234375 0.10192745 0.25659709375 0.1188213484375 0.2599105453125 0.127364865625 0.256034915625 0.130859525 0.2500587796875 0.1404625828125 0.2502264015625 0.146781671875 0.2442995640625 0.172678625 0.24978254375 0.2118694703125 0.2705904125 0.266312228125 0.2916645046875 0.2920511625 0.3062004296875 0.2958122265625 0.3173341640625 0.3513320828125 0.34144562500000003 0.41869394375 0.334571915625 0.42612524687500003 0.32967068125 0.429055021875 0.323684684375 0.433290146875 0.3076595765625 0.43173595000000003 0.29958293281250004 0.40756573281249997 0.2599196515625 0.1822519734375 0.12216358593750001 0.1248649203125 0.140279490625 0.0999076421875 0.178079059375 0.10153206875000001 0.182132171875 0.09408624531250001 0.220237403125 0.09429997500000001 0.2403649234375
8 0.2097118703125 0.97689775625 0.19964927500000001 0.9706849765625 0.191740875 0.970546934375 0.1859691140625 0.9774895140625001 0.1846988796875 0.98551685625 0.1863408640625 0.9885640875 0.20332255 0.9868481250000001 0.2097118703125 0.97689775625