7 0.42480951562499997 0.799025821875 0.4083206890625 0.809477571875 0.38114553125 0.8327402015625 0.37251138125 0.830529471875 0.3697049484375 0.8130992718750001 0.36767798906250004 0.8105422750000001 0.36393029062500004 0.8112713296875 0.3375876640625 0.832359746875 0.3410622125 0.8625384125 0.3321522984375 0.8731256125 0.3332632125 0.8762632609375001 0.3485045515625 0.8781277218750001 0.42326627656250004 0.8779381390625 0.4903098953125 0.8749571765624999 0.560286053125 0.8015134046875 0.559008109375 0.7951886406249999 0.510786496875 0.7961178921875 0.42480951562499997 0.799025821875
7 0.44281207812499995 0.8896972640625 0.4265990171875 0.8873510859374999 0.32724062656249997 0.887764434375 0.2666702390625 0.923962775 0.25614275468750003 0.92174474375 0.253979553125 0.8985282671875 0.24554027031249998 0.900035840625 0.20978664062500002 0.9221501140624999 0.21134558281250002 0.9518965265625001 0.20626688125 0.96334823125 0.1906662609375 0.9726881437499999 0.191028159375 0.9795935609375 0.2811982515625 0.984455553125 0.3805566421875 0.9840422046875 0.40409545468749997 0.9636333734375 0.426968765625 0.9485858671875 0.47487892187499997 0.9055939921875 0.48556525156249997 0.8927831125000001 0.4816226859375 0.889793865625 0.44281207812499995 0.8896972640625
7 0.3841827125 1 0.38319604375 0.998285290625 0.3532118375 0.98600793125 0.30585059531250003 0.9852941578125 0.29649526718749997 0.9873823843749999 0.2575733078125 0.985161040625 0.22742468749999997 0.9878063515625 0.2150150015625 0.985793490625 0.2066035578125 0.9878322515625 0.18858624375 0.9871785640624999 0.1695166421875 1 0.3841827125 1
7 0.44889367656249995 0.5181250687500001 0.40028494531250003 0.5297275078125 0.39206837031249997 0.5354845703125 0.40161856562500003 0.5371146437500001 0.45344868437499997 0.5328004078124999 0.46941120156249994 0.5303659140625 0.5157702671875 0.5119569921875 0.532370446875 0.5036299843750001 0.532119903125 0.4988493125 0.3952566859375 0.506022009375 0.3765738703125 0.5107296484375 0.37490880781249997 0.5150780703125 0.44289631093750004 0.512047640625 0.44889367656249995 0.5181250687500001
7 0.26436633125000003 0.1576075578125 0.277137915625 0.166525834375 0.2836389875 0.2002743984375 0.307514475 0.2043495875 0.32139435625 0.1982957234375 0.328252090625 0.2027301296875 0.340550425 0.20261824687500002 0.35098621093750004 0.18502669375 0.3975705984375 0.18897704843750002 0.5105026484375 0.1766667921875 0.5064765671875 0.17208398593750002 0.459335415625 0.1575099125 0.438041034375 0.1485056515625 0.42940688437499996 0.1462949234375 0.398230865625 0.1473961453125 0.26611490937500004 0.15485269375 0.26436633125000003 0.1576075578125
7 0.11835740937499999 0.0805690265625 0.11860795312500001 0.0853497 0.1431793984375 0.1027045359375 0.1447661796875 0.132982134375 0.1483773046875 0.14770693906250001 0.1532915953125 0.15117790625 0.1802214421875 0.1593541796875 0.21789329687499998 0.155781946875 0.23690755624999998 0.13933875 0.26575301093750003 0.1479472765625 0.29989987500000004 0.149353584375 0.4057262625 0.1459380375 0.42826813281250004 0.14262608906250002 0.4242142125 0.1375120984375 0.38143058281250003 0.1157852734375 0.3120207109375 0.0736154328125 0.2505290421875 0.07417485 0.11835740937499999 0.0805690265625
7 0 0.0786729578125 0.0054227421875 0.07476949375 0.022440496875 0.07441027812499999 0.03160095625 0.06860374999999999 0.0281568609375 0.057066059375 0.0343464765625 0.048752003125 0.0439245109375 0.0509132640625 0.050949275 0.058534784375 0.0760191921875 0.067341178125 0.0819330421875 0.07182505 0.0941757 0.0706507953125 0.102782009375 0.0723303359375 0.2884209859375 0.056742315625 0.2986645203125 0.0535422515625 0.296498371875 0.048329325 0.2732883828125 0.0388928125 0.2294139953125 0.0134946390625 0 0.0255177171875 0 0.0786729578125
7 0.0059561812499999995 0.6267436609375 0.1517728578125 0.5917548015625 0.1571856171875 0.5866773281250001 0.1560190265625 0.58247730625 0.14669153906250001 0.58509671875 0.14088904062500002 0.5827375921875 0.12761898437500002 0.58236775625 0.076593559375 0.5839765953125 0.052745909375 0.58043259375 0.0033791562499999998 0.5775711015625 0.0059561812499999995 0.6267436609375
7 0.45083712187499997 0.5190885078125 0.45630555937499995 0.51507340625 0.456082853125 0.51082391875 0.3079208625 0.519121403125 0.267528709375 0.5249667812500001 0.24881805468749998 0.529143234375 0.24706947656249997 0.5318980984375 0.32657845937499996 0.5319923671875 0.3382669671875 0.53830418125 0.3544521921875 0.5401191734374999 0.45083712187499997 0.5190885078125
7 0.2759706078125 0.5415689953125 0.26625338125 0.5367518046875001 0.25209511875 0.5374938078125 0.2226120015625 0.53477779375 0.144074740625 0.5351652421875001 0.0448303203125 0.5558131234375 0.0369451875 0.549834628125 0.03141845625 0.5346775703125 0.0013533515625000002 0.538916440625 0.0034750250000000005 0.579400396875 0.0082441578125 0.5801016078125001 0.0489146953125 0.579568090625 0.136197459375 0.5835161109375 0.161100346875 0.5891353890625 0.24885112656250002 0.5658939968750001 0.29712579687499996 0.5479173265624999 0.296930928125 0.5441990265625 0.2912397859375 0.5439646406249999 0.2862698203125 0.5394313015625001 0.2759706078125 0.5415689953125
8 0.140569734375 0.48634560625 0.12738319375 0.4875693265625 0.122858640625 0.4915349640625 0.1268316625 0.5131651859375 0.134744634375 0.51967486875 0.1413518234375 0.5193285999999999 0.1496240765625 0.514633909375 0.1538424078125 0.5048252296875 0.152369596875 0.49478216406250003 0.140569734375 0.48634560625
8 0.3212937046875 0.8465298000000001 0.3168248265625 0.85155780625 0.3159113984375 0.8702482484375 0.3237965328125 0.87622674375 0.3365933375 0.8675664203125001 0.3388403875 0.8562631140624999 0.33264815312499996 0.8464673828124999 0.3297329859375 0.8450222265624999 0.3212937046875 0.8465298000000001
8 0.1781426046875 0.9504407515625 0.1630961328125 0.9522945937499999 0.15693435625000002 0.9611398375 0.1614893640625 0.9758151734375 0.1731500359375 0.981595803125 0.176925571875 0.9813979359375 0.1841982640625 0.9756903421875001 0.1883052421875 0.9637569171875 0.186915946875 0.9553074078125 0.1781426046875 0.9504407515625
8 0.06925785625 1 0.06688085 0.9946221625 0.06099483906249999 0.9906694765624999 0.0486686671875 0.9902501750000001 0.0421449921875 0.9921900015625 0.035905865625 1 0.06925785625 1
1 0.0365285625 0.7405433234375 0.01240116875 0.7497213687500001 0.013963192187500001 0.779526528125 0.034590353125 0.7757994625 0.0959958875 0.7555366984375 0.098744025 0.7537947390624999 0.0966613890625 0.7501753734375 0.104045434375 0.7465925234374999 0.1153163671875 0.744936546875 0.11487095624999999 0.7364375734374999 0.10154522343750001 0.735005365625 0.07603251093749999 0.735809784375 0.0365285625 0.7405433234375
1 0 0.436458215625 0.012054434375 0.43608780625000004 0.0911180046875 0.4276831 0.112521121875 0.42070231874999997 0.12057328437499999 0.4298679296875 0.13223395468750002 0.43564855781249995 0.1520833625 0.4351409390625 0.1877004203125 0.428480525 0.2109913046875 0.42140080781249994 0.21809696562499997 0.41250609843749997 0.2170947875 0.3933834046875 0.197488075 0.34434233281250004 0.1866042578125 0.3353251203125 0.19676427968750002 0.33053149843749996 0.23157664375000003 0.32657647968750003 0.2765211890625 0.317296653125 0.28698743125 0.3183460734375 0.30764153125 0.315133059375 0.317606684375 0.306621134375 0.3155518859375 0.303532953125 0.2975624078125 0.3034104515625 0.227854165625 0.30972693125 0.1536213703125 0.3200090453125 0.1387697671875 0.3255811890625 0.095545959375 0.3315749671875 0.09515884062499999 0.3422481515625 0.10315532499999999 0.3503513921875 0.0975755359375 0.35224175 0.09405054375 0.357220290625 0.0929144078125 0.3716612453125 0.1029126328125 0.3999000828125 0.06515726250000001 0.4018787578125 0.06432473125 0.40405296718750006 0.06912766875000001 0.40539919218750003 0.064881496875 0.4146766875 0.050778909375 0.41648106250000005 0.0519455 0.42068108125 0.0409807875 0.42818010156249997 0 0.4321107765625 0 0.436458215625
1 0 0.30776240312500003 0.0081213875 0.306861225 0.041739321875 0.2981750015625 0.061892334375000004 0.285400640625 0.0647213703125 0.2671424515625 0.0388189203125 0.26051026875 0 0.26186075 0 0.30776240312500003
1 0 0.38066703749999997 0.019569818750000002 0.3808315203125 0.0425849390625 0.3865497328125 0.058714484375 0.387302353125 0.07553737187500001 0.383224834375 0.08472567187499999 0.377949490625 0.09155295 0.3637429234375 0.09354683750000001 0.3295491578125 0.0902393171875 0.30255760781249996 0.0770223203125 0.28514035625 0.0788265734375 0.283447865625 0.091818246875 0.278505840625 0.13062885468750002 0.27860244375 0.194395409375 0.26727090625 0.21110694218749998 0.26106864218750003 0.2292608328125 0.2462684703125 0.2307310265625 0.2382017484375 0.22659359218750003 0.23149419999999998 0.214905084375 0.2251823859375 0.1975811078125 0.2196985578125 0.16993008125 0.2158212375 0.1055510859375 0.215466684375 0.09405744375 0.21287317031250003 0.021461871875 0.2182756796875 0.0017794953125 0.2219704125 0 0.23039673437500002 0 0.242362559375 0.0122205140625 0.24059843593750002 0.0298228734375 0.2513941234375 0.0818783140625 0.2694391625 0.0849048359375 0.2730090640625 0.0710527921875 0.27959411093750003 0.0696104359375 0.2881920203125 0.058339503125000004 0.2898479953125 0.048235159374999996 0.2957039890625 0.026804203125 0.3021535875 0 0.30728959375 0 0.38066703749999997
1 0.1541974046875 0.6560777671875 0.1609716234375 0.6589186140625001 0.188121559375 0.6532345875 0.19295233437499998 0.655111996875 0.2164380875 0.65175058125 0.22740280156249998 0.6442515609374999 0.25194379218749996 0.6429654218749999 0.25169324843749996 0.6381847484375001 0.244114334375 0.638049296875 0.23917220781249998 0.6340471437499999 0.2154915859375 0.633690259375 0.11158080468750001 0.6375380578125001 0.0723274015625 0.64705226875 0.0487302953125 0.648288940625 0.03831973125 0.648301890625 0.00671221875 0.64116973125 0.0070462781249999995 0.6475439609375 0.017582115625 0.6499213484374999 0.0202619671875 0.6559063187499999 0.010559968749999999 0.6604096171875 0.007951021875 0.6648075046875 0.013962825000000002 0.77951951875 0.026151070312500004 0.7773070359375 0.058243134375000005 0.7756251625 0.101411265625 0.7685690125 0.1237025890625 0.7604763906249999 0.13352855156250001 0.7493085374999999 0.1404088890625 0.7180545515625 0.1369595609375 0.6702972843749999 0.12707530625000002 0.6622929796875 0.1409551875 0.656239115625 0.1541974046875 0.6560777671875
1 0.26355401875 0.6839032546875 0.277322546875 0.67572465 0.276791003125 0.6475223296875 0.2734861 0.63864056875 0.27065444843750003 0.6387889703125 0.2709885078125 0.6451632 0.26549223125 0.6486471171875 0.22756983125 0.6474386765625 0.1569455421875 0.6543358078125 0.15750754218750002 0.701179103125 0.1521782953125 0.707850134375 0.14093519999999998 0.7100372953125 0.1413806125 0.71853626875 0.1442679421875 0.7194502421875 0.157287453125 0.715039403125 0.1673944140625 0.727293196875 0.1837466671875 0.7322953046875 0.22805355 0.7289079890625 0.2504562265625 0.7229401125 0.25681287343750003 0.7178131703124999 0.2601708359375 0.7096475140625 0.26355401875 0.6839032546875