7 0.769759728125 0.7417409671875 0.7688032765624999 0.7855224453125 0.7721626015624999 0.78767765625 0.8974078609375 0.7910323671875 0.8964327687500001 0.73699393125 0.784766965625 0.738189228125 0.7715815484374999 0.738747734375 0.769759728125 0.7417409671875
7 0.64927535625 0.7823673890625 0.6509194796875 0.7844627046875 0.763657671875 0.7853427578125001 0.7646141234375 0.7415612796875 0.763005540625 0.738448253125 0.7245927515624999 0.7401637015625 0.707653971875 0.7334584828125 0.70401033125 0.7394449484375001 0.6536266734375 0.7397234125 0.6506613859375 0.7426767140625 0.64927535625 0.7823673890625
7 0.5475715906249999 0.7441714921875 0.5456493671875 0.7828244921875 0.5484014187499999 0.7859774484375001 0.6464166859375 0.7822675625 0.6483389109375 0.7436145625 0.6461585921874999 0.740481571875 0.5523231578125001 0.7392426671875 0.5475715906249999 0.7441714921875
7 0.44445246875000005 0.7792906171875 0.4466327875 0.782423609375 0.5313204796875 0.7833430671875 0.5366437828125 0.7784342078125001 0.5384593875 0.7428343359375 0.5173763124999999 0.7400601984375 0.44737600312500003 0.7447483890625 0.44445246875000005 0.7792906171875
7 0.4472693859375 0.7478015171875 0.4456608015625 0.7446884921875 0.381555528125 0.7444877875 0.37966263125 0.7495164390625 0.3780602609375 0.779010053125 0.3796333046875 0.7831407875 0.44445246875000005 0.7792906171875 0.44688156250000005 0.7752996421875 0.4472693859375 0.7478015171875
7 0.8812816343750001 0.5479589703125 0.86620331875 0.5535461265625 0.8694560250000001 0.5587544671875 0.8727473781249999 0.5792484171875001 0.8703182859374999 0.5832393953125 0.8715359406250001 0.597547225 0.8696785796875 0.6015581671875 0.871826465625 0.6220121859375001 0.868182828125 0.6279986515625 0.7264314703125 0.6383328453125 0.720000240625 0.6421840640625 0.716075396875 0.672615525 0.715370825 0.7255763546875 0.7201255 0.7369508484375 0.8965749265625 0.73292309375 0.8943959734375 0.549435884375 0.8812816343750001 0.5479589703125
7 0.6133734265624999 0.6466121796875 0.56423985 0.6438774453125 0.5613101031250001 0.6458130390625 0.5579894234375 0.6589434359374999 0.5587774999999999 0.6691604625 0.5553857421874999 0.68432628125 0.5525719328124999 0.7321187 0.5569325671875001 0.73838468125 0.681176515625 0.7376286234375 0.6995430781249999 0.7362320953125 0.7043657234375 0.7292678515625 0.7077837015624999 0.66417436875 0.70738655625 0.642762534375 0.7057424328125 0.6406672203125 0.6133734265624999 0.6466121796875
7 0.43093787812500006 0.740098553125 0.539173278125 0.7387834625 0.5520001984375 0.732098734375 0.5569881125 0.6548326671875 0.5538775609375 0.6455534890625 0.45018049531250004 0.6480460109374999 0.4375312703125 0.6496421921875 0.43506663906250004 0.654650878125 0.429859275 0.705416565625 0.42932929375000006 0.7369855296875001 0.43093787812500006 0.740098553125
7 0.31580613281250003 0.7421917687499999 0.4062111640625 0.74331088125 0.422933603125 0.7398190375 0.42286139531250005 0.7091022875 0.42752747968750004 0.65744445625 0.424882046875 0.651238371875 0.371210140625 0.64732620625 0.3646367546875 0.6552482640624999 0.3192565421875 0.65977725625 0.314695096875 0.724830809375 0.31580613281250003 0.7421917687499999
7 0.2162502515625 0.724449890625 0.216647396875 0.7458617234375 0.30437145625 0.7417924609375001 0.3072980953125 0.7235535484375 0.3101443390625 0.6584401 0.22349267031250003 0.6645847140625001 0.22038522500000002 0.6716088546875 0.2162502515625 0.724449890625
7 0.5985794234374999 0.644057659375 0.86603805 0.6238479531250001 0.8683960640624999 0.6218923937499999 0.8697465531249999 0.5832194296875 0.8659514375 0.5443667765625 0.8663530546875 0.4017277078125 0.8634464203125001 0.337432315625 0.8537980218750001 0.335057484375 0.7968409750000001 0.3432580078125 0.7828350484375 0.35092051562500004 0.752927190625 0.3549708640625 0.7424582843749999 0.359700034375 0.724737640625 0.37538442656250004 0.70476249375 0.373667928125 0.7014742484375 0.369477296875 0.6923620453125 0.368140140625 0.6520919000000001 0.37386653124999997 0.6046055531250001 0.3895304328125 0.5958984484375 0.638869284375 0.5985794234374999 0.644057659375
7 0.38425787499999997 0.48678764062499996 0.38383761875 0.53160679375 0.3776413703125 0.6434749875 0.3792144140625 0.647605721875 0.5029577078125 0.644794278125 0.5942543265625 0.63677396875 0.596964625 0.608337996875 0.5954209078125 0.570582915625 0.6028903515625 0.3894705375 0.6013173078125 0.3853398015625 0.58823850625 0.3828451796875 0.5515053812499999 0.3856382328125 0.5087706046875 0.39637330937500004 0.498802353125 0.403157865625 0.49905423437499996 0.41233721718750005 0.487409428125 0.4343474859375 0.4799768875 0.4340879359375 0.4738655109375 0.42877976875 0.4692174546875 0.41435214531250003 0.46267650156249995 0.4049531734375 0.427157921875 0.405750740625 0.39710790625 0.41387192656250005 0.391212871875 0.41876082031250006 0.38425787499999997 0.48678764062499996
7 0.1979068015625 0.6596154328125 0.251685325 0.6604744703125001 0.3613485078125 0.6510576343750001 0.3660289953125 0.648164228125 0.36795743281250004 0.6421178656250001 0.370952046875 0.6055402171875001 0.3765379140625 0.47836644687499996 0.3797133296875 0.45300356875 0.3805662703125 0.4285785390625 0.3778497578125 0.42440787343749997 0.3451898484375 0.42530526562500004 0.3046353890625 0.43917333125 0.2847344265625 0.45172473437500005 0.28344880156249996 0.4557556421875 0.2878449765625 0.4610039125 0.2805577 0.47297684375 0.2682994078125 0.46337821718749994 0.266904059375 0.4541589359375 0.25343121874999996 0.44655579999999995 0.245462484375 0.445258575 0.21180437031250002 0.4583485171875 0.2013185640625 0.5619153109374999 0.19754208906249998 0.620882571875 0.1979068015625 0.6596154328125
7 0.064596875 0.526572365625 0.0566467796875 0.623095053125 0.055580603125 0.6536263421874999 0.058513459375 0.66799406875 0.06698285000000001 0.6713466765625 0.187473434375 0.6633268953125 0.1956198671875 0.659535571875 0.1970831875 0.6504161140625 0.196647396875 0.613718675 0.209517434375 0.4582686546875 0.1848973390625 0.458427853125 0.1594922734375 0.4646733421875 0.1542400515625 0.46754678437499997 0.151704340625 0.4745908890625 0.14151974843749998 0.4711783828125 0.137339915625 0.4761271734375 0.13605739687500001 0.4964614 0.1319486421875 0.499374771875 0.1176552953125 0.49887563593750006 0.11500986093750001 0.49266955156250003 0.11629548593750001 0.48863864375 0.107109096875 0.4730335890625 0.0927802109375 0.47355216406249995 0.071913478125 0.4809750859375 0.0694133078125 0.4870014828125 0.064596875 0.526572365625
7 0 0.68204185 0.058836417187500004 0.6751380015625 0.0551541328125 0.6658388578125 0.0543629515625 0.6393185109374999 0.06769810625 0.4869415859375 0.043578665625 0.48915616875 0.030144471875000002 0.49683864218749996 0.007669154687500001 0.501148540625 0.0066354109375 0.5143588 0.0001686421875 0.519227728125 0 0.519103409375 0 0.68204185
7 0.10382511875 0 0.101912046875 0.015343259375000001 0.0982421890625 0.0712573921875 0.1021732484375 0.07343256875000001 0.1050350234375 0.0898357125 0.10339400781250001 0.10404371875 0.1057906671875 0.1173737703125 0.0955056703125 0.1496210296875 0.0862313046875 0.2348890171875 0.0876621921875 0.243090590625 0.09781124531249999 0.2475208046875 0.1231452328125 0.24331073593750002 0.32873755625 0.1587846171875 0.375652165625 0.14310075 0.46926504687500004 0.10153595625 0.510391240625 0.0876878546875 0.5192160234375 0.08086336875 0.5405834125 0.0754958296875 0.67189208125 0.019963140625 0.6964024531249999 0.006553753125000001 0.5087275250000001 0 0.10382511875 0
8 0.5810192015625 0.376479371875 0.580945015625 0.36221147187499997 0.5726533218750001 0.353770315625 0.5579303984374999 0.3491803765625 0.546925296875 0.352871871875 0.5444251265625 0.3588982671875 0.54632113125 0.370172934375 0.5567576046875 0.38276479218750004 0.5739096203125 0.383363753125 0.5810192015625 0.376479371875
8 0.223985371875 0.4373759234375 0.22330391249999998 0.4241057671875 0.21604906875 0.41875766875 0.1938936046875 0.4139081796875 0.1902855046875 0.4188769359375 0.190572925 0.427038578125 0.1938256328125 0.43224691875000004 0.2071918546875 0.442903184375 0.2157678609375 0.443202665625 0.223985371875 0.4373759234375
8 0.06876428125 0.45641029843750003 0.051861040625 0.44868736875000004 0.042606679687499996 0.45142105312499997 0.0417506328125 0.4595427640625 0.051615371875 0.47211465625000004 0.065837640625 0.474649209375 0.0722688703125 0.47079799062500005 0.0725887234375 0.46163860312500005 0.06876428125 0.45641029843750003
1 0.641372478125 0.1890621328125 0.664132109375 0.17661055781249999 0.686068125 0.15495966562500002 0.70925111875 0.11399225625000001 0.73353583125 0.041475849999999995 0.7380381328125 0.008007703125 0.7019053921875 0.0067459187500000005 0.7015125203125 0.00775115 0.6985827718750001 0.0096867421875 0.5725263234375 0.062345990625 0.543907196875 0.07866875 0.5464491203125 0.1042312828125 0.5562814265625 0.1341242046875 0.5750837796875 0.16942511875 0.5900585859375 0.18319440781250002 0.6069618265625001 0.1909173390625 0.641372478125 0.1890621328125
1 0.2628646421875 0.25837935 0.2892385859375 0.2735656578125 0.3121434796875 0.2733465640625 0.33018708281250003 0.2648061046875 0.3552305421875 0.236131071875 0.3742337046875 0.20011245312499998 0.384089125 0.16377439062500002 0.38644403125000004 0.1455155125 0.38026157656250004 0.1422427640625 0.25027407031250004 0.1927268359375 0.231552115625 0.20430045937500002 0.2480319921875 0.240539221875 0.2628646421875 0.25837935
1 0.20261002968750003 0.21347928437500002 0.10510162812499999 0.25185119375 0.09313075625 0.2504142109375 0.0883791890625 0.2553430375 0.0917802671875 0.2890871765625 0.0908562484375 0.315547625 0.0941893546875 0.367630503125 0.1110246234375 0.3936921703125 0.130108184375 0.40454809062499997 0.1496182140625 0.40319149374999996 0.172090425 0.3825782765625 0.1787704296875 0.37160309062499997 0.1958065078125 0.3263452234375 0.1971601046875 0.303975578125 0.2010525171875 0.290865146875 0.206079078125 0.2288846875 0.20261002968750003 0.21347928437500002
1 0.050942859375 0.1307427015625 0.045089578125 0.1672205234375 0.0371950265625 0.1801911984375 0.0219003703125 0.17558129375 0.01697110625 0.1855986671875 0.0104950671875 0.1907330859375 0.0028661421875 0.409196875 0.0145468609375 0.4025505 0.022405871875 0.3905975359375 0.038301590625 0.3616030578125 0.0483733515625 0.3354620546875 0.0536935453125 0.314249875 0.0558321109375 0.2857939375 0.06081070625 0.1596179125 0.059699670312499994 0.142256953125 0.0550160765625 0.12884704062500002 0.050942859375 0.1307427015625
2 0.7379968703124999 0.012082065625000001 0.7352154921875 0.0425534546875 0.7556712890624999 0.12885964375 0.7647479515625 0.1312145078125 0.8081966203125001 0.116428559375 0.810018440625 0.1134353265625 0.811830940625 0.06153213749999999 0.8114089234374999 0.0105698671875 0.7394630421875 0.0080574609375 0.7379968703124999 0.012082065625000001
2 0.5435549125 0.10514916562500001 0.5378731109375 0.1039318015625 0.523582871875 0.1197359875 0.516008175 0.123547275 0.4967886703125 0.1493688328125 0.486322871875 0.17040132187499998 0.48693325156249995 0.185706896875 0.47185493593750005 0.191294053125 0.46906734375000003 0.1891588078125 0.4659274671875 0.21350397656250003 0.46800116718749996 0.21969009687500002 0.47432577968749995 0.21889200625 0.55597089375 0.192193546875 0.5576767765625 0.1433434859375 0.547915546875 0.1114151453125 0.5435549125 0.10514916562500001
2 0.4811386203125 0.154936025 0.49664340781250005 0.13713635156249998 0.510145571875 0.11111514062500001 0.5116088921874999 0.10199568437499999 0.505497515625 0.0966875171875 0.4920633234375 0.104369990625 0.4828800421875 0.1050682546875 0.47337690625000006 0.11492590312499999 0.4689483 0.1269986609375 0.4660603046875 0.1605231828125 0.4811386203125 0.154936025