1 1 0.0255177171875 0.8092577421874999 0.0155213390625 0.7613491 0.1003643109375 0.7464644234375 0.1315429296875 0.7426862703125 0.14945485 0.7478484875 0.1593129984375 0.77438598125 0.176683115625 0.819689809375 0.19716731406250002 0.8810675046875 0.21796126249999997 0.8989734687500001 0.2194323203125 0.9333151984375 0.2143077109375 0.960495590625 0.2013507640625 0.9814306921875 0.18114212968750001 1 0.1856429453125 1 0.0255177171875
1 0.7095746578125001 0.094987703125 0.72406698125 0.08935547499999999 0.7239582453125 0.0733704296875 0.7353709875 0.0542606875 0.7475049078125 0.039449896875 0.7571942968750001 0.035163892187500004 0.76435825 0.02488644375 0.7616657890625 0.0220821125 0.770735128125 0.013502453125 0.5860617234375 0.00382413125 0.55897336875 0.060995426562499996 0.55377808125 0.087888040625 0.55991201875 0.09726446875 0.589030621875 0.11956365937499999 0.6164841640625001 0.1375144296875 0.6396358578125 0.1472500765625 0.6671755312500001 0.1454975 0.6926073453125 0.12978568906250001 0.7047969421875 0.11391252968750001 0.7095746578125001 0.094987703125
1 0.45501530937499995 0 0.44218488437500003 0.031971071875 0.442572003125 0.04264425625 0.45595079531250005 0.05825946562499999 0.4879567265625 0.0796446859375 0.4990327953125 0.08501896249999999 0.5046960984375 0.0853157625 0.52662814375 0.0822040125 0.537317090625 0.0769051046875 0.550617603125 0.057894293750000006 0.5567289375 0.03158233125 0.5700585953124999 0.0029854421875 0.5130929578125001 0 0.45501530937499995 0
1 0.37832021875 0 0.38111340781249997 0.0053340765625 0.40920461250000006 0.029177359375 0.41936463125 0.03397098125 0.43629887187499994 0.0359237578125 0.441129646875 0.0340463484375 0.45267558750000003 0 0.37832021875 0
1 0.7377279390625 1 0.741897765625 0.995253571875 0.7680507578125 0.983840715625 0.7256116578125 0.9267541546875 0.7269174390625001 0.9198982046875 0.7217830609375 0.9095088718750001 0.7048488203125001 0.9075560953125 0.662095646875 0.910641946875 0.6402723390625 0.929738740625 0.6221158328125 0.9330483562499999 0.565994334375 0.8480798437500001 0.44295270625 0.8661331703125 0.3763240421875 0.87329420625 0.3831208671875 0.90614175 0.398858059375 0.9309355203124999 0.44443765312499994 0.964217646875 0.4796928125 0.977783478125 0.522721753125 0.987495559375 0.5680560328125 0.9893387828125 0.5908484484375001 0.9878700578125 0.60000890625 0.9936765859375001 0.6045539843750001 1 0.7377279390625 1
1 0.3926798625 0.651505825 0.396566753125 0.64957895 0.4097811328125 0.6502714859375 0.4345726671875 0.64677695 0.44112418125 0.648185590625 0.433656621875 0.646196296875 0.42918774375 0.641168290625 0.412701534375 0.6126067515625 0.3938516875 0.6110862265625 0.2666752421875 0.617737315625 0.2430781359375 0.61650064375 0.2353043546875 0.6203543953125 0.261981040625 0.63506858125 0.269532115625 0.6354643171875 0.34595628437500003 0.658112109375 0.393373203125 0.6563359656250001 0.3926798625 0.651505825
1 0.18566989375 0.79086274375 0.164709571875 0.793492775 0.159823121875 0.79643255625 0.1649296609375 0.807353075 0.17128630625000002 0.812480015625 0.1877194578125 0.8239941390625001 0.2081786890625 0.8309254562499999 0.2544290171875 0.8333493328125 0.23822380625 0.7813661468750001 0.230951115625 0.7756585515625 0.22167668593749998 0.79008655625 0.189361915625 0.7926541703125001 0.18566989375 0.79086274375
4 0 0.8395625859375 0.0279498578125 0.8385246984375 0.040470896875 0.83438709375 0.041139015625000004 0.8216386312499999 0.036837168749999996 0.8134235078125001 0 0.8149851671875 0 0.8395625859375
4 0 0.85777600625 0.018480559375 0.856671003125 0.025505323437499998 0.8490494828124999 0.0241743203125 0.8383268312500001 0 0.839564765625 0 0.85777600625
8 0.5988311296875 0.691072578125 0.6004179125 0.6607949796875 0.592563234375 0.6481325015625 0.5775167625 0.6462786609375 0.561136671875 0.651811953125 0.5560275156250001 0.6590012234375 0.5562197640625001 0.6733927093750001 0.5655724765625 0.693590725 0.5727616515625 0.7008918765625001 0.5658760796875 0.7058574671875 0.586780725 0.704289809375 0.5956097421875 0.6983607796875 0.5988311296875 0.691072578125
8 0.4109765109375 0.44686379374999996 0.4130060875 0.42619700937499994 0.40667728125 0.42053888281249996 0.39340722499999997 0.42090871874999997 0.382579084375 0.42886355624999994 0.386073621875 0.45248307343749994 0.396038775 0.4609949953125 0.405616809375 0.4588337359375 0.4109765109375 0.44686379374999996
8 0.3202375171875 0.3542219625 0.3223227703125 0.33249280625 0.31788173125 0.3269336125 0.3036121140625 0.328316353125 0.2975869125 0.33492496875 0.3005273 0.3510584140625 0.3094650546875 0.3611144296875 0.3170996421875 0.3599166078125 0.3202375171875 0.3542219625
8 0.2616488828125 0.24408984375 0.2638733265625 0.21970475781249998 0.257433165625 0.216171375 0.2468834109375 0.21881435312500003 0.242829490625 0.22392834687500002 0.2432722859375 0.23353915937499997 0.2502109171875 0.245620984375 0.25856668437499997 0.24872211718749998 0.2616488828125 0.24408984375
8 0.2174333640625 0.18477960625 0.2180736453125 0.17256233125 0.2156874046875 0.1639149546875 0.2063320765625 0.161826728125 0.201529140625 0.1631729515625 0.198335590625 0.1699299671875 0.2097430984375 0.1870398015625 0.2154064046875 0.187336603125 0.2174333640625 0.18477960625
2 0.78733483125 0.6700582359375 0.8261402046875 0.7061812109375001 0.8451014046875001 0.705576990625 0.901216 0.6461983828125 0.91934466875 0.6434199515625 0.9931875281250001 0.6430826734374999 0.9965369046875001 0.5791727453125 0.9847058578125001 0.5701445265625 0.8435381765625 0.57286649375 0.747094953125 0.5710079875 0.7240241578125 0.577788571875 0.7286322265625 0.58016065 0.7531453781249999 0.581977975 0.758613815625 0.5859930765625 0.7419831796875 0.5963070453125 0.7308209812500001 0.6106361140625001 0.78733483125 0.6700582359375
2 0.7159068000000001 0.4617792234375 0.8179576515625 0.46499690156250006 0.8229276171875 0.4604635640625 0.8195974921875001 0.451766721875 0.782095284375 0.42689758437499997 0.6924819578125 0.421135859375 0.6017020390625001 0.41957415468750003 0.58534716875 0.4426860515625 0.581624690625 0.4595356 0.628229065625 0.509383425 0.6338088578125001 0.5112737843749999 0.6479392828125 0.5125469734375 0.659377246875 0.5110158328125001 0.6892831734375 0.46411245156250003 0.7159068000000001 0.4617792234375
2 0.5663007875 0.2643171328125 0.54464974375 0.244007234375 0.5162218625 0.244647971875 0.4060101125 0.23461085937499998 0.39451647031250003 0.23720437187500001 0.3924059953125 0.2413549265625 0.3975960515625 0.2506818875 0.39526287031249996 0.2590819296875 0.384768790625 0.2606625375 0.3890706390625 0.2688776609375 0.40314538750000006 0.27121322187499997 0.4455366640625 0.2750327890625 0.46050223749999997 0.2603704 0.56230254375 0.2683687515625 0.5663007875 0.2643171328125
7 0.1202094890625 0.9743904578125001 0.1128054578125 0.917009428125 0.10403735 0.885656509375 0.0602846140625 0.8897552624999999 0.0497070203125 0.8929294296875 0.06048984843750001 0.977652421875 0.099699903125 0.979707334375 0.11721080625 0.977429171875 0.1202094890625 0.9743904578125001
7 0.15357521093749998 0.8072906578125 0.08686826875 0.7798256765625 0.0413112796875 0.782231940625 0.0374243890625 0.784158815625 0.045881040625 0.8575743578124999 0.0981565734375 0.85338961875 0.1062365734375 0.8436928203124999 0.1339711140625 0.83822194375 0.1366661921875 0.8229164843750001 0.1556273921875 0.822312265625 0.157904896875 0.8149745953125 0.15357521093749998 0.8072906578125
7 0.137338596875 0.97262493125 0.1450288609375 0.9703647359375 0.182035215625 0.96857564375 0.213517453125 0.9638338187500001 0.2289258234375 0.95878224375 0.26212880156249996 0.95732646875 0.26604353125 0.9548684062499999 0.268543740625 0.9432812515625001 0.2651883953125 0.91700580625 0.2330232828125 0.8444783375 0.2240576921875 0.8349535078124999 0.16434243906249998 0.83661776875 0.1070691046875 0.8458670312500001 0.1064540453125 0.8756629109375 0.117620334375 0.9154353265624999 0.11912902968750001 0.95888713125 0.12423557031250002 0.9698076515625 0.137338596875 0.97262493125
7 0.103134390625 0.794526915625 0.1391690203125 0.793219540625 0.1777569203125 0.7973724265625 0.2255357375 0.788690865625 0.24089366406249998 0.7484820859375 0.232732765625 0.741662653125 0.2167980859375 0.7386969718749999 0.2114688390625 0.732025940625 0.21133488281249999 0.6984622921875 0.19168034375 0.6942363734375 0.1632803015625 0.694345925 0.08349293437500001 0.699752053125 0.0786621609375 0.7016294624999999 0.07638465625 0.7089671328125 0.0936398703125 0.7950946171875 0.098303615625 0.7964043234375 0.103134390625 0.794526915625
7 0.0323483046875 0.7545973234375001 0.0426475171875 0.756735015625 0.0845124828125 0.7525373281250001 0.0747752703125 0.7035563390624999 0.08632458750000001 0.6999004531249999 0.1034258578125 0.6986661140625 0.1048429921875 0.6896854203125 0.0679201546875 0.68988095625 0.025111303125 0.694029178125 0.0323483046875 0.7545973234375001
7 0.2070408875 0.6359178046875 0.20432058749999998 0.6336446609374999 0.1902458375 0.6313091 0.184473796875 0.615027253125 0.1650698015625 0.606020659375 0.16082363125000002 0.596743165625 0.0592990890625 0.6015427421874999 0.068173315625 0.66699049375 0.0724751625 0.6752056171875 0.17680351875 0.6710856281249999 0.186325875 0.6699867375 0.19409965625 0.6661329859375 0.20523401562500002 0.652335103125 0.2070408875 0.6359178046875
7 0.148254765625 0.5476137765625 0.13668284375 0.515581271875 0.0437646140625 0.51870130625 0.0416263015625 0.5233830453125 0.0548049921875 0.5789361328125 0.1543860890625 0.57509999375 0.15644088750000001 0.5720118125 0.15213903906249998 0.5637966890625 0.16649217031250002 0.560820390625 0.17162916718750001 0.5530999359375001 0.1670489359375 0.5501966734375 0.148254765625 0.5476137765625
7 0.47539714999999994 0.7346722953125 0.4345978890625 0.6643555531249999 0.42818556562500004 0.660290984375 0.39409438125 0.6606349203125 0.3654716328125 0.664993959375 0.33238000625 0.6643249890625 0.3046733046875 0.6692646812499999 0.2687221890625 0.6689784984375 0.23923907031249997 0.6716945109375 0.2334365734375 0.6740536406250001 0.23174105625000002 0.6883461921875 0.24747824999999998 0.7131399640625 0.2470606765625 0.7211077515625 0.29010175 0.838947375 0.302756746875 0.8683734171875 0.31394416875000003 0.8716229500000001 0.3337378984375 0.873192940625 0.3435108015625 0.867313378125 0.388346609375 0.8606081609375 0.4096675203125 0.8601276078125 0.42693451250000003 0.8647610468750001 0.46974336250000004 0.8606128249999999 0.471742484375 0.858587015625 0.4869559859375 0.8572537406249999 0.4882339296875 0.8509289765625001 0.5157736015625 0.8491764015625 0.5222694375 0.8516474125 0.5383433078125 0.8519571625 0.5462841187499999 0.8449162953125 0.486888171875 0.7501885703125 0.49491249687499994 0.74155414375 0.4893883828125 0.7386014140625 0.48366939999999997 0.7393669843749999 0.47539714999999994 0.7346722953125
7 0.381118409375 0.547034165625 0.3617448703125 0.5193866 0.36021899999999996 0.5123822484375 0.340650590625 0.48845298281250005 0.214114425 0.4828867921875 0.1589237265625 0.48851668750000005 0.164999371875 0.517065278125 0.1996872984375 0.6136939796875 0.207015665625 0.618339203125 0.22128528281249998 0.6169564609375 0.2585674015625 0.627965296875 0.270422940625 0.6184663671874999 0.38835279375 0.6257120984375 0.39393258593749997 0.627602459375 0.409173925 0.6257379984375 0.3991252578125 0.6188196328125 0.399431478125 0.6129765875000001 0.40903735 0.6102841406249999 0.4102317796875 0.605552934375 0.405403621875 0.5893205546875 0.39987950781250003 0.5863678234374999 0.39649370625 0.578733353125 0.4098194390625 0.577301146875 0.42142443281249997 0.572582890625 0.42262147812500006 0.5497418953125 0.3913619453125 0.5502342312499999 0.381118409375 0.547034165625
7 0.2718462578125 0.3745896140625 0.260104690625 0.3638540109375 0.1163280640625 0.362178090625 0.11393920625000001 0.37164050312499997 0.143938165625 0.44938089843749995 0.170366925 0.45076597031250004 0.203569903125 0.44931019531249994 0.2440734109375 0.453030828125 0.25739914375 0.451598621875 0.2799410140625 0.4549105703125 0.2914346546875 0.4523170578125 0.2999017734375 0.4532934453125 0.313366696875 0.4492053078125 0.3147838328125 0.4402246140625 0.30759465625 0.43292346249999997 0.31625664375 0.4301815484375 0.333330075 0.4294783953125 0.333886840625 0.41885467656250003 0.318091353125 0.41323306718749997 0.3085411578125 0.41486314062499996 0.3059322109375 0.41046525312500004 0.296382015625 0.41209532812500005 0.2718462578125 0.3745896140625
7 0.0823308609375 0.2884893171875 0.0811642703125 0.29268933750000004 0.1045586578125 0.351973675 0.20952467812500003 0.35374619687500003 0.247474915625 0.3520065703125 0.25138964375 0.3495485078125 0.26174453125 0.3506238296875 0.269214709375 0.334503334375 0.23556893437499998 0.3263482953125 0.2128374328125 0.290535071875 0.0823308609375 0.2884893171875
7 0.2145355671875 0.2581327296875 0.2167573953125 0.2518574328125 0.1915230640625 0.245741153125 0.17153970000000002 0.2116698890625 0.057218353124999996 0.2078091390625 0.056689425 0.21790167187499998 0.0723961640625 0.2613364171875 0.1942129078125 0.2666552734375 0.2145355671875 0.2581327296875
8 0.1338276390625 0.6784209640625 0.124193928125 0.681644596875 0.12827306875 0.6941092078125 0.13585198125 0.6939737578125 0.1338276390625 0.6784209640625