7 1 0.4825396203125 0.9791252874999999 0.1840173265625 0.97764595625 0.18610878749999998 0.9717144937500001 0.18652355468749998 0.962072903125 0.1958727375 0.9458961875 0.1970039234375 0.9357232812499999 0.1832569875 0.9231869875 0.1822058375 0.9174593796874999 0.17778691875 0.89474490625 0.1784113828125 0.8459871890624999 0.2560401109375 0.8465908499999999 0.2646728765625 0.8502286328125 0.27020181718749997 0.8966663203125 0.2756295546875 0.9018520656250001 0.2877974546875 0.8614589046875001 0.34556354843750003 0.8539045 0.3615139859375 0.849118559375 0.3628125390625 0.8427793859375001 0.37289468124999997 0.8424413828124999 0.3758099765625 0.8491803609374999 0.37919428593750004 0.8488423578125 0.38210958125 0.8356247874999999 0.40231157343749996 0.8339374062499999 0.409176771875 0.8244299625 0.420444346875 0.8251651359375 0.43870678124999996 0.8541687078125 0.5745144140625 0.8684251937499999 0.6699061484375 0.8738095265625001 0.6926629140625 0.8799422078125 0.695125734375 0.9416281218749999 0.6551484375000001 1 0.612126184375 1 0.4825396203125
7 0.8708424765625 0.6967259359375 0.8707109656249999 0.6870962671874999 0.8501258484375 0.5709415734375 0.8260370921875 0.45117633125 0.8196413859374999 0.42945417499999994 0.8104101421875001 0.421424709375 0.7488741921875001 0.41705274374999995 0.72688961875 0.45136219375 0.7224364109375 0.46516800312499995 0.7586288437500001 0.4713121578125 0.76226399375 0.484552375 0.7137101296874999 0.5573474140625 0.717745084375 0.5840540828125 0.716122140625 0.599589753125 0.718005471875 0.611024696875 0.7326078671875 0.6803673078125 0.7427596921874999 0.7558044515625 0.74902125 0.7756082156249999 0.7496249109375 0.7842409828125 0.75501715 0.7838639203125 0.798906040625 0.7528422031249999 0.8708424765625 0.6967259359375
7 0.7083665156250001 0.612662603125 0.71018804375 0.6077157984375 0.7049352234375 0.5945887015625 0.7019787171874999 0.5678066187499999 0.68957920625 0.5609625859375 0.6687506984375 0.5653107171875 0.6518335375000001 0.5636020203125 0.6453602171874999 0.5717657703125 0.63814118125 0.592512190625 0.6428574109375 0.59796571875 0.6624036156249999 0.5985266874999999 0.66684891875 0.6078547046875 0.633468303125 0.657419340625 0.6317138484375 0.66332534375 0.6335945421875 0.6824715609374999 0.654096775 0.8439347125 0.657938415625 0.8446299671874999 0.7066132484375001 0.8123096984375 0.7337164921875 0.7892089515625 0.7218181203125 0.6965439828125 0.7138073796875 0.6672236687499999 0.7083665156250001 0.612662603125
7 0.58116095625 0.66878811875 0.583113996875 0.6734709796875 0.5940326203125 0.67463525 0.5992157296875 0.6945144265625001 0.585727228125 0.7185909078125 0.5835624265625 0.7418755609375001 0.5875303062499999 0.767623034375 0.59544761875 0.873096909375 0.5974006593750001 0.8777797734374999 0.60683839375 0.873264275 0.6274012421874999 0.8573680843749999 0.6418984828125 0.8399682687500001 0.6280787 0.650085128125 0.5907381093749999 0.6507684625 0.58116095625 0.66878811875
7 0.5669885421874999 0.72182901875 0.5453551515624999 0.71466679375 0.540636284375 0.7169245421875 0.5328135859375001 0.729038196875 0.5383373359375 0.7382908031250001 0.5432574234375 0.7389106421875 0.550331771875 0.747090934375 0.5376560578125 0.75954394375 0.53097888125 0.77254138125 0.53767305625 0.90701738125 0.5394919484375 0.9097818500000001 0.5464347843749999 0.9083324734374999 0.5862111062500001 0.8804899953125 0.5795840046875 0.746973190625 0.5771667218750001 0.7201534046875 0.5748086046875 0.7174266406250001 0.5669885421874999 0.72182901875
7 0.8758888062500001 0.7223979968750001 0.8558704515625 0.722833928125 0.8576814359375 0.7487322265625 0.813457178125 0.7749579625 0.8294654828124999 0.87215496875 0.835925625 0.9025475984375 0.9213991890625 0.8772929765624999 0.9108370171875 0.81923448125 0.894549875 0.74904579375 0.8887578328125001 0.735956403125 0.879253025 0.7395127031250001 0.8758888062500001 0.7223979968750001
7 1 0.6803248375 0.998979159375 0.67716299375 0.9821290734374999 0.6764134953125 0.9780165046875 0.6795927328125 0.96999785625 0.6734062468750001 0.9689891171875 0.666729578125 0.9368395453125 0.6641582640625 0.914321021875 0.68308286875 0.9383822374999999 0.6862197765625 0.9431629062500001 0.7003437765625 0.8913198046874999 0.7338494796874999 0.9118483921875 0.818199875 0.9217371921874999 0.87437768125 0.925240828125 0.877988228125 0.9402049484375 0.8750140625 1 0.8551960984375 1 0.6803248375
7 0.20357805 0.6701302390625 0.2065530046875 0.642933390625 0.20528124218750002 0.6169973875 0.2161670546875 0.5169558734375 0.215228025 0.503527128125 0.21091950625 0.488406225 0.20273917031250002 0.3636730125 0.19037655625 0.2488711171875 0.19280438125 0.2448458015625 0.2216568078125 0.23126160625 0.2223998890625 0.2263902125 0.2178901484375 0.208391721875 0.2217370609375 0.1936644234375 0.21994188750000002 0.121498471875 0.20680193125000002 0.11181455468749998 0.18853539375 0.1140557625 0.1871702046875 0.164273321875 0.1893218296875 0.17954504843750002 0.1813005453125 0.18106983593749998 0.17449976250000002 0.16130377812500002 0.16676785624999999 0.10497514687500001 0.1566752015625 0.053631026562499996 0.15741828125 0.048759632812499995 0.151288234375 0.0385855359375 0.148278253125 0.023373831249999998 0.11791064843750002 0.025497340624999996 0.11812728750000001 0.0370488296875 0.140782328125 0.40752480156250004 0.14555245625 0.45249390468749995 0.1599562671875 0.5112476499999999 0.1812871015625 0.614819675 0.1842515140625 0.6184679296875 0.1923240578125 0.664169990625 0.19569091249999998 0.673573421875 0.2011502234375 0.67415555625 0.20357805 0.6701302390625
7 0.234922740625 0.6611912015625 0.23419020000000002 0.635217490625 0.231566428125 0.620942665625 0.22915705156250002 0.5709890515625 0.222157684375 0.5406341296875 0.2212883640625 0.520453303125 0.2316703984375 0.5139440015625001 0.23308684999999998 0.51095329375 0.23174274375 0.49948064687500004 0.2421944875 0.48621926562500006 0.23977456875 0.46711075312499994 0.2413975109375 0.45157508437500005 0.24443426875 0.44075998125 0.24766961250000002 0.4405337453125 0.2463228703125 0.43677237187499995 0.24868625781249998 0.42407658281250005 0.246743759375 0.38854861875 0.243983203125 0.380066678125 0.2122387078125 0.3755392640625 0.20482372187500003 0.37798554375000004 0.20965565156250002 0.43933639375 0.20812468750000002 0.58017086875 0.20215896249999998 0.6808322234374999 0.2002032875 0.6838606375 0.20349779843750002 0.707727421875 0.2098237953125 0.736201659375 0.21144146562500002 0.7360885406250001 0.217225603125 0.772311759375 0.22429994999999997 0.7804920515625 0.22578083906250002 0.786171815625 0.22894910781250002 0.7849863828125 0.234922740625 0.6611912015625
7 0.2636870078125 0.708338015625 0.26692498750000004 0.700400503125 0.2638264265625 0.69483385625 0.2610685046875 0.6786406390625 0.262090421875 0.646760928125 0.25521729375 0.6414582249999999 0.23951273125 0.641592509375 0.23755705625 0.6446209234375 0.2397731171875 0.6685631203125 0.23815544531250002 0.6686762390625 0.238219884375 0.6773467125 0.240484571875 0.7562270375 0.23081662500000003 0.8426889796875001 0.2339743515625 0.87234865 0.23673490937500002 0.8808305890625 0.2406436234375 0.8824850390625001 0.24604376874999997 0.8589741500000001 0.25293534375000004 0.810297921875 0.25195032500000003 0.734219771875 0.2550567921875 0.7166525906250001 0.2636870078125 0.708338015625
7 0.273929625 0.7153328734375 0.2715044359375 0.7116469140625 0.2649666765625 0.7111401921875 0.2526289671875 0.7206779062499999 0.25480286093750004 0.8680005187500001 0.2531799171875 0.8835361890625 0.24629888437499997 0.9013673140625 0.24750620781250002 0.9186328453125 0.2549238296875 0.908475290625 0.261810134375 0.8752216140625 0.26486270625 0.8181388578125001 0.2626071765625 0.7781343234375 0.27708208125 0.7604150953125 0.2731089296875 0.750090175 0.273929625 0.7153328734375
8 0.058333795312500006 0.25906833281249997 0.043774753124999996 0.2600864 0.0397266203125 0.2719361109375 0.0401935 0.2863617609375 0.0500954796875 0.3039831890625 0.0720642359375 0.31594139375 0.0872295765625 0.315844815625 0.098421765625 0.30542331875 0.095325840625 0.2921453953125 0.0904754609375 0.284773475 0.058333795312500006 0.25906833281249997
8 0.18552591093749998 0.6366926562499999 0.18074787812499998 0.61485738125 0.1694912515625 0.6166084078125 0.1693518328125 0.6301125671875 0.1774375546875 0.63725825 0.18552591093749998 0.6366926562499999
8 0.8226901375000001 0.1863416015625 0.8129867453124999 0.1793090375 0.780365021875 0.1777346265625 0.773017109375 0.1811401015625 0.7666108609375 0.190263046875 0.7646525515625 0.2010027375 0.7655245078124999 0.2134722875 0.77050903125 0.22276259999999998 0.7807516484375 0.22975745781249998 0.7985460343749999 0.22851315312499998 0.81971518125 0.2135384515625 0.8269315828125 0.20050330781249998 0.8271354390625 0.1956696203125 0.8226901375000001 0.1863416015625
8 0.7493595187500001 0.3774994625 0.741941896875 0.3876570171875 0.7440238124999999 0.40968082343749995 0.7510310859375 0.41690191875 0.7688254718749999 0.4156576140625 0.778872140625 0.40435233125 0.7790759953124999 0.39951864375 0.7721384296875 0.38554546875 0.7646590062499999 0.3793212765625 0.7493595187500001 0.3774994625
8 0.6121992703125 0.5702290640625 0.606804396875 0.578317403125 0.6085535796875 0.5878339515625 0.61771775 0.594904221875 0.628502225 0.5941500984375 0.6347716906249999 0.5908200359375 0.641043790625 0.5797786953124999 0.6388895328124999 0.5722182453125 0.633296071875 0.56971771875 0.6121992703125 0.5702290640625
8 0.6041542671875 0.6411553359375 0.6104881703125 0.64649574375 0.6186436 0.6468893484375 0.6293636390625 0.637464753125 0.6249183359375 0.6281367328125 0.6073948812500001 0.625506546875 0.60301138125 0.6325602765625 0.6041542671875 0.6411553359375
8 0.5524347703125 0.7074245343750001 0.5523650609375 0.7141766140625 0.5589001859375 0.7223946125 0.563213975 0.7220929625 0.5750124609375 0.7125929531249999 0.5762276921875 0.70672465625 0.5721848296875 0.703151815625 0.5575587140625 0.7032106875 0.5524347703125 0.7074245343750001
8 0.865106965625 0.7154408437499999 0.877643259375 0.71649199375 0.883239353125 0.7112812453124999 0.883915359375 0.7054506546875 0.8809509468750001 0.7018024015625 0.8729296625 0.7033271890624999 0.8636931499999999 0.7107202765625 0.865106965625 0.7154408437499999
8 0.951468296875 0.6563881171875 0.9537593390625 0.6581556843749999 0.96198184375 0.6595084828125 0.9729031031250001 0.6529614765625 0.9772866015625 0.6459077468750001 0.9747272656250001 0.6403033953125 0.970885625 0.6396081421875001 0.9533568984375 0.6524005078124999 0.951468296875 0.6563881171875
5 0.63196923125 0.3105250484375 0.597464178125 0.29751569375 0.547150590625 0.3916392875 0.5370986515625 0.41836712187499997 0.5359504953124999 0.4251946140625 0.5388478343750001 0.427883671875 0.5713301375000001 0.44296224375 0.5831930625 0.44213270624999995 0.648811409375 0.334408375 0.6511050875 0.3284646671875 0.649895128125 0.3189104109375 0.6400575890625 0.3099594546875 0.63196923125 0.3105250484375
5 0.4924376890625 0.5390842671875 0.4885237046875 0.55285236875 0.4916222640625 0.558419015625 0.5193212640625 0.5670848640624999 0.5261970265625 0.5646762890625 0.5603286296875 0.4871064328125 0.562219865625 0.4754075484375 0.557503634375 0.4699540203125 0.522322575 0.46277525468749997 0.4924376890625 0.5390842671875
5 0.044521653125 0.4412448234375 0.0181023234375 0.4353811515625 0.015202346875 0.44040336875 0.0157389359375 0.4480769390625 0.029614065625 0.47602328906249997 0.0467863390625 0.5201251499999999 0.048404010937500005 0.5200120312500001 0.050823929687500005 0.5391205421875 0.0878909546875 0.5500229734375 0.0821686203125 0.530181503125 0.044521653125 0.4412448234375
5 0 0.3943565015625 0.020607762499999998 0.40146992968750006 0.0264721515625 0.40009596406250003 0 0.332603384375 0 0.3943565015625
1 0.4825396171875 0 0.4478666015625 0.0024245734375 0.44738917968749997 0.018844026562499998 0.44177990781250004 0.0626111546875 0.43367837343750004 0.10173312812499999 0.43245787187499996 0.123023975 0.4297143125 0.26201547187499996 0.4340819984375 0.301229396875 0.4371752875 0.32221859531249997 0.44121815 0.3257914359375 0.4522735546875 0.321162821875 0.4644126796875 0.301036240625 0.4720447 0.2551998953125 0.478051140625 0.23261049687500002 0.490567803125 0.093899484375 0.56254495625 0.1158551734375 0.5959741984375 0.12122866406249999 0.6099269421875 0.11928910781249999 0.625499996875 0.10952515468749999 0.632512540625 0.1013236984375 0.6452605984375 0.074407334375 0.6667164890625 0.009290485937499999 0.66908429375 0 0.4825396171875 0
1 0.436550540625 0.3752760359375 0.43392413281250003 0.3687124859375 0.436290153125 0.348305421875 0.44404314375 0.3429438484375 0.47342688906249997 0.352455775 0.5219543953125 0.35677349375 0.5369185140625 0.3537993265625 0.5715946125 0.2607692109375 0.5793502375 0.24769636093749997 0.5736305390625 0.220143615625 0.5652120843749999 0.2004906765625 0.561987284375 0.169871809375 0.560790503125 0.12176117500000001 0.5589045375 0.11803750937499999 0.5521655578125 0.11465319843749999 0.5491932390625001 0.134138771875 0.5417138125000001 0.127914578125 0.5219663875 0.124476021875 0.5152247734375 0.12880298750000002 0.520774153125 0.16166901875 0.51177503125 0.1647080140625 0.5114988312500001 0.1840050578125 0.48433641875 0.18301277968750002 0.47967144843750004 0.22478610156249998 0.4719776265625 0.2542407 0.46528990625000005 0.29808324218750004 0.46151270312500003 0.306058459375 0.455176165625 0.308429328125 0.45079003125000006 0.32319433124999997 0.44728507500000003 0.32343942187499997 0.44223479374999997 0.3093342765625 0.433880778125 0.2983518078125 0.4322657421875 0.29075365 0.42964987343749994 0.25334499843749997 0.42473769375000003 0.22959133125000003 0.43027198593750005 0.20799883281249998 0.4289278796875 0.1965261859375 0.4246140875 0.1968278359375 0.42009380625 0.2096744484375 0.41503957031249994 0.207136215625 0.40292153124999996 0.16557258749999998 0.39732807187499997 0.16307206093749999 0.417792221875 0.23875198437499998 0.4134678890625 0.26989873593749997 0.41487906875 0.28233058125 0.411134678125 0.3915115828125 0.40531891406250004 0.44782367343749996 0.4064538921875 0.4795525609375 0.4040905078125 0.49224834843750004 0.4040799640625 0.5230934515625 0.40751389062500004 0.5334560781250001 0.4062315890625 0.5383651781250001 0.40353546875 0.538553709375 0.404879575 0.5500263578125 0.4217375671875 0.5276420296875 0.424436321875 0.5197422234375 0.42572653125000004 0.4916992953125 0.428559434375 0.4857178828125 0.43146731718750003 0.4575618375 0.433041634375 0.3870880390625 0.436550540625 0.3752760359375
1 0 0.5174603765625 0.0008997328125000001 0.53032715625 0.0047242484375 0.530777509375 0.035999228125 0.52859055 0 0.45142285 0 0.5174603765625
1 0.06470696718749999 0.5439330640625 0.052371892187500005 0.545759503125 0.0423304953125 0.5416422328125 0.0374801171875 0.5342703140625 0.034175065625 0.54124863125 0.021641406250000002 0.5324862046875001 0.016788390625 0.5328255609375 0.013209775000000002 0.55138964375 0.013880509374999999 0.56098160625 0.0072651359375 0.5903607921875 0.006479520312500001 0.61012185 0.015181845312500001 0.734570896875 0.018809690625 0.7322087109375001 0.0232628984375 0.7184029015625 0.030170287499999997 0.6234590203125 0.0288340875 0.5888525437500001 0.033351734375 0.5837172078124999 0.0499282546875 0.5960524734375 0.10856423125 0.6054466578125 0.10775934843749999 0.5939363015625 0.09085536718750001 0.5536712265625 0.06470696718749999 0.5439330640625
1 0.713841640625 0.5669770828125 0.7046722 0.5753293640625 0.713066934375 0.6643837859375 0.71892078125 0.6938549265625 0.723502865625 0.6973900609375 0.7257294703125 0.69048715625 0.7303812625 0.6872702125 0.7315294203125 0.6804427203125 0.7281033984375 0.646946265625 0.713841640625 0.5669770828125
1 0.4326720078125 0.4722971953125 0.42323629843750005 0.5227283984375 0.408780096875 0.5391653140625 0.4048680046875 0.631999925 0.41813936093750004 0.61101728125 0.4326720078125 0.4722971953125
1 0.43928954062500003 0.36795174531249997 0.435283175 0.45739307656249995 0.502947925 0.4724165953125 0.5303691890625 0.3810234625 0.43928954062500003 0.36795174531249997
1 0.4231289140625 0.5211927265625 0.42172292968749997 0.556587284375 0.45557978749999994 0.5513197625 0.44848283125000005 0.487023584375 0.4317723546875 0.47122287343749997 0.4231289140625 0.5211927265625
1 0.33130701875 0.6710832171875001 0.3395966515625 0.7152404109375 0.35438276874999997 0.6787248406249999 0.36596033125 0.5591297484375 0.402522140625 0.5488591140625 0.3978625703125 0.6186059734375 0.4061601671875 0.6380803687500001 0.41147490781249996 0.6171292484374999 0.4050827078125 0.6350703125 0.4023910640625 0.6213747093750001 0.40783378125 0.46364062031250003 0.3562869453125 0.4579889265625 0.30545424374999997 0.298271734375 0.353050615625 0.46130063281250006 0.3325512265625 0.49050269375 0.33069061718750004 0.5754798671875 0.33130701875 0.6710832171875001
1 0.426134746875 0.5641781453125 0.41080394218749994 0.6177010234375 0.40303911875000004 0.6182439937499999 0.40198146875 0.5535255046875001 0.366175034375 0.562200134375 0.357623115625 0.6630722140625 0.3474767546875 0.6915493578125 0.337665353125 0.71241825625 0.342280396875 0.7536197687499999 0.358032709375 0.73092141875 0.3617222015625 0.659700178125 0.3677733546875 0.6222522328125 0.3967811609375 0.6279377937499999 0.43743810937500005 0.6266370015625 0.4453221625 0.590604071875 0.426134746875 0.5641781453125