5 0.507983225 0 0.505834671875 0.0052640703125 0.5067284265625001 0.01012515625 0.5000403078125 0.0253635921875 0.500451446875 0.03124314375 0.5350185078125 0.07412296093750001 0.539496153125 0.0747945703125 0.61056074375 0.1564803453125 0.6204812703125 0.1557866359375 0.6543926609375 0.110087771875 0.6531562890625 0.10032705625 0.63477195625 0.07502525625 0.6247858625 0.0668610984375 0.617075809375 0.051644765625 0.605367771875 0.0426163015625 0.5733096343749999 0 0.507983225 0
5 0.786342003125 0.23084361874999998 0.7877213328125 0.2268082984375 0.7784949046875 0.21366743437500002 0.6997858265625 0.1256231953125 0.6846279890625 0.13062200156249998 0.6606430375000001 0.15987126875 0.65698766875 0.1709587640625 0.6602915546875 0.17860547031250001 0.7516083390625 0.2647833765625 0.76373638125 0.2560575640625 0.786342003125 0.23084361874999998
5 0.10953573125 0.2939259953125 0.12323685 0.31561641093750004 0.1320521390625 0.3228777203125 0.14204414375000002 0.31528599218750003 0.1962496453125 0.3459606703125 0.2043111828125 0.3424428 0.21410057343750002 0.3240333546875 0.21320681874999997 0.3191722671875 0.20432300468750003 0.31093102968749997 0.08289611718749999 0.237690515625 0.07462901093749999 0.23826860781249998 0.0637343828125 0.2646330765625 0.0704136328125 0.2730284703125 0.10953573125 0.2939259953125
5 0.37513809062500003 0.40139704218750005 0.271413259375 0.3357811328125 0.266452996875 0.3361279875 0.2564580359375 0.3515976578125 0.2539734703125 0.36358799999999997 0.2572088328125 0.37025478125 0.356113403125 0.4302994546875 0.3773396953125 0.409120828125 0.378167884375 0.405124046875 0.37513809062500003 0.40139704218750005
5 0.4895342453125 0.484976365625 0.48685002343750006 0.47827104531250003 0.4108818671875 0.42942382187500006 0.3971033578125 0.430387309375 0.3862802078125 0.449853759375 0.3871739640625 0.4547148484375 0.41066151875 0.465873759375 0.417272246875 0.4732892265625 0.46638043749999997 0.502350909375 0.4734767390625 0.5008699703125 0.4895342453125 0.484976365625
5 0.5158430671875001 0.504800446875 0.510951328125 0.506127228125 0.5072274359375 0.516234796875 0.5207944640625 0.5280874203125 0.573209496875 0.5569178640625 0.58595425 0.5570113796875 0.598150815625 0.5492654953125 0.5995301453125 0.545230175 0.5980167265625 0.5394277015625 0.5878250625 0.5283237671875 0.5310038625 0.491923696875 0.5265262171875 0.49125208750000005 0.5192213906250001 0.4976711921875 0.5158430671875001 0.504800446875
8 0.4787844546875 0.12532164375 0.46700493749999994 0.12319119687499999 0.4475720671875 0.1383361140625 0.44453636249999995 0.1503649953125 0.453074603125 0.16158454687499998 0.4696773375 0.1614082875 0.4776018265625 0.15593056875 0.48270504843750006 0.14178767812499998 0.48257095781250003 0.1319498859375 0.4787844546875 0.12532164375
8 0.6124976625 0.31882320625 0.6189713453125 0.324278825 0.6326128078125001 0.3213554875 0.637781596875 0.3160704640625 0.640817303125 0.3040415828125 0.6383416046875 0.2923980984375 0.629317790625 0.290074953125 0.614362565625 0.30589147968749997 0.6124976625 0.31882320625
8 0.7478371515625 0.40093802656250005 0.7531400296874999 0.40549080000000004 0.7641628359375 0.40472000937499997 0.770502428125 0.400337834375 0.77388075 0.3932085796875 0.77347256875 0.3794510859375 0.76327795 0.37622509375 0.7488738640625 0.39200308125 0.7478371515625 0.40093802656250005
8 0.8756662437499999 0.48653217812499994 0.8838677828125 0.47709621875 0.8824943640624999 0.4653756515625 0.8736075968750001 0.465012359375 0.8585868046874999 0.47197101718749995 0.8542432484375 0.48113720000000004 0.8601657906250001 0.4866313578125 0.8756662437499999 0.48653217812499994
8 0.0937345828125 0.36100695625 0.099525990625 0.348785378125 0.0976014328125 0.33710335156250004 0.086718628125 0.33195605 0.078862659375 0.33841369375 0.0764466171875 0.3513839609375 0.0837455328125 0.3607207421875 0.0937345828125 0.36100695625
8 0.22865702031250001 0.4529981125 0.2301019171875 0.457820659375 0.2365070765625 0.46229635 0.24629055625000001 0.45964279062499996 0.2491177375 0.452552075 0.24953478750000002 0.4426757421875 0.24140768281249997 0.43733574218750004 0.2312786328125 0.44296762031250003 0.22865702031250001 0.4529981125
8 0.33982668125000004 0.506276825 0.34016929687499997 0.5111764515624999 0.3460918375 0.516670609375 0.3531881390625 0.5151896703125 0.35670350625 0.5100202671875 0.3575346515625 0.49814554375000003 0.3528514359375 0.49453415781250004 0.34520399375 0.49605363750000003 0.33982668125000004 0.506276825
8 0.49542131562499997 0.585005834375 0.49886816093749997 0.5788565046875 0.498871115625 0.5709785625 0.49315414375 0.5684241812499999 0.47765073437499994 0.5764013046875001 0.47971529375 0.5821652390625001 0.4855007890625 0.5856995453125 0.49542131562499997 0.585005834375
8 0.580273284375 0.6420942937499999 0.584202746875 0.6349265 0.5842742249999999 0.6280284828125 0.5802106734375 0.6253584828125 0.56518988125 0.632317140625 0.5667033015625 0.638119615625 0.5747618812499999 0.6424796890625 0.580273284375 0.6420942937499999
8 0.07140063437500001 0.580191153125 0.0724314375 0.5870120921875001 0.077046128125 0.5896435515625 0.0853132328125 0.589065459375 0.0877263203125 0.5839731359375 0.087660753125 0.5751152687500001 0.0802218359375 0.5716965796875 0.0758812359375 0.572984821875 0.07140063437500001 0.580191153125
1 0.9614168046874999 0.16838062812500001 0.95748143125 0.19130430625 0.9549312984375 0.1944367796875 0.9564358500000001 0.22387308125 0.939559025 0.220129640625 0.9306781671875 0.20401046093750003 0.926611659375 0.209218403125 0.9235133421875 0.20451147500000003 0.92234549375 0.1957306859375 0.9174537546874999 0.19705746562499998 0.9498014749999999 0.2794811546875 0.9486932828124999 0.29531411875 0.9506148828125 0.3148740875 0.961274384375 0.36434926875 0.971734228125 0.39512878906250004 0.9895615093749999 0.4362250140625 0.9974644250000001 0.4462791984375 0.9870258515625 0.2970006515625 0.97432574375 0.28170511875000004 0.97226709375 0.2601852984375 0.973923471875 0.25219173906250003 0.97310710625 0.224676746875 0.9777932781249999 0.2204101921875 0.971459596875 0.20903648125 0.9711317609375 0.164747140625 0.967491171875 0.1364449234375 0.9598407734375 0.14584234375 0.9614168046874999 0.16838062812500001
1 0.876591978125 0.222563290625 0.8741670671874999 0.2591673859375 0.8972198359375 0.3274702859375 0.9149130265625001 0.3587287171875 0.9218008031249999 0.3621859453125 0.9339199796875001 0.3770939625 0.94556245 0.37726455937500003 0.9507997609375 0.3729594625 0.9513568125 0.3571650375 0.95157125 0.336470984375 0.946420196875 0.2944883515625 0.9353347781249999 0.2785233296875 0.9217140078125 0.2263010703125 0.92000093125 0.20180293593749998 0.9220714015624999 0.191810984375 0.9165417250000001 0.057291428125 0.9122696484375 0.059559595312500005 0.899801946875 0.055507837500000004 0.8987085328125 0.0319510875 0.8936112234375001 0.03033809375 0.890301425 0.038447271875 0.8918804109374999 0.053107614062499996 0.8900574296875 0.13792074999999998 0.8831666968749999 0.142341465625 0.8591994812499999 0.1243230765625 0.8656613406250001 0.1612904640625 0.8721976328125001 0.1834818921875 0.8726028609375 0.20511733125 0.876591978125 0.222563290625
1 0.7064023359375 0 0.70575270625 0.0129482125 0.713108321875 0.054776689062499995 0.7164659515625 0.1027930328125 0.72066655 0.10742288281250001 0.7227340640625 0.105308875 0.7524123406250001 0.1416375296875 0.7593001171875 0.1450947578125 0.7629466203125 0.157641090625 0.7743090859375 0.1696478703125 0.7818850484375 0.175026409375 0.7928393328125 0.17327569375000001 0.7974510687499999 0.183785096875 0.7961402640624999 0.1888003421875 0.801237571875 0.1904133390625 0.8064660171875 0.2097420703125 0.8122515124999999 0.21327637500000002 0.8156209671875001 0.22978095 0.8094184203125 0.236122975 0.8052804328125 0.24822893750000002 0.7977015140625 0.2507283390625 0.8530837312499999 0.266549978125 0.871551365625 0.2534419921875 0.8742474140625 0.22863554062500002 0.8686196546874999 0.1719154859375 0.86228893125 0.1526638328125 0.8635312125000001 0.1466686625 0.8422748234374999 0.064454109375 0.8366978515625 0.0559816375 0.8330856125 0.0439252671875 0.834922165625 0.0147476921875 0.8345979109374999 0 0.817127484375 0 0.8142558796875001 0.0122539515625 0.8023591703124999 0 0.7064023359375 0
1 0.6131459312499999 0 0.62039151875 0.0277797015625 0.6378076625 0.06299637500000001 0.677194984375 0.111447428125 0.6917957703125001 0.1222430453125 0.7000628765625 0.121664953125 0.7119168265625 0.10901944062499999 0.7142643453125 0.0950692484375 0.7099444375 0.041211890625000004 0.7012731125 0 0.6131459312499999 0
1 0.690870575 0.568384540625 0.6943174187500001 0.5622352109375 0.691099790625 0.508300775 0.67711866875 0.49844654374999997 0.6738803484375 0.49965770468750004 0.67482785 0.54488843125 0.6704813374999999 0.5619325578125001 0.6683452984375 0.5630666421875 0.6695816703124999 0.57282735625 0.674950115625 0.5862379953125 0.688925325 0.6118481124999999 0.6946422984375 0.61440249375 0.7019412140625 0.6237392734375 0.715442675 0.626734028125 0.7241953515625 0.617259528125 0.7290930046875 0.6001768625 0.693209225 0.5780681750000001 0.690870575 0.568384540625
1 0 0.5132041546874999 0.0008812703125 0.5142227234375001 0.0145883015625 0.5201572546875 0.0185862859375 0.5139693859375 0.0201056171875 0.504015975 0.027094431250000002 0.42179575937499997 0.0308183234375 0.4116881890625 0.0310983265625 0.3998520046875 0 0.3832827203125 0 0.5132041546874999
1 0.2008826109375 0.4834970796875 0.167546009375 0.4661338625 0.161048678125 0.5237017859375 0.1583467203125 0.5642641203125 0.1595801359375 0.581902778125 0.17011737031250002 0.5900283953125001 0.1899554671875 0.5965189171875 0.19202889375 0.5786490234375 0.1975698578125 0.4994842015625 0.2008826109375 0.4834970796875
5 0.3170485421875 0.6240662312499999 0.3291706734375 0.63109630625 0.3330257 0.638704471875 0.34266917812500003 0.6419690015625 0.346118978125 0.6279417328125 0.344194421875 0.6162597046875 0.3293165859375 0.6094223296875 0.3255271265625 0.6106720296875 0.3170485421875 0.6240662312499999
8 0.216049853125 0.6370370515625 0.2245940078125 0.6325007171875 0.22507957968749998 0.6236043109375 0.22101602812499999 0.620934309375 0.214953484375 0.62135824375 0.2104043609375 0.627584653125 0.21067845312500003 0.631504353125 0.216049853125 0.6370370515625
8 0.4058837140625 0.7143565359374999 0.4149790078125 0.709781665625 0.414913440625 0.7009237953125 0.413191496875 0.700059490625 0.40499291406250004 0.7016175062500001 0.401477546875 0.7067869109375 0.40237130312499997 0.711647996875 0.4058837140625 0.7143565359374999
1 0.11608546093750001 0.8311234703125001 0.11664842499999999 0.7995731609375001 0.12085493437499999 0.788447125 0.11217669062499999 0.783145665625 0.0970903328125 0.7812464546875 0.092323815625 0.8160448578124999 0.08763764375000001 0.8203114140625001 0.09562474374999999 0.8315695062499999 0.1037518484375 0.8369095062499999 0.11263861718749998 0.8372727984375 0.11608546093750001 0.8311234703125001
7 0.30882845625 0.8048442453125 0.303619096875 0.7963460671875 0.2900491125 0.7923713890624999 0.2887861390625 0.8535121578125 0.2906421734375 0.8642142578125 0.32770266875 0.8714699046875 0.3423778890625 0.8674895625 0.3428723296875 0.8349593265624999 0.3454283734375 0.8160709687500001 0.349149309375 0.8138413421875 0.351356828125 0.8058092406249999 0.3259388046875 0.7987241890625 0.32042444375 0.8069875265625001 0.30882845625 0.8048442453125
7 0.28487145625 0.8212902375000001 0.2876986375 0.8141995234375001 0.287564546875 0.8043617296875001 0.28163905 0.8067455140625001 0.2781266390625 0.804036975 0.28026563125 0.79502495 0.2835039515625 0.7938137875 0.2768932234375 0.78639831875 0.2445874234375 0.7758560390625 0.24320809375 0.7798913578125 0.23962715937499998 0.7762028953125 0.23583474531249998 0.7853305390624999 0.21895791875 0.7815870953124999 0.216267784375 0.7906376625 0.2136284375 0.8479358093749999 0.2721119265625 0.8605864343749999 0.275764340625 0.8573768812499999 0.27452796875 0.8476161671875 0.2764584375 0.8435423078125 0.2755676375 0.8308032765625001 0.2775695859375 0.8198314 0.28487145625 0.8212902375000001
7 0.19110611718749998 0.8347399687499999 0.194642175 0.774424965625 0.14304941875 0.7573536265625 0.12975352812500002 0.7572986484374999 0.12720339375 0.7604311218750001 0.1223683546875 0.7942496 0.1195293484375 0.832852084375 0.1208372 0.8357147812499999 0.1800803546875 0.8433887 0.19000087968749999 0.8426949890625 0.19110611718749998 0.8347399687499999
7 0.020502514062499998 0.7314578453125 0.017295976562500003 0.76480436875 0.020206582812500002 0.8064279859375001 0.09342313906250001 0.8238457218749999 0.0925323390625 0.8111066906250001 0.09770999531249999 0.7821878421874999 0.09868705312500001 0.748639140625 0.065761590625 0.7371554765624999 0.062460659375000005 0.721630828125 0.053573890624999995 0.721267534375 0.051089325 0.733257875 0.022984121875 0.727345446875 0.020502514062499998 0.7314578453125
7 0.12966968750000002 0.61353583125 0.11127944062499999 0.6039899140625 0.0898564453125 0.5985949374999999 0.07786249375 0.6171585421875 0.0620879484375 0.6133380203125001 0.05870962656249999 0.620467275 0.048756584375 0.7078183546875 0.0497188640625 0.7136593671875 0.055158789062500005 0.720171990625 0.14023110625 0.7408105140625 0.14388351875 0.7376009609375 0.1460910359375 0.7295688593749999 0.1520342703125 0.6799174203125 0.1523916640625 0.6454273328125 0.12063700468750001 0.6348465140624999 0.11940063281249999 0.6250857984375 0.12966968750000002 0.61353583125
7 0.2631531421875 0.6849485515625 0.2387003515625 0.6758265703124999 0.23629317656249998 0.665163009375 0.241670490625 0.6549398203125001 0.21776884062500002 0.6457793 0.21405086093749998 0.6401309859375 0.203093621875 0.6497596421875 0.1984730171875 0.6628840671875 0.18345518125 0.6619647828125 0.18097357187500002 0.66607718125 0.1753847765625 0.6891164796875 0.1777145609375 0.72243394375 0.1741218046875 0.7502572484375001 0.1841764203125 0.75940133125 0.20201848125000002 0.76110784375 0.2310859625 0.7728612859374999 0.2549905671875 0.7741438640625 0.2575406984375 0.771011390625 0.26397541874999997 0.69670765625 0.2631531421875 0.6849485515625
7 0.2833787296875 0.7603421671875 0.2838524796875 0.7829575296875 0.3067203703125 0.7931750546874999 0.35321877343749997 0.8007554562499999 0.3551492421875 0.796681596875 0.35364469062500004 0.7672452953125 0.35668039687499997 0.7552164140625 0.35545289375 0.721821871875 0.353593903125 0.7189977140625 0.28788002343749997 0.697990234375 0.285949553125 0.70206409375 0.2851810203125 0.730674628125 0.2814512171875 0.7565380828125 0.2833787296875 0.7603421671875
7 0.375130296875 0.7893760828125 0.3780856578125 0.807879046875 0.43298525625 0.82471915 0.4357409578125 0.8245264515624999 0.43739733437500006 0.8165328921875 0.43549346875 0.7497052671875 0.4286742140625 0.7472279656249999 0.42612703906249993 0.7424824953125 0.4033961921875 0.734224821875 0.3969195546875 0.736647146875 0.384177759375 0.7286756859375 0.377701121875 0.7310980109375 0.375130296875 0.7893760828125
7 0.5861154796875 0.678120296875 0.5646298734374999 0.655989509375 0.5592555156250001 0.658334753125 0.5511969359375 0.6539746796875 0.549370996875 0.746665759375 0.6035794546875 0.7694624937500001 0.60723186875 0.7662529421875 0.607717440625 0.7573565343750001 0.6070529015624999 0.6924116812500001 0.5861154796875 0.678120296875
7 0.52688119375 0.64681255 0.4923052640625 0.627566559375 0.49024070468750003 0.6218026265625001 0.49141446406249994 0.6148275296875 0.4963062046875 0.61350075 0.49809962656250006 0.6074670390625 0.4887302421875 0.6081222109375 0.47612549218750005 0.6021106015625 0.473575359375 0.605243075 0.47226750937500006 0.602380378125 0.469231803125 0.614409259375 0.45683262343750003 0.611337425 0.455378859375 0.6301487046875 0.45879909999999996 0.6949008609375 0.46120627656249996 0.705564421875 0.46774847968750005 0.711999965625 0.514723590625 0.7343177875 0.5241614984375 0.734642540625 0.5276083421875 0.7284932125 0.52688119375 0.64681255
7 0.37582977031250003 0.5776130187499999 0.352756309375 0.5644557156250001 0.3489638953125 0.5735833609375 0.34479635000000003 0.664468746875 0.3530604984375 0.6717685984374999 0.397145815625 0.6844413234375 0.4207018921875 0.6965801609375 0.4289689984375 0.69600206875 0.43161130156249994 0.6308259796875 0.430863459375 0.6042909140625 0.4184672359375 0.5933411390625001 0.41254173749999995 0.5957249234375 0.3964931 0.5879847015624999 0.3925010265625 0.5784166843749999 0.37582977031250003 0.5776130187499999
7 0.298443859375 0.6352143671875 0.3014110421875 0.6222055609375 0.29989762343750004 0.6164030875 0.3013513875 0.597591809375 0.313756478125 0.58490775625 0.314179440625 0.5592755390625 0.312668978125 0.545595121875 0.314116828125 0.5425397281250001 0.3116381765625 0.5387741828125 0.2656283015625 0.5144194328125 0.264460453125 0.5056386421875 0.2759003109375 0.49499151875 0.27783077968750003 0.4909176609375 0.2764544078125 0.48707503750000003 0.24063915156250001 0.46594627656250004 0.2345766078125 0.46637021093750003 0.2270632546875 0.4777274828125 0.2220285578125 0.49285029687500004 0.2034297859375 0.48824254843750003 0.1990177078125 0.4964288078125 0.1914003640625 0.601341465625 0.19511834374999998 0.6069897796875 0.2842483 0.6460541875 0.29602781718750004 0.648184634375 0.29982023125 0.639056990625 0.298443859375 0.6352143671875
7 0.157238528125 0.5800970859375 0.16484700624999998 0.49881825625 0.1638162046875 0.4919973171875 0.1667178203125 0.47013064375 0.1652044015625 0.46432816875 0.126701965625 0.4443720296875 0.125400028125 0.4257534484375 0.1326392890625 0.410476475 0.1306432515625 0.40569246562499994 0.0780196921875 0.3818001890625 0.0699552015625 0.393196 0.06712506406249999 0.40816465781250005 0.0602343328125 0.412585371875 0.041361468750000005 0.40405792187499995 0.0328858390625 0.4095741796875 0.02819375625 0.42959662187500003 0.022527570312500002 0.475289821875 0.018854465625 0.5336449734375 0.021401643749999998 0.5383904421875 0.0368306171875 0.5451892796875 0.1527579265625 0.58730341875 0.157238528125 0.5800970859375
7 0.20329462187499997 0.11405954375 0.2036313265625 0.1347150546875 0.19398784687499998 0.131450525 0.196803203125 0.15587158125 0.1952838734375 0.16582499374999998 0.1994129921875 0.1773528609375 0.199681171875 0.1970284484375 0.195248403125 0.2603603046875 0.2049574484375 0.272482703125 0.2317488890625 0.29128832031249996 0.349663365625 0.3618202953125 0.360546171875 0.366967596875 0.3681250921875 0.36446819375 0.37035034375000003 0.3091684375 0.3690572734375 0.2669160265625 0.371893321875 0.236191484375 0.3780958671875 0.229849459375 0.3775476828125 0.22201005468749999 0.373835615625 0.20060585468749997 0.3204612578125 0.15805645468750001 0.32025864375 0.1472387359375 0.3234969640625 0.1460275734375 0.3254303890625 0.134075771875 0.3364591078125 0.117549096875 0.3378384375 0.11351377656249999 0.336393540625 0.10869122812500001 0.269106584375 0.057267521875000005 0.2566985375 0.0778295171875 0.2503530328125 0.097967578125 0.24614947968749998 0.1012156703125 0.2116450296875 0.0750716640625 0.20861227968749999 0.0792226015625 0.20329462187499997 0.11405954375
7 0.49016868750000003 0.4465280375 0.5208181109375001 0.46506387812499994 0.5325291046875 0.4662144 0.5365330015625001 0.444270646875 0.5352487984375001 0.3783844078125 0.5368455203125 0.34577709375 0.53471835 0.3232773484375 0.486164253125 0.28629918593750003 0.48430822031250004 0.275597084375 0.4984352546875 0.263777340625 0.506294178125 0.249441753125 0.4574659921875 0.2085438875 0.42466279374999993 0.2384097859375 0.411369859375 0.23047686562499997 0.4089508609375 0.251325075 0.406499346875 0.358830653125 0.4108310796875 0.381176240625 0.409243225 0.3901497265625 0.41061959843749996 0.39399235 0.4293524578125 0.40843789218750004 0.4412004984375 0.4115482640625 0.45483604843750003 0.42438081250000004 0.46434248125 0.425685490625 0.49016868750000003 0.4465280375
7 0.6653155046875 0.5593396375 0.671446571875 0.559895628125 0.672757378125 0.5548803828125 0.6723220546875 0.42985176562499994 0.630518690625 0.394370978125 0.6299705046875 0.386531575 0.6515394140625 0.370252575 0.6518164625 0.366294334375 0.61641825625 0.335289240625 0.6022941765625001 0.33923104375 0.5960231078125 0.34459314375 0.5957460593749999 0.3485513859375 0.591888078125 0.3488211625 0.5905772703125 0.3538364078125 0.5841006328125 0.3562587328125 0.57789513125 0.3704787015625 0.580633096875 0.41755365937500005 0.5774603453125 0.4276226890625 0.57710295 0.46211277500000003 0.580740584375 0.4982929359375 0.6007812953125 0.5156011765625 0.6505776734375 0.54658416875 0.6653155046875 0.5593396375
7 0.7155165718750001 0.42978546093750003 0.6908463890625 0.44923547499999994 0.6936948000000001 0.5691717671875 0.6954137874999999 0.577914015625 0.7676639625 0.621112925 0.7726927484375 0.6217459953125 0.772764228125 0.614847978125 0.76949876875 0.50478801875 0.73430613125 0.4767227 0.7398919703125 0.46156134531250004 0.75098625625 0.4538925390625 0.7512633046875 0.449934296875 0.7236466312500001 0.42724751875000005 0.7155165718750001 0.42978546093750003
7 0.8400925656249999 0.5559804875000001 0.8151601140625001 0.5399990296875 0.80703005625 0.5425369718749999 0.7982832906249999 0.5362555859375 0.793460071875 0.5385622921875 0.7942823484375 0.550321396875 0.7893191296875 0.55854619375 0.7938475640625 0.6074653859375 0.790942990625 0.637210003125 0.7941783546875001 0.6438767828125 0.8392229953125 0.670268465625 0.85616834375 0.6749918328125 0.8562546015624999 0.6287041015625 0.854002209375 0.5727327375 0.8440161156249999 0.564568578125 0.8436735000000001 0.5596689515625 0.8400925656249999 0.5559804875000001