3 0.8839488265625001 0.882479025 0.884197653125 0.8723584640625001 0.8773501781249999 0.8265031015625001 0.877197325 0.8053090125000001 0.8640284703125 0.7196115359374999 0.8473973609375 0.5554463937499999 0.8367570578124999 0.4856857625 0.8313634437499999 0.46293042343749996 0.5858261890625001 0.508649246875 0.55275833125 0.5196213421875 0.5427661703125 0.5285745765625001 0.5309469124999999 0.529608628125 0.52987221875 0.5367718046875 0.5578427234375 0.8564761390625 0.56023264375 0.8643460828125 0.564260078125 0.86500360625 0.6570522249999999 0.8690038937500001 0.674638334375 0.8755443421875 0.685631728125 0.8715529078124999 0.875119040625 0.8852712890625 0.8839488265625001 0.882479025
7 0.9527291640625 0.4240356828125 0.9496093484375001 0.3818937078125 0.9290669265625 0.24432761875 0.924719565625 0.18815473437500002 0.9209776875 0.17131416093750002 0.917074665625 0.16559635625 0.911358765625 0.1650865546875 0.899115315625 0.17423675 0.8730134171874999 0.1805598859375 0.7919078265625 0.212902684375 0.6892538625 0.258239390625 0.688493165625 0.2754738875 0.6937031250000001 0.32854166875 0.7059359203125 0.429469228125 0.7079751140625 0.4333303375 0.707989334375 0.44645752187500004 0.7143841796875 0.47417466093750005 0.7175490156250001 0.4779372890625 0.9390970265625 0.430277734375 0.9527291640625 0.4240356828125
7 0.9606963515625001 0.4243485234375 0.9946553265625001 0.417079640625 0.9709183671874999 0.1457649375 0.9276805984375001 0.163658578125 0.9252172171874999 0.1679136140625 0.93016413125 0.21797477031249998 0.9606963515625001 0.4243485234375
7 0.3739018234375 0.4070146125 0.3682368734375 0.41356950625 0.354429371875 0.4178071421875 0.338121759375 0.43236230156250005 0.3439454921875 0.4924455390625 0.3482845609375 0.58093528125 0.4594827546875 0.5489893593749999 0.45375499531249996 0.45759147499999997 0.44614089687499997 0.38352656875 0.4408124546875 0.3809631078125 0.4163113375 0.38613631718749997 0.372988275 0.40305502187500003 0.3739018234375 0.4070146125
7 0.313663303125 0.4769170625 0.313414478125 0.48703762343749996 0.31930574218749996 0.4895518421875 0.318253559375 0.477525346875 0.313663303125 0.4769170625
7 0.3402995859375 0.4442903171875 0.336959384375 0.4385232734375 0.3022397921875 0.4435806015625 0.25805413125 0.4636044109375 0.250576303125 0.4753673078125 0.2666019296875 0.600200134375 0.2696790828125 0.60296055625 0.3032730328125 0.5980017078125 0.3457334984375 0.584188109375 0.3520489515625 0.5785861828125001 0.3588904953125 0.578997503125 0.3488841140625 0.574823553125 0.3402995859375 0.4442903171875
7 0.2406208734375 0.4782580515625 0.23439310156249998 0.4848621859375 0.2322662265625 0.4799988671875 0.22403599375 0.4766794046875 0.19914741875 0.4839062671875 0.1792875109375 0.49675245312499994 0.18793128125 0.6020335296875 0.19019678906249998 0.6149637515624999 0.19448726875 0.6186279 0.2627498578125 0.6015470265625 0.257650090625 0.5302917828125 0.2504151609375 0.486490075 0.2464244546875 0.4797700625 0.2406208734375 0.4782580515625
7 0.172321553125 0.5014014125 0.141717078125 0.5081184750000001 0.1427692609375 0.5201449703125001 0.1407810171875 0.52334855625 0.1293308515625 0.5253601953125 0.12280745 0.5188617640625 0.11696713750000001 0.5234122421875 0.1137288375 0.531774590625 0.1216936640625 0.609848328125 0.12436085 0.633852078125 0.1263123625 0.6367109796875 0.18189309375 0.6237692640625 0.185080440625 0.6083422203125 0.18128168125 0.538992909375 0.17922826875 0.522004615625 0.172321553125 0.5014014125
7 0.057409920312499994 0.54276113125 0.064628271875 0.6511965515625 0.125837221875 0.6377624296875 0.1112512359375 0.5229024390625 0.10233376875 0.5246924953125001 0.09574105000000001 0.5141606140625 0.096142728125 0.5252341421875 0.0931165234375 0.5295384171874999 0.057409920312499994 0.54276113125
7 0.47816953125 0 0.2624386296875 0.0188740078125 0.26753200625 0.05983343906250001 0.28191182656249997 0.2241955421875 0.295547534375 0.3411584296875 0.3025644421875 0.343574165625 0.46935165625 0.2663696703125 0.500592415625 0.24747839218749998 0.5422270140625 0.23070740937499998 0.5982177156249999 0.1965223625 0.5952223109375 0.1493201078125 0.57751600625 0 0.47816953125 0
7 0.5936602484375 0 0.62175433125 0.18032486718750002 0.6243196156249999 0.1901992265625 0.6337999046875 0.18835992968749998 0.6547854562500001 0.17541526093749998 0.68174995625 0.16598701875 0.69580628125 0.1516288203125 0.760063946875 0.1147007515625 0.76629171875 0.10809661875000001 0.7762471484375 0.105205871875 0.8304617015625 0.070166340625 0.8837769249999999 0.0442944 0.9067507203125 0.028146146875 0.9205582218749999 0.023908509375 0.9582211765625 0.000635384375 0.9581655874999999 0 0.5936602484375 0
7 0 0.498543065625 0.034000079687500004 0.47613744843749994 0.03818865625 0.465672203125 0.0289251828125 0.30793163125 0.028421603125 0.28272871093749996 0.0310461296875 0.2673509078125 0.02612765625 0.2435441203125 0.0280507265625 0.220148653125 0.0242353859375 0.21543305625000003 0.018344123437500002 0.2129188390625 0.0073507296875 0.2169102734375 0 0.22701358593749998 0 0.498543065625
8 0.352983803125 0.3623902625 0.3597886171875 0.3688640734375 0.3688814484375 0.36907843281249997 0.3799115703125 0.359024509375 0.37527036406250003 0.3513515296875 0.35465804843750004 0.34911535625 0.3521946671875 0.3533703921875 0.352983803125 0.3623902625
8 0.2988711515625 0.4115591875 0.30286185468750004 0.4182791984375 0.3081026171875 0.41984045156249994 0.315931171875 0.41208638750000004 0.311765103125 0.403361959375 0.3064366625 0.4007984984375 0.29977048125 0.4023915953125 0.2988711515625 0.4115591875
8 0.19576455937499998 0.43875766875 0.2068089015625 0.44183093125 0.2132120359375 0.43723121249999997 0.2138115890625 0.43111948437500003 0.2083077828125 0.42655160781249996 0.1956626578125 0.42462827656249996 0.193199275 0.4288833125 0.19576455937499998 0.43875766875
8 0.1568848296875 0.4805346109375 0.1664018484375 0.4726328265625 0.1659634390625 0.4676217859375 0.145351125 0.4653856125 0.14401338749999998 0.46954216718749997 0.145752803125 0.476459140625 0.1568848296875 0.4805346109375
8 0.0901495609375 0.5085905312500001 0.092765796875 0.525529584375 0.09800655625 0.5270908375000001 0.10921204375 0.5190413281249999 0.1141388078125 0.5105312609375 0.1108353375 0.498701728125 0.1065448578125 0.4950375796875 0.09286176874999999 0.4942149359375 0.0901495609375 0.5085905312500001
8 0.9282600015625 0.098975625 0.9280621281249999 0.11616088124999999 0.9441718671875 0.11879097812499999 0.9582791437499999 0.1114974765625 0.9629428640625 0.0999807828125 0.959325396875 0.07807992968750001 0.9500572015625 0.07586115624999999 0.9346121859375 0.0873112109375 0.9282600015625 0.098975625
1 0.17461429374999998 0.3396201671875 0.18155774062500002 0.3541608796875 0.1887500125 0.3585810328125 0.20424597812499998 0.35419567500000004 0.2164017453125 0.344043271875 0.2305315328125 0.317560096875 0.2350056671875 0.2909118046875 0.2388067875 0.282500215625 0.2366799125 0.277636896875 0.23684105625 0.26651413125 0.24037913125000002 0.25509591875000004 0.242865025 0.23165121093750002 0.2550717421875 0.228563503125 0.261701190625 0.233032896875 0.27529659687499997 0.23285333281249998 0.2787979421875 0.2274976078125 0.2774033234375 0.179145425 0.2692264015625 0.1051297578125 0.25881834375 0.08988228125 0.2595055765625 0.08477275937499999 0.25408945312500003 0.0812070921875 0.25477668750000004 0.076097571875 0.2514364859375 0.0703305265625 0.2412630328125 0.031835303125 0.23895992968750002 0.020928128125 0.23058985625 0.0216604140625 0.23464780312500003 0.0404930921875 0.2266071546875 0.052305228125000006 0.21695150000000002 0.052140109375 0.2149265265625 0.06140618437499999 0.20255866562499997 0.0756166609375 0.1748192515625 0.089152215625 0.168613990625 0.0765666765625 0.157522934375 0.028052942187500002 0.1492748875 0.028774553125 0.152037403125 0.042671171875000004 0.170169753125 0.1137960921875 0.1748394015625 0.147723440625 0.17136649843750001 0.1793335328125 0.17939885625000002 0.1998382546875 0.1711318921875 0.20258127812499999 0.16676795 0.21104210625 0.163761896875 0.27391760781249996 0.16725494999999999 0.30087874062500003 0.17461429374999998 0.3396201671875
1 0.1527685046875 0.277909040625 0.16444913125 0.2688080859375 0.16571576875 0.1990156109375 0.1616373828125 0.191293390625 0.16188620781250002 0.18117282968749998 0.13536247968749998 0.11785121406250001 0.131883646875 0.1040172640625 0.12681825 0.104460428125 0.1340389625 0.1351349515625 0.12876147031250001 0.1396361875 0.126524403125 0.152960334375 0.1179718828125 0.1718864078125 0.110567515625 0.1715243265625 0.1059488203125 0.1446616734375 0.0960384125 0.1091730734375 0.08639104843749999 0.07669109843750001 0.08248802656250001 0.07097329375 0.0777733578125 0.075425290625 0.0833281140625 0.0870578609375 0.1032875625 0.166101965625 0.10836718125 0.17878598437499998 0.1153900171875 0.2266457640625 0.1060993109375 0.243616659375 0.10460042968750001 0.25889598281250004 0.105827975 0.27292689375 0.10851767187500001 0.277740971875 0.10533032499999999 0.29316801406250004 0.10442270468749999 0.334652465625 0.10153513437499999 0.34702364375 0.10406961562499999 0.40840453125 0.1084987296875 0.4201355828125 0.11365180781249999 0.42069462656249995 0.13214553906249998 0.3857506234375 0.1406553984375 0.3274429984375 0.1411388296875 0.29407469218750004 0.147615425 0.27734999843749997 0.1527685046875 0.277909040625
1 0.08740534531250001 0.3735068171875 0.0914695109375 0.368101853125 0.0929174421875 0.3457578359375 0.09798283906250001 0.34531467031249996 0.10130882031249999 0.33795453124999997 0.103970075 0.316514240625 0.102985425 0.246918728125 0.09563437031250001 0.17586044375 0.09178230000000001 0.1772073359375 0.0935359375 0.1972514953125 0.0919861046875 0.20546612031249997 0.07342720312499999 0.22021824375 0.06911421250000001 0.2357437671875 0.0651744578125 0.23608845 0.0631352671875 0.232227340625 0.0599336984375 0.2345272 0.041250384375 0.2543396015625 0.04056315 0.259449121875 0.0317843140625 0.26930608437500003 0.030444215625 0.351223534375 0.03829885 0.4474847390625 0.0420774578125 0.458262821875 0.04714285625 0.45781965781249995 0.067551365625 0.43179704531249996 0.0733407296875 0.420181871875 0.0790281875 0.39443730625 0.0881068 0.38152448125 0.08740534531250001 0.3735068171875
5 0.282984159375 0.2947932625 0.2406623265625 0.3166737671875 0.239887409375 0.3207810796875 0.24240174374999998 0.3235907421875 0.260038803125 0.3371958859375 0.26848113281249997 0.3364572765625 0.27931338125 0.3435886125 0.2900069953125 0.3426530421875 0.2921196515625 0.334389175 0.2883126015625 0.297356721875 0.282984159375 0.2947932625