7 0 0.4685332296875 0.0255658 0.46719338437499996 0.037516489062500005 0.4639456828125 0.0487255375 0.42875584375000003 0.05818817187500001 0.431405603125 0.0606780390625 0.4433335234375 0.066476184375 0.44722388593750007 0.070960890625 0.44384317968750003 0.07894386875 0.41825943125 0.070573653125 0.40087261874999996 0.0638456859375 0.3970309875 0.064090484375 0.3839111890625 0.05279560625 0.3818817359375 0 0.385099878125 0 0.4685332296875
7 0 0.37580862812500004 0.05889335 0.3736979859375 0.0823526875 0.3231863359375 0.097476459375 0.3271122390625 0.10032254062499998 0.3458371171875 0.10519086250000001 0.349776209375 0.10787072812500001 0.3475386484375 0.117466740625 0.31715185468749996 0.10980713906249999 0.29553357187499996 0.101246928125 0.2923122421875 0.0953391796875 0.2863305109375 0.0929315140625 0.2759711171875 0.0558482109375 0.280011684375 0.014607203125 0.275881690625 0.0073056250000000005 0.2788857421875 0 0.2789113328125 0 0.37580862812500004
7 0 0.2715869734375 0.0422826734375 0.2702370515625 0.0657474484375 0.27320154375 0.092630103125 0.270219846875 0.1208463453125 0.20373053593749998 0.134083071875 0.2072310578125 0.1427821 0.2308919828125 0.146748 0.23540264687499998 0.1513423109375 0.23411331249999998 0.1644658078125 0.1998717 0.1657226296875 0.1882717015625 0.160333690625 0.1743985984375 0.16175491875 0.16593565625 0.15013122968749998 0.157632090625 0.14370467343749999 0.1595417265625 0.13596468125 0.15418029687499998 0.136373884375 0.14419755625 0.14353845468749998 0.1385792890625 0.1439202578125 0.12807370625 0.1400913640625 0.12617725468750002 0.0680566015625 0.1215639765625 0 0.119615675 0 0.2715869734375
7 0 0.09950991406250001 0.10746355468749999 0.10848889218749999 0.1475555328125 0.10848487656250001 0.16371329375000002 0.060977278125 0.176127990625 0.0487925203125 0.17027504375 0.0438564734375 0.18203676562499999 0.0159775734375 0 0.0255177171875 0 0.09950991406250001
7 0.4869070296875 0 0.2396955234375 0.012955806249999998 0.23456800000000003 0.0252829390625 0.21791520625 0.0455539875 0.22210031562500002 0.05424739375 0.214690946875 0.0729854578125 0.21430914531249998 0.083491040625 0.208922015625 0.08744331875 0.20700938125 0.104320475 0.1957711171875 0.12116208749999999 0.18795254687500002 0.1498828921875 0.16621584843749998 0.19768286875000002 0.1666542640625 0.206048353125 0.1477618375 0.25474782500000004 0.13799960625000002 0.2641721796875 0.10798033124999999 0.34963001875 0.10973218437500001 0.3652665703125 0.17987989843750002 0.36945446406250004 0.245104490625 0.3686575828125 0.266572615625 0.369105321875 0.2797545375 0.37156015781249996 0.3654900296875 0.37073690312499996 0.37396803749999996 0.37238970312499997 0.4046795859375 0.371304459375 0.45231975 0.37300197343749997 0.4952011953125 0.3728517671875 0.507288890625 0.3722182765625 0.5108985765625 0.3699319875 0.6378349921875001 0.2479382140625 0.6453009749999999 0.2480712171875 0.681295484375 0.294418465625 0.6901845078125 0.3039139078125 0.696830271875 0.3061870125 0.709546378125 0.2997535234375 0.8042714359375 0.22139017343749998 0.8095763625 0.2158693671875 0.8041874203124999 0.2019962640625 0.78561655625 0.1856683234375 0.750688875 0.141886559375 0.7948509203125 0.0950084328125 0.8694486921875001 0.023991253125 0.8728391703125 0.0175222203125 0.8679434484374999 0.0130602875 0.8575783937500001 0.010982103125 0.858316409375 0.0072734734375 0.8102274703125 0 0.7977626078125 0 0.7973573171874999 0.000506909375 0.794910275 0 0.4869070296875 0
7 0.10286902499999999 0.37663610625 0.0580840046875 0.482790375 0.0362395140625 0.5463243624999999 0.036540925 0.5520756328124999 0.044089109375000005 0.5537771640625 0.090662446875 0.5529091953124999 0.21523128125 0.545856540625 0.2237092890625 0.5475093421875 0.32347432343750004 0.547523665625 0.3271388125 0.546283059375 0.3287518484375 0.541480015625 0.33608082499999997 0.5389988046874999 0.40537367187499995 0.47350243281250004 0.41863780000000006 0.4775257984375 0.42101806406250003 0.4873623484375 0.4393167296875 0.5162872421875 0.4449230671875 0.5165177062499999 0.495922684375 0.4755725828125 0.49151836718749997 0.4626964359375 0.4724542859375 0.4369573265625 0.4640566671875 0.41904767343750005 0.490608696875 0.3919664828125 0.48921305625 0.3831268875 0.4013439109375 0.378819175 0.3309123109375 0.379888946875 0.10286902499999999 0.37663610625
7 0.314313103125 0.550625178125 0.3123164515625 0.5481084234375 0.186516384375 0.5494585390625 0.0358577125 0.556829946875 0.0063817609375 0.634864221875 0.007861809375 0.66310523125 0.230720328125 0.6457063078124999 0.24411964687499998 0.634518503125 0.283742184375 0.5899753984375 0.2940798375 0.591530740625 0.303626484375 0.6135744062499999 0.3106558625 0.6231673078125 0.3162896 0.6239206140625 0.3438262546875 0.5978363796874999 0.32366613125 0.5511835640625 0.314313103125 0.550625178125
7 0.244315078125 0.6738291656250001 0.23268957656249997 0.6477002171875 0.20468529375000002 0.6470707453125 0.00794291875 0.6646528828125 0.0108443296875 0.7200150937500001 0.1609342625 0.7017915109375 0.17799807031249998 0.689363103125 0.184479428125 0.6884991515625 0.192628625 0.683877840625 0.1868304796875 0.6799874781249999 0.192873421875 0.67075804375 0.210403046875 0.6672179609375 0.2207699140625 0.6871215265624999 0.2255286296875 0.6889692468749999 0.244315078125 0.6738291656250001
7 0.1480537515625 0.70508794375 0.119229246875 0.7065985718750001 0.0108979859375 0.7210389187499999 0.012760982812499998 0.756587025 0.11737322812499999 0.74234679375 0.1391117375 0.7123721984375 0.15119943125 0.711738709375 0.164328365625 0.7309732421875 0.1716299421875 0.7279691890625 0.1803253453125 0.71597935 0.175784025 0.7004889890625 0.17088830156249998 0.6960270546875 0.15819959687500001 0.7029833875 0.1480537515625 0.70508794375
8 0.8998513625 0.212711090625 0.8989471296874999 0.19545728125 0.887266825 0.16828264843750002 0.8764085515625 0.15679329687500002 0.8582213031249999 0.147785153125 0.8471182328125 0.14941559843750002 0.8263899359375 0.16308461093749999 0.81501466875 0.1773120109375 0.8111053828125 0.1916724140625 0.8112442 0.2121120078125 0.8173711562499999 0.22227648281249998 0.8281472265625001 0.2321973078125 0.84715469375 0.2390653484375 0.8676107937499999 0.23799329062500002 0.8850034125 0.23183899375 0.8930704046875 0.22564915624999998 0.8998513625 0.212711090625
8 0.5746561984375 0.46567926875000004 0.5712109187500001 0.471102615625 0.5723617609375 0.493062009375 0.577284884375 0.49804678593749996 0.5915062343749999 0.5025442625000001 0.6137945765625 0.5008519015624999 0.6321718234375 0.49569456250000005 0.63835176875 0.4890793390625 0.63783115 0.479145328125 0.6347676703125 0.4740630921875 0.625168034375 0.46879912187499995 0.579250509375 0.46438993437500004 0.5746561984375 0.46567926875000004
8 0.377433253125 0.563045553125 0.37961989687500003 0.5513968234375 0.3664361625 0.53111660625 0.3522422125 0.5271419703125 0.3407299390625 0.5387551562499999 0.3423721875 0.5523003359375 0.34847174375 0.5619419671875 0.3571141578125 0.5667318234375001 0.36553736406250004 0.5673389390625 0.377433253125 0.563045553125
8 0.263485140625 0.66600888125 0.2545157265625 0.67277029375 0.25257569062499996 0.6891246062499999 0.25760841874999996 0.6962007546875 0.2671806546875 0.70094188125 0.27735390312499997 0.6993601671875 0.28178380625 0.6949337765625 0.2721275546875 0.6707987390625 0.263485140625 0.66600888125
8 0.177040846875 0.688888990625 0.18636647343749999 0.688924534375 0.1955276953125 0.6858230203125 0.19295562500000002 0.6723265703125 0.177040846875 0.688888990625
8 0.07084766406250001 0.4061010453125 0.07763043281250001 0.4109883640625 0.0840295875 0.408555884375 0.087420065625 0.40208685 0.0849301953125 0.3901589296875 0.0791320515625 0.3862685671875 0.06934241875 0.3951700796875 0.07084766406250001 0.4061010453125
8 0.1295508109375 0.2808676046875 0.11721650624999999 0.27679550937499997 0.1110365609375 0.28341073125 0.11057255625 0.2923477875 0.11467545937500001 0.2994726640625 0.12225104687499999 0.3016970390625 0.125915534375 0.3004564328125 0.130864246875 0.2881386703125 0.1295508109375 0.2808676046875
5 1 0.4869070375 0.997266540625 0.43474953125000004 0.9963024671875 0.43414470625 0.96430669375 0.446307109375 0.7712396421875 0.5340185749999999 0.7706660328125 0.5408642593749999 0.7956378640625 0.5725851 0.8350502546874999 0.6129861609375 0.8508024359374999 0.611112065625 0.9665352374999999 0.5777842734374999 0.967273253125 0.57407564375 0.977172490625 0.567265503125 1 0.5603314171875 1 0.4869070375
5 0.6841431609375 0.5978266015625 0.6041820359375001 0.637668140625 0.530757071875 0.6776914109375001 0.5309762796874999 0.681874153125 0.5729059390625 0.7347259765625 0.5885759187499999 0.7312833546874999 0.7611612828125 0.6619464875000001 0.72803844375 0.617021575 0.7242917531249999 0.616693653125 0.7181099953125 0.6054834921875 0.707443528125 0.5976540406249999 0.6961486515625 0.5956245859375 0.6841431609375 0.5978266015625
5 0.4495355 0.693482184375 0.40889912656250005 0.7186801109375 0.3725830515625 0.7373602734375 0.3818282890625 0.7536526703125 0.4055962875 0.7801938140625 0.41762917968749996 0.7785146390625 0.44049113125000006 0.7699765937499999 0.45405485624999997 0.761925846875 0.5097054 0.73856245625 0.48011004375 0.6897827249999999 0.474394103125 0.6874608921875 0.46597089687500004 0.6868537765625 0.4495355 0.693482184375
1 1 0.7725271453125 0.9936296328124999 0.7745416703125 0.9797370953125 0.7763183046875 0.9623992781249999 0.7835182859375001 0.94202538125 0.7861588734375 0.9338761859375 0.790780184375 0.905270890625 0.7964735546874999 0.8805766953124999 0.805631903125 0.8739053421874999 0.8206613375 0.8774209374999999 0.8343704796875 0.8629136890625 0.842208534375 0.86121845 0.8454430500000001 0.8653487562500001 0.8530907703124999 0.8711195 0.8564582906249999 0.9184856531250001 0.852927378125 1 0.8378147578125 1 0.7725271453125
1 1 0.6605386953125 0.96374939375 0.613581225 0.936128725 0.6202715515625 0.871097753125 0.6425537140625 0.8322644109375 0.6487831125 0.8267950781250001 0.6511668625 0.8244440265625 0.6596785359374999 0.7293591296875 0.6955941671875 0.7328610234374999 0.7090418875 0.7674891078125 0.764897765625 0.7771435484375 0.771207421875 0.796123615625 0.777552621875 0.8100983562499999 0.7773445140625 0.8150488796875001 0.782852134375 0.8099357609375 0.7920328390625 0.802579384375 0.7939912078125 0.7718404343749999 0.7945536109375 0.73954325 0.800964740625 0.7181573296875 0.8020855296875 0.71654429375 0.806888575 0.706398446875 0.8089931328125 0.7025695515625 0.80709668125 0.68815820625 0.8167646859375 0.631194228125 0.8328570093750001 0.6240570578125 0.83899811875 0.6119967640625 0.84015445 0.595506565625 0.8457371734375 0.5683517140625 0.8613158249999999 0.5625279812499999 0.8747280015625 0.5525739421875 0.88049245625 0.556021034375 0.8928944921875 0.5665504953125 0.8981097328125 0.5833695062500001 0.8988011218749999 0.62223025 0.893094565625 0.6473628640625 0.8923016984375 0.6843639625 0.886692603125 0.77843864375 0.8670825546875 0.800315971875 0.8575475515625 0.8737975499999999 0.8363953484375 0.871198078125 0.8223760546875001 0.8733299203125 0.8096816406249999 0.8804944921875 0.8040633749999999 0.8943048265625 0.8007182109375 0.9235111328125001 0.788702 0.9179851859375001 0.772214684375 0.9732009359375 0.7761365734375001 1 0.7724554390625 1 0.7700873640625 0.9708754718750001 0.76734570625 0.9581575546875 0.7559538140625001 0.9783670437499999 0.7501761703125001 1 0.7377340171875 1 0.6605386953125
1 0.7793064171874999 0.7946866125 0.76710911875 0.7932287312499999 0.7613657765624999 0.7903840546875001 0.7465160140625 0.7916865765625001 0.715640059375 0.7896347671874999 0.693815721875 0.782390071875 0.67918335625 0.7700499546875 0.64709994375 0.7271676828125 0.6415210078125 0.7274600625 0.6058607484375 0.74086306875 0.5708014953125 0.7479432328125 0.5585493953125 0.7454396671875 0.5465439046875 0.747641684375 0.5099538203125 0.7610934203124999 0.50095700625 0.7673319890625 0.51487875625 0.7839035796875 0.518298446875 0.795782771875 0.5517226984375 0.8464589531250001 0.5454879499999999 0.8520284890625 0.528888146875 0.8555198421875 0.50072126875 0.86957869375 0.4456169359375 0.8855735578124999 0.42652907500000004 0.8949623687500001 0.40902685156249996 0.8990252953125 0.39267365781249997 0.9072222312499999 0.3825278109375 0.9093267890625001 0.379984953125 0.9141785625000001 0.36994871093750004 0.918374490625 0.3680086734375 0.9347288046875001 0.415210421875 0.928060834375 0.4262312890625 0.9248618625 0.429731371875 0.9204842015624999 0.44892883437500003 0.913186759375 0.47488166718749997 0.9102537953125 0.5004782828125001 0.900523871875 0.5116361546875 0.8999391140625 0.5472142140625 0.8849675796875 0.5651530421875 0.8714447546875 0.570211359375 0.861218365625 0.6046951875000001 0.843158503125 0.656982653125 0.8267869859375001 0.6632996046875 0.8227859796875 0.680774428125 0.8182002109375001 0.688240409375 0.8183332140624999 0.708230690625 0.8083728296875 0.7184313390625 0.8073139578124999 0.72384586875 0.8038845203125 0.7664533062500001 0.7985058875 0.7793064171874999 0.7946866125
1 0.5089672296875001 1 0.57068805 0.9770589781250001 0.5858374109375 0.9636823453125001 0.5914830359375001 0.946871690625 0.6005483546875 0.9419402281249999 0.611898034375 0.9450153671875 0.6390272968749999 0.9467392546875001 0.7884291453125 0.950967846875 0.813589159375 0.9506978234375 0.8152569968750001 0.9469404656249999 0.812357925 0.9449952843749999 0.80029763125 0.9461516156249999 0.7376433 0.9426195671875 0.6416213328125 0.9072824031250001 0.6335251265624999 0.8951240203124999 0.6319120921875 0.8999270625 0.5816742671874999 0.9020356375 0.575930925 0.8991909609375 0.5600143359375 0.897928 0.5501680875 0.8879584453125 0.54453435 0.8872051390625 0.46935753281250003 0.9115918593749999 0.4612083359375 0.9162131703125 0.46399961718749994 0.9338923609374999 0.47272423437500005 0.9402507468750001 0.483144090625 0.9433746171875 0.4798358140625 0.9514121765624999 0.45601663906249995 0.9594761109375 0.433591290625 0.9585542578125 0.3665088671875 0.97727398125 0.3125809640625 0.9979256984375 0.310034590625 1 0.5089672296875001 1
1 0.3657509171875 0.784903415625 0.3529526078125 0.789768375 0.3326079265625 0.8107571874999999 0.3304486828125 0.822928759375 0.33906550625 0.8450211546874999 0.36781324375 0.8954181421875 0.360648671875 0.9010364093750001 0.30537993281250003 0.913894215625 0.250412603125 0.9325032921874999 0.2331569875 0.9412718015625 0.21355032187499998 0.9585519843749999 0.213879134375 0.964826096875 0.22142731875 0.9665276281249999 0.239039146875 0.9645560734374999 0.2430580375 0.9522870421875 0.29474449062499997 0.94223836875 0.3093202421875 0.9357074203125 0.3663390234375 0.92066078125 0.374378615625 0.9139481 0.4317791984375 0.888395878125 0.4379043421875 0.880734971875 0.427042446875 0.8335948546875 0.43193635625000004 0.8202314093749999 0.47536401250000004 0.8127126734375001 0.47703185000000004 0.8089553140625 0.4861656703125 0.8053309593750001 0.5148257671875001 0.8006832749999999 0.5146065578125001 0.796500534375 0.500851025 0.8008913828124999 0.46825243125 0.80155124375 0.46713079999999996 0.7979400765625 0.3869998328125 0.7811684125 0.3657509171875 0.784903415625
1 0.1645663515625 0.11283616562500001 0.1641005328125 0.1039478390625 0.15100081406250002 0.1030615296875 0.1484579546875 0.1079133046875 0.141074175 0.1093488296875 0.044699618749999996 0.10286547343750001 0.041117332812500004 0.1056746078125 0.0389032875 0.1168004921875 0.0418845625 0.120314203125 0.14290823125000002 0.1265539078125 0.144495678125 0.13905340156249998 0.1377421234375 0.152514309375 0.142637846875 0.15697624375000002 0.1481619796875 0.155638178125 0.1645663515625 0.11283616562500001