7 0.44054713437500004 0 0.4408940484375 0.002289534375 0.454303353125 0.0083477953125 0.5510837859375 0.07228574843749999 0.554060759375 0.07704803593750001 0.580291134375 0.09100735 0.6232685546875001 0.120458140625 0.66536196875 0.14521973125 0.6680431640625 0.1434500296875 0.6687288796875 0.13881564375 0.6718683265625 0.13892527500000001 0.6738638078125 0.14178995625 0.6726223546875 0.1473366015625 0.6761225703125 0.1521171640625 0.6789012515625 0.147555865625 0.68089673125 0.1504205484375 0.6797527640625 0.1531755984375 0.6920181015625 0.1619889109375 0.6972505140624999 0.16217163125 0.7010431828125 0.15857740781250002 0.706080625 0.1643433171875 0.7053949109375 0.168977703125 0.71370178125 0.17113111718750001 0.7166137640625 0.17775446875 0.7233834046875 0.17892253593750002 0.727666821875 0.17627711875000002 0.7299547546875 0.1707670171875 0.7301464 0.15027705156249999 0.7130153265625 0.0257672109375 0.7081836499999999 0.006965160937500001 0.7000609515625 0.0066815109375 0.69839374375 0.0094182875 0.6965290734375 0.006558174999999999 0.5087275171875 0 0.44054713437500004 0
7 1 0.169773734375 0.992940175 0.1408206875 0.9836809843750001 0.12093235937499999 0.9740643468749999 0.1112798765625 0.9564041234375 0.106936503125 0.954047878125 0.099400890625 0.9383181453124999 0.0997832625 0.9323641968749999 0.0902586828125 0.925519596875 0.046231353125 0.9276092374999999 0.031397664062500004 0.924567275 0.0284964359375 0.9212945250000001 0.0172021546875 0.9194298546875 0.014342040625 0.8999391171875001 0.013661409375 0.8982719093749999 0.0163981875 0.8883628203124999 0.0151204890625 0.8870324999999999 0.0132107 0.8862227218750001 0.013182421875 0.8843426875 0.02522843125 0.8876837500000001 0.049568425 0.8813073703125 0.052140756249999996 0.858772178125 0.037378815625 0.8534097859375 0.0409182234375 0.8505302968749999 0.0333643390625 0.845886115625 0.031338828125 0.846146075 0.0238945765625 0.8305349 0.0112377609375 0.779593625 0.009458853125 0.7790087171875 0.02620841875 0.7837212124999999 0.04127964375 0.787358053125 0.0721516296875 0.7906957921875 0.08158485 0.79403685625 0.10592484375 0.7974395859375 0.113497 0.821278634375 0.255942746875 0.82644938125 0.27289330624999997 0.84195165 0.27902465468750004 0.8505542984375 0.28771006093749996 0.8609216375000001 0.290867096875 0.863440359375 0.29375005 0.8582437640625 0.307543575 0.8638369453125 0.3123972234375 0.8639669234375 0.3086750984375 0.86658313125 0.3087664578125 0.8700183562499999 0.3154080828125 0.8707690609375 0.308912634375 0.8733852671875001 0.30900399375 0.8742042859374999 0.3155542578125 0.8787509828125 0.3203713640625 0.8808764421875 0.31951392031250003 0.8798266359375001 0.3045706 0.88666126875 0.30387760468749997 0.9191055499999999 0.31991724375 0.9236522484374999 0.3247343484375 0.9422614687499999 0.33190586093749996 0.9504708546874999 0.3368508703125 0.953415334375 0.342543690625 0.973168521875 0.346960153125 0.9808546671875 0.351886890625 0.9842573968749999 0.3594590453125 0.9937082343749999 0.3588574109375 0.9982874265625 0.3627439828125 1 0.3628037875 1 0.169773734375
7 0.274812021875 0.647724525 0.25872152187499997 0.6434359671875 0.252081859375 0.6385457734375 0.23468491875000003 0.6416649249999999 0.212413009375 0.634365509375 0.20835705624999998 0.63049720625 0.2092702375 0.6193491 0.21204891875 0.614787803125 0.21077164843750001 0.6063582046875 0.18339730468749998 0.5951539421875001 0.17973461562499998 0.5950260375 0.1769884296875 0.5986568046875 0.17356317500000001 0.63673550625 0.17016376875 0.644070128125 0.1691855984375 0.657079296875 0.1660335953125 0.7473408515625 0.1624717140625 0.7593281281250001 0.1619193015625 0.7751471640625 0.1637523078125 0.782664503125 0.17143845156249998 0.7875912406250001 0.2699411140625 0.8022110250000001 0.30107563125 0.8107515968750001 0.3230192703125 0.8124495515625 0.3307054140625 0.8173762890624999 0.3365910484375 0.8138551546875 0.33770252031250003 0.8120306359375 0.3341698109375 0.80818060625 0.3324634609375 0.7820343640625 0.3352746359375 0.776542534375 0.33600872656249997 0.6955132078124999 0.3375101359375 0.682522309375 0.336037896875 0.6796759 0.335114746875 0.646103678125 0.32373341875 0.6419795671874999 0.31889426875 0.6455372453125 0.3137268453125 0.6434934640625001 0.3110131546875 0.646193696875 0.31029494375 0.6517586140625 0.3061090140625 0.6516124390625 0.3027096078125 0.658947059375 0.29924188749999997 0.6532359671875 0.28910533437499997 0.6584719875 0.274812021875 0.647724525
7 0.485785709375 0.69701686875 0.4777354734375 0.6725124265625 0.478222896875 0.658554453125 0.481001578125 0.6539931578125 0.50277941875 0.64543699375 0.5105272281250001 0.6335958921875 0.5104914109375 0.619619646875 0.49253541093750003 0.60874428125 0.4785378765625 0.6045288125 0.4529315484375 0.602702953125 0.4346572453125 0.630946453125 0.43044214375 0.6466375859375 0.43704931093750005 0.6524583109375001 0.45363055625 0.6576956703125 0.454189615625 0.6716901875 0.4478782265625 0.6724014546875 0.42979224531250004 0.6652482156249999 0.4145857546875 0.665648859375 0.41213202187500003 0.660904840625 0.3954857859375 0.65752854375 0.39355861875000003 0.6677095734375 0.3944167796875 0.703142859375 0.3914789453125 0.7272635890625 0.3903741203125 0.7589016609375 0.391329765625 0.7915433515625 0.39460251562500004 0.8028376328125001 0.3951290796875 0.8177626796874999 0.3970920671875 0.8215578953125 0.45949108125000004 0.8349169109375 0.47368358437499997 0.8335491906250001 0.49660871562500003 0.837144753125 0.5041290625 0.8318173718749999 0.514070646875 0.8321645406249999 0.5200570890625 0.8407585859375001 0.5321241328124999 0.8402483109375 0.533004815625 0.8300307374999999 0.5300928328125 0.823407384375 0.5294329671875 0.7972976875 0.5244280171875 0.790601246875 0.5273041828125 0.7832483546875 0.5257311359375 0.7682867640625 0.5269400921875 0.76367065 0.5246813296874999 0.7533434421874999 0.5244114015625 0.7160673671875 0.5220518296875001 0.693624978125 0.5147914421875 0.6915081078124999 0.513124234375 0.6942448859375 0.5023961265625 0.6864169234374999 0.49700123906250004 0.6908868609375001 0.4936310046875 0.682384171875 0.4909173125 0.6850844078125 0.48954588125000004 0.6943531796875 0.485785709375 0.69701686875
7 0.5982467640625 0.686969103125 0.5970378078125 0.691585215625 0.6037099640625 0.695544878125 0.6052830109375 0.7105064703124999 0.6003138796874999 0.7177862734375 0.5998589515625 0.7308137140625 0.597668503125 0.733532221875 0.5883151484375 0.7313422625 0.5874636359375 0.7257225296875001 0.582819453125 0.72369701875 0.5809539531250001 0.717110209375 0.5735960812500001 0.7177849328125 0.5686561218749999 0.70922743125 0.56352119375 0.706253115625 0.5546260921874999 0.7059424921875 0.551356665625 0.7095549859375 0.5596443328125 0.7722660359375 0.5594235171874999 0.8085933093750001 0.5608632609375 0.8123702500000001 0.5590010828125 0.82069021875 0.5607074328125 0.846836459375 0.5626379234375001 0.8515622046875 0.5708798046875 0.8555766828125 0.6167625609375 0.8618372765625001 0.6763145828125 0.8667118765625 0.6772277609375 0.8555637703125001 0.6678936109375 0.7928161765625 0.6691025671874999 0.7882000625 0.6617638968749999 0.7283171515625 0.63311560625 0.7235900671875 0.6239247265625 0.71674745 0.624870403125 0.7046688125 0.6224166703125 0.6999247953125 0.6245713015625001 0.6832300453125 0.6268267421875 0.678650475 0.6315034171875 0.679745453125 0.6411167296875 0.6744911609375001 0.642848928125 0.66989331875 0.6414741734375 0.6642553140625 0.6231932234374999 0.6626852624999999 0.609722253125 0.673394840625 0.6062903515625 0.6816599937500001 0.5982467640625 0.686969103125
7 0.7509490234375 0.754723221875 0.7456191265625 0.7573320953125 0.7458140953125 0.75174890625 0.7437536234375 0.7507452875 0.72043523125 0.7434093265625 0.7136006 0.7441023234374999 0.7128498953125 0.7505977703125 0.7149786781249999 0.7646471046875 0.734101909375 0.8771148515625 0.8190002968749999 0.8912595640625 0.8207000015625001 0.887592253125 0.7969975781249999 0.7712379312500001 0.7924833765625 0.76549029375 0.7831625171875001 0.7623698046875 0.778879103125 0.7650152218749999 0.7775401671875 0.7733534625 0.7734517203125 0.7704156921875 0.7717811890624999 0.7582456953125 0.7731526203125 0.748976925 0.7696849015625 0.74326583125 0.7682418328125 0.7245821125 0.7653948390624999 0.7160976984375 0.7622553921875 0.7159880656250001 0.75411431875 0.72408876875 0.7560773046875 0.7278839828125 0.753266128125 0.7333758125000001 0.75421845 0.7511107265625 0.7509490234375 0.754723221875
2 0.49812452812499997 0.4486928640625 0.49773459062500003 0.45985924218749996 0.4948909203125 0.46628160156250004 0.4966589375 0.47566000624999993 0.492213046875 0.48295808124999995 0.49440349843750003 0.480239575 0.495843240625 0.48401651562500003 0.4985569328125 0.4813162828125 0.49898268906250004 0.4841261484375 0.500812371875 0.4767367125 0.50597979375 0.4787804953125 0.5152356640625 0.4837620484375 0.5138642328125 0.49303082031249995 0.5196198859375001 0.49323181250000003 0.5240332796875 0.48686426718750003 0.5344656109375 0.4881602390625 0.537211796875 0.484529471875 0.5373384531250001 0.4659005703125 0.53373743125 0.449004828125 0.5299414390625 0.43769227343750006 0.52343175625 0.429079953125 0.5328792703125 0.41357154218750003 0.5366686171875 0.39507054375 0.5349006000000001 0.385692140625 0.5348581343750001 0.34190234531249997 0.5324044031249999 0.337158328125 0.5226577875 0.331227971875 0.4998626375 0.323910284375 0.4971489453125 0.3266105171875 0.49911193125000003 0.33040573281249996 0.49633657343750004 0.34987380468749996 0.49823456874999994 0.35553008125 0.49869614375 0.3723161921875 0.49573578749999997 0.44208778437499996 0.49812452812499997 0.4486928640625
2 0.7528488671875 0.4752896921875 0.7530763312500001 0.468775971875 0.7511783359375 0.4631196953125 0.7485946234374999 0.462097803125 0.7382955953125 0.4719864828125 0.7381006265625001 0.477569671875 0.746479134375 0.507675575 0.7421632234375 0.5112515234375 0.7350978046875001 0.5035514640625001 0.736310084375 0.5138421281250001 0.7345453921875 0.5193705 0.7429888874999999 0.547615340625 0.7341945953125 0.5594198984375 0.7317441859375 0.5695826578125 0.7266092578125 0.5666083421875 0.7151987578125001 0.578321540625 0.7174641671875001 0.6184623 0.7198529109375 0.6250673796874999 0.7256085624999999 0.6252683718750001 0.7368240953125 0.6191383625 0.739079534375 0.61455879375 0.7393719875 0.6061840093749999 0.7442111390624999 0.60262633125 0.7493493890625 0.620507421875 0.7509549328125 0.63453848125 0.7587385624999999 0.636673625 0.7604382640625 0.6330063140625 0.760239971875 0.6236827265625 0.7660931109375 0.621092125 0.7666521703125 0.635086640625 0.7685826609374999 0.6398123874999999 0.776792046875 0.644757396875 0.7816636921875 0.6402691859375 0.781956146875 0.631894403125 0.7779326906249999 0.6270955703125 0.7783551234375 0.6149986609375 0.7738084265625 0.6101815546875 0.77714284375 0.6047079984375 0.77753610625 0.608448396875 0.781263784375 0.6067152359375 0.78417244375 0.5984318140625 0.77956075625 0.5954757703125 0.7728919234375 0.6064228843749999 0.7703407062500001 0.6044704624999999 0.772791115625 0.5943077031249999 0.7677828453125 0.5727044875 0.7677112078125 0.5447519984375 0.764308478125 0.5371798421875 0.763258671875 0.522236521875 0.7594626812499999 0.51092396875 0.7528488671875 0.4752896921875
2 0.6008914046875 0.5212248640625 0.597849440625 0.5183236375 0.5913105859375001 0.5255486265625 0.591154759375 0.560014834375 0.5931535625000001 0.57778629375 0.6046648703125 0.5781882765625 0.6129034265625 0.567295978125 0.6171251765625 0.5814184 0.6221951156250001 0.586253778125 0.6220651359375 0.589975903125 0.6330207078125001 0.5912901453125 0.6358318828125 0.5857983156250001 0.638769715625 0.5616775859375001 0.642789846875 0.55156964375 0.6468782921875 0.5545074140625 0.647632321875 0.562918740625 0.643384725 0.579540403125 0.64606924375 0.5926774781249999 0.6770737812500001 0.6049401750000001 0.6839084125 0.604247178125 0.6877335765625 0.5997224265625001 0.6859005703125 0.592205084375 0.6811913984375 0.5920406375 0.684262534375 0.57910455625 0.683212728125 0.5641612359375 0.6796800171874999 0.5603112078125 0.6774212562499999 0.549984 0.67712215625 0.5285452312500001 0.66492513125 0.532777634375 0.6646651718750001 0.5402218859375 0.6563583015625001 0.5380684703124999 0.6523348453125 0.5332696375 0.6480839265625 0.5349845234374999 0.63228588125 0.5223211828125 0.6142940609374999 0.4974695734375 0.603865053125 0.5110803765624999 0.6036050937499999 0.5185246296875 0.6008914046875 0.5212248640625
1 0.26745079843749997 0 0.267776146875 0.0391007703125 0.271373846875 0.0410897375 0.27268361093750004 0.0485888046875 0.26847515624999996 0.09409348906250001 0.2641625703125 0.112576215625 0.26102976875 0.142280134375 0.2553948625 0.2436349796875 0.2479236265625 0.322565709375 0.249730784375 0.3608271328125 0.2563445984375 0.39646140937499996 0.2753862234375 0.43625633906249994 0.294392028125 0.46207502656250005 0.296780771875 0.46868010625 0.31983920625 0.4834603171875 0.347899265625 0.49003019375 0.36859812812500004 0.48236801875 0.3825923390625 0.4716767125 0.4036128296875 0.4398024453125 0.41279706093749996 0.416831509375 0.41825361406250006 0.3955937328125 0.41759707031250004 0.3843908109375 0.42109063906250005 0.35935782031249996 0.4205965671875 0.3435022421875 0.4244833984375 0.3222096484375 0.428346965625 0.1965696234375 0.430469103125 0.18080540625 0.4452790078125 0.1617575875 0.478876490625 0.0697642140625 0.377803428125 0 0.26745079843749997 0
1 0.5839745015625 0.3305741984375 0.588033775 0.349349278125 0.5856808515624999 0.356720440625 0.58610993125 0.3744370828125 0.589021915625 0.3810604359375 0.587715471875 0.38846814531249996 0.590172528125 0.4081189375 0.5958990109375 0.42415723749999995 0.5946250640625 0.4306344125 0.59623060625 0.44466547500000003 0.6010730796875 0.45601457187500005 0.6062080078125 0.4589888859375 0.6096107390625 0.466561040625 0.6111187953125 0.48338369531250003 0.6146190093749999 0.48816425781249995 0.62135615625 0.4902628578125 0.626920165625 0.5109538125 0.6344763296875 0.5196026781249999 0.65884120625 0.52697518125 0.6767613875 0.5238743015625 0.687060415625 0.5139856234375 0.6895758140625 0.5019618015625 0.701538728125 0.47442956875000003 0.704544871875 0.46335455000000003 0.7082009140625 0.43366890312499995 0.710677171875 0.3927620625 0.7100464765625001 0.35081505625 0.702054584375 0.2946359984375 0.701882140625 0.254568328125 0.704953275 0.24163224687499998 0.717478571875 0.24300130625 0.7288565765625 0.23221864062500003 0.72179115625 0.22451858125 0.6141201421875 0.1574053203125 0.6052900296875 0.15523363437499998 0.6030020953124999 0.1607437359375 0.596199959375 0.1605062 0.5906067796875 0.15565255 0.5868141109375 0.159246771875 0.58377879375 0.1861590984375 0.5829372515625 0.22525969375 0.58553425625 0.2859086875 0.5839745015625 0.3305741984375
1 0.753726228125 0.4501653421875 0.7564757375 0.461441353125 0.7595243468749999 0.4941561296875 0.7641360328125 0.497112171875 0.7632228546875 0.5082602781250001 0.7675387640625 0.504684328125 0.7719588046875 0.528130334375 0.7813154796874999 0.5452270703125001 0.78481901875 0.5649144078125 0.78848170625 0.5650423124999999 0.7953521578125 0.578325559375 0.7970843546874999 0.5737277187500001 0.8004854234375 0.5738464859375 0.7998338656249999 0.585003728125 0.8018293453125 0.5878684109375001 0.812261675 0.5891643828124999 0.8142213375 0.5780528203124999 0.8180465015625 0.5735280671874999 0.825079425 0.582158659375 0.824296225 0.5895846375 0.8284496593749999 0.5906613453125 0.8431295859375 0.575335653125 0.8477704453125 0.5624543890625 0.8528012421875 0.538406746875 0.8564214671875 0.494744853125 0.854221046875 0.45274303125 0.8552317125 0.43880333125000004 0.8504475812500001 0.39577961875 0.8512274578125 0.3734468625 0.8488712109375 0.3659112515625 0.8505709124999999 0.362243940625 0.8480846874999999 0.35843045625 0.8490595328125 0.3305145109375 0.8470965484375 0.326719296875 0.8623680281249999 0.324457590625 0.8661931921875 0.3199328359375 0.7703942515625 0.2578924890625 0.7696110515625 0.2653184703125 0.7713465734375 0.275627403125 0.7576806328125001 0.2919201703125 0.7515317171875 0.2879787828125 0.7501602875 0.2972475515625 0.753726228125 0.4501653421875
1 0.9019368109375 0.466520965625 0.900565378125 0.475789734375 0.8862395734374999 0.4659728046875 0.8662197781250001 0.43918704374999995 0.8572596875 0.44073748281249997 0.857490475 0.44913053906249994 0.8557907703125001 0.45279784687499997 0.8581861609375 0.48921648125 0.8521838390625 0.55608684375 0.8581444328125001 0.595424975 0.8650182046875001 0.623615 0.879119871875 0.6548524265625 0.88670853125 0.662570759375 0.8981873453125001 0.6639032734375 0.905707690625 0.6585758921875 0.9113625390625 0.646661703125 0.920705921875 0.604131334375 0.9225289578125 0.5669283453125 0.9203026890625001 0.5556706078125 0.9187263203124999 0.525802240625 0.9163342546875001 0.5042903828124999 0.9108352359375 0.4817383640625 0.9107669234375001 0.4686926515625 0.9062202265625 0.4638755453125 0.9105036406250001 0.46123012812499997 0.9102078640625001 0.45469813437499995 0.9082123828125 0.451833453125 0.90853733125 0.4425281375 0.90932053125 0.43510215781249995 0.9138963999999999 0.4240819546875 0.9119009203124999 0.42121727187499997 0.9039873109375 0.42280425624999995 0.9021085796874999 0.461602175 0.90461800625 0.4647512609375 0.9019368109375 0.466520965625
1 0.21516325468750003 0.795639809375 0.20567992343750002 0.7971719765625 0.20473092343750002 0.7943438375 0.1988452921875 0.7978649718749999 0.1988010296875 0.7941367609375 0.1709152109375 0.7875729687499999 0.171275978125 0.7922438984375 0.1807301375 0.806549040625 0.19394447343750001 0.8181904890625 0.20274208906250002 0.8212927078125001 0.22216700625 0.8201077078125 0.23498475624999998 0.8131019828125 0.24420480625000002 0.8041072921874999 0.2453487734375 0.8013522421875001 0.24227431562500001 0.7993815468750001 0.21516325468750003 0.795639809375
1 0.346896721875 0.8337800281250001 0.3533705859375 0.8284161015624999 0.3540238078125 0.8247122499999999 0.3509818453125 0.8218110218750001 0.3591879078125 0.8118492546875 0.363734603125 0.8166663609375 0.364911065625 0.8129807796874999 0.36190159843749997 0.8091490218749999 0.3628472734375 0.797070384375 0.36451448124999997 0.7943336046875 0.3723631 0.7946076843750001 0.3785378640625 0.767804990625 0.3827138234375 0.7232308390625 0.382349734375 0.703653134375 0.38417941718750004 0.6962636984375 0.38169319062499996 0.6924502125 0.3484657078125 0.683836553125 0.33845913437499997 0.6853504484374999 0.33687685625 0.77566681875 0.334621415625 0.7802463890625 0.3343647796875 0.8025974171874999 0.3361977859375 0.81011475625 0.34453715156250003 0.8113376390625 0.3449304125 0.8150780375 0.3437539515625 0.8187636203125 0.3395355265625 0.8195479765625 0.3377383375 0.8260068796875 0.33005219375 0.8210801421875 0.3251155578125 0.827429415625 0.33381568906250003 0.833323228125 0.346896721875 0.8337800281250001
1 0.42927971249999997 0.8599485609374999 0.44667665312500004 0.8568294109375 0.46135658125 0.84150371875 0.46416775625 0.8360118906249999 0.46138907656250006 0.8405731875000001 0.4590003328125 0.8339681078125001 0.40798264843750004 0.8247332 0.39954579687499997 0.8263019125 0.4058605109375 0.8404974203125001 0.41338418125 0.850076815625 0.42927971249999997 0.8599485609374999
1 0.5567781375 0.82433925625 0.5585686796875 0.7880668 0.5577138421875001 0.7675402906250001 0.55404783125 0.7525056109375 0.553488771875 0.73851109375 0.5489095796875 0.7346245203125 0.5259844484375 0.731028959375 0.52576030625 0.75244945625 0.5336580375 0.8263268828125 0.5326798671875 0.8393360515625 0.5315359 0.842091103125 0.5243860125 0.8405603828125001 0.5257802468749999 0.8418901109375 0.525617771875 0.8465427671875 0.5317666890625 0.8504841578125 0.5308210124999999 0.8625627953125001 0.533076453125 0.8579832250000001 0.535497690625 0.8636577734375 0.546940684375 0.8510140453125 0.547103159375 0.8463613875 0.550895828125 0.8427671671875 0.5567781375 0.82433925625