1 0.6698001421875001 0.20682741249999997 0.6776479171875 0.20723869687500002 0.681398315625 0.2107547109375 0.68344700625 0.209202346875 0.716453075 0.2175710546875 0.7262627968750001 0.218085159375 0.7369089140625 0.221409321875 0.73869736875 0.22482251718750002 0.7503822875 0.2270946296875 0.7558365328125001 0.21686883125 0.7452771578124999 0.21188948281250003 0.7012490765625 0.207369090625 0.6253404703125 0.1917727578125 0.5353801921875 0.1815256953125 0.4772136921875 0.1840097625 0.434309021875 0.195592334375 0.398789490625 0.216413853125 0.3842462640625 0.23114251874999997 0.37449224062500003 0.2483351515625 0.378787753125 0.2789887125 0.394336596875 0.3013801234375 0.41802236718749997 0.3186655296875 0.443007171875 0.3299333265625 0.521974353125 0.343476975 0.6236484671875 0.355444421875 0.633573846875 0.3537516125 0.649124825 0.3573328265625 0.653308946875 0.3525729078125 0.624082190625 0.34716848749999996 0.609223034375 0.349155975 0.5977116046875001 0.34357348593750003 0.5978272640625 0.3413665703125 0.6071764796875 0.33189814375000004 0.61932830625 0.2877221984375 0.636872278125 0.27204430625 0.6466241687500001 0.2736618703125 0.6509239515624999 0.266695034375 0.6365563484375001 0.259303128125 0.6397594984375 0.2544917984375 0.6498583671875 0.24948861406249997 0.6472046 0.24381709218749997 0.6605955 0.21353719375 0.6698001421875001 0.20682741249999997
1 0.4041271078125 0.47118600624999996 0.346191928125 0.46925623906249997 0.3388624859375 0.47772403125 0.32186789843749997 0.4829190703125 0.29252334687500003 0.49853176406250005 0.27766205781250003 0.5193294484375001 0.27774666875 0.5364844578125 0.2746013484375 0.5401923296875 0.299210259375 0.5586326046875 0.32520495 0.5694000828125 0.344619853125 0.59310059375 0.3496692875 0.590599003125 0.35220952968749997 0.5796672421875 0.358413425 0.5739066875 0.4041271078125 0.47118600624999996
1 0.2880351359375 0.6404803546875 0.2503244734375 0.6468026890624999 0.22628959218750003 0.6549482281250001 0.207822478125 0.6694712515625 0.205166578125 0.6826099265625001 0.210445196875 0.6945047 0.2343044546875 0.70847973125 0.25562560625 0.714576325 0.2897572234375 0.7202377984375 0.32010952656249997 0.7229349828125 0.367427503125 0.7209888578125 0.41846696406249995 0.7231104796875 0.42954680468750006 0.7181587046875 0.42966246406249997 0.7159517890625 0.39532844375 0.7141524203125 0.37822033125 0.702744178125 0.3827803453125 0.69081178125 0.4007869546875 0.6663062265625 0.40350068749999995 0.6520640921874999 0.464378784375 0.6541480890625 0.46660096093750003 0.64928535 0.4522044453125 0.642445171875 0.45145479218749995 0.6379799296875001 0.4511078125 0.644600678125 0.44284662812500003 0.645827459375 0.343143059375 0.6400489734375 0.2880351359375 0.6404803546875
1 0.2538305453125 0.26082185 0.2685162109375 0.2621447375 0.271632615625 0.2589885953125 0.2928466453125 0.192051315625 0.2934827734375 0.1799132765625 0.28886706093750003 0.174138934375 0.278278771875 0.1697113140625 0.2480132140625 0.1653589421875 0.21457342031249999 0.16526616875 0.193770603125 0.16804865156249998 0.1728232109375 0.17358977656250002 0.1503743796875 0.189010615625 0.1449201375 0.19923641406249998 0.1468510328125 0.2187011625 0.1570634265625 0.23030125781250002 0.17985496875 0.24588006562500003 0.19058783125 0.2475490421875 0.2079272640625 0.25454345 0.2538305453125 0.26082185
1 0.14307598593749998 0.1781164796875 0.138257871875 0.176204240625 0.1145988828125 0.1771773015625 0.09157388749999999 0.1848225234375 0.07913718125 0.1968953640625 0.07887694687499999 0.201860925 0.08666689375 0.2033756671875 0.13767743906250002 0.20604901718750002 0.14307598593749998 0.1781164796875
1 0.7791508796875 0.7104781921875001 0.7991440796875 0.7231441234375 0.8706950734375001 0.7468107500000001 0.90690429375 0.750368128125 0.9605396921875 0.759264728125 0.987077984375 0.7596597015625 0.9980352828125 0.5505819875 0.9970615390625 0.5503926453125 0.9227657640625001 0.560330078125 0.85778815625 0.5801610109374999 0.8134109625000001 0.6010715656250001 0.7920587609374999 0.614336896875 0.7609814515625 0.644243134375 0.756392521875 0.656727259375 0.7565349609375 0.6727788109375 0.7679575125 0.6988266859375 0.7791508796875 0.7104781921875001
1 0.8662443156249999 0.812966821875 0.8038669125 0.801952340625 0.8017025640625001 0.805711621875 0.7949225046875 0.8036965593750001 0.7898152406250001 0.8073016125000001 0.76081766875 0.81629355625 0.6462152953125 0.82577834375 0.58960593125 0.8360894375000001 0.538477590625 0.8544332015625 0.5303406671875 0.8595392078125 0.524078940625 0.866403221875 0.5199215984375 0.8894216078125 0.5293265093749999 0.8976599203125 0.5524072015625 0.9077214375 0.593174303125 0.91815661875 0.638125528125 0.9238318781249999 0.7126215734375 0.9288425390624999 0.7788093375 0.92345938125 0.800911190625 0.91465929375 0.8152809265625001 0.9032410015625001 0.8271971671875 0.9010992828125 0.8344398625 0.8942866796875 0.88178675625 0.8917888265625 0.887932821875 0.8871317281250001 0.8823072234374999 0.8818577046874999 0.8848763796875 0.8703742140624999 0.9000825140625001 0.8617659812499999 0.9044979546875 0.8525922296875 0.912519221875 0.8496931390625001 0.93614929375 0.84927180625 0.9531438828125 0.8440767671874999 0.9826256171875001 0.844615940625 0.9834838640625 0.82823961875 0.9805843203125001 0.82725779375 0.9657540796875 0.8286935515625 0.95663618125 0.8337481468749999 0.95285686875 0.8307838593750001 0.92530290625 0.8309995499999999 0.9108196453125 0.8258145593749999 0.891142375 0.82588980625 0.8727352265625001 0.8204991734375 0.869447465625 0.80815549375 0.8662443156249999 0.812966821875
7 0.711069671875 0.6206040828125 0.7128870421875 0.6234655484375 0.7415644140625 0.6393528203125001 0.753162590625 0.6432801218749999 0.7561633359375 0.64233089375 0.829515590625 0.5565495312500001 0.821033821875 0.5494660875 0.821409715625 0.5422936109375 0.8072734328125 0.530487871875 0.8074758375 0.52662576875 0.774327325 0.502205509375 0.744726809375 0.48516336875 0.7292914921875 0.4793752390625 0.723434575 0.47851504531250005 0.7164231953125 0.48091381718750004 0.70277633125 0.4785388828125 0.7386738921875 0.4317346890625 0.741069559375 0.4235615734375 0.7363092734375 0.420545875 0.4498365234375 0.4060857203125 0.4369393125 0.4081760265625 0.4221626328125 0.44612872187499997 0.4050502515625 0.4723408734375 0.364819725 0.564284028125 0.3574035375 0.57440700625 0.33581574999999997 0.629706565625 0.3355555171875 0.6346721265624999 0.3393637453125 0.637084684375 0.41515882656249997 0.6360777375 0.4625924640625 0.631924696875 0.50488991875 0.631928434375 0.5927169 0.6265728515625 0.6222370734375 0.5888395875 0.6360285125 0.588455878125 0.6030224421875 0.5800871703125 0.6025330234374999 0.570656365625 0.604639540625 0.5680005421875001 0.6244613859375 0.56516665 0.6333190484375 0.5650776171875 0.6370983625 0.5680419046875 0.6412824859375 0.563281984375 0.6687497015625 0.5647214796875 0.6784437624999999 0.567442503125 0.7022430578125001 0.6013311890625 0.717186821875 0.6164987125 0.711069671875 0.6206040828125
7 0.5182059140625 0.7532335734375 0.525564271875 0.744214053125 0.522968334375 0.7374390734375 0.5122354703124999 0.7357701 0.4836137921875 0.7375895671875 0.2870124421875 0.7538418578125 0.2786731140625 0.762809965625 0.259452078125 0.8104881421875 0.22329214999999997 0.8810680953125001 0.225859171875 0.8883948046875 0.3514546421875 0.8756134296875 0.43175190937499996 0.86377754375 0.4438994671875 0.85722199375 0.45541303125 0.843994284375 0.4490377796875 0.8342550171875001 0.452038528125 0.833305790625 0.5120802249999999 0.8325797312500001 0.5149653125 0.8338374203125 0.5142713546875 0.8470789171875 0.5187714046874999 0.855060178125 0.5261297625 0.8460406578124999 0.547624403125 0.8488268765625 0.5916257046875 0.8350888015625 0.57082715625 0.8002508875000001 0.5632106984374999 0.7954257703125001 0.540247803125 0.7643471390625 0.5317949484375 0.7567119671875 0.5182059140625 0.7532335734375
7 0.1889785046875 0.9539577859374999 0.1719729109375 0.9834950015624999 0.4356329703125 0.997312840625 0.42862269687500004 0.9797948703125 0.40338192812500007 0.935872240625 0.38384923125000003 0.9331888421875 0.1889785046875 0.9539577859374999
7 0.201670975 0.46776790625000003 0.07578849062500001 0.46725637343750004 0.0590145484375 0.56208856875 0.0923675984375 0.563836528125 0.1869746390625 0.56049600625 0.1917948875 0.5435980484375 0.19000643281250001 0.540184853125 0.1832552875 0.5376180640625 0.2003655359375 0.5302161078125 0.22278331875 0.5341571953125 0.22601325 0.547604334375 0.2352735875 0.5586012921875 0.24017844687499998 0.55885834375 0.25019270625 0.5367001484375 0.251146896875 0.5184930921875 0.2347327421875 0.49384335312500005 0.23080885312500002 0.4936377109375 0.22440255312500001 0.5032603703125 0.20674505625 0.5023349796875001 0.2153178390625 0.47014284218749997 0.201670975 0.46776790625000003
7 0.282999471875 0.267329728125 0.280172215625 0.2649685796875 0.1441062515625 0.25230522187500004 0.12347692343750001 0.25177732812500003 0.1194373765625 0.2537786015625 0.092678090625 0.3702172640625 0.093341 0.3763376921875 0.099976484375 0.3811114 0.23933234374999998 0.387308240625 0.24441069375 0.38425491875 0.243113790625 0.37146233125 0.2481343125 0.36951246718749997 0.2505878078125 0.3602358953125 0.285124234375 0.35817316250000003 0.2952787984375 0.3708767171875 0.3081181796875 0.3698898671875 0.321048575 0.329627434375 0.317616240625 0.3200424 0.3097684625 0.319631115625 0.305960234375 0.3172185578125 0.2930919375 0.3187571359375 0.26920376562500004 0.30533383281250004 0.2702157859375 0.28602331875 0.2751784765625 0.2851769125 0.2783527125 0.2809173125 0.282999471875 0.267329728125
7 0.173371425 0 0.16822457500000002 0.0173338546875 0.152460521875 0.11166573125000001 0.1453024328125 0.1356333453125 0.14579185156250002 0.14506414843749998 0.1594098015625 0.14799081249999999 0.259353290625 0.15544160625 0.31019034687499997 0.1614253296875 0.31642315781249997 0.1551130453125 0.3217349609375 0.12883569374999998 0.37162209375 0.11540608125 0.37713203281249996 0.122887021875 0.3867682625 0.1267115015625 0.39421123125 0.13484699218750001 0.40373393750000003 0.122068190625 0.41282505468749997 0.09875512656249999 0.422118575 0.071579959375 0.42165807187500004 0.0615974265625 0.4179944171875 0.0564262234375 0.40913675468750005 0.0565152578125 0.40830035625 0.053705201562500006 0.3910476671875 0.045055606250000005 0.387094865625 0.045401692187499995 0.3858825734375 0.049764114062499996 0.351635296875 0.0463095578125 0.3668903390625 0 0.173371425 0
7 0.048946526562499995 0.0409579546875 0.046550859374999996 0.0491310671875 0.042511310937500005 0.0511323421875 0.047271596875 0.054148040625000005 0.0472694625 0.0729582375 0.0412968859375 0.0743049625 0.039157184375 0.11513290937500001 0.032633089062499995 0.1457726828125 0.0363834875 0.149288696875 0.044231265625 0.14969998125 0.044952001562499996 0.1547169546875 0.092903971875 0.1594429890625 0.11330198124999999 0.1643847140625 0.143741028125 0.16542671250000002 0.1462234421875 0.1555984109375 0.14091590781250002 0.14425536562500002 0.14149420625 0.1332207859375 0.1347430609375 0.13065399687499998 0.1350032953125 0.125688434375 0.136905409375 0.1081634140625 0.1468060078125 0.1069434359375 0.14709515625 0.10142614531250001 0.1406331625 0.093342065625 0.1477601984375 0.0887363765625 0.1491748953125 0.080511853125 0.1532433578125 0.07795885 0.1543710390625 0.05644141875000001 0.1203261671875 0.049124757812499996 0.048946526562499995 0.0409579546875
7 0.1285284921875 0.23046553906249997 0.1314714078125 0.230619771875 0.1336646734375 0.226308759375 0.1346477796875 0.2075499734375 0.036695148437500005 0.1996502703125 0.026798682812500002 0.200791353125 0.0218006765625 0.258620078125 0.0187421 0.2606727640625 0.019229384375 0.2889137640625 0.062363240625000003 0.2917275578125 0.1027833640625 0.3087834859375 0.1136382875 0.2518149515625 0.12965190625 0.24656850156250001 0.1285284921875 0.23046553906249997
7 0.09714709375 0.3975604484375 0.0987931078125 0.3849220921875 0.088233734375 0.3799427421875 0.085551053125 0.37482295 0.0923621609375 0.357476084375 0.0970688859375 0.3239748453125 0.01071443125 0.3200024453125 0.006771817187499999 0.3576930625 0.004794159375 0.395429028125 0.09714709375 0.3975604484375
7 0.016483984375 0.1723738703125 0.0478060390625 0.1753365703125 0.058625646875000006 0.1753503578125 0.06070325 0.1732462625 0.0584253765625 0.1604022625 0.038979425 0.156063678125 0.0294299390625 0.1505840109375 0.0342544578125 0.096065659375 0.0314272015625 0.0937045109375 0.020673928124999998 0.0924249921875 0.016483984375 0.1723738703125
7 0.0255177171875 0 0.0217497328125 0.071897428125 0.036392025 0.074047909375 0.0412433234375 0.037788024999999996 0.04626384375 0.0358381609375 0.0639502546875 0.036211821875 0.06729798125 0.0286418484375 0.07130861250000001 0.027192303125 0.0687705046875 0.019313864062499998 0.0719736546875 0.0145025359375 0.0682521734375 0.010434790624999999 0.0714842375 0.00507173125 0.07737007031250001 0.00538019375 0.0816374765625 0 0.0255177171875 0
2 0.5237895890625001 0.365148640625 0.5148740953125001 0.36634113125 0.49138859687499997 0.3640038203125 0.4231253609375 0.352680875 0.41527758593749997 0.352269590625 0.41213226562500005 0.3559774609375 0.40041842968749997 0.354257075 0.39228150624999997 0.35936308125 0.38469182812499997 0.3727964328125 0.3794667703125 0.39741859687500003 0.40375761718750003 0.42192789062499997 0.41362303437500003 0.44014873593750004 0.42054766875 0.43940515312499995 0.42871564375000004 0.41493721875 0.4381226890625 0.404365334375 0.467580765625 0.405355921875 0.4713889921875 0.40776848125000004 0.4802177421875 0.40823117656249996 0.4981065578125 0.4047427328125 0.50390564375 0.40670638437499995 0.5147541671875 0.40616844375000005 0.5263523421875 0.41009574375 0.568505225 0.4128581265625 0.5832487203125 0.41307755625000003 0.5902600984374999 0.4106787859375 0.5679601109375 0.385720584375 0.5594205109375 0.379740596875 0.5487454781250001 0.376968165625 0.536426565625 0.3680238921875 0.5237895890625001 0.365148640625
2 0.4829281703125 0.1688184015625 0.473434378125 0.18104547499999998 0.47822357968749996 0.18350944375 0.5275035015625 0.1816661390625 0.6497780265624999 0.1947132078125 0.699460621875 0.20395589531249997 0.7151850890625 0.2042267359375 0.720205609375 0.202276871875 0.717465096875 0.1982605375 0.6774497828125 0.17348040468749998 0.6542245171875 0.16617753125 0.6475890328125 0.161403825 0.6278250171875001 0.16313425937499998 0.6164292453125 0.15534485468749998 0.5860191125 0.1537511265625 0.5725457375 0.14806581875 0.5528973828125 0.1475893359375 0.52765234375 0.1412871 0.517524559375 0.1468420125 0.48803756875 0.1464031546875 0.4829281703125 0.1688184015625
2 0.718270446875 0.2204325203125 0.7008731828125 0.21454156875 0.66475070625 0.209329003125 0.6597301875 0.21127886718750002 0.6490508859374999 0.24612682968750002 0.6555996265624999 0.2525557234375 0.6790272953125001 0.2559964921875 0.694722846875 0.25681906250000003 0.718270446875 0.2204325203125