1 0 0.78645285625 0.1278261796875 0.7851232046875001 0.13415114374999998 0.7896709875 0.13296818906250002 0.794352334375 0.15315506875 0.7848695218749999 0.16426544375000002 0.78755994375 0.18959433125 0.7873062609375 0.1961657109375 0.8050429078124999 0.1972094453125 0.8209087500000001 0.2629641984375 0.8364766875 0.2946180484375 0.840770784375 0.3028957390625 0.8438397921874999 0.3169214359375 0.8445748468750001 0.31961639375 0.8468242359374999 0.3476402390625 0.8488199406250001 0.358998521875 0.8467800140625 0.37514221718749996 0.8428827265625 0.3849609515625 0.8344376562500001 0.390021815625 0.827324353125 0.38823585 0.8077303453125 0.3609021265625 0.774675559375 0.349159703125 0.7661545953125 0.2843965796875 0.7316652578125 0.2750736609375 0.7306496250000001 0.268721153125 0.7266274390625 0.26709896718750004 0.72179908125 0.282088746875 0.704138328125 0.2877280625 0.6859875390625 0.2771425390625 0.6553916046875 0.2538244515625 0.617276890625 0.2346567484375 0.60731270625 0.20836526718749998 0.60804298125 0.20074717031249997 0.6102789234375 0.1924143890625 0.6082611078125 0.184357059375 0.6009873453125001 0.16304380937500002 0.5961811 0.0130247015625 0.5783052078125 0.005406603125 0.58054115 0.0052413328125 0.5836947171875 0.0125564328125 0.5872403140625 0.10578561718749999 0.5973966296875 0.109112625 0.6054765609375 0.0490463109375 0.6423835125 0.052564643749999994 0.6647035 0.0198931109375 0.66193718125 0.00570214375 0.6643556921875 0 0.6642351203125 0 0.6743904390625 0.0042161921875000005 0.674818578125 0.011366020312499999 0.6815177421875 0.055444957812499994 0.752869809375 0.06460111562500001 0.7749582234375 0.056955471875 0.7777197625000001 0 0.7779761093750001 0 0.78645285625
1 0.3056122765625 0.9172404515625001 0.3113602796875 0.9149065015625 0.312598325 0.9091739656250001 0.3213993765625 0.902256675 0.3436506546875 0.8712734937500001 0.352012475 0.8548464984375 0.351380425 0.84901595625 0.300035509375 0.8447439687499999 0.233263075 0.8307038125 0.224517115625 0.8365699125000001 0.2131863765625 0.838084246875 0.184337665625 0.833937159375 0.1677271921875 0.8288503359374999 0.1639319171875 0.8297055109375 0.16549901250000001 0.8355850578125 0.1776821609375 0.8356965109375001 0.18128461875 0.8385204984374999 0.21192078749999999 0.8443423765625001 0.211617790625 0.850123915625 0.201716421875 0.86014576875 0.191017734375 0.8674906468750001 0.1748740375 0.871387934375 0.174681221875 0.87506709375 0.2113103171875 0.9096631046875 0.20930249843749998 0.9121930687500001 0.21378491406250003 0.9161172499999999 0.23586793906249998 0.9241260656250001 0.2613055171875 0.939689221875 0.2927375125 0.9661072921875 0.3131708078125 0.9698133468749999 0.31572953125000003 0.9567714921875 0.349308565625 0.9601124078125001 0.3578892546875 0.9573998749999999 0.3624267609375 0.9602728656249999 0.36036385000000004 0.9638540203125 0.3660016734375 0.9636224484374999 0.36869663125 0.9658718359374999 0.374389546875 0.9645890749999999 0.37972437187499997 0.9701390421875 0.38811224375000003 0.9711056703125 0.40824254218749995 0.9805932640625 0.41038659375000003 0.9933545421875 0.41235272187499994 0.9960927734375 0.46739670312500003 0.9989775062499999 0.4620345078125 0.9918449921875 0.4493570375 0.983275021875 0.44347279687499996 0.970317728125 0.42697250468750003 0.9631285265624999 0.42342513750000005 0.9592533515625 0.404972115625 0.9535429265625 0.3922395546875 0.9460241453125 0.3480184140625 0.9310577015625 0.31465974218750004 0.923512028125 0.3056122765625 0.9172404515625001
1 0.5862441015625001 1 0.586340584375 0.9994136734374999 0.5801808937499999 0.9917123234374999 0.5701983828125 0.9853917437499999 0.564148871875 0.9755880156250001 0.5532588578125 0.9686928390625 0.5028229343749999 0.9470762328125 0.45475142812499997 0.93401615 0.4493890578125 0.9289917781250001 0.476838928125 0.88826731875 0.4781320625 0.88148359375 0.4810473828125 0.8795282265625 0.48759270624999995 0.879871253125 0.47873954999999996 0.8520013000000001 0.471479540625 0.8474045140625 0.4646602546875 0.834398215625 0.445299734375 0.8281131921875 0.4264610796875 0.8297610921875 0.41683516249999997 0.8345269999999999 0.3956871859375 0.8265671843750001 0.39260659375 0.8316761187499999 0.4090517953125 0.839916509375 0.405613115625 0.8518581703124999 0.3946665203125 0.8639333984374999 0.3877906515625 0.8698975062500001 0.3726921828125 0.8717414203124999 0.3616919890625 0.8669486187500001 0.34956393124999996 0.8657859765625 0.32038169375000003 0.90378445625 0.3605611421875 0.906417209375 0.36991011406249996 0.9248264624999999 0.3655914796875 0.93566793125 0.3684517078125 0.9347637546875 0.4435278875 0.9692665390625 0.45037471875 0.9817472421875 0.46486719218749994 0.9914664078125 0.5022579203124999 1 0.5862441015625001 1
1 0.5634528859375 0.4163641421875 0.5522047859375 0.4163016921875 0.5411495000000001 0.41256008125 0.5352392078125 0.382209165625 0.5285025578125 0.367626084375 0.5212976390625 0.36197810937499997 0.49129351874999994 0.361986775 0.4867560125 0.35911378437499997 0.47374799999999995 0.3568509484375 0.356894746875 0.350199890625 0.3539794265625 0.3521552578125 0.3566192953125 0.3554558359375 0.43323800781250005 0.360525328125 0.438683015625 0.3639729171875 0.44825384062499996 0.3602582 0.47163000000000005 0.3614832921875 0.4771576421875 0.36335409687500003 0.4824649234375 0.3694296578125 0.4580695890625 0.3876515625 0.43623298125 0.39283161093749996 0.41453409687500004 0.39538368749999997 0.29239961718749996 0.4000506890625 0.2866240671875 0.402910234375 0.292976575 0.4069324234375 0.3870045734375 0.4018464984375 0.391569625 0.40419389375000003 0.399213775 0.41935157343749996 0.401578190625 0.427908096875 0.3975625515625 0.4329680265625 0.40394260624999995 0.43646461875 0.46012802343750003 0.43782805781249995 0.46752575781249994 0.4397968703125 0.5067977078125 0.441855025 0.514388259375 0.44014467812499997 0.520411715625 0.4325547828125 0.5335299109375 0.4327152390625 0.55189581875 0.493760096875 0.5555258234375 0.496058490625 0.5825319875 0.499581975 0.6134160640624999 0.500673503125 0.6502134171875 0.49627751406250004 0.66162828125 0.4752671796875 0.6569269953125 0.457628540625 0.6408123375 0.44308101562499996 0.6116070296875 0.427847440625 0.5941166 0.42166042499999995 0.5634528859375 0.4163641421875
7 0.3323385125 0.9797775312500001 0.32879114375 0.9759023546875 0.308330303125 0.9727218953125 0.28894223750000003 0.9669624656250001 0.27862918125 0.9669490218749999 0.23030976875000003 0.9586192875 0.22390216875000002 0.955648290625 0.228413621875 0.941127659375 0.22415156875000003 0.9329987234375 0.20074935625 0.9143800093750001 0.1932414390625 0.9145135734375 0.1831212 0.910820965625 0.17643815000000002 0.9131059125000001 0.16752691718749999 0.9221255812500001 0.12723281250000001 0.9753528546875 0.1253057859375 0.98104928125 0.40837877499999997 0.9958845078125 0.4084614109375 0.994307725 0.404006540625 0.98985795 0.39473871250000003 0.9877911296875 0.390778165625 0.9917998703125 0.3831876125 0.99351021875 0.3711421921875 0.9907707921875 0.359482403125 0.9806730437500001 0.35189185 0.9823833921875 0.3445767515625 0.9788377953125 0.3323385125 0.9797775312500001
7 0.5720216406249999 0.557005340625 0.5709488687500001 0.5595843078125 0.5624232703125001 0.5612456546875 0.54190435625 0.5949548171875 0.54132590625 0.6059923 0.55226951875 0.6297555046875 0.560877753125 0.626517378125 0.5720447109375 0.6102373937500001 0.5824404015625 0.6086740578125001 0.5868952734375 0.6131238328124999 0.5989377109375 0.651701690625 0.7113911828124999 0.652851784375 0.727397153125 0.6515824703125 0.72915855625 0.6358636390625 0.724403671875 0.601356971875 0.7133513703125 0.5617769265625 0.6703392375 0.55952275625 0.588769840625 0.559464190625 0.5720216406249999 0.557005340625
7 0.583228771875 0.7188663328125 0.59585264375 0.7105682734375 0.600061096875 0.7018291828125001 0.6057815578125 0.7000208265625 0.6148290234375 0.706292403125 0.625387003125 0.73741393125 0.7439175312499999 0.7478421578125001 0.7320984390625 0.669221109375 0.697611903125 0.6653055953125 0.60784745 0.6606012406249999 0.5936564828125 0.6630197515625 0.5858455703125001 0.66893485625 0.576135525 0.6931967640625001 0.583228771875 0.7188663328125
7 0.6174323953124999 0.8176338734374999 0.6216669046875001 0.8262884046875 0.6272496359375 0.8271080218750001 0.636985734375 0.8202397359375 0.6502416546875 0.8177722203125001 0.660029859375 0.8456911781249999 0.7644245109375001 0.857486728125 0.7659380078125 0.846498246875 0.7564542921874999 0.7948785328125 0.65109705 0.7835595750000001 0.6418843109375 0.780441565625 0.6356419843750001 0.774317 0.6179006640625 0.8086987671875001 0.6174323953124999 0.8176338734374999
7 0.692082075 0.3593337046875 0.69568304375 0.380076909375 0.7002756390625 0.3818987109375 0.7101494625 0.3724024515625 0.7168325140625 0.37011750625 0.7240649765625 0.3752398859375 0.7319830890625 0.4030608359375 0.784318140625 0.4063306375 0.829283003125 0.4071060328125 0.8261547796875 0.3236700734375 0.8159519046874999 0.32155424843749997 0.7212092234374999 0.3223864140625 0.718045996875 0.32907213281250003 0.697721390625 0.341182915625 0.692082075 0.3593337046875
7 0.7514493156250001 0.46100113125000003 0.7382760312500001 0.46189186250000003 0.7352505296875 0.46594960781249994 0.7268075671875 0.46603416875 0.7189415625 0.47300046093750003 0.7125875640625 0.486897490625 0.71610589375 0.509217478125 0.7258695375 0.501823596875 0.736897278125 0.506090803125 0.7414072390625 0.5094893875000001 0.7407736984375 0.5215780624999999 0.7535888953125001 0.527520059375 0.8255874656250001 0.53129334375 0.8303177875 0.5304871734375001 0.832380696875 0.5269060203125 0.830291734375 0.5130935515624999 0.8341435921875 0.49326797187500004 0.8299105765625001 0.466694225 0.8178376093749999 0.46448039375 0.7514493156250001 0.46100113125000003
7 0.7310576859375 0.6175168359375001 0.739033871875 0.6084481640625 0.7465142421875 0.60884019375 0.7501442484374999 0.6111385874999999 0.756412628125 0.6346567734375 0.83773411875 0.639445690625 0.837105053125 0.597776715625 0.833256178125 0.5817638625 0.7490744578124999 0.5778791234375 0.7357909921875 0.5808722328125 0.726411490625 0.59882700625 0.7275103171875 0.613641659375 0.7310576859375 0.6175168359375001
7 0.41432928125 0 0.422512571875 0.0284562828125 0.42993785312500005 0.029899500000000002 0.45719192499999994 0.028692634374999998 0.46010724375 0.026737268749999998 0.5003693296875 0.027793239062500003 0.63867505 0.018703353125 0.6401051109375 0.0066564250000000005 0.5130929515625 0 0.41432928125 0
7 0 0.5056203703125 0.11519863125 0.50723939375 0.13400974062499998 0.506117090625 0.138905334375 0.502157353125 0.13758614687499998 0.49154745625 0.127109309375 0.476768359375 0.11963043124999999 0.458457115625 0.0155507125 0.2975262953125 0.010259171875 0.29115039375 0 0.48690705312500004 0 0.5056203703125
5 0.10537138906250001 0 0.173421703125 0.14768853906249998 0.181726940625 0.15023195 0.19118758593750002 0.1486196109375 0.2490242265625 0.1363665953125 0.256945321875 0.1283491125 0.2497128578125 0.1232267328125 0.23046550156249998 0.0790009 0.203987171875 0.0117334703125 0.20170229062499997 0 0.10537138906250001 0
5 0.3902600796875 0.608089 0.4332096640625 0.700990440625 0.4410741765625 0.7119433640625 0.45361541250000004 0.7052220890625 0.47047528437499997 0.6876593453125001 0.47410678125 0.672038521875 0.43665729375 0.5815334796875 0.43220242343750004 0.5770837046875 0.426592146875 0.5767896828125 0.3905906234375 0.6017818640625 0.3902600796875 0.608089
5 0.49378441874999995 0.8332893578125 0.49812910937500005 0.8398415109374999 0.5038220234375 0.83855875 0.528520353125 0.8145553062499999 0.52901616875 0.80509460625 0.500805471875 0.7351011953125 0.49439787500000004 0.732130196875 0.4847168671875 0.73794729375 0.4638413578125 0.7605699671874999 0.49378441874999995 0.8332893578125
5 0.5202917859375 0.8821119765625 0.54443324375 0.9402972890625 0.5498231609374999 0.9447960671875 0.5707262171874999 0.9216477984375 0.572926853125 0.915438671875 0.5550277203125 0.863377925 0.546145525 0.85395278125 0.53949001875 0.8557121343749999 0.52956110625 0.8662595812499999 0.5202917859375 0.8821119765625
5 0.6289597312499999 0.4366624296875 0.64892475625 0.4493035890625 0.6517849874999999 0.44839941093749996 0.645161503125 0.3958755203125 0.6381784359375 0.368103571875 0.63377865625 0.362602609375 0.6251428781249999 0.36636633125 0.6143064640625 0.37633918125 0.62461504375 0.4301102765625 0.6289597312499999 0.4366624296875
5 0.6469079875 0.559348853125 0.6693491 0.5605249406249999 0.67512465 0.5576653968749999 0.66775744375 0.51933255625 0.6628908874999999 0.5048474828125 0.65736324375 0.502976678125 0.6389087328125 0.5151854703125001 0.6398973765625 0.5321024999999999 0.6469079875 0.559348853125
8 0.37615473125 0.57309229375 0.38924538124999997 0.573778346875 0.4007413890625 0.5691104453125 0.407810075 0.5594671765625 0.407233115625 0.55258544375 0.40187074375 0.5475610718749999 0.385782140625 0.55040716875 0.37027049375 0.560135 0.37615473125 0.57309229375
8 0.46780339531250004 0.7386420109375 0.4786398125 0.7286691609375 0.48020839843749996 0.716629490625 0.47674366562500003 0.7111775312499999 0.4663204296875 0.7132664640625 0.4524309671875 0.7278226515624999 0.45559270312500005 0.7390561515625 0.46780339531250004 0.7386420109375
8 0.530606334375 0.8642062062500001 0.5395175640625001 0.855186540625 0.5401511046875 0.843097865625 0.5357788703125 0.8370713078125 0.5292060015625 0.8372538765625 0.5160036796874999 0.8565894187499999 0.5184507296875001 0.8635691578125 0.530606334375 0.8642062062500001
8 0.6217332343749999 0.35986318281249996 0.6279495093749999 0.3485941265625 0.623522184375 0.34361875625 0.618874496875 0.34284814375 0.6082859890625001 0.34809064375 0.608862946875 0.354972375 0.611392634375 0.36037533125 0.6217332343749999 0.35986318281249996
2 0.351186915625 0.5306748171875 0.3668362890625 0.5183190125 0.3923304484375 0.5149117624999999 0.34104062343749997 0.5095885874999999 0.1812027828125 0.5001577640625 0.1887642984375 0.516892228125 0.19423685 0.519814221875 0.351186915625 0.5306748171875
2 0.38747651875 0.679093259375 0.2849244140625 0.6679213125000001 0.291358065625 0.6882859328125 0.3994653578125 0.700803090625 0.39547875625 0.6874182109375 0.38747651875 0.679093259375
2 0.4503345453125 0.8036062656249999 0.383286659375 0.7948220546875 0.39282844687499996 0.809552146875 0.45709874062500006 0.817663753125 0.4557244625 0.8081050453125 0.4503345453125 0.8036062656249999
2 0.44831042187500003 0.34128779374999996 0.562468715625 0.3456894625 0.5691517687500001 0.34340451562499996 0.5799881828125 0.333431665625 0.5889269609375 0.32388640468749996 0.589147321875 0.3196816484375 0.437449446875 0.3159478046875 0.44385555156249995 0.33683801875 0.44831042187500003 0.34128779374999996