7 0.521133453125 0.529003803125 0.595574215625 0.5304726984375 0.6223658921874999 0.5127528531250001 0.6307050375000001 0.5045643203125 0.6319470671875 0.49782390000000004 0.639024465625 0.496940415625 0.6472453078125 0.4921396484375 0.656018078125 0.5003604265625 0.6862399296875 0.49971984843749995 0.69925128125 0.5018701640625001 0.7070580625 0.508926575 0.7320753421874999 0.5131920937500001 0.7392118937500001 0.510614728125 0.7693353140625 0.483966171875 0.7463489078125 0.421544009375 0.7309128015625 0.4023495375 0.75636401875 0.36536213281249996 0.753682940625 0.3556581328125 0.736630178125 0.35393200625 0.7063097390624999 0.357395721875 0.675299353125 0.3517902859375 0.5616273609375 0.3495167203125 0.4071273546875 0.3345110875 0.3940568515625 0.33405465625 0.37176008125000004 0.33836387968750004 0.36213947343749997 0.3544220890625 0.3141346984375 0.489552228125 0.30796398125 0.5221250765625001 0.3953766640625 0.5268735437500001 0.502030409375 0.528336709375 0.51100035 0.5309112125000001 0.521133453125 0.529003803125
7 0.5165394937500001 0.6317309140625 0.517771665625 0.62527280625 0.5310294812499999 0.6203652749999999 0.539605234375 0.6054012125 0.5780283671875 0.571693378125 0.596145859375 0.5429296156250001 0.59135535 0.535978534375 0.5832922468749999 0.5362622796875 0.31379919375 0.55681313125 0.2801662609375 0.65513428125 0.2971795890625 0.6579896640625 0.3203831953125 0.6565386875 0.456726584375 0.6437751046875 0.507313228125 0.6364965703125 0.5165394937500001 0.6317309140625
7 0.5169136546875001 0.707496340625 0.5300630281250001 0.7056942609375 0.5331976 0.7024118265625 0.5225718781250001 0.6607726921875 0.5035674203125 0.6572824609375 0.50908746875 0.643342321875 0.5041786546875 0.6397790046875 0.29816529531249997 0.6585894015625 0.27711055625 0.65615820625 0.259446403125 0.70076665 0.2580466359375 0.7120240921875001 0.2610431890625 0.71269405 0.3828965875 0.711296103125 0.4273323890625 0.707194675 0.440363459375 0.7087803609375001 0.5169136546875001 0.707496340625
7 0.3845720875 0.7497961078125 0.394784059375 0.745630190625 0.40422721250000004 0.7346536296874999 0.41443918437500005 0.7304877109375 0.43774137656249995 0.726213596875 0.4472634015625 0.712978525 0.4423743046875 0.70885058125 0.424276684375 0.7082185984375 0.2859224484375 0.7209119625 0.25962370468749996 0.72451611875 0.247519034375 0.75405516875 0.2512449671875 0.7626650234375 0.272437728125 0.7611438265625 0.27661715937500003 0.756767246875 0.294892234375 0.75231758125 0.3845720875 0.7497961078125
7 0.5106441984375001 0.77172344375 0.517701878125 0.7714045875 0.530831378125 0.798998253125 0.545025609375 0.79610203125 0.5532858843749999 0.790172009375 0.5420688015625 0.7366405828125 0.5382048453125 0.7319831234375 0.3532856578125 0.752095459375 0.3240297953125 0.7539004046875 0.29386709375 0.7528470984375 0.27190536249999997 0.776388771875 0.268356728125 0.7915283859375 0.2994854171875 0.79374605625 0.3318561375 0.78922330625 0.4506538328125 0.7888492828125 0.4850551171875 0.783832125 0.5106441984375001 0.77172344375
7 0.2814273875 0.7631536999999999 0.2441281359375 0.7646777640625 0.2333049296875 0.7863471375 0.23411318125 0.7920285234375 0.29043660781249997 0.7934300640624999 0.26938186875 0.79099886875 0.269579040625 0.7853525921875 0.2822553546875 0.7682704593749999 0.2814273875 0.7631536999999999
7 0.3223754125 0.455355715625 0.3203054140625 0.45697937812499995 0.2288118859375 0.4537843546875 0.21883652343749999 0.45117474218750003 0.2159582734375 0.44711701875000004 0.214834546875 0.450469675 0.20854552656249997 0.4864302875 0.2081117484375 0.49885209531249997 0.2110688671875 0.5006513078125 0.26124144843749997 0.5052299546875 0.30344951249999996 0.507269209375 0.30753035781250004 0.505715765625 0.3223754125 0.455355715625
7 0.35046858125 0.37153933125 0.3412225984375 0.376869615625 0.2286348984375 0.3723726515625 0.22451461875 0.3750553484375 0.222030559375 0.388536190625 0.216943978125 0.44771675625 0.2198222296875 0.4517744796875 0.321271403125 0.45814374375 0.341084421875 0.40965312656249997 0.35046858125 0.37153933125
7 0.3894437953125 0.322021925 0.3944709125 0.322197475 0.40535327031249996 0.29883421875 0.4094737046875 0.2673204046875 0.40551116406250004 0.26548608125 0.36734450937499996 0.26302264062499997 0.23561433125 0.2589878359375 0.22755091562500002 0.3169338171875 0.2276491921875 0.3717729140625 0.3251555421875 0.3757432265625 0.3503699953125 0.37436247031250003 0.36685126874999996 0.3348005625 0.3841603546875 0.3291865328125 0.3894437953125 0.322021925
7 0.4256197859375 0.23735716718750002 0.4201196109375 0.22190156249999998 0.41124825468750004 0.216503921875 0.41168992187500003 0.2038562640625 0.417931465625 0.1980818734375 0.4371725296875 0.194796571875 0.455211309375 0.13946020312500002 0.46041603750000004 0.1057229890625 0.44842982343750004 0.10304315625 0.3349155703125 0.096252571875 0.24846887812500001 0.0926684703125 0.247404303125 0.09432724375 0.23581150312500002 0.2533415609375 0.24271144687500001 0.2575397265625 0.28190324218749996 0.25947365 0.40559003281250006 0.263227571875 0.4126871484375 0.26177945937499997 0.41783256875 0.25856724375 0.4256197859375 0.23735716718750002
7 0.250265103125 0 0.24373752031249998 0.08402350625 0.2476014765625 0.0886809671875 0.45751807031249997 0.1022298921875 0.46940584999999996 0.078901746875 0.48302859218750005 0.0347174890625 0.50136281875 0.028573940625 0.5204067125 0.0309349171875 0.526261796875 0.0362272265625 0.52300891875 0.0428974265625 0.5276022578124999 0.055494784374999995 0.5336545140625 0.0551408171875 0.5497217265625001 0.027436090625 0.5565963953125 0.0016716171875000001 0.5087275421874999 0 0.250265103125 0
7 0.196580275 0.25253689218750003 0.19234138125 0.31626958906249997 0.19928075781250001 0.3193384984375 0.2234306375 0.31961651562500004 0.227728371875 0.31185216875 0.23370207031249998 0.2560944796875 0.22879325781249998 0.2525311625 0.196580275 0.25253689218750003
7 0.2040722015625 0.153302878125 0.1988676296875 0.158208975 0.19598891406250002 0.24064460312499997 0.19991202187499998 0.24360818125 0.23206585156249998 0.245296334375 0.239222584375 0.1556609890625 0.22623095000000001 0.152946046875 0.2040722015625 0.153302878125
7 0.24162808593750001 0.0867764234375 0.24438834375 0.0365596796875 0.23847410781249997 0.0329612515625 0.2052951359375 0.0318026171875 0.19932112500000002 0.145222540625 0.2032047984375 0.149315375 0.2233132671875 0.150017578125 0.2384537671875 0.1488503484375 0.2406815046875 0.142709665625 0.245472325 0.09199851249999999 0.24162808593750001 0.0867764234375
7 0.20474708593750002 0 0.2044277328125 0.0278151140625 0.208350840625 0.0307786921875 0.24350122343749997 0.033136803124999996 0.24818099062500001 0 0.20474708593750002 0
7 0.1840429125 0.0926799296875 0.18086890625000002 0.097091621875 0.17783260781250002 0.155213153125 0.1797645859375 0.15754188281249998 0.1938405125 0.158033425 0.1991436703125 0.1503041890625 0.199183415625 0.0915127 0.1840429125 0.0926799296875
7 0.1832527703125 0 0.1801000890625 0.0902809796875 0.1870394671875 0.09334988749999999 0.199183415625 0.0915127 0.20036629375 0.08646616093750001 0.20332387812500002 0.0017720234375000002 0.2024553375 0 0.1832527703125 0
8 0.4822987421875 0.11327094374999999 0.47319078125 0.1146488359375 0.46692163437499995 0.12121370625000001 0.46648785625 0.1336355125 0.47409746249999996 0.1463382 0.481036840625 0.14940710937499999 0.48929711718749996 0.1434770875 0.48919868749999995 0.1174691078125 0.4822987421875 0.11327094374999999
8 0.40710779218750004 0.3062445984375 0.4119377375 0.312066425 0.417970278125 0.31227708593750003 0.4235100421875 0.29777231875 0.4187195328125 0.2908212375 0.4096707234375 0.2905052453125 0.40710779218750004 0.3062445984375
8 0.686930809375 0.33580229687499996 0.6764033609375 0.3490022578125 0.6793407640625 0.3513661 0.7235399578124999 0.3540402015625 0.723677978125 0.3500878078125 0.7120269593749999 0.33780930625 0.696038771875 0.33442440625000003 0.686930809375 0.33580229687499996
8 0.6023952890625 0.5369293734375 0.5917298234375 0.554081728125 0.6031639515625 0.5725711312499999 0.614992425 0.579767984375 0.6232921359375 0.57270870625 0.6232331390625 0.5455714734375 0.6184820640625001 0.5374911359375 0.6023952890625 0.5369293734375
8 0.5312449734375 0.8736344265625 0.5253898890625 0.8683421171875001 0.5203430546875001 0.8687311937500001 0.5140344734375 0.87642531875 0.51245725 0.8927644078125001 0.51910086875 0.9043027328125 0.5300816578124999 0.906947453125 0.53721820625 0.9043700875 0.5376125515625 0.8930775343749999 0.5312449734375 0.8736344265625
1 1 0.1517452671875 0.9852271609375001 0.1534462359375 0.703649621875 0.1164781578125 0.6634129703125 0.11563837968749999 0.6270599906250001 0.11889143437500001 0.6067149171875 0.12496476249999999 0.5935852609375 0.12620221250000002 0.5568182203125 0.141312446875 0.5381685187499999 0.1564900359375 0.5303812984375 0.1777001140625 0.5328060531250001 0.194744271875 0.5463101796875 0.2116100140625 0.562160346875 0.2189473078125 0.6099474546875 0.2341836578125 0.657872584375 0.24546761250000002 0.6860244390625 0.24645069843749998 0.7070397421875 0.25001115 0.7492481171875001 0.1943881703125 0.7564043859375 0.19124617500000002 0.7986124484375 0.193285428125 0.8134769093750001 0.2000229859375 0.8020820593750001 0.2092354421875 0.8019440390625 0.2131878359375 0.79476805625 0.2168944578125 0.80945490625 0.257544778125 0.9058769625 0.2637384921875 1 0.266569190625 1 0.1517452671875
5 0.6040692359375 0.8637405515625 0.5897372953125 0.8129269328125 0.5848087640624999 0.8099282437499999 0.5777708015624999 0.8096824734375 0.5551388390625001 0.8235903671875 0.5240297093749999 0.8496391859375001 0.5237733859375 0.85697934375 0.535798878125 0.8873610390625 0.5405893875000001 0.8943121203125 0.5475681984375 0.896251775 0.6040692359375 0.8637405515625
1 0.56880334375 0.3458100984375 0.6280838890625 0.349010853125 0.6361667093750001 0.34816247968749997 0.646832178125 0.33101012500000004 0.6449002015625 0.32868139531249996 0.5897399359375 0.3227979421875 0.540474190625 0.3210775453125 0.52223855 0.32439795625 0.48769924531250003 0.33336750625 0.48048382656250005 0.33820338437499997 0.48135122968750005 0.34219088750000004 0.5134853421875001 0.3444436671875 0.5256292921875 0.342606478125 0.529493246875 0.347263940625 0.56880334375 0.3458100984375
1 0.385342146875 0.5259578140625 0.38522384375 0.5293455796875 0.40405084531249996 0.5379174578125 0.4360863734375 0.542993378125 0.49242951562500004 0.543830290625 0.5056971921875 0.538640446875 0.5029963984375 0.529501075 0.385342146875 0.5259578140625
2 0.9704714828125001 0.05547045625 0.9976176140625 0.0170724171875 0.73520129375 0.0079086375 0.7598932406250001 0.0417853609375 0.9704714828125001 0.05547045625
2 0.8467907609375 0.6445072374999999 0.9952505140625 0.6447350234375 0.9969581359375 0.59583510625 0.813206675 0.5940388875 0.8467907609375 0.6445072374999999
2 0.563666059375 0.302666675 0.5743683546875 0.32565305312500004 0.6451712734374999 0.3281255453125 0.6618940265625 0.3106194 0.563666059375 0.302666675