7 0.7203125 0.22265625 0.221875 0.10625
7 0.6765625 0.3171875 0.184375 0.1125
7 0.59765625 0.4328125 0.2171875 0.1296875
7 0.5265625 0.56796875 0.28125 0.159375
7 0.41484375 0.74140625 0.3078125 0.2078125
7 0.6953125 0.48046875 0.09375 0.1328125
5 0.3859375 0.321875 0.1171875 0.1125
5 0.284375 0.4546875 0.1359375 0.134375
5 0.12109375 0.6109375 0.1375 0.19375
1 0.48984375 0.10546875 0.1484375 0.14375
1 0.396875 0.13125 0.14375 0.1515625
1 0.2890625 0.2265625 0.0875 0.0921875
1 0.16484375 0.40078125 0.2609375 0.18125
1 0.053125 0.54765625 0.10625 0.1078125
1 0.6375 0.6109375 0.103125 0.09375
7 0.33203125 0.0390625 0.3265625 0.078125
7 0.20078125 0.15390625 0.3640625 0.184375
7 0.0875 0.32734375 0.165625 0.2
8 0.6015625 0.2484375 0.021875 0.0359375
8 0.52109375 0.33359375 0.04375 0.04375
8 0.41640625 0.425 0.065625 0.021875
8 0.36953125 0.5796875 0.0703125 0.021875
8 0.221875 0.71328125 0.0625 0.0421875
3 0.76328125 0.88984375 0.4296875 0.2203125
1 0.26640625 0.22265625 0.10625 0.0984375