8 0.46015625 0.26015625 0.046875 0.0390625
8 0.61328125 0.215625 0.040625 0.034375
8 0.73671875 0.17421875 0.040625 0.028125
8 0.24453125 0.35625 0.0515625 0.0484375
8 0.5828125 0.709375 0.0375 0.03125
8 0.73125 0.5890625 0.025 0.034375
8 0.7984375 0.51484375 0.03125 0.025
8 0.86953125 0.4640625 0.034375 0.0265625
8 0.415625 0.8984375 0.046875 0.0359375
7 0.90703125 0.71484375 0.1265625 0.08125
7 0.72890625 0.734375 0.1578125 0.10625
7 0.59296875 0.875 0.165625 0.1625
7 0.83984375 0.63125 0.146875 0.0875
7 0.921875 0.54765625 0.1453125 0.065625
7 0.95859375 0.48046875 0.0828125 0.0640625
7 0.859375 0.2078125 0.16875 0.04375
7 0.75546875 0.26328125 0.190625 0.059375
7 0.6296875 0.31796875 0.2421875 0.0765625
7 0.45546875 0.3953125 0.2515625 0.0796875
7 0.23203125 0.5265625 0.2484375 0.134375
1 0.1296875 0.19921875 0.2515625 0.2015625
1 0.32890625 0.1765625 0.196875 0.159375
1 0.48984375 0.13046875 0.190625 0.1328125
1 0.6359375 0.08828125 0.1546875 0.121875
1 0.1953125 0.68203125 0.390625 0.1765625
1 0.496875 0.54375 0.2109375 0.14375
1 0.6265625 0.5171875 0.1640625 0.13125
1 0.7015625 0.43671875 0.171875 0.09375
1 0.80078125 0.3890625 0.1859375 0.11875
2 0.20625 0.82265625 0.1890625 0.0765625
2 0.409375 0.690625 0.1015625 0.0359375
1 0.865625 0.83828125 0.1640625 0.0765625
1 0.7078125 0.97890625 0.115625 0.0421875