9 0.5421011140625 0.878729946875 0.5379371015625 0.8902631140624999 0.4690018953125 0.889161296875 0.46137194687500005 0.8952186359375001 0.4600825046875 0.900943684375 0.46264509374999996 0.9498407984374999 0.46726634218749996 0.957141903125 0.49008504531249997 0.95783185 0.4978765453125 0.964966809375 0.5130160218750001 0.970773765625 0.51426989375 0.9744797015625 0.5179192421875001 0.973345534375 0.5259571453125 0.9851821390625 0.5262010015625 0.9993130359375 0.5415148828125 0.9985104703125 0.5409843484375 0.9787371265625 0.5517215578125 0.9612019999999999 0.555997840625 0.9619208015625 0.5618236828125001 0.9719875124999999 0.5659521234375 0.9698853250000001 0.58547459375 0.9481181375000001 0.59175210625 0.9364742046875 0.5888445531250001 0.8809947859375 0.5812008953125 0.8766808140625001 0.5421011140625 0.878729946875
7 0.497535971875 0.45298354375 0.5579049 0.44227644687499995 0.5551177671875 0.36887539375 0.5461353859375 0.369346140625 0.5491770687499999 0.4172752359375 0.5339171734375 0.42938991406250004 0.4972265765625 0.4369702578125 0.497535971875 0.45298354375
7 0.3607878875 0.39131764375 0.35484162656249996 0.39917256874999996 0.3193556234375 0.40951851718750004 0.3179183390625 0.412422578125 0.325531990625 0.46671245 0.3297234234375 0.475921903125 0.3819695984375 0.46186885625 0.37907575625 0.4167607484375 0.373997271875 0.3906253703125 0.3659237984375 0.38821974843749996 0.3640567 0.39303215625 0.3607878875 0.39131764375
7 0.39790570937499997 0.4525474734375 0.40237911718749997 0.4570275921875 0.41458103125 0.4573310265625 0.4584717609375 0.44560169375 0.45087996874999997 0.3715095296875 0.38979925312499997 0.3888543125 0.39415223906249996 0.41125606562500006 0.39790570937499997 0.4525474734375
7 0.529052109375 0.3466686421875 0.49145260312500005 0.3571253546875 0.4806879734375 0.3539178578125 0.4726774921875 0.362823875 0.4809810703125 0.43027835468750003 0.4834888171875 0.43769022187499995 0.5003968296875 0.43680411093749993 0.54227261875 0.42706619999999995 0.5499518484375 0.4219491890625 0.548670553125 0.39750063125 0.540774928125 0.34794009843749996 0.529052109375 0.3466686421875
7 0.568187459375 0.3351885265625 0.5695180343749999 0.36057741249999997 0.5759270921875 0.412101678125 0.57929446875 0.41569684999999995 0.6508441296874999 0.3959175890625 0.6422448671875001 0.3228211359375 0.638631090625 0.3145243203125 0.60823171875 0.3208320421875 0.568187459375 0.3351885265625
7 0.7496884890625 0.310589871875 0.7397204953125 0.2922540359375 0.662358703125 0.3123378953125 0.6622382828125 0.3302595328125 0.6670485046875 0.3714955578125 0.670246178125 0.3920720359375 0.67457174375 0.393731165625 0.7482349078125 0.3738411421875 0.7516241421875 0.35763401875 0.7510053531249999 0.325607446875 0.7452780734375 0.3174213953125 0.7496884890625 0.310589871875
7 0.7516100390625 0.1652807484375 0.7456363578125 0.15239305 0.74653155625 0.13914537031250002 0.742304553125 0.1393668984375 0.7414942046874999 0.14412392499999999 0.7325118234375 0.1445946703125 0.731947878125 0.15405334531249998 0.7184428078125 0.14910364375000001 0.7150754328125 0.1455084734375 0.714004971875 0.13519254375 0.708080571875 0.12324517500000001 0.6612659921875 0.1398423015625 0.6610332999999999 0.14551196718749998 0.6665771671875 0.1603080140625 0.6574743640625 0.17870039531249998 0.6523384531249999 0.18179829375 0.6490203578125 0.1791434515625 0.6497321453125 0.1725057671875 0.6449767671875 0.1727549859375 0.6294704671875 0.1801680171875 0.633927578125 0.2449953453125 0.645831225 0.3103753296875 0.6785412203125001 0.307718159375 0.7365502421875 0.29242018125 0.75709389375 0.28002859375 0.7608773703125 0.271344103125 0.7602367234375 0.2591198234375 0.7516100390625 0.1652807484375
7 0.5981540390625 0.21952571562499998 0.5922159265625 0.197207034375 0.58731270625 0.194635265625 0.5812678859375 0.2006095328125 0.577519978125 0.199863040625 0.560239578125 0.1734242265625 0.5191878484375 0.1887764203125 0.5182789390625 0.191652790625 0.5216463140625 0.19524796093750002 0.5275351453125 0.2166263125 0.494937421875 0.23153545156250002 0.493034753125 0.24577884375 0.497683421875 0.273822571875 0.49168788125 0.28073716718749997 0.4892294171875 0.274265628125 0.489095284375 0.2818159515625 0.49997218749999994 0.2972754171875 0.508100503125 0.3411662859375 0.5134335390625 0.34182970625000003 0.5163711 0.34733322499999997 0.60707640625 0.3190067671875 0.6088449453125 0.3123136984375 0.5981540390625 0.21952571562499998
7 0.44624203281249997 0.242573675 0.4398385375 0.2315943265625 0.4304619109375 0.224542440625 0.4079881703125 0.23043479687500001 0.39512375 0.23770937656250002 0.403013809375 0.24672499375 0.402844109375 0.2637063 0.37288826406250003 0.2784769859375 0.3797408484375 0.33846421250000003 0.3858405109375 0.373975190625 0.3907081625 0.3859779421875 0.4709938046875 0.3610262890625 0.47444602812500003 0.3561308078125 0.4749114125 0.34479147499999996 0.4620577265625 0.251173928125 0.44624203281249997 0.242573675
7 0.347011578125 0.290205153125 0.318353325 0.2690771875 0.292378078125 0.278924696875 0.2910393546875 0.283709415625 0.294885825 0.2863365671875 0.297908234375 0.2833494328125 0.30474154531250003 0.2924204328125 0.3037477859375 0.30378745625 0.2991895296875 0.307797990625 0.2709036609375 0.31399495 0.26933224375 0.324449334375 0.2714238875 0.3441408640625 0.27953034374999997 0.407834025 0.282038090625 0.41524589375 0.3443233984375 0.40066671875 0.35675800468749996 0.3953004890625 0.358625103125 0.3904880796875 0.3488431078125 0.2948237265625 0.347011578125 0.290205153125
7 0.248999428125 0.35097355 0.2444000390625 0.3238701515625 0.2397787921875 0.316569046875 0.227908128125 0.31247660312500003 0.216149740625 0.320636128125 0.21327517031249998 0.3264442484375 0.20995707656249998 0.32378940625 0.20084056249999999 0.33181047812500003 0.196528709375 0.34052265937500004 0.18495373125 0.3420721890625 0.17415353125 0.348295675 0.176518996875 0.3934314734375 0.18037102968750002 0.436603540625 0.184365340625 0.442051678125 0.20905114375 0.4379292140625 0.21932296875 0.4317334203125 0.2506805296875 0.42348965781250003 0.252019253125 0.4187049390625 0.248999428125 0.35097355
7 0 0.3461536125 0.055707025 0.3224441921875 0.0574755609375 0.3157511234375 0.054102625 0.2716110359375 0.045525220312499996 0.1787122890625 0.04306675625 0.17224075156250002 0.009694254687499999 0.182475934375 0 0.1894957015625 0 0.3461536125
7 0.0823006671875 0.16264129375 0.0803842875 0.1665133734375 0.0826237734375 0.189025890625 0.09712557656250001 0.29387200625 0.0996333234375 0.301283875 0.20713437343750002 0.2598193359375 0.1893856140625 0.1334564140625 0.1863850609375 0.116641253125 0.18417299843749999 0.114871359375 0.0823006671875 0.16264129375
7 0.4052640296875 0.168345384375 0.40692029375 0.14940034687499998 0.40417985781250004 0.14765814375 0.40215120625 0.139278253125 0.398052771875 0.091404540625 0.392629321875 0.05868685781250001 0.3933492578125 0.021875568749999998 0.3893905171875 0.0069964484374999995 0.3881031109375 0.0051780937499999995 0.368215646875 0.0062203515624999995 0.3437175375 0.0150475375 0.2501650828125 0.06992474062500001 0.249319165625 0.0841127515625 0.2611516703125 0.1683546984375 0.27128678125 0.24042775 0.273118309375 0.2450463234375 0.2768662171875 0.2457928140625 0.405819825 0.1890603171875 0.4085958328125 0.18137153749999999 0.4052640296875 0.168345384375
7 0.4869070296875 0 0.4306653515625 0.0029475015625 0.445204165625 0.11156332499999999 0.4438654421875 0.11634804375 0.446006365625 0.1369799015625 0.44983097499999997 0.159409346875 0.463667296875 0.1605700390625 0.6225411828125 0.09849783906250001 0.623239259375 0.081488840625 0.6206055296875 0.051453690625000006 0.6156256078125 0.027198970312499997 0.6147105093749999 0 0.4869070296875 0
1 0.5759763734375001 0.4130420078125 0.5696165953125 0.362458071875 0.5540610171875 0.36893077500000004 0.5571875515625 0.40836921718749997 0.5639223 0.41555955781250004 0.5759763734375001 0.4130420078125
1 0.348301021875 0.28448010625000003 0.3535684796875 0.34455040625 0.3566183125 0.36230589687500003 0.3598378453125 0.3630800796875 0.37303352031250003 0.35201649375 0.3788319390625 0.34134058125 0.371683671875 0.27571137968750004 0.35381746875000003 0.27853353125 0.348301021875 0.28448010625000003
1 0.42819729375 0.003076846875 0.38890768124999997 0.005135928125 0.3933055390625 0.0614801546875 0.40063721875 0.1204993625 0.40637820781249995 0.1390567265625 0.41672673437499996 0.154543884375 0.4238913 0.1598258765625 0.4325917078125 0.164084465625 0.4445965015625 0.1606265859375 0.4454424203125 0.14643857656249998 0.44188607031249993 0.10890848281250001 0.42819729375 0.003076846875
1 0.6160891953125 0 0.617197021875 0.0167445859375 0.6249722265625001 0.08422675625 0.6299740078125 0.08867918281250001 0.6419295203125001 0.08428097343749999 0.669363909375 0.051727109375000004 0.6856887046875 0.0093834421875 0.687690425 0 0.6160891953125 0
1 0.234719190625 0.1593679359375 0.2337554390625 0.120759059375 0.23663000781250002 0.11495093906250001 0.239800259375 0.11478479374999999 0.234883328125 0.1018417125 0.230987578125 0.098274234375 0.2280855875 0.0833397328125 0.217567359375 0.0848338796875 0.18982357656249998 0.101374459375 0.205987209375 0.2278204546875 0.20946685625 0.24366759531249998 0.21734320624999998 0.24231189999999997 0.2248116015625 0.2230622625 0.2243187953125 0.21365897031249997 0.23000494374999997 0.190731090625 0.2301253625 0.172809453125 0.234719190625 0.1593679359375
1 0.07087353125 0.1670118109375 0.0549729875 0.16690221249999998 0.0459550359375 0.176803940625 0.0478139859375 0.20216513749999998 0.05866644375 0.30814541875 0.0664086640625 0.31434004843749996 0.0855150296875 0.3048525203125 0.0913134484375 0.2941766078125 0.090560528125 0.269700359375 0.07747414999999999 0.1817524765625 0.07087353125 0.1670118109375
8 0.185155634375 0.0224145046875 0.183957140625 0.01587693125 0.1539007078125 0.017452121875 0.1576801125 0.023854435937499998 0.16638052187500002 0.028113023437500002 0.17546146406250002 0.0295229359375 0.185155634375 0.0224145046875
8 0.18440608125 0.291183653125 0.185279421875 0.297738265625 0.1893230125 0.3041267328125 0.2004681765625 0.3044855515625 0.20454733906250003 0.3014430375 0.2057875015625 0.294777659375 0.1964601546875 0.2886661015625 0.1874284921875 0.2881965203125 0.18440608125 0.291183653125
8 0.2916744390625 0.255388778125 0.29740171875 0.26357483125000003 0.3063841 0.263104084375 0.3118512671875 0.2562171796875 0.3093928015625 0.2497456390625 0.301220765625 0.245459359375 0.292287665625 0.24687043437499998 0.2916744390625 0.255388778125
8 0.40540372343750003 0.2013399765625 0.4063756234375 0.2097752484375 0.4104192140625 0.21616371406249998 0.4200285328125 0.217545934375 0.4250166046875 0.21162705 0.42524929531250005 0.2059573859375 0.41841598593749996 0.19688638593750002 0.409384321875 0.196416803125 0.40540372343750003 0.2013399765625
8 0.5583806265625 0.14806302968750001 0.559930184375 0.1574109390625 0.56286774375 0.162914459375 0.5724770640625 0.1642966796875 0.5760771296875 0.162222184375 0.5787545765625 0.152652746875 0.5724003609375 0.1426137265625 0.563368696875 0.1421441453125 0.5583806265625 0.14806302968750001
8 0.7138159984375 0.1012576234375 0.7241508140625 0.10637346875 0.7306747312499999 0.09943118281249999 0.732330996875 0.08048614531250001 0.7221440218749999 0.0781912859375 0.717536484375 0.08126149218749999 0.713703725 0.089005653125 0.7138159984375 0.1012576234375
8 0.6164611812499999 0.2958850484375 0.6255421250000001 0.297294959375 0.6248029171875 0.283190021875 0.6214355421875 0.2795948515625 0.613030815625 0.28097823593750004 0.6130445265625 0.291349546875 0.6164611812499999 0.2958850484375
5 0.6899804609375 0 0.6791292171875 0.0257567109375 0.672865415625 0.04777195625 0.6615012703125001 0.0634541140625 0.6578163515625 0.0740192625 0.6497073109375 0.081044621875 0.6503835265625 0.0838379171875 0.7022847375 0.063202565625 0.7243505234375001 0.0394162640625 0.7532988984375 0.0256412890625 0.7512072562500001 0.0059497609375000005 0.7525473109374999 0 0.6899804609375 0