1 0.419375584375 0.3080372171875 0.4228055734375 0.32229931562499997 0.4293997328125 0.335313771875 0.424792859375 0.3512498171875 0.41494046406249996 0.369586409375 0.41163360937500004 0.394146028125 0.4235380328125 0.46785706562499996 0.4293508609375 0.490648003125 0.43531932187500005 0.5027463890625 0.44365767187499994 0.5107541875 0.45428162499999997 0.5137079609375 0.4875118953125 0.506917440625 0.55537946875 0.4844759890625 0.5604564109375 0.48014856562499997 0.562861971875 0.47022998437499997 0.5711873749999999 0.46561835625 0.5811629046875 0.4861034796875 0.584618790625 0.5256044296875 0.5896016687500001 0.551380415625 0.620818503125 0.652526203125 0.630998284375 0.6691102078125 0.6447507375 0.6766443343749999 0.651656159375 0.668273690625 0.6527130828125001 0.6429401046875001 0.650725796875 0.6139896031250001 0.643009971875 0.5632116015624999 0.6246442984375 0.48424097499999996 0.611310121875 0.437837765625 0.5498522593749999 0.2529354375 0.551616 0.1857950859375 0.5464904390624999 0.183331078125 0.5458161203125 0.1756235765625 0.5478131796875 0.17350723125 0.534890678125 0.1629880578125 0.52964515625 0.16538860625000001 0.5471647578125001 0.19103858125 0.5476348265625 0.2026472015625 0.54300523125 0.237030665625 0.5394325578125 0.24608054531249998 0.4261222015625 0.26667285 0.42253658125 0.26310330312499997 0.41993654375 0.24585615624999999 0.4137281625 0.243486884375 0.419375584375 0.3080372171875
1 0.4781695328125 0 0.3106415578125 0.014656798437499998 0.3064287921875 0.0334708 0.3086689484375 0.065311615625 0.330007490625 0.15955514375 0.3452187671875 0.208706565625 0.361824128125 0.23637815 0.3694524890625 0.2425064421875 0.402514815625 0.24252630000000003 0.42841415156249996 0.3489913703125 0.42333720937499997 0.35331879375 0.41648040625 0.3684808703125 0.41313787968750004 0.3988684828125 0.4260051625 0.47734934375 0.43702784218749996 0.503567725 0.445281903125 0.5106120859375001 0.46494124843750007 0.5108337406250001 0.5578336484374999 0.48134884062500005 0.5622006015625 0.4751419078125 0.566181775 0.45828979218750004 0.570801596875 0.45497317343750004 0.566878815625 0.447549875 0.58514090625 0.42556509374999996 0.5917221171875 0.4259601234375 0.5971005468749999 0.4313144453125 0.6169284734375 0.43346297500000003 0.621476953125 0.44180234531250007 0.628599575 0.44215000781249997 0.635047878125 0.4347901703125 0.6379819015625 0.41220479374999996 0.63795600625 0.38696594218749997 0.6289013156250001 0.289706090625 0.61626418125 0.2325629625 0.6155282953125 0.20544460312499999 0.590266971875 0.103777775 0.560240353125 0 0.4781695328125 0
5 0.35504158750000003 0.44569617499999997 0.3526457984375 0.42454790937500003 0.34056302031249996 0.37997684062500003 0.29854730625000003 0.186577859375 0.289090465625 0.1844927890625 0.21073184843749998 0.2117353359375 0.2146675765625 0.23177806093750003 0.2854654921875 0.4673162890625 0.2914696234375 0.47358668125000003 0.3370194203125 0.45795184375 0.35504158750000003 0.44569617499999997
5 0.3905765015625 0.6959692609375 0.390563553125 0.6833498359375 0.38416069375 0.653814834375 0.3808636140625 0.64730760625 0.366829221875 0.5679580421875 0.3601637203125 0.5665995734375 0.315900996875 0.5782385578125 0.3516435875 0.7061711359375 0.357563428125 0.711478090625 0.38820660937499996 0.7000598484375 0.3905765015625 0.6959692609375
8 0.329783184375 0.54984128125 0.3512710109375 0.546019715625 0.35838068437500004 0.533747953125 0.35987200625 0.52585098125 0.35848769687500004 0.5162639703125 0.35177357656249997 0.5081140703125 0.3241259875 0.5163577953125 0.3124321625 0.52611818125 0.31122938125 0.5310774734375 0.31236082187499997 0.5377741687500001 0.31853353125 0.5459714375 0.329783184375 0.54984128125
8 0.2153907671875 0.08415133281250001 0.20702969375000002 0.094590953125 0.204539840625 0.1035460984375 0.2054670296875 0.11414391406249999 0.211688359375 0.1291326140625 0.2178610703125 0.13732988125 0.2291950140625 0.1421631640625 0.2520185296875 0.1411371765625 0.26892220624999996 0.1348042359375 0.27748753125 0.1204634953125 0.2798088015625 0.10958147656249999 0.27925444375 0.0970094171875 0.274488765625 0.079951740625 0.2599420328125 0.06957466875 0.2453239578125 0.070853584375 0.2153907671875 0.08415133281250001
7 0.17779253281250001 0.7456514390625 0.1748389609375 0.8303705046875001 0.1764663640625 0.873914675 0.2387834984375 0.96263141875 0.24419760156249998 0.9621577468750001 0.2461460421875 0.9532499703124999 0.24817902812499998 0.7831799687500001 0.24699896875 0.7696918390625 0.21122387968749998 0.691273528125 0.1986255890625 0.671988678125 0.1914414 0.65223015625 0.1861115890625 0.6536672671875 0.1830446546875 0.668497771875 0.17779253281250001 0.7456514390625
7 0 0.5218304734375 0.018254889062499998 0.73048480625 0.08218330625 0.8064400203125001 0.0920129796875 0.8065508484375 0.11613042031250001 0.5646502265625 0.1142047015625 0.5551105828125 0.0735569203125 0.4771185765625 0.076033825 0.4555440078125 0.108674065625 0.44200942187500003 0.11366671718750002 0.43671856093750006 0.11052527031249999 0.41951878281250005 0.094701240625 0.382070715625 0.0798044 0.355220465625 0.07192316875 0.34620186249999996 0.00898668125 0.34394159375 0.00064833125 0.33593379375 0 0.334611775 0 0.5218304734375
7 0.846706246875 0.7900351671875 0.8097318046875 0.5981367546875 0.796857921875 0.5944090140625 0.7438840156250001 0.600014440625 0.738181375 0.6034257953125 0.732984471875 0.6126177734375 0.729327509375 0.6207042140625 0.7258520749999999 0.64333695625 0.73090629375 0.657456953125 0.7490256984375 0.658784146875 0.7627652031250001 0.653698846875 0.7724521921874999 0.6771216515625 0.7745108203125 0.6944161640625001 0.770685278125 0.7005757296875 0.7692425765625 0.7152641328125 0.7707241234375 0.7384340078125 0.785805665625 0.8235168312500001 0.7923998265625001 0.8365312890625001 0.800524153125 0.8795070515625 0.8079353140625001 0.876917034375 0.846706246875 0.7900351671875
7 0.8703922125 0.736509865625 0.8766848843749999 0.7398425765625001 0.8850945765624999 0.7361943875 0.971889034375 0.5684168406250001 0.9643061203125001 0.5253937093750001 0.916069075 0.317006028125 0.9034480625000001 0.3161685984375 0.892295646875 0.3258816171875 0.8820801953125 0.3151256078125 0.8663306828125 0.309707825 0.8406801546875 0.31583520625 0.8145011625 0.334629378125 0.806140090625 0.3450689984375 0.7940863828125 0.36942305625 0.7920179796875 0.3831953890625 0.79754226875 0.40892400625 0.8122575812499999 0.4212279546875 0.831375515625 0.42149697656249996 0.8471768234375 0.47739246093750004 0.8364360828124999 0.5229895171875001 0.8343708546874999 0.5804481218750001 0.8544352749999999 0.6913069296875001 0.8638693937499999 0.7118394218749999 0.8703922125 0.736509865625
7 0.9088015546875001 0 0.9069628468750001 0.007142807812500001 0.906593190625 0.05280332343750001 0.9141372609375 0.057968176562499994 0.9385850093749999 0.0568000875 0.9625649 0.050284378124999994 0.9581655874999999 0 0.9088015546875001 0
8 0.9783378453125 0.236805675 0.9454090624999999 0.253277940625 0.9392622484375 0.270319525 0.9399365671875 0.278027028125 0.944653628125 0.2882932734375 0.9576960906249999 0.29394789062500004 0.9772711468749999 0.2932061078125 0.9834068265625 0.2885086828125 0.9789846171875001 0.2379626046875 0.9783378453125 0.236805675
2 0.7487467296875 0 0.7472339 0.008496721875 0.7503624015625 0.0130770734375 0.7511696296875 0.028539446875000003 0.7496296874999999 0.0296449859375 0.7547454765625 0.0631758390625 0.7669968328125 0.109673784375 0.7705824531250001 0.11324333125 0.774443665625 0.10125577187499998 0.7800231734375 0.059022703125 0.7786388640624999 0.049435692187500005 0.76627030625 0 0.7487467296875 0