1 0.5782555375 0.04755071875 0.5823825671875 0.0510728984375 0.5879068562499999 0.07680151562500001 0.5874399609375 0.10887916718749999 0.582930325 0.1383980765625 0.540093928125 0.241168621875 0.5358469359375 0.2425109984375 0.5266786359375 0.237488246875 0.52806294375 0.2470752578125 0.5351498953125 0.2532509140625 0.53641424375 0.2677024828125 0.5302933249999999 0.30998291875 0.5352793765625 0.37944517499999997 0.53533434375 0.47360915312499996 0.5432285234374999 0.49524718125 0.5494400781250001 0.541302728125 0.56047570625 0.5801405359375 0.5806796359375 0.624001096875 0.6001606265625 0.653362721875 0.6225043 0.671794959375 0.6480834875 0.67732356875 0.6622801109374999 0.6712274640625 0.6682226765625 0.6580869984375 0.6741781875 0.6575659578125 0.6762238671875 0.662241046875 0.6789309171875 0.662004209375 0.68221505 0.6558920125000001 0.69469998125 0.6052883 0.6944439375 0.5587117125 0.6857879765625 0.484716471875 0.68051655625 0.46187816562500006 0.6809250578125 0.4540759296875 0.6734393812499999 0.42463566249999996 0.6693091765625 0.377427209375 0.692204034375 0.364745234375 0.715072996875 0.3268244078125 0.7250582999999999 0.316242684375 0.72929234375 0.3022808828125 0.7417675015625 0.28274401562499996 0.7437159421875 0.2738362390625 0.7533640875 0.25940076562500003 0.7565995984375 0.24649713593749997 0.7609665515625 0.240290203125 0.7665719546875 0.22329598593750002 0.769421690625 0.19974717343749998 0.7680244328125 0.1775407359375 0.7475287890625 0.0929315859375 0.7407303781250001 0.0838182453125 0.7369405078125 0.0841498171875 0.7373262859375 0.09479499999999999 0.7416834640625 0.11965491406249999 0.7440176843749999 0.1213923203125 0.7433206421875 0.1321322390625 0.6485091234375 0.07732437812500001 0.626395596875 0.080229871875 0.6026351156249999 0.10172488906249999 0.6002522781249999 0.0931960515625 0.5988420718749999 0.058370187500000004 0.59021200625 0.009613796875 0.5826679343750001 0.0044489453125 0.5772538328125 0.0049226171875000006 0.5810339296875 0.03565789375 0.5782555375 0.04755071875
1 0.5774306671875 0.9485366265625 0.5902657078125 0.9144060906249999 0.5901327984375 0.9066512203125001 0.5781731546875 0.9009018671875 0.57587460625 0.8933364671874999 0.568181503125 0.8241110468749999 0.5597686375 0.7840729640624999 0.530821028125 0.7836931140625001 0.500657690625 0.77565313125 0.4909123078125 0.7765057421875 0.48492112656249997 0.782854775 0.4818769140625 0.7792378609374999 0.47871274374999995 0.7804855015625 0.483831703125 0.857702628125 0.4892846515625 0.8950872328124999 0.500475909375 0.923232490625 0.5151198796875 0.947192428125 0.5423362453125 0.9651983625 0.5606599015625 0.9626244375 0.5774306671875 0.9485366265625
1 0.3393042609375 0.9392748093750001 0.3502880953125 0.9276349140625 0.36579451406249996 0.8990955359375 0.36745441562500003 0.8931254390625 0.3623288546875 0.8906614312500001 0.2626964375 0.886757578125 0.2698806265625 0.9065161015625 0.2830203265625 0.9257535828125001 0.3017783796875 0.9406162734375 0.3174436046875 0.9450706171875 0.3393042609375 0.9392748093750001
1 0.10925381406250001 0.8040716578125 0.1111536375 0.78837245 0.110129209375 0.7641917703125001 0.10641068125 0.752867353125 0.1050134234375 0.7306609171875 0.10109064375000001 0.7232376171875 0.09192234218749999 0.718214865625 0.0828026578125 0.7199835484375 0.07247676875 0.8451509093749999 0.0671371828125 0.8776548671875 0.0473578765625 0.88229776875 0.0314633640625 0.881458375 0.0360694578125 0.9341062671874999 0.055277951562500004 0.9291746515625 0.0702202375 0.919130059375 0.0915135859375 0.8881427671875001 0.0994888828125 0.8670579625 0.103758596875 0.847268165625 0.1031685671875 0.8405241015625 0.1077397703125 0.83041605 0.10515268124999999 0.8257883312500001 0.10530831249999999 0.8150957796875 0.10925381406250001 0.8040716578125
1 0.26662022812499997 0.24567822499999997 0.3133273609375 0.2619789375 0.33345677500000004 0.27380921406250003 0.38007961562500003 0.2891464875 0.390739240625 0.2862722671875 0.3969346734375 0.2760221140625 0.3997487359375 0.258301296875 0.40901110156250003 0.2332206390625 0.409322365625 0.2118355375 0.4135207375 0.20370172968750003 0.43102104218750004 0.12935973437499998 0.43555340156250005 0.08139340625 0.43675300781250004 0.0327478421875 0.43452509531250005 0.0038183937500000003 0.42387564375000003 0.0047501 0.4237818875 0.015437237500000001 0.41913934375000006 0.037201275 0.413268121875 0.038685751562499995 0.40638542031249997 0.0286089765625 0.38871018749999997 0.0136515515625 0.3792170390625 0.0086572203125 0.20246583281250002 0.0241209484375 0.2014665609375 0.031004059374999997 0.19801385 0.03518938125 0.19888581875 0.1137488828125 0.199693046875 0.1292112546875 0.2060700078125 0.1335074046875 0.20775580468750002 0.1527761609375 0.2056031140625 0.16558505625 0.2091562375 0.2186688703125 0.22132012968749998 0.2205171046875 0.26662022812499997 0.24567822499999997
1 0.214070946875 0.299787115625 0.21705359062500001 0.283993171875 0.2138278515625 0.2658299546875 0.21685911249999998 0.2568274453125 0.21512469687500002 0.23076725625 0.2100834265625 0.22926668593750002 0.207087834375 0.232441203125 0.20657549375 0.3014136953125 0.20184865937500002 0.3222142953125 0.2062285609375 0.3286267890625 0.2067343 0.334407415625 0.2017189234375 0.3581456984375 0.2043091890625 0.40645969062500004 0.20398814999999998 0.4589116390625 0.21040395781250001 0.501066065625 0.21613249531249998 0.5228935640625 0.2364207140625 0.5677175625 0.2550231375 0.593272803125 0.268198509375 0.606682290625 0.2935377734375 0.6219400125 0.3194055 0.6245309390625 0.335479225 0.6211830468749999 0.35004868125 0.6131127000000001 0.37076495 0.5880007671875 0.3860541703125 0.5507430828125 0.392103746875 0.5201186343749999 0.3929889171875 0.4491718984375 0.38813577499999996 0.3874645109375 0.3842616125 0.3868326453125 0.3796645140625 0.37170184375000004 0.36956902343750003 0.3560812765625 0.3665734328125 0.35925579375 0.34278705625 0.3555119578125 0.336157225 0.3483254953125 0.3289989328125 0.35380582656250004 0.3080038953125 0.35078859218749997 0.304418275 0.34721904375 0.3020354375 0.33869020625 0.29766848437500004 0.3448971390625 0.293337203125 0.3452760765625 0.25116560468750004 0.3246953078125 0.2400359109375 0.31596090781249997 0.21991944531250002 0.3167500578125 0.2149138453125 0.30942149375 0.214070946875 0.299787115625
1 0 0.4995277515625 0.023277117187499998 0.46986774374999996 0.030759621874999997 0.4556217375 0.04117615 0.41879035781249996 0.045073034375 0.4009748046875 0.0483539921875 0.35117633593750003 0.0592244671875 0.2696478765625 0.055852871875 0.23111036562499998 0.062080801562499996 0.1713459453125 0.058469284375 0.1425375453125 0.059756356249999996 0.1385416921875 0.0576847796875 0.10862775312499999 0.06080033124999999 0.1005886796875 0.0687529046875 0.09795129531249999 0.071784165625 0.088948784375 0.080865003125 0.049321825 0.082401053125 0.0346252546875 0 0.0418344125 0 0.4995277515625
2 0.14010543125 0.18393591874999998 0.141920965625 0.1672732734375 0.138912425 0.1578283640625 0.0790785421875 0.13490959687499998 0.0681303765625 0.140721496875 0.0653033671875 0.145822890625 0.050928134375 0.343184628125 0.054636889062500006 0.3855758921875 0.062388384374999994 0.43052589843750005 0.065059765625 0.43611705624999997 0.1229679296875 0.44949618124999996 0.12821345 0.44709563281250003 0.1359879234375 0.31147255625 0.13371209687500002 0.285459734375 0.1377062171875 0.2812270453125 0.139398615625 0.22574268437499997 0.1424169296875 0.20412074531250002 0.14010543125 0.18393591874999998
2 0.41944375312500004 0.25269495625 0.4085669296875 0.24685086875 0.403827146875 0.25503204375 0.3998459734375 0.271884159375 0.3955405890625 0.29750195 0.39850685625 0.387527971875 0.3945515796875 0.4296189390625 0.395815928125 0.44407050625 0.4258949765625 0.451147053125 0.46000381562500003 0.4481629171875 0.466066340625 0.43015789375 0.46833899375000004 0.4124844421875 0.4655088078125 0.3738995625 0.4628244796875 0.355688978125 0.460237390625 0.351061259375 0.4598516109375 0.340416075 0.4579745125 0.3376678640625 0.44552207812500005 0.338757309375 0.4426821171875 0.33123927656249996 0.44136915 0.30999627812499997 0.4495259734375 0.303457775 0.449752946875 0.2811092359375 0.45237570781249997 0.2799089625 0.45486555937500006 0.27095381875 0.4516268734375 0.2401711765625 0.4461155328125 0.227061984375 0.446848246875 0.21049407343749998 0.4419269359375 0.2041289453125 0.4350215125 0.21249958906250002 0.41944375312500004 0.25269495625
2 0.411409809375 0.4601808390625 0.4070785296875 0.4605597765625 0.3989930484375 0.455442290625 0.4007631359375 0.4756744859375 0.3988276421875 0.49720168749999993 0.417368496875 0.5033460703125 0.4426948125 0.5059843671875 0.4471460546875 0.5007408718749999 0.455192690625 0.4680000796875 0.4547712421875 0.4631828890625 0.443725840625 0.45541192812500003 0.42395824375 0.4581121796875 0.41460965156249996 0.45310520312499997 0.411409809375 0.4601808390625
2 0.7176923296875 0.44406352499999996 0.71309523125 0.428932721875 0.7101353109375 0.42627924687499996 0.7002538453125 0.375690715625 0.6978710046875001 0.3671618765625 0.6913740828125 0.36773028281250003 0.6705605765625 0.37925935 0.6757022593750001 0.43802905625 0.696982409375 0.5565480015625 0.706523540625 0.559596509375 0.7154616953125 0.5432815265625 0.7272625328125 0.51603715625 0.7259981843750001 0.5015855890625 0.7192224953124999 0.47402483125000006 0.7176923296875 0.44406352499999996
2 0.6608151921875 0.3801119609375 0.6589737640625 0.37153575625 0.65193543125 0.37215153125 0.652068340625 0.3799064 0.64316585625 0.3903933890625 0.6377874265625 0.38503906718750003 0.63606913125 0.41528457812499997 0.63857193125 0.41894885937500004 0.65464565625 0.4156009671875 0.661564028125 0.4198497484375 0.6643067484375 0.4137849171875 0.66508808125 0.40400843750000004 0.6610453406250001 0.40144969374999995 0.659372490625 0.394800365625 0.6608151921875 0.3801119609375
5 0.666842959375 0 0.67851048125 0.008684368750000001 0.681519021875 0.018129276562499998 0.8318558656249999 0.0777874234375 0.8826543578124999 0.1034383109375 0.9283629578125 0.1207971953125 0.9399368203125 0.115901365625 0.9428837937500001 0.105935415625 0.964773525 0.075529084375 0.9598956296875001 0.019774471874999998 0.9163429484375 0 0.6740579234374999 0 0.6739620015625001 0.0003449984375 0.6735577578124999 0 0.666842959375 0
7 0.2862626921875 0.675971171875 0.28267707343750004 0.6724016234375 0.25051667499999997 0.6664779828125 0.23156731874999997 0.6681358375 0.2282570375 0.811134846875 0.2281045796875 0.86551366875 0.23062032812500002 0.8817973765625 0.44221763750000004 0.8933801906250001 0.44820881874999996 0.88703115625 0.430472271875 0.690537209375 0.3804453390625 0.686176690625 0.351990521875 0.6789580421875 0.3517733234375 0.6702397343750001 0.3565973953125 0.6630219953125 0.3667999 0.66115858125 0.3744023640625 0.64204801875 0.38066913750000003 0.620141878125 0.38406028281250004 0.5965457 0.3825560125 0.5918232437500001 0.372304890625 0.5868952281250001 0.3552099125 0.6097487125 0.333482165625 0.623299390625 0.3141599796875 0.6269314875 0.294163471875 0.6228560828124999 0.2927564421875 0.6317164921875 0.297149290625 0.6507484109375 0.2862626921875 0.675971171875
7 0.5618079687499999 0.70137550625 0.5533982765625 0.705023696875 0.563282915625 0.7992985 0.5762474359375 0.891362225 0.580507375 0.902639275 0.7423792406249999 0.9195433140624999 0.7536645640625 0.9175851625 0.753363075 0.9079034171875 0.7183629703125 0.7323360812499999 0.71460876875 0.7268396578125 0.6827855296875 0.72476976875 0.6797413203125 0.7211528546875 0.6679988765625 0.7241218093749999 0.65928769375 0.7180882546875 0.65481055625 0.698092896875 0.6670814609375 0.682457146875 0.66911419375 0.6745128078125 0.6532090484374999 0.6797875765625 0.6262098828125 0.6704999515625001 0.61979725 0.6720317953125 0.600413496875 0.6562530343749999 0.5939424703125 0.68206029375 0.5950382390625 0.6945849859375001 0.5901784953125 0.7076307171875 0.5618079687499999 0.70137550625
7 0.0212280109375 0.583632046875 0.0187122625 0.5673483375 0.0113594921875 0.5456629421875 0.0017176812499999999 0.5414636609375 0.031319821875 0.87981766875 0.05106345625000001 0.881002759375 0.06505583125 0.8788077734374999 0.0726680703125 0.828630365625 0.081599878125 0.7249428375 0.08561354843749999 0.6585764578125 0.0809451078125 0.65510164375 0.043454896874999996 0.6506151140624999 0.031255332812499995 0.654594875 0.0204369046875 0.6244753734375 0.0212280109375 0.583632046875
7 0.23012915 1 0.2326853046875 0.986464434375 0.2431406765625 0.987491334375 0.24771187968750003 0.9773832812500001 0.24898600312500002 0.9607680046875 0.2152013734375 0.954986465625 0.189297975 0.9582235328125 0.1928608734375 0.9802404984375 0.20020069375 0.9893064703125001 0.2023984703125 1 0.23012915 1
7 0.44758584062500006 1 0.4463639640625 0.9968943421875001 0.45685500625 0.9920932453125 0.46054764062500003 0.9781788109375 0.46445747343750005 0.9729826828125001 0.4633260328125 0.9662859859375 0.41796753906250006 0.9654002796875 0.4143462484375 0.967658725 0.411700765625 0.98730641875 0.41337361406250006 0.9939557499999999 0.41949770624999994 0.9953615859375 0.4199035140625 1 0.44758584062500006 1