5 0.84120680625 0.6155403781250001 0.8500925234375 0.6038624 0.8490071125 0.5997276015625 0.8519720109375 0.5956635015625 0.8521515624999999 0.5853770015624999 0.8430912203125001 0.5739002578125 0.7757302968750001 0.5202473390625 0.7629828 0.5210537937499999 0.6002846421875 0.822787025 0.5989837687499999 0.8309960234375 0.605133078125 0.8434509203125 0.611426028125 0.8476766171874999 0.61305414375 0.853878815625 0.6296364890625 0.865486859375 0.661989146875 0.9020652921875 0.6857164359375 0.9354062781250001 0.6942520265625001 0.9437869750000001 0.6988809515625001 0.9438677734375001 0.77044743125 0.7897435109375001 0.7933864453125 0.735608859375 0.7977599484375 0.717163859375 0.8018461671875 0.7151772578125 0.811499028125 0.69270855625 0.816379325 0.67838825625 0.816034128125 0.6650057078125 0.8206271421875 0.66714380625 0.82740488125 0.64359595625 0.8379456484375 0.6365772015625 0.84120680625 0.6155403781250001
5 1 0.23114125625 0.9938498625 0.2266842359375 0.9480274515625 0.1991313578125 0.9416626796875001 0.1990202609375 0.851472771875 0.358993228125 0.84953941875 0.370278078125 0.85856385 0.3838121234375 0.915761065625 0.42288214531249996 0.9330477125 0.4272997375 1 0.2834743328125 1 0.23114125625
5 0.43512310000000004 0 0.3825022859375 0.0359445484375 0.38009804687500004 0.0410473984375 0.3833363234375 0.0544804453125 0.41075076718750003 0.0755382328125 0.42765630468750004 0.0686305765625 0.5015673546875 0.0122987546875 0.515090975 0.00018725 0.5043634359375 0 0.43512310000000004 0
5 0.3210375453125 0.141883859375 0.3182522 0.1356614625 0.2926454234375 0.110519375 0.28284486875 0.108290378125 0.15113017812500001 0.193453171875 0.127101703125 0.210526128125 0.1170497765625 0.22269823125000002 0.115820725 0.22679263125000002 0.1197992140625 0.230977928125 0.1202700984375 0.237159928125 0.15039806875 0.26855471249999996 0.15632786406250002 0.2604265109375 0.3104070046875 0.1540458640625 0.3210375453125 0.141883859375
5 0.027995092187499997 0.3507931515625 0.00320899375 0.3117934390625 0.0019882796875 0.3817281140625 0.031305190625 0.36011160000000003 0.027995092187499997 0.3507931515625
8 0.321123271875 0.10381371406249999 0.3319553703125 0.113263459375 0.3509778625 0.11771135156250001 0.3580648921875 0.1096033484375 0.35603771093750003 0.0931045515625 0.34867730625000004 0.08371540625 0.33130088281250003 0.0844410625 0.32191734843750003 0.091480015625 0.319531065625 0.0955542171875 0.321123271875 0.10381371406249999
8 0.0416003875 0.2676846046875 0.0414567453125 0.2759138046875 0.045959984375 0.283195153125 0.0693959390625 0.300067640625 0.0827040984375 0.3002999359375 0.0892484203125 0.29012453437499997 0.08779985625 0.2736358359375 0.0822650734375 0.259133740625 0.0760259875 0.25182209375000003 0.0603854125 0.25257805 0.0416003875 0.2676846046875
8 0.8884126406249999 0.4975190984375 0.8753558546875 0.48288570468750003 0.8367142968750001 0.475008471875 0.8256667359375 0.477902525 0.8191044578125 0.4891065765625 0.8194317015625 0.503517775 0.8272809484374999 0.5180602703125 0.8593243156250001 0.5391988546875 0.8823791625 0.5447460953125 0.8882910046875001 0.53764654375 0.8925567750000001 0.5253734437500001 0.8922474875 0.5099335953125 0.8884126406249999 0.4975190984375
8 1 0.174593034375 0.98838285 0.1751406453125 0.9778600375 0.18113074843750002 0.9742806140625 0.1872420484375 0.9786402109375001 0.2027525953125 0.999308775 0.2123740359375 1 0.2124888015625 1 0.174593034375
1 0.4060546203125 0.410898296875 0.421260221875 0.40190304218749995 0.428490890625 0.385565840625 0.42939269687500004 0.36706024375 0.42379999843749994 0.3227171984375 0.42124401718750004 0.27019545625 0.41755281093749996 0.249551759375 0.41879981875 0.244428709375 0.41552563124999997 0.23305296250000002 0.4061959625 0.2370059671875 0.3976962796875 0.226567971875 0.39600619843749996 0.157597928125 0.3936917359375 0.1575575296875 0.38927827187499997 0.145132934375 0.3959303265625 0.12878563125 0.4052061296875 0.12791857812500002 0.3994738390625 0.12473163125 0.40082857812499995 0.1134366828125 0.42113398750000003 0.1107042234375 0.4232668734375 0.1045676734375 0.429378246875 0.102616421875 0.432975628125 0.095476471875 0.45053160156249994 0.084464315625 0.4443104703125 0.07612401875 0.41774802031249997 0.0725734796875 0.3995236546875 0.0887187859375 0.382873540625 0.11415223906250001 0.3696412546875 0.142732240625 0.358019128125 0.1785430921875 0.354026734375 0.208313340625 0.3541923828125 0.2319823875 0.34772393125 0.2709700859375 0.32553903281249996 0.2819014421875 0.3149444 0.2920061453125 0.2946210359375 0.295767253125 0.2838827640625 0.3141011546875 0.2733599515625 0.32009125781250003 0.2703411875 0.327241309375 0.26034312656249997 0.3363274625 0.25511763125 0.3372652140625 0.2533099640625 0.34134951406249997 0.24584182812500002 0.3381322671875 0.24978440468750002 0.34437486562499997 0.24449114062500002 0.3823541125 0.2551477390625 0.435017253125 0.2526178140625 0.44732065312499997 0.25555085312500003 0.47824074687499996 0.25965502812499996 0.475225496875 0.26024754843750003 0.44128005156250005 0.262091125 0.43513845 0.265002159375 0.43416029843750004 0.3254735609375 0.48460606874999995 0.32945205 0.48879136718750005 0.3298870234375 0.4970306671875 0.3333407625 0.49811991562499996 0.3645819515625 0.46573840625 0.37061947968750003 0.45143830625000003 0.376966296875 0.45257805468749995 0.381088425 0.44853415312499995 0.38654733750000003 0.4342239515625 0.39470182187499997 0.4312793984375 0.4060546203125 0.410898296875
1 0.99134863125 1 0.9939435 0.85134009375 0.9701676796875001 0.8539384765625 0.959573046875 0.8640431796874999 0.94525535 0.88848838125 0.90991771875 1 0.99134863125 1
7 0.41507850468749996 0.126032975 0.405134309375 0.13203317812499998 0.4229259984375 0.2733117046875 0.4284868390625 0.3526389453125 0.4311465 0.366061890625 0.4320384546875 0.4144387359375 0.43833545625000003 0.45159132968750004 0.4469787796875 0.45380012656249996 0.4693432296875 0.43258226874999994 0.505997565625 0.45483030312499995 0.53820253125 0.4667110390625 0.569443721875 0.43432952968749994 0.5955491921875 0.3977425234375 0.5980432046875 0.3874964234375 0.5946792421875 0.3812639265625 0.5554550203125 0.34044969687500004 0.558581515625 0.327127746875 0.6099265578125 0.27040203281249997 0.61939986875 0.2582198296875 0.6212614015625 0.25104958125 0.6212492484375 0.152268890625 0.61616334375 0.1120505484375 0.617492025 0.03593045625 0.6160746171875 0.0019499265625000002 0.56472333125 0.0010535859375 0.542559284375 0.0181590875 0.5189657828125 0.04347134375 0.5096540671875001 0.046395696874999996 0.472644678125 0.0776475578125 0.45282810781249994 0.08553336406249999 0.44744101562500005 0.095728965625 0.43932244374999996 0.09661621875000001 0.4251304328125 0.113860871875 0.42048355312499996 0.1148087234375 0.41507850468749996 0.126032975
7 0.8053706328124999 0.1153531734375 0.7922779375 0.10277707968750001 0.7716093734375 0.09315563906249999 0.7683890515625 0.078693940625 0.81387611875 0.025981829687500003 0.81460455 0.005415278125 0.7118087703125 0.003620971875 0.711016334375 0.08283731250000001 0.70908298125 0.0941221640625 0.6936978296875 0.11340391718750001 0.689306371875 0.1328775671875 0.70418878125 0.142398009375 0.760027209375 0.1598360859375 0.7727387953125 0.16108693125 0.777439540625 0.15705312968750001 0.79931515 0.1306819234375 0.8053706328124999 0.1153531734375
7 0 0.9891984453125 0.0015170515625 0.9913751124999999 0.139162115625 0.9937777156250001 0.17026379375 0.9541910296875 0.20714344687500003 0.8972128203124999 0.20726913281249998 0.8900122703125 0.20014214375 0.867250675 0.1773705296875 0.812318140625 0.1655787046875 0.7915330484374999 0.1680547640625 0.7823155984375 0.2737995234375 0.6596568203125 0.2599405578125 0.591503334375 0.261277340625 0.581237034375 0.2556886921875 0.5698208874999999 0.204450834375 0.3219753359375 0.1941573890625 0.2816660953125 0.187846484375 0.278469046875 0.1738519796875 0.2843985515625 0.16674699531249998 0.293535203125 0.1539276765625 0.29845625781249996 0.15092686875 0.304577659375 0.1152183515625 0.3276205203125 0.001409 0.4149149875 0 0.49563655312500005 0 0.9891984453125