7 1 0.48610031249999996 0.9954905374999999 0.48552752187500003 0.9510759890625 0.48608842812499997 0.9481344375 0.521560015625 0.9576495406250001 0.5259101125 0.9851290046875001 0.5283131078125 0.998895409375 0.5341698171875 1 0.51309296875 1 0.48610031249999996
7 0.8745569484375 0.53118399375 0.873953071875 0.54270664375 0.8759109796875 0.546660684375 0.906478271875 0.5521140812499999 0.9105863171875 0.5253693484374999 0.9184957734375001 0.519043859375 0.9206459109375 0.48834508593750003 0.91878865 0.48247060468749997 0.8530337265625001 0.47709881875000004 0.8498818203124999 0.48559935625 0.8484727765625 0.5124855359375 0.8515102828125001 0.5164961578125 0.8687335515625 0.5183616484375 0.8745569484375 0.53118399375
7 0.7934635250000001 0.508639765625 0.8290903078125 0.5105068859374999 0.8314508 0.5067791609375 0.833651259375 0.47512016875 0.77280485625 0.46904276874999995 0.770293396875 0.4756511546875 0.76801510625 0.5294518046875 0.7873975734374999 0.5314304546875 0.7885915734375 0.518975875 0.7912540031249999 0.5094868265625 0.7934635250000001 0.508639765625
7 0.6023834765625 0.529437140625 0.6111849953124999 0.516418396875 0.6231109125 0.5160805500000001 0.6267204171875 0.4575353765625 0.5749499640625 0.45385934375000003 0.5704118296875 0.5094672765625 0.5939617265625 0.5145529046874999 0.595869309375 0.5194671671875 0.59453809375 0.5242116921875 0.5990943546875 0.5302276234375001 0.6023834765625 0.529437140625
7 0.5473514078124999 0.5053701562499999 0.5520586375 0.5085054265625 0.5565967734374999 0.45289749375 0.508806209375 0.44557860624999995 0.5064457203125 0.44930632968750006 0.5051373203125 0.47427206875000005 0.5087146265625 0.4783109796875 0.5463999625 0.4822117 0.5484081921875 0.48520552187500005 0.5473514078124999 0.5053701562499999
7 0.4709011375 0.49751213437499997 0.48331653125 0.4981627984375 0.4888061125 0.46571332187500003 0.48922245000000003 0.44744083906250004 0.48240634531250004 0.44323218906250006 0.4479598078125 0.4395012078125 0.44505951718750003 0.4432006421875 0.44267151875 0.46810980156250004 0.4643504015625 0.47791166562500004 0.4651646328125 0.493360065625 0.4709011375 0.49751213437499997
7 0.42475748125 0.4690966828125 0.42657817343750004 0.46534066718749995 0.428037540625 0.4374942671875 0.388732803125 0.43350867812500005 0.38462476093750003 0.4602534078125 0.387886375 0.4806443609375 0.39838043125 0.4869714796875 0.40667871875 0.48355494375 0.4155305625 0.46957597656249994 0.42475748125 0.4690966828125
7 0.368330121875 0.461325159375 0.3703796125 0.432546828125 0.3409422421875 0.42618979062499995 0.33058540000000003 0.4275727265625 0.3259100515625 0.47547060312499995 0.3349356765625 0.47883219062500004 0.3358780609375 0.47117871562499997 0.342419734375 0.45996725312500003 0.368330121875 0.461325159375
7 0.2590527109375 0.449821025 0.216070025 0.443716965625 0.21094176562500003 0.500256828125 0.22624369687499998 0.507798775 0.2417103515625 0.5018693421875 0.255155021875 0.5035368046875 0.26047081875 0.4537467765625 0.2590527109375 0.449821025
7 0.322007990625 0.45697180312499996 0.27465658125000003 0.45160164687500004 0.27075889218750004 0.5053174265625 0.2980873859375 0.5106010859375 0.3067607515625 0.5206842171875 0.3165274703125 0.5202332109375 0.3208871296875 0.48868737656250005 0.322007990625 0.45697180312499996
7 0.385297084375 0.5093944031250001 0.386921175 0.468076621875 0.367250521875 0.46126857968749996 0.33589181562500003 0.460587996875 0.33441869375 0.499025115625 0.33096484843749996 0.513286978125 0.3512256234375 0.5191630890625001 0.3824836859375 0.5217641140625 0.385297084375 0.5093944031250001
7 0.456660359375 0.542020134375 0.45956064999999996 0.5383207015625 0.4619348953125 0.524002259375 0.46117098749999996 0.5075936375000001 0.463860925 0.4769231546875 0.4506175453125 0.47141480781249995 0.4116513171875 0.47129839218749997 0.40573633593749997 0.49120841875 0.40176550781250003 0.52566320625 0.40460172187500004 0.533514709375 0.41180665781250003 0.5406323093750001 0.456660359375 0.542020134375
7 0.546884746875 0.5246028593750001 0.5486963765625 0.4900349140625 0.547378915625 0.48418872031250004 0.533545415625 0.47961230625000006 0.4887923578125 0.4763040390625 0.48429548437500003 0.5001398203125 0.48360002343749997 0.544394840625 0.5021407546875001 0.552106525 0.5424244421875 0.5580691375 0.546884746875 0.5246028593750001
7 0.342565690625 0.6121064703125 0.3892263296875 0.620329 0.3916371453125 0.6156410546875 0.39715423437499997 0.56201014375 0.3967425875 0.5388799765625001 0.39282677499999996 0.53097189375 0.3305622640625 0.52096874375 0.32707185 0.5256001078125 0.324848575 0.5370378890625 0.320836484375 0.6032648265625 0.32333419218750004 0.6072471578124999 0.342565690625 0.6121064703125
7 0.22829286718750003 0.5926376734375001 0.2379451859375 0.6046978265625 0.249741671875 0.6033903375 0.25938620625 0.6087100765625 0.2608408828125 0.622266325 0.2591208375 0.624101896875 0.26269814375 0.6281408093749999 0.268096140625 0.62842370625 0.274926 0.6220416375 0.27950976562499996 0.606876134375 0.29241463749999996 0.6085153062499999 0.2948116984375 0.6144180796875001 0.2996698953125 0.6146726874999999 0.2999718328125 0.6089113625 0.3035125703125 0.603319778125 0.30204414062499996 0.600354246875 0.30467 0.5812347 0.2996242640625 0.5742302593749999 0.301399325 0.5300318171875 0.3033206625 0.5243553609375 0.29896569375 0.514498546875 0.2768842265625 0.5123784484375 0.27178816875 0.506334228125 0.23891070625 0.503648334375 0.2349811390625 0.50633096875 0.227917790625 0.5791380046875 0.22829286718750003 0.5926376734375001
7 0.1806760890625 0.6026593375 0.18568525625 0.6000332828125 0.1861884875 0.5904310765624999 0.189628578125 0.58675993125 0.19875484999999998 0.5882010765625 0.2081421203125 0.5020358203125 0.2013763390625 0.4968669515625 0.149267378125 0.48932174687499996 0.14456921250000002 0.516998409375 0.142139953125 0.5736797203124999 0.1500356578125 0.57794495 0.160932296875 0.5765903 0.1806760890625 0.6026593375
7 0.117496703125 0.579128228125 0.1174098109375 0.570457953125 0.119770303125 0.566730228125 0.127816975 0.56811479375 0.13533323125000002 0.4866657734375 0.0805755953125 0.4780188984375 0.0742899078125 0.5566438375 0.0993585578125 0.563734778125 0.104843446875 0.5726879515625 0.1046284015625 0.5871195515625 0.1133155203125 0.5866119656250001 0.117496703125 0.579128228125
7 0 0.5430823874999999 0.018992471875 0.5479686734375 0.0231095765625 0.5520358734374999 0.0220162234375 0.5625700124999999 0.0126383359375 0.56592996875 0.01135744375 0.5697142734375 0.0295093453125 0.57451700625 0.05042432031250001 0.5679102484375 0.047400565625 0.5533089109375 0.0503008578125 0.5496094765625 0.05525533125 0.47572906093749995 0.0016276171875 0.46617854531249997 0.0000939375 0.48511461406249995 0 0.48690704843750005 0 0.5430823874999999
0 0.09155416250000001 0 0.0912494109375 0.005815 0.09447445625 0.016575454687499998 0.104076453125 0.029595829687500002 0.1007460703125 0.062158464062499995 0.1027908703125 0.07478278125 0.11102508124999999 0.08291718125 0.1397488671875 0.0719053765625 0.1596208125 0.0748725390625 0.21171601875 0.09300846093750001 0.233193609375 0.1066512078125 0.27597500468749997 0.11659614843749999 0.3167116 0.1139167734375 0.3241315828125 0.10660277343749999 0.325577196875 0.089347090625 0.2979742703125 0.0686433234375 0.2953393484375 0.0569509375 0.2838343 0.054422265625 0.25311150625 0.0364435671875 0.171345103125 0 0.1515286140625 0 0.14268135625 0.005621859375 0.116648359375 0 0.09155416250000001 0
7 0.760439465625 0.5810491156250001 0.7651148140624999 0.5331512390625 0.7655952296875 0.5033278171875 0.69346335625 0.49569611562500004 0.6872554984375 0.5521793984375 0.7311668171875 0.5612206984375 0.7373424749999999 0.5673215 0.7382070296875 0.5818096781250001 0.75468920625 0.5874877625 0.760439465625 0.5810491156250001
7 0.8717526124999999 0.5743656359375 0.8744425484375 0.543695153125 0.8739302578125001 0.522485428125 0.8692733515625 0.5183899375000001 0.8317893078124999 0.510648334375 0.7907142031250001 0.5094585375 0.787296928125 0.533350896875 0.7872556671875001 0.5651230484374999 0.8700325671875 0.5762012078125001 0.8717526124999999 0.5743656359375
7 0.9608346015624999 0.5925142390625 0.9956970484375001 0.5951981578125001 0.9989417312500001 0.5332859437499999 0.9447949921875001 0.5233107171875 0.917855328125 0.5209360109375 0.9123063625000001 0.5235337765625 0.9039117984375 0.6010853359375 0.9105769328125 0.608174646875 0.920142359375 0.6115645234375 0.9470317015624999 0.61489945 0.9533720828125001 0.6075288734375001 0.9544654359375 0.5969947343750001 0.9608346015624999 0.5925142390625
7 0.9565743124999999 0.5980681125 0.953019821875 0.6142504171875001 0.9500782687499999 0.6497220046875001 0.9483763484375001 0.7131814390625 0.95406253125 0.7182937296875 0.988892965625 0.7250278031249999 0.995430075 0.60029233125 0.99328069375 0.5999918125 0.9565743124999999 0.5980681125
7 0.7755535359375 0.6954584578125 0.7810521796875001 0.6938209125 0.7920357140625 0.7011365421875 0.85998640625 0.7162519828125 0.8688748171875 0.7119035140625 0.8816790421875 0.7154631296875 0.8848081328124999 0.6867413765625 0.887049853125 0.6233102328125 0.8870911140625 0.5915380796874999 0.8848450218749999 0.5827546453125 0.8511395765625 0.57521106875 0.7757185796875 0.568369846875 0.7694879078125 0.6046319171875 0.7651235578125 0.6775804015625 0.7755535359375 0.6954584578125
7 0.6592952984375 0.6932170531249999 0.6844142718749999 0.6993477734375 0.687753715625 0.6975970703125001 0.6901279609375 0.6832786296875 0.69734665 0.6798055109375001 0.7218755 0.6868681624999999 0.7241353453125 0.68506088125 0.7245882531250001 0.67641889375 0.7308783109375 0.6700085359375 0.7369902140625 0.5740430437499999 0.73268556875 0.563226009375 0.643042240625 0.5488994203125 0.63860944375 0.5611842625000001 0.6338837703125 0.6100423593750001 0.6327994796875 0.6513884296875 0.6401553828125001 0.65562536875 0.6592952984375 0.6932170531249999
7 0.5119346593749999 0.644091315625 0.509798275 0.6641993703125 0.5073371375 0.669847534375 0.49701654531250006 0.7944781984375 0.506819834375 0.8036576906249999 0.5344868359375 0.8128105203124999 0.5365819593750001 0.8244746171875 0.5401592640625 0.8285135296874999 0.5425928953125 0.844046796875 0.5378719109375 0.8515022453125001 0.53345286875 0.8531963703125 0.5290200703125 0.8654812109375 0.5485900765625 0.8742096968749999 0.5859231515625 0.8848319609375 0.5993953296875 0.8653179890624999 0.6055344203125 0.8617882937499999 0.6136086 0.841991425 0.6270029484374999 0.8446191093750001 0.6294503312499999 0.8495616609375001 0.6354384515625 0.8489126265625 0.6408273859375 0.8183835937499999 0.6497939484375 0.6782762390625 0.643618290625 0.6721754375 0.6286333265625 0.6723529671875 0.6207088390625 0.6651976578125 0.5929411906250001 0.6579652671875 0.5461799046875 0.6516631796875 0.5249401765624999 0.643810046875 0.5119346593749999 0.644091315625
7 0.6896109765625 0.703471553125 0.6821175359375 0.8051417890625 0.6784120765625 0.8242047546875 0.677442184375 0.853039665625 0.67880996875 0.8579256390625 0.6866050265625 0.8641113078125 0.7079454015625 0.870044 0.7151503390625 0.8771616015625 0.71548884375 0.8810307734375 0.7220167656250001 0.8804100296874999 0.7328859 0.9002368171875 0.7313030703125001 0.90978244375 0.7200907359375 0.9274891343749999 0.719839121875 0.9322902375 0.7239562265624999 0.9363574375000001 0.7925336109375001 0.96017144375 0.8006077921875001 0.9403745750000001 0.808105603125 0.9109189203125 0.8109052484375001 0.909139928125 0.83391534375 0.91419726875 0.8381193421875001 0.9269347453125001 0.8668156218749999 0.937104375 0.8685356671875001 0.935268803125 0.86763454375 0.911150125 0.857671225 0.874039365625 0.8675801703125 0.7262785359375 0.8614548359375 0.7192175140625 0.7544510234375 0.6953153796875 0.7163649125 0.6933193703125 0.6965049109375 0.6855385468749999 0.695123375 0.6912432921875 0.6911434843750001 0.6948861453124999 0.6896109765625 0.703471553125
7 0.961390928125 0.743712103125 0.9589801140624999 0.7484000484375 0.9458139234375 0.9479845062500001 0.9482109843750001 0.9538872796875 0.9577260875 0.958237378125 0.976398915625 0.96342848125 0.9876846421875 0.7480839859375 0.9732161984375001 0.7452946984375 0.961390928125 0.743712103125
9 0.83604021875 0.10935931875 0.842417171875 0.1116192359375 0.930029453125 0.10273079062499998 0.932330559375 0.0691513546875 0.9286160375 0.0574023890625 0.9243479625000001 0.05621585 0.8915208234374999 0.052569737500000005 0.8905921937500001 0.049632495312500004 0.8714979093749999 0.0524832390625 0.8397731859374999 0.06911491875 0.83604021875 0.10935931875
6 0.6118542312499999 0.038875890625 0.51069663125 0.048017315625 0.49949805312500006 0.055133287499999996 0.5021832984375 0.0658654515625 0.508610571875 0.06716514999999999 0.6045211421875 0.054860165625 0.6108112 0.0484498078125 0.6118542312499999 0.038875890625
4 0.4088563640625 0.43167473437500004 0.41086459375000006 0.43466855468750004 0.4222003890625 0.43526263906249996 0.4258920953125 0.4267903921875 0.4360613984375 0.4186576203125 0.43955650312500005 0.37262360625 0.434927103125 0.34734668125 0.438971071875 0.3321528875 0.43667465625 0.32432967343749997 0.43181645937499996 0.324075065625 0.42664256875 0.3401725 0.4220725578125 0.3447472859375 0.41623540468750003 0.34251565781250004 0.413284790625 0.3471753125 0.4088563640625 0.43167473437500004
1 0.450374671875 0.620645075 0.44647261250000003 0.6021462734374999 0.4344232328125 0.584183346875 0.407533890625 0.5808484218750001 0.3976527734375 0.593810584375 0.39438646718750003 0.6148222828125001 0.3940066984375 0.6427252625000001 0.4181467171875 0.6468789625 0.4222638234375 0.6509461609375 0.420781640625 0.6585713484375 0.416211628125 0.663146134375 0.41526924374999996 0.670799609375 0.41388301250000004 0.717907003125 0.41676955 0.7247982859375 0.412762153125 0.7496225765625 0.41254710625 0.764054178125 0.4198023671875 0.77021155625 0.41913441406249996 0.79328514375 0.4222359953125 0.7857448265625 0.481101675 0.7676469703125 0.48482557968749995 0.6965906375 0.4828814265625 0.6820458781250001 0.4658091265625 0.6772997234375 0.462419359375 0.6800106484375 0.45668285312499995 0.6758585796875 0.45534257812499995 0.649791171875 0.45103793281250004 0.6389741359375 0.450374671875 0.620645075
1 0.1448658171875 0.77987419375 0.1397835125 0.7632392546875 0.1250488875 0.7345441625 0.11171861718750001 0.7203655421875 0.0979354375 0.71482890625 0.0857579046875 0.7199678546875 0.0753369875 0.73290173125 0.069710190625 0.7576411515625 0.06781166875 0.783538821875 0.070775715625 0.881905678125 0.0727839453125 0.8848995000000001 0.08216183437499999 0.8815395421875 0.097074934375 0.8861725359375001 0.18908781562500002 0.9275833328124999 0.20934859062500003 0.9334594453125 0.21953617812499998 0.9301419203125001 0.2250027828125 0.9342798468750001 0.2288682734375 0.9431481500000001 0.23171824062500002 0.9404089359375 0.23196985625000002 0.9356078328124999 0.22781618125 0.9219101359374999 0.2364301609375 0.9021415578124999 0.2399343296875 0.8869194734375 0.23960957500000002 0.872459584375 0.2351539625 0.8645232109375 0.20082182343750002 0.8482810703125001 0.177912371875 0.8413032875 0.15444936874999998 0.8448879343750001 0.1524411375 0.8418941125 0.1514896921875 0.81873565625 0.1448658171875 0.77987419375
1 0 0.9162650109375001 0.01844701875 0.9301947234375 0.024732384375 0.9651870140625001 0.0238489546875 0.9757321546875 0.0307463953125 0.976093634375 0.03313131875 0.9598500359375001 0.040500978124999996 0.95349625625 0.045258528125 0.9556713046875001 0.04690074375 0.9759773890625001 0.052399387500000005 0.9743398453125 0.05188709375 0.9531301203125 0.053909078124999996 0.9455332234375 0.0612787375 0.93917944375 0.0609402296875 0.9353102718749999 0.0554919078125 0.935987596875 0.0515760953125 0.9280795140625001 0.050286140624999996 0.9010518843750001 0.068415225 0.885633403125 0.0744170984375 0.8743936515625 0.07017653125 0.852025678125 0.06739533125 0.8018113031249999 0.06435782500000001 0.7978006828125 0.05351150624999999 0.7981951109375001 0.03205673125 0.8047735765624999 0.0247511515625 0.7995764171874999 0.0145409078125 0.7258641124999999 0.007990171875 0.706263640625 0.0015628984374999998 0.7049639453125 0 0.73880683125 0 0.8933434640625 0.0002357328125 0.8955402796874999 0 0.895711284375 0 0.9162650109375001
1 0.5740119499999999 0.5337274 0.5674474609375 0.5247176484375 0.560581034375 0.5214692203125 0.5503248390625 0.520931715625 0.546834425 0.52556308125 0.544972471875 0.561091246875 0.54880139375 0.5603290546874999 0.56064948125 0.5821328625 0.557497575 0.5906334 0.5579595453125 0.6128033453125 0.5547298078125 0.6434455390625 0.556147915625 0.647371290625 0.5701827078124999 0.6481068234375 0.5753931671875 0.6416398859375 0.5810290265625 0.647712396875 0.586440778125 0.6374045765624999 0.5954298359375 0.6311356671875 0.5968707578125 0.6552826328125 0.598394203125 0.6158852953125 0.5966375875 0.6080903703125 0.5825524703125 0.6083150578125001 0.5809971484374999 0.5966792515625 0.583659578125 0.587190203125 0.580974334375 0.5764580359375 0.5808005484375001 0.559117484375 0.5740119499999999 0.5337274
1 0.9289663734375001 0.732384225 0.9473698875000001 0.7323858546875 0.9470817031250001 0.727556459375 0.9534220859375001 0.7201858828125001 0.947886871875 0.7121929296875 0.9466197328125 0.7053865140625 0.9487608078124999 0.6438758109375 0.9467525796875 0.6408819890624999 0.935416784375 0.64028790625 0.9237790515625001 0.645455146875 0.9093279187500001 0.6629920968749999 0.90199483125 0.6789763718749999 0.8932526984375 0.721846828125 0.9289663734375001 0.732384225
1 0.9613177890625 0.724451109375 0.9537971609375001 0.73368555 0.9595336671875 0.737837621875 0.9783763359375 0.73978798125 0.9801467031250001 0.7369921875000001 0.9795703343750001 0.7273334015625 0.9613177890625 0.724451109375
8 0.9229873140624999 0.7638451890625 0.9234905453125 0.7542429828125 0.917365209375 0.7471819609375 0.9098080140624999 0.74678590625 0.9051876765625 0.7523209125 0.9035042015625001 0.76378698125 0.9108097828125 0.768984140625 0.9200367015625 0.7685048453125 0.9229873140624999 0.7638451890625
8 0.6780319875 0.965724965625 0.6784986484375 0.9464922609374999 0.6710558515625 0.9335850453125 0.6595690875 0.9358716250000001 0.6553879046875 0.9433553625 0.653690675 0.9654121484375 0.6618745640625 0.9745067703125001 0.67434028125 0.9741972125 0.6780319875 0.965724965625
8 0.46551123906249997 0.8688928609375 0.4693539125 0.8575399499999999 0.4621993015625 0.8494621296875 0.44340695625000004 0.846551546875 0.43421660781250004 0.8566613390625 0.4330226078125 0.86911591875 0.4390976203125 0.8771371609375 0.4505340609375 0.8758108046874999 0.46551123906249997 0.8688928609375
8 0.3375518328125 0.6561351734375 0.33844389375 0.64944191875 0.3338373109375 0.644386209375 0.323041315625 0.6438204140625 0.3174420265625 0.6473784 0.315319396875 0.6568957375 0.3205161015625 0.66101951875 0.33033314375 0.6596082921875001 0.3375518328125 0.6561351734375
8 0.2144181046875 0.6198334109375 0.206572725 0.6146079609374999 0.1972954828125 0.6160474781249999 0.193942284375 0.6283888984375 0.200319234375 0.6306488171875 0.21185632187499998 0.6274020171875 0.2152964125 0.6237308734375 0.2144181046875 0.6198334109375
8 0.1398526 0.5966684375 0.1243493765625 0.5929673734375001 0.1203694859375 0.5966102281250001 0.1193767796875 0.605223925 0.12413433125 0.6073989734375 0.1383704171875 0.6042936250000001 0.141220384375 0.6015544109375 0.1398526 0.5966684375
8 0.044710629687499996 0.58397939375 0.0374050484375 0.578782234375 0.028768253124999997 0.5783296 0.0247380390625 0.582932675 0.0232558546875 0.5905578609375 0.039449848437500004 0.591406553125 0.045588937499999996 0.5878768562500001 0.044710629687499996 0.58397939375
8 0.485580746875 0.568570096875 0.4830692859375 0.5751784828125001 0.48497687031250003 0.5800927453125 0.48978474531250005 0.5813075734375001 0.4931745125 0.5785966484375 0.4929869734375 0.5718468140625 0.485580746875 0.568570096875
8 0.6027723078125 0.5323460921875001 0.6041904125 0.5362718453124999 0.6127768875 0.5376847 0.6137695921875 0.5290710046875 0.6053340890625 0.5247774859375001 0.6027723078125 0.5323460921875001
2 0.2716181125 0.788442715625 0.27260612812499996 0.82123166875 0.2704673984375 0.8620410484375001 0.265080809375 0.871868759375 0.26482919531250004 0.8766698625 0.2890057828125 0.8904540593749999 0.29823270156250004 0.8899747625 0.3057030046875 0.8817005421875 0.3104196171875 0.8020305125 0.3130317234375 0.7935016859374999 0.323150703125 0.7863291343750001 0.3262019640625 0.7797490390624999 0.3350400515625 0.776360790625 0.33727708125 0.75433229375 0.3208086578125 0.7380634921875 0.3195415203125 0.731257078125 0.3096375859375 0.7239980296875 0.2684755890625 0.71413795625 0.2661972984375 0.7679386046875 0.267061853125 0.782426784375 0.2716181125 0.788442715625
2 0.1895869953125 0.7321493140625 0.1849163359375 0.738644540625 0.1823270453125 0.7673945843750001 0.181302140625 0.8385923640625 0.18914752031249998 0.8438178125 0.209559265625 0.8468132625000001 0.2149666453125 0.7642908609375 0.24512229218749998 0.7466140921875 0.2471214609375 0.71879598125 0.24138495624999998 0.7146439124999999 0.24104644843749998 0.7107747390625 0.23468778124999998 0.71333006875 0.21616533593749998 0.7104336328125 0.210566046875 0.71399161875 0.2068240171875 0.7234240890625 0.1895869953125 0.7321493140625
2 0.0185070453125 0.732811975 0.021265428125 0.762805134375 0.03204766875 0.7739616453125 0.030803346875 0.7873764453125001 0.025204057812500003 0.79093443125 0.045917740624999995 0.78816855625 0.048324184375 0.71126603125 0.0700305734375 0.6998864609375001 0.0729811890625 0.69522680625 0.0738504328125 0.6683123375 0.0727342640625 0.6586252609375001 0.06920728125 0.6536261296875 0.040849509374999995 0.647325671875 0.013283153124999999 0.6362523984374999 0.011512784375 0.6390481921875 0.0097102171875 0.70442806875 0.0185070453125 0.732811975
2 0.114028784375 0.7175980375 0.122112028125 0.7286131015625 0.12853930156249999 0.729912796875 0.13840666562499998 0.7275413515625 0.14911576875000002 0.71943686875 0.14609201562500002 0.70483553125 0.152006996875 0.684925503125 0.1548066421875 0.6831465109375 0.1490198140625 0.6799546609375 0.112327184375 0.66744024375 0.09205265625 0.6721548484375 0.0935576546875 0.6847508765625 0.0915859953125 0.691387553125 0.1020800515625 0.697714671875 0.10142585156249999 0.7101975406250001 0.114028784375 0.7175980375