7 0.8397849468749999 0.50860420625 0.8354838703125 0.5038240921875 0.8376344093749999 0.4990439765625 0.8349462359375 0.4923518171875 0.8258064515625 0.48948374687499996 0.8005376343749999 0.486615678125 0.7854838703125 0.49713193125000005 0.7741935484375 0.5066921609375 0.7704301078125 0.5152963671874999 0.7779569890625 0.52294455 0.7892473125 0.5239005734375 0.7951612906250001 0.533460803125 0.79462365625 0.5372848953125 0.745161290625 0.57265774375 0.745161290625 0.5860420656249999 0.761290321875 0.7332695984375001 0.7709677421875 0.7332695984375001 0.8935483874999999 0.6806883359375 0.8779569890625 0.5592734218750001 0.8666666671875 0.4980879546875 0.8629032265625 0.4933078390625 0.8397849468749999 0.50860420625
7 1 0.38336519999999996 0.995161290625 0.3776290625 0.9924731187500001 0.37954110937499996 0.9795698921874999 0.3728489484375 0.9505376343749999 0.36615678749999997 0.9064516125000001 0.399617590625 0.902688171875 0.40630975156250004 0.9053763437500001 0.41013384375 0.9333333328125001 0.41873805 0.937634409375 0.43307839374999996 0.9139784953125 0.45028680625 0.9064516125000001 0.44837476093750006 0.9037634406249999 0.4588910140625 0.8865591390625 0.47705545000000005 0.8822580640625001 0.475143403125 0.8693548390625001 0.48565965625 0.8688172046875 0.5076481828125 0.8817204296875 0.5755258125 0.89462365625 0.6711281078125 0.8978494625 0.678776290625 1 0.6355985328125 1 0.38336519999999996
7 0.763002571875 0 0.7720430109375 0.0869980875 0.7865591390625 0.21606118593749998 0.7956989250000001 0.2782026765625 0.7951612906250001 0.2858508609375 0.7978494625 0.2925430203125 0.8462365593750001 0.2380497125 0.8494623656250001 0.23518164375 0.8543010750000001 0.237093690625 0.8666666671875 0.2246653921875 0.8860215046875 0.190248565625 1 0.0500510359375 1 0 0.763002571875 0
7 0.597016996875 0 0.5849462359375 0.02294455 0.5860215046875 0.027724665625 0.5688172046875 0.0650095609375 0.5629032265625 0.083173996875 0.562365590625 0.0936902484375 0.605913978125 0.1108986609375 0.604838709375 0.123326959375 0.544086021875 0.2533460796875 0.55537634375 0.3919694078125 0.562365590625 0.530592734375 0.5634408609375 0.5439770546875 0.5672043015625 0.5487571703125 0.5838709671875 0.5382409171875 0.6978494625 0.40439770625 0.709139784375 0.3871892921875 0.7607526874999999 0.3250478015625 0.761290321875 0.30210325 0.752688171875 0.239961759375 0.7483870968749999 0.19311663437499998 0.74677419375 0.13957935 0.74247311875 0.1128107078125 0.744605584375 0 0.597016996875 0
7 0.5419354843749999 0.33269598437500003 0.54139785 0.3173996171875 0.538709678125 0.31070745624999996 0.5392473125 0.2963671125 0.5435483875 0.2896749515625 0.53817204375 0.2695984703125 0.5365591390625 0.2466539203125 0.5268817203125 0.2495219890625 0.5220430109375 0.26481835625 0.51182795625 0.2772466546875 0.49139784999999997 0.27533460781249997 0.4795698921875 0.2791587 0.47473118281250004 0.27533460781249997 0.4704301078125 0.2791587 0.454838709375 0.3288718921875 0.47419354843750006 0.3336520078125 0.48333333281249996 0.3307839390625 0.49139784999999997 0.3374761 0.456989246875 0.4235181640625 0.45537634374999997 0.43881453125 0.458064515625 0.652963671875 0.459139784375 0.6606118546874999 0.4629032265625 0.661567878125 0.491935484375 0.628107075 0.546236559375 0.5430210328125 0.5419354843749999 0.399617590625 0.5419354843749999 0.33269598437500003
7 0.447311828125 0.4512428296875 0.44247311875 0.43307839374999996 0.4284946234375 0.44263862343750005 0.394086021875 0.43881453125 0.3801075265625 0.466539196875 0.38817204375 0.475143403125 0.40470430156250004 0.475143403125 0.408064515625 0.48374760937500005 0.3725806453125 0.546845125 0.3693548390625 0.737093690625 0.3774193546875 0.737093690625 0.395161290625 0.7208413 0.444086021875 0.6644359468750001 0.44516129062500004 0.50286806875 0.447311828125 0.48852772499999997 0.445698925 0.4588910140625 0.447311828125 0.4512428296875
8 0.40860215 0.4282982796875 0.4161290328125 0.437858509375 0.4344086015625 0.43881453125 0.44784946249999996 0.4225621421875 0.44139785 0.41204588906249995 0.4145161296875 0.41013384375 0.40967741875 0.4149139578125 0.40860215 0.4282982796875
8 0.5107526874999999 0.19789675 0.5021505375 0.20458890937500002 0.49892473125 0.2189292546875 0.50107526875 0.231357553125 0.511290321875 0.2437858515625 0.5295698921875001 0.24474187343749998 0.539784946875 0.2361376671875 0.54247311875 0.22657743749999998 0.5317204296875 0.20745697968750001 0.5204301078125 0.1998087953125 0.5107526874999999 0.19789675
8 0.5301075265625 0 0.5268817203125 0.0019120453124999999 0.5220430109375 0.011472275 0.5193548390625 0.030592734375000003 0.5220430109375 0.040152964062500004 0.5263440859374999 0.0487571703125 0.5354838703125 0.0573613765625 0.55752688125 0.0602294453125 0.5736559140625 0.0525812625 0.5801075265625 0.041108985937499995 0.5827956984375 0.028680689062499997 0.5774193546874999 0.0124282984375 0.5682795703125 0.0047801140625 0.555222734375 0 0.5301075265625 0
8 1 0.31451120781249997 0.9870967734375 0.315487571875 0.9774193546875001 0.3231357546875 0.9768817203125 0.3374761 0.9844086015625001 0.34512428281249996 0.995161290625 0.34512428281249996 1 0.3421665875 1 0.31451120781249997
8 0.8370967734375 0.44837476093750006 0.8306451609375 0.45315487499999996 0.8306451609375 0.46749522031249996 0.8354838703125 0.4732313578125 0.8435483874999999 0.4732313578125 0.850537634375 0.469407265625 0.8564516125000001 0.46271510468750005 0.8564516125000001 0.4588910140625 0.8521505375 0.45028680625 0.8370967734375 0.44837476093750006
5 1 0.09975605 0.9354838703125001 0.16634799218750002 0.9161290328125 0.1883365203125 0.9150537640625 0.19311663437499998 0.9424731187500001 0.209369025 0.9505376343749999 0.21032504843750002 1 0.1657455671875 1 0.09975605
5 0.3201368515625 0 0.36666666718749996 0.026768642187500004 0.3731182796875 0 0.3201368515625 0
1 0.10860215 0.3250478015625 0.10537634375 0.30497131875 0.10860215 0.28776290625 0.112365590625 0.2801147234375 0.12096774218749999 0.2839388140625 0.1279569890625 0.295411090625 0.1344086015625 0.29923518125 0.19193548437500002 0.3087954109375 0.2284946234375 0.3087954109375 0.246236559375 0.301147228125 0.251612903125 0.2858508609375 0.2521505375 0.27055449375 0.24731182812500002 0.2112810703125 0.23978494687500002 0.178776290625 0.240860215625 0.12237093750000001 0.23440860156249999 0.120458890625 0.2327956984375 0.131931165625 0.21935483906250003 0.129063096875 0.21881720468750002 0.123326959375 0.212365590625 0.12237093750000001 0.20752688125000002 0.1347992359375 0.19032258124999998 0.14818355625 0.1241935484375 0.13957935 0.11129032187500001 0.13097514375 0.101612903125 0.09655831718749999 0.09516129062499999 0.088910134375 0.0892473125 0.0755258125 0.0854838703125 0.0745697890625 0.0838709671875 0.0793499046875 0.0978494625 0.129063096875 0.0784946234375 0.1472275328125 0.07903225781249999 0.170172084375 0.0752688171875 0.1778202671875 0.0731182796875 0.2084130015625 0.07795698906250001 0.21223709375 0.0811827953125 0.22370936874999997 0.0801075265625 0.228489484375 0.07473118281249999 0.2361376671875 0.0677419359375 0.2332695984375 0.055913978125 0.2868068828125 0.039784946875 0.3173996171875 0.0370967734375 0.326959846875 0.0392473125 0.3537284890625 0.0360215046875 0.3776290625 0.0365591390625 0.42734225625000005 0.043010753125 0.4713193109375 0.05 0.48279158750000006 0.06397849531250001 0.486615678125 0.0860215046875 0.4598470359375 0.0935483875 0.437858509375 0.106989246875 0.35181644375 0.10860215 0.3250478015625
1 0 0 0 0.3170519734375 0.0032258062499999998 0.321223709375 0.015591398437500001 0.3307839390625 0.028494623437499998 0.329827915625 0.04462365625 0.3078393875 0.056989246874999996 0.2782026765625 0.06935483906249999 0.2227533453125 0.0741935484375 0.1797323140625 0.07903225781249999 0.15678776249999998 0.0784946234375 0.1405353734375 0.0758064515625 0.1347992359375 0.0709677421875 0.0994263859375 0.087634409375 0.08221797343750001 0.09139785 0.088910134375 0.09677419375 0.088910134375 0.10376344062500001 0.09655831718749999 0.12365591406250001 0.106118546875 0.2107526875 0.1214149140625 0.24139784999999997 0.117590821875 0.25537634374999996 0.0994263859375 0.256989246875 0.0869980875 0.258064515625 0.0544933078125 0.25295698906249997 0 0.06096774218749999 0 0.0661290328125 0.02294455 0.052688171875 0.042065009375000004 0.040164453125 0 0 0
1 0.7731182796875 0.12237093750000001 0.7688172046874999 0.12523900625 0.7639784953125 0.1376673046875 0.7516129031250001 0.19120458906249999 0.75322580625 0.228489484375 0.754301075 0.2361376671875 0.75752688125 0.239961759375 0.7801075265625 0.21319311718749998 0.7833333328125 0.2055449328125 0.7779569890625 0.1405353734375 0.7736559140625 0.131931165625 0.7731182796875 0.12237093750000001
1 0.745161290625 0 0.745161290625 0.0879541109375 0.74677419375 0.0994263859375 0.74462365625 0.114722753125 0.74677419375 0.1214149140625 0.747311828125 0.14244741875 0.745698925 0.158699809375 0.74892473125 0.18929254375 0.752688171875 0.19120458906249999 0.7715053765625 0.108986615625 0.7698924734375 0.0678776296875 0.7615729250000001 0 0.745161290625 0