7 0.16183495312500001 0.84114123125 0.16232736875 0.6685625640625 0.1655194796875 0.6485941234375 0.1640547734375 0.6307555609375 0.165782178125 0.592948559375 0.1582233703125 0.5801439328125 0.1539963671875 0.5803654609375 0.10078941718750001 0.667073071875 0.0974772765625 0.88694510625 0.11154629062500002 0.8824361328125001 0.16183495312500001 0.84114123125
7 0.2778826171875 0.5785874171875001 0.274033171875 0.464696828125 0.265924128125 0.47172218906249996 0.24084964375 0.5088669343750001 0.2352346359375 0.5129328515625 0.1810557859375 0.591205190625 0.18240822031249998 0.5967917828125 0.1805904015625 0.6025445234375 0.18171014375 0.6138007812499999 0.1774642578125 0.745088040625 0.176848446875 0.82432490625 0.178299440625 0.8317921578125 0.18262500625 0.8334512890625 0.2093613203125 0.8179064203124999 0.23930345625 0.7927644234375 0.2609531359375 0.78125778125 0.2801443515625 0.7632796015625 0.2777296046875 0.7172034734375 0.2778826171875 0.5785874171875001
7 0.2771926890625 0.565422809375 0.28184433593749997 0.7047299765624999 0.280596025 0.7415689578125 0.282969640625 0.75653115 0.2862384546875 0.7582456625 0.2929102125 0.7541243640624999 0.339415396875 0.721513953125 0.4005535421875 0.6749358937500001 0.4156163140625 0.6590599 0.43361664843750003 0.6486874234375 0.43754796718750005 0.6428239203125 0.4495527609375 0.6393660421875 0.4541110171875 0.6353555046875 0.45578099375000003 0.6267817796874999 0.4615438421875 0.62553685 0.462931846875 0.621692459375 0.47049324062500003 0.5637785625 0.44395068281250005 0.28983935 0.44137438281249997 0.23057092343750002 0.436676434375 0.2015868671875 0.42865224062499996 0.2001215734375 0.42899720312499995 0.206703878125 0.423516328125 0.2032194703125 0.3607630515625 0.2998565 0.3207380640625 0.36512921249999997 0.3193500609375 0.3689736015625 0.3211815890625 0.373592175 0.3176445140625 0.386978309375 0.3081474671875 0.397848059375 0.283897040625 0.44060709062500003 0.2771760015625 0.443788059375 0.275040640625 0.46370111875 0.27767437031250003 0.49373626875000004 0.2771926890625 0.565422809375
7 0.63603280625 0 0.45705038125 0.206176584375 0.4438684171875 0.2276114828125 0.44809283593749993 0.298108475 0.4737976234375 0.55606209375 0.4796508859375 0.586871428125 0.4779809109375 0.5954451515625 0.4814386984375 0.6310945875 0.562950790625 0.5891062453125 0.5819585953125 0.5777380609375 0.5919840171875 0.5668406203125 0.6469076375 0.543218134375 0.7716205328125 0.476335853125 0.7939327203125 0.45725119531249997 0.8189990578125 0.450280053125 0.8259035078125001 0.44048908906250006 0.83387841875 0.44101405312499997 0.853562440625 0.4324391625 0.8596743265625 0.422689734375 0.8849555718750001 0.41476441875000003 0.8860971734374999 0.4062183828125 0.8965168390624999 0.40284357656249997 0.9004974390625 0.397920403125 0.900935403125 0.3658384484375 0.8987233390625 0.3640685546875 0.8954626734375 0.33218043750000004 0.8969355296874999 0.31984539375 0.8563076593750001 0.1107623640625 0.85641436875 0.0824694171875 0.8491456812499999 0.03476185 0.84693361875 0.032991956249999996 0.8434539734375001 0.017144815625 0.842253290625 0 0.63603280625 0
7 0.8823102515624999 0 0.8848643765625 0.018746234375 0.9455516296875001 0.357842740625 0.9484891890625 0.3633462609375 0.95766869375 0.3666368296875 0.97879 0.3551578796875 0.989343796875 0.34423274843749996 0.9925140499999999 0.3440666015625 0.9744822828125 0 0.8823102515624999 0
7 0.52627688125 0.718321340625 0.5222470015625 0.722304184375 0.5190274687499999 0.72153 0.5176750343750001 0.7159434078125 0.5126869640625 0.7218622921875 0.5099465249999999 0.7201200890624999 0.5040495453125 0.72891534375 0.453832021875 0.7513482796875001 0.45529155625 0.9106238859375001 0.49208071249999996 0.9049242 0.562573625 0.885200321875 0.5574840156249999 0.7779751109374999 0.5524629609375 0.7226064562500001 0.549278996875 0.712401290625 0.52627688125 0.718321340625
7 0.5593566765625 0.81370761875 0.568435034375 0.8858360515625 0.71058988125 0.8585848828125 0.7118793234374999 0.852859834375 0.704309390625 0.7589653765625 0.693224240625 0.6586547609375 0.6890328078125 0.64944530625 0.68000114375 0.648975725 0.6516304234375 0.6636633359374999 0.6295864984375 0.6676473453125 0.6208997984375 0.673760065625 0.614411453125 0.671271371875 0.6110085093750001 0.6771071828124999 0.5988558734375 0.677744075 0.5948752749999999 0.6826672484375 0.5530131953125 0.702776471875 0.5510968171874999 0.7066485515625 0.550434309375 0.7142265671875 0.5546394546875 0.7338073328125 0.55747030625 0.7676037984375 0.5593566765625 0.81370761875
7 0.76492989375 0.611522884375 0.7526924078125 0.6206504296875 0.7395323031250001 0.6222830328125 0.7324800109375 0.6292530109375 0.704489825 0.64109194375 0.6961480890625 0.6537869703125 0.69656975625 0.682052225 0.705993078125 0.7607629625000001 0.711583640625 0.8472178593749999 0.7144719187499999 0.8517810515625 0.9088236593750001 0.8095365062500001 0.9122758843750001 0.8046410234374999 0.9076490749999999 0.7567950031249999 0.8809123703124999 0.5903579109375 0.8736355343750001 0.5728239484375 0.8374733140625 0.5803766015625 0.8309986796875 0.5882592171875001 0.828737334375 0.58554899375 0.8184655093750001 0.5917447890624999 0.8177537234375001 0.5983824734375001 0.8143370687499999 0.593846975 0.809926653125 0.600678496875 0.8070876546875001 0.5970556359375 0.8012755234375 0.5973602359375 0.7971607921875 0.609833734375 0.790489034375 0.6139550328125 0.77952728125 0.6069862203125 0.769685271875 0.6112736640625 0.7660714937499999 0.6029768484375 0.76492989375 0.611522884375
7 1 0.5031535703125 0.8838936484375 0.5562568421874999 0.8764115421875 0.5651351703125 0.8754533531250001 0.567071209375 0.8863576765625 0.6032733 0.9192433265625001 0.8061616984375 1 0.790763603125 1 0.5031535703125
8 0.856349575 0.5058402171874999 0.8526372359375 0.4956627421875 0.838026134375 0.4898280953125 0.8279377218749999 0.4894138953125 0.8196808375 0.49361826718749996 0.817531765625 0.5031600125 0.8191306031250001 0.5134482515625 0.828028134375 0.5214681578125 0.8494451234374999 0.5156311812500001 0.856349575 0.5058402171874999
8 0.6582966203125 0.6189971203125 0.67442985625 0.6134370546875 0.6809044906249999 0.6055544375 0.6783474640625 0.5972022390625 0.6708023671875 0.5947689265625 0.6549018234374999 0.5946593265625 0.6491882546875 0.5968445859375 0.6468420609375001 0.6026250171875 0.6472363046875 0.6101476484374999 0.650702240625 0.6156234781250001 0.6582966203125 0.6189971203125
8 0.5464700046875001 0.6588025296875 0.5343173718750001 0.6594394218749999 0.5320204578125 0.66616018125 0.535204421875 0.676365346875 0.5433764562500001 0.680651628125 0.55586034375 0.676225728125 0.55931256875 0.6713302453125001 0.5578122921875 0.662922665625 0.5464700046875001 0.6588025296875
8 0.4719034953125 0.7221138390624999 0.47111500624999997 0.707068575 0.46674016093750004 0.7044691140625 0.45785634062499997 0.7068205187500001 0.45816573437499997 0.7228338046875 0.46254057968750006 0.725433265625 0.4719034953125 0.7221138390624999
8 0.125847215625 0.5082935749999999 0.14242397499999998 0.5111964718750001 0.1543794875 0.5067982625 0.1563944265625 0.5048068406249999 0.15609874375 0.4991648640625 0.1529640625 0.489900028125 0.13300621562499998 0.47303065 0.1196982703125 0.47184226718750005 0.1140969734375 0.48627949531250003 0.11690040156249999 0.4993333390625 0.125847215625 0.5082935749999999
8 0.23869461875 0.29588180468749997 0.23562292812500002 0.2979286109375 0.23050072500000002 0.31139781875 0.23094425156249998 0.31986078125 0.23523424531249998 0.33095089375 0.2431735875 0.340906840625 0.2530293078125 0.34699070625 0.27642566875 0.3485932890625 0.28760640312499997 0.3395211265625 0.29053025312499997 0.334653334375 0.28975547343749997 0.3299793796875 0.28257720000000003 0.3143260765625 0.25901928750000003 0.29953119375 0.23869461875 0.29588180468749997
8 0.4916600703125 0.078012584375 0.4882215546875 0.093279378125 0.48871436093750004 0.10268266875000001 0.4926731015625 0.11756179062500001 0.49897803749999997 0.1266604796875 0.514667746875 0.112637453125 0.5355782203125 0.0870258734375 0.536966225 0.083181484375 0.5247013171875 0.0715664078125 0.5100409375 0.0647914296875 0.50264368125 0.065179103125 0.49650029843750004 0.06927271406249999 0.4916600703125 0.078012584375
8 0.1292038546875 0.612780871875 0.10653299375 0.6149119125 0.103658425 0.620720034375 0.1035242921875 0.6282703578125 0.1080962609375 0.634631134375 0.11626829375 0.6389174140625 0.1310846640625 0.6183397734375 0.1318950125 0.6135827453125 0.1292038546875 0.612780871875
5 0.10107875625 0.26820621093749997 0.1011143265625 0.258775228125 0.09168841875 0.2507830140625 0.0840940421875 0.24740936875 0.07684462656249999 0.25061803125000004 0.017513567187500002 0.392335478125 0.0365487921875 0.4017099125 0.0451862109375 0.3946568625 0.089065815625 0.30183769531250004 0.10107875625 0.26820621093749997
1 0 0.2011719734375 0.0477565578125 0.2313984125 0.05198356093749999 0.231176884375 0.069083134375 0.193507171875 0.0732608578125 0.19234531562499999 0.0815807328125 0.199452584375 0.085983 0.222794665625 0.09886113125 0.2258914 0.10550546875 0.20102747812500002 0.1101018796875 0.11686743749999999 0.107919825 0.0651216453125 0.105940453125 0.057682084375 0.0743090671875 0.040481579687500005 0.0691594453125 0.033208164062500004 0.066284875 0.0390162875 0.052188440625 0.0227826359375 0.0477287453125 0.028673829687500003 0.0422971484375 0.026129753125 0.0423254328125 0.023299534375 0.00939003125 0.02502560625 0 0.0255177171875 0 0.2011719734375