4 0.7132574625 0.6565129468750001 0.702925225 0.618718128125 0.6987625234375 0.6164123140625 0.6929983156249999 0.63241181875 0.6822771234375 0.6489484562500001 0.670982278125 0.7780491234375 0.6686805546875 0.829300796875 0.6717118171875 0.8383033078125001 0.6773301703125 0.8426780984375 0.6973623453125 0.8444306875 0.7002865953125 0.8359492156250001 0.7026467125 0.8089729562500001 0.7132574625 0.6565129468750001
4 0.6788275859375 0.6010768625 0.6723792828125 0.5937170234375 0.6581567625 0.6128597703125 0.6524768421875 0.6278958359375 0.643383309375 0.7630139671875 0.6470402703125 0.7711004078125 0.664196815625 0.7745430343749999 0.6681552671875 0.7729477296875 0.6702852375 0.7673092046875001 0.6714555203125 0.7227542296875 0.6792329140625 0.6525653703125001 0.6788275859375 0.6010768625
7 0.5600095703125 0.8741588015625 0.573833365625 0.8782806624999999 0.5877057781249999 0.8756110937500001 0.594961309375 0.8675085609375 0.59529846875 0.8636548093749999 0.5886815859375 0.8582218453125 0.5862403546875 0.8424752703125 0.5939205078125 0.7858692765625 0.5954377265625 0.76852739375 0.594066365625 0.7654949796875 0.566191803125 0.7349027171875 0.5614034015625 0.7335129734375 0.550124678125 0.8063079421875001 0.5488117109374999 0.8275509421875 0.5651124078125 0.8532473734374999 0.5667236921875001 0.8660089 0.5600095703125 0.8741588015625
7 0.6596319125 1 0.682926053125 0.9907311328124999 0.690252925 0.9942845874999999 0.7342886765625 0.9835750328125 0.73799083125 0.8664306500000001 0.73683666875 0.8546799281249999 0.727175575 0.8528638796875001 0.6358199421874999 0.868170790625 0.631196946875 0.9085404453124999 0.6296408828125 0.963740603125 0.630480609375 0.9977924968749999 0.631478915625 1 0.6596319125 1
7 0.5521015890625 1 0.5576494546874999 0.901135059375 0.5562424218750001 0.8922746515625001 0.5515383109374999 0.8899214687500001 0.5042184265625 0.8945188265624999 0.44243610312500004 0.9085298171874999 0.4366557703125 0.980835021875 0.4394104515625 0.9966090203125001 0.478169528125 1 0.5521015890625 1
7 0.35319431562500003 0.9745039015625 0.3560731203125 0.929127590625 0.34928765781250004 0.9256215031249999 0.2190575046875 0.9550019546874999 0.21413619375 0.96136708125 0.21278755624999998 0.9767820859375 0.3536624796875 0.9891070453124999 0.3542641890625 0.9872180625 0.35319431562500003 0.9745039015625
1 0.3547453 0.9892017796875001 0.3734239515625 0.9908359499999999 0.3745394578125 0.955013490625 0.37089861874999996 0.8906213515625 0.36151629218750003 0.8606761390625 0.3555607796875 0.8601550984375 0.3528894 0.8657462562499999 0.349540528125 0.9227311890625 0.3519104171875 0.9268217765625 0.35608289375 0.9601944375 0.3542641890625 0.9872180625 0.3547453 0.9892017796875001
6 0.773748784375 0.19581538437499998 0.7555807609375 0.2039340109375 0.7611504953125 0.215100234375 0.7865124828125001 0.21828993125 0.797185053125 0.2085447265625 0.7988579031249999 0.201895396875 0.7895339703124999 0.19622559687500002 0.773748784375 0.19581538437499998
6 0.16792376250000002 0.130192003125 0.1636411 0.1230216328125 0.1458231828125 0.1146670828125 0.11883696562499999 0.11133528125 0.1027146203125 0.1147788203125 0.10366453281250002 0.122628425 0.1316363328125 0.139637825 0.1517527984375 0.1404269734375 0.16792376250000002 0.130192003125
6 0.231272178125 0.2541733640625 0.235856328125 0.2516619875 0.2396591484375 0.23937413125 0.238372078125 0.235378278125 0.0944412625 0.22181515312500003 0.09447693593749999 0.22764314687499998 0.10475077968749999 0.2411625515625 0.11711892343750001 0.243215434375 0.231272178125 0.2541733640625
6 0.51973678125 0.26193612499999996 0.49173908437499997 0.2701655796875 0.48977769374999996 0.27387722812500004 0.49664744687500006 0.276419878125 0.5784846703125 0.282608896875 0.6238561140625001 0.2691037625 0.5904572625 0.2642401171875 0.51973678125 0.26193612499999996
9 0.5287071812499999 0.16563971093750002 0.5073879328124999 0.1598912703125 0.48348159687500003 0.15877055 0.45192100156250004 0.1890169703125 0.4436539921875 0.2086807578125 0.4423053546875 0.22409576250000002 0.44365081875 0.2523670296875 0.45043628125 0.2558731171875 0.5021587875 0.26331068750000003 0.5704250859375 0.262487528125 0.615845146875 0.2421909640625 0.6214407765625001 0.228118334375 0.6236323140625 0.20306895156250002 0.6211910796875 0.18732237499999999 0.613744246875 0.17890436406250002 0.606164503125 0.178241221875 0.602987384375 0.18961300781249998 0.59195493125 0.18476454375 0.592966409375 0.173203290625 0.58651810625 0.1658434515625 0.56256315 0.1715141625 0.545695146875 0.171009215625 0.5331940937499999 0.1767112 0.5287071812499999 0.16563971093750002