7 0.4578125 0.9138888890624999 0.45677083281249997 0.94351851875 0.45885416718750005 0.95 0.475 0.9453703703125 0.4973958328125 0.977777778125 0.5109375 0.977777778125 0.5333333328125 0.9694444437499999 0.5395833328124999 0.9638888890624999 0.5380208328125 0.9518518515625001 0.5296875 0.93148148125 0.5296875 0.9259259265625 0.5666666671875 0.9120370375 0.5630208328124999 0.83055555625 0.5635416671875 0.79351851875 0.5604166671875 0.784259259375 0.540625 0.7870370375 0.5208333328125 0.79444444375 0.509375 0.79444444375 0.45520833281249995 0.8111111109375001 0.453125 0.8148148140625 0.453125 0.83055555625 0.4546875 0.88055555625 0.4578125 0.9138888890624999
7 0.6536458328125 0.89351851875 0.6776041671875 0.9148148140625001 0.696875 0.9120370375 0.7088541671875 0.9074074078125 0.7125 0.9046296296874999 0.7125 0.9009259265624999 0.7083333328125 0.890740740625 0.6979166671875 0.878703703125 0.6953125 0.8740740734375001 0.6958333328124999 0.871296296875 0.7354166671875 0.8583333328125 0.728125 0.7388888890625 0.7203125 0.7379629624999999 0.65625 0.752777778125 0.6333333328124999 0.7611111109375 0.6359375 0.8546296296874999 0.6385416671875 0.884259259375 0.6479166671875001 0.884259259375 0.6536458328125 0.89351851875
7 0.2994791671875 0.996296296875 0.3078125 0.9990740734375001 0.3088541671875 0.996296296875 0.3140625 0.9953703703125001 0.3239583328125 0.9990740734375001 0.3255208328125 0.996296296875 0.3661458328125 0.9833333328125 0.3765625 0.9759259265625 0.3739583328125 0.915740740625 0.3723958328125 0.9120370375 0.3739583328125 0.9 0.371875 0.890740740625 0.3708333328125 0.8444444437499999 0.3682291671875 0.8379629625 0.3645833328125 0.8361111109375001 0.353125 0.8388888890624999 0.24114583281250002 0.8768518515625001 0.2427083328125 0.9666666671874999 0.2484375 0.9990740734375001 0.2979166671875 0.9990740734375001 0.2994791671875 0.996296296875
7 0.5833333328125 0.775 0.5854166671875001 0.76851851875 0.5875 0.771296296875 0.5885416671875 0.7611111109375 0.5911458328125 0.765740740625 0.59375 0.7638888890625 0.5916666671875 0.759259259375 0.5869791671875 0.7601851859375001 0.5848958328125 0.75 0.5875 0.672222221875 0.5526041671875 0.64351851875 0.5489583328125 0.690740740625 0.5479166671875 0.7324074078125 0.5619791671875001 0.7490740734375 0.5734375 0.775 0.5833333328125 0.775
1 0.3760416671875 0.872222221875 0.37447916718749996 0.8759259265624999 0.375 0.890740740625 0.3828125 0.9231481484374999 0.3791666671875 0.9268518515625 0.3807291671875 0.93148148125 0.3859375 0.934259259375 0.3869791671875 0.9388888890624999 0.384375 0.95 0.3802083328125 0.94351851875 0.38125 0.946296296875 0.3791666671875 0.9583333328125001 0.3807291671875 0.9620370375 0.38333333281250004 0.9583333328125001 0.3895833328125 0.9611111109375001 0.44427083281249996 0.94351851875 0.45677083281249997 0.9361111109375001 0.45677083281249997 0.9009259265624999 0.4526041671875 0.8833333328125 0.440625 0.8851851859375 0.4 0.9009259265624999 0.3958333328125 0.8990740734375 0.3932291671875 0.88055555625 0.3932291671875 0.8648148140625 0.384375 0.8083333328125001 0.371875 0.7796296296875 0.36770833281250004 0.7787037031249999 0.3651041671875 0.7824074078125001 0.3661458328125 0.83055555625 0.3692708328125 0.840740740625 0.3739583328125 0.8462962968750001 0.3760416671875 0.872222221875
4 0.6703125 0.7351851859375 0.6890625 0.7351851859375 0.6921875 0.727777778125 0.6927083328125 0.7138888890625 0.6916666671875 0.5574074078125 0.6885416671875 0.5453703703125 0.6796875 0.5287037031249999 0.6807291671875 0.5166666671875 0.684375 0.5148148140625 0.6890625 0.527777778125 0.6916666671875 0.5175925921875 0.690625 0.50555555625 0.6864583328125 0.502777778125 0.6854166671875 0.49629629687500004 0.684375 0.502777778125 0.6807291671875 0.49629629687500004 0.6760416671875 0.4981481484375 0.6729166671875 0.503703703125 0.6734375 0.521296296875 0.6713541671875001 0.525 0.6708333328125 0.5333333328125 0.6625 0.5453703703125 0.659375 0.55648148125 0.6588541671875 0.6703703703125 0.6614583328125 0.7240740734375 0.6651041671875 0.7324074078125 0.6703125 0.7351851859375
4 0.6385416671875 0.672222221875 0.6541666671875 0.6731481484375 0.6567708328124999 0.66944444375 0.6552083328125 0.5870370375 0.6536458328125 0.5833333328125 0.6546875 0.5722222218749999 0.653125 0.5694444437499999 0.6541666671875 0.5287037031249999 0.65 0.5148148140625 0.6432291671875 0.5148148140625 0.6421875 0.5175925921875 0.6385416671875 0.5175925921875 0.6380208328125 0.5259259265625 0.634375 0.5287037031249999 0.63125 0.5370370375 0.6322916671875001 0.621296296875 0.634375 0.6296296296875 0.6328125 0.6666666671875 0.6385416671875 0.672222221875
9 0.46666666718750005 0.16944444375 0.4682291671875 0.15925925937500002 0.4791666671875 0.1574074078125 0.48645833281249995 0.1611111109375 0.49791666718750005 0.1601851859375 0.5052083328125 0.1666666671875 0.5135416671875 0.1675925921875 0.5307291671875001 0.1611111109375 0.5359375 0.15555555625 0.5598958328125 0.1425925921875 0.5677083328125 0.134259259375 0.5697916671875001 0.13055555624999998 0.5697916671875001 0.09629629687499999 0.5677083328125 0.08333333281250001 0.55 0.0703703703125 0.5479166671875 0.0759259265625 0.546875 0.0990740734375 0.5427083328125 0.1046296296875 0.5364583328125 0.10370370312499999 0.5354166671875 0.0990740734375 0.5380208328125 0.0953703703125 0.5385416671875001 0.071296296875 0.5333333328125 0.0629629625 0.5010416671875 0.0675925921875 0.4984375 0.071296296875 0.5 0.0759259265625 0.49791666718750005 0.078703703125 0.4828125 0.0759259265625 0.4692708328125 0.078703703125 0.4671875 0.0731481484375 0.4635416671875 0.0731481484375 0.46302083281249995 0.06944444375 0.46458333281249997 0.0675925921875 0.45989583281249996 0.0638888890625 0.42760416718750005 0.0629629625 0.40052083281249995 0.0981481484375 0.3958333328125 0.11574074062499999 0.3947916671875 0.1583333328125 0.3994791671875 0.16388888906250001 0.421875 0.16944444375 0.46666666718750005 0.16944444375
6 0.5526041671875 0.1990740734375 0.5729166671875 0.19351851874999998 0.5760416671875 0.1888888890625 0.5729166671875 0.1888888890625 0.5703125 0.19351851874999998 0.5677083328125 0.19351851874999998 0.5697916671875001 0.1888888890625 0.5666666671875 0.1888888890625 0.565625 0.19444444375 0.5635416671875 0.19537037031249999 0.5625 0.1888888890625 0.5552083328124999 0.1870370375 0.5015625 0.1870370375 0.49791666718750005 0.184259259375 0.4848958328125 0.184259259375 0.4682291671875 0.1879629625 0.4458333328125 0.2018518515625 0.4427083328125 0.2046296296875 0.4453125 0.2101851859375 0.5244791671875 0.21203703749999997 0.5526041671875 0.1990740734375
6 0.0682291671875 0.20370370312500002 0.0682291671875 0.20833333281250002 0.07760416718749999 0.20370370312500002 0.1916666671875 0.20833333281250002 0.19583333281249998 0.2018518515625 0.1979166671875 0.1870370375 0.1973958328125 0.18148148125000002 0.1515625 0.1833333328125 0.0494791671875 0.18055555625 0.051041667187499994 0.1861111109375 0.05729166718749999 0.1898148140625 0.0614583328125 0.2 0.0682291671875 0.20370370312500002
6 0.096875 0.07685185156249999 0.109375 0.0675925921875 0.103125 0.060185185937499996 0.0848958328125 0.0546296296875 0.0515625 0.05648148125 0.05 0.060185185937499996 0.05625 0.06851851875000001 0.07552083281250001 0.0759259265625 0.096875 0.07685185156249999
6 0.7359375 0.10833333281249999 0.7401041671875 0.102777778125 0.7401041671875 0.0990740734375 0.7359375 0.0953703703125 0.7229166671875 0.0953703703125 0.7046875 0.10185185156250001 0.7026041671875001 0.10555555624999999 0.7046875 0.1120370375 0.7197916671875 0.1129629625 0.7359375 0.10833333281249999