7 0 0.6916666671875 0.009375 0.6879629625 0.029166667187500002 0.6888888890625 0.0369791671875 0.684259259375 0.056770832812500005 0.6870370375 0.056770832812500005 0.659259259375 0.0427083328125 0.5203703703125 0.034375 0.40648148125 0.0348958328125 0.396296296875 0.0395833328125 0.3916666671875 0.0447916671875 0.3916666671875 0.0458333328125 0.3851851859375 0.0432291671875 0.38148148125 0.0026041671875 0.38333333281250004 0 0.384259259375 0 0.6916666671875
7 0.0390625 0.46666666718750005 0.060416667187499995 0.6972222218749999 0.0770833328125 0.6972222218749999 0.1223958328125 0.6870370375 0.1385416671875 0.6916666671875 0.1677083328125 0.6861111109375 0.1776041671875 0.6953703703125 0.1682291671875 0.7481481484375 0.1708333328125 0.7518518515625 0.1776041671875 0.7518518515625 0.2515625 0.7370370375 0.25625 0.7101851859375 0.2567708328125 0.6805555562500001 0.2625 0.6731481484375 0.27291666718749996 0.66944444375 0.2776041671875 0.6629629625 0.3135416671875 0.6564814812499999 0.34375 0.6555555562500001 0.3494791671875 0.6509259265625 0.3416666671875 0.4148148140625 0.3401041671875 0.384259259375 0.33645833281250004 0.3731481484375 0.2046875 0.3796296296875 0.0515625 0.3925925921875 0.0369791671875 0.397222221875 0.0354166671875 0.403703703125 0.0375 0.40648148125 0.0385416671875 0.42129629687500003 0.0390625 0.46666666718750005
7 0.35885416718749996 0.627777778125 0.3614583328125 0.6537037031249999 0.3640625 0.6601851859375001 0.3760416671875 0.6620370375 0.44114583281249997 0.6537037031249999 0.4484375 0.684259259375 0.45885416718750005 0.7129629625 0.4817708328125 0.7111111109375 0.5229166671875001 0.702777778125 0.5302083328125 0.6972222218749999 0.5296875 0.6888888890625 0.5145833328125 0.6509259265625 0.5223958328125 0.6379629625 0.5333333328125 0.6416666671875 0.5390625 0.6333333328124999 0.5442708328125 0.6361111109375 0.5515625 0.6296296296875 0.5578125 0.63148148125 0.5786458328124999 0.6240740734375 0.5927083328125 0.6240740734375 0.6012151046875001 0.6175925921875 0.6072916671875 0.61851851875 0.6088541671875001 0.6148148140624999 0.609375 0.497222221875 0.6072916671875 0.42222222187499997 0.609375 0.3648148140625 0.6078125 0.352777778125 0.3546875 0.3768518515625 0.353125 0.38055555625 0.3552083328125 0.3898148140625 0.3546875 0.4703703703125 0.35885416718749996 0.627777778125
7 0.6390625 0.6120370375 0.6765625 0.61851851875 0.6807291671875 0.6379629625 0.6895833328125 0.6537037031249999 0.6932291671875 0.6546296296875 0.7067708328125 0.6740740734374999 0.7598958328125 0.6666666671875 0.76875 0.6638888890625 0.7729166671875001 0.6546296296875 0.7770833328125 0.6537037031249999 0.7776041671875 0.5990740734375 0.7932291671875 0.6018518515625 0.8177083328125001 0.6 0.8395833328125001 0.5722222218749999 0.8421875 0.540740740625 0.8421875 0.5018518515625 0.84375 0.4981481484375 0.84375 0.46666666718750005 0.840625 0.45555555625000005 0.8432291671875 0.44444444375 0.8458333328125001 0.38148148125 0.8458333328125001 0.3416666671875 0.84375 0.3333333328125 0.6166666671875001 0.35 0.6125 0.353703703125 0.6145833328125 0.5981481484375 0.6171875 0.6148148140624999 0.634375 0.615740740625 0.6390625 0.6120370375
7 0.8776041671874999 0.321296296875 0.9078125 0.31944444375000003 0.9052083328125 0.3138888890625 0.8942708328125001 0.3120370375 0.8885416671874999 0.303703703125 0.8911458328125 0.29907407343750003 0.9005208328125001 0.2953703703125 0.9354166671874999 0.290740740625 0.9395833328125001 0.1879629625 0.8541666671874999 0.1888888890625 0.8515625 0.1925925921875 0.8489583328125001 0.24444444375000002 0.8479166671874999 0.29907407343750003 0.8651041671874999 0.29814814843750004 0.8682291671875 0.3166666671875 0.8776041671874999 0.321296296875
7 0.9390625 0.1851851859375 0.9369791671875 0.24259259218749998 0.9375 0.2898148140625 0.9994791671875 0.28796296250000003 0.9994791671875 0.18148148125000002 0.9390625 0.1851851859375
7 0.8026041671874999 0.33148148125 0.8046875 0.32685185156249996 0.8083333328125001 0.25740740781250004 0.8067708328125001 0.240740740625 0.6739583328125 0.24259259218749998 0.66875 0.24444444375000002 0.6661458328125 0.2509259265625 0.6640625 0.32777777812500003 0.665625 0.3425925921875 0.7916666671875 0.334259259375 0.8026041671874999 0.33148148125
7 0.6625 0.340740740625 0.6651041671875 0.271296296875 0.6645833328124999 0.252777778125 0.6625 0.24814814843750002 0.5260416671875 0.2509259265625 0.5151041671875001 0.2546296296875 0.5151041671875001 0.352777778125 0.5171875 0.3574074078125 0.6083333328125 0.35 0.6625 0.340740740625
7 0.4984375 0.35925925937500003 0.5020833328125 0.35648148125 0.5015625 0.259259259375 0.49895833281249996 0.2546296296875 0.3546875 0.259259259375 0.3489583328125 0.26203703749999996 0.3489583328125 0.34722222187499996 0.3505208328125 0.36944444375 0.353125 0.3740740734375 0.4984375 0.35925925937500003
7 0.3390625 0.36851851875 0.34427083281250004 0.3768518515625 0.34375 0.403703703125 0.3494791671875 0.4046296296875 0.3463541671875 0.3953703703125 0.3484375 0.38703703749999996 0.3463541671875 0.377777778125 0.3479166671875 0.3731481484375 0.346875 0.3101851859375 0.34427083281250004 0.2648148140625 0.20625 0.26574074062499997 0.1786458328125 0.2675925921875 0.1770833328125 0.271296296875 0.18020833281249998 0.3490740734375 0.184375 0.3759259265625 0.1864583328125 0.378703703125 0.3390625 0.36851851875
7 0 0.38148148125 0.0447916671875 0.3796296296875 0.0479166671875 0.3879629625 0.053125 0.3898148140625 0.171875 0.3796296296875 0.1734375 0.36296296250000004 0.1677083328125 0.2731481484375 0.16354166718750002 0.26944444375 0.1348958328125 0.26944444375 0 0.2731481484375 0 0.38148148125
7 0.2322916671875 0.26203703749999996 0.22916666718749998 0.21203703749999997 0.1208333328125 0.21574074062499998 0.1234375 0.2629629625 0.12552083281249998 0.2675925921875 0.1703125 0.2675925921875 0.2322916671875 0.26203703749999996
7 0.3453125 0.259259259375 0.3458333328125 0.24444444375000002 0.3479166671875 0.2388888890625 0.3484375 0.2138888890625 0.3421875 0.2101851859375 0.2348958328125 0.21203703749999997 0.234375 0.25740740781250004 0.2375 0.2638888890625 0.3421875 0.2629629625 0.3453125 0.259259259375
7 0.4546875 0.253703703125 0.4583333328125 0.24907407343750002 0.4583333328125 0.20833333281250002 0.44322916718750005 0.2046296296875 0.3640625 0.20833333281250002 0.35104166718749996 0.2138888890625 0.3489583328125 0.25555555625 0.3557291671875 0.25833333281250004 0.44635416718750004 0.2546296296875 0.4546875 0.253703703125
7 0.503125 0.2708333328125 0.5020833328125 0.302777778125 0.5036458328125 0.3138888890625 0.5057291671875 0.315740740625 0.5119791671875 0.3148148140625 0.5140625 0.3101851859375 0.5140625 0.253703703125 0.515625 0.2509259265625 0.5609375 0.24814814843750002 0.5677083328125 0.2370370375 0.5661458328125 0.22685185156249998 0.5682291671875 0.2203703703125 0.5645833328125 0.2166666671875 0.5635416671875 0.2046296296875 0.5583333328125 0.2018518515625 0.459375 0.20648148125 0.4578125 0.20833333281250002 0.45989583281249996 0.2518518515625 0.5015625 0.252777778125 0.503125 0.2708333328125
7 0.6661458328125 0.240740740625 0.6661458328125 0.2009259265625 0.5713541671875 0.2009259265625 0.5692708328125 0.20555555625 0.56875 0.24351851875000002 0.5713541671875 0.24907407343750002 0.6619791671875 0.246296296875 0.6661458328125 0.240740740625
3 0.49322916718750004 0 0.4927083328125 0.004629629687499999 0.49322916718750004 0.2009259265625 0.565625 0.20277777812500003 0.56875 0.2 0.65625 0.1981481484375 0.6677083328125 0.2009259265625 0.6729166671875 0.23518518593749999 0.68125 0.23518518593749999 0.7057291671875 0.225 0.7140625 0 0.49322916718750004 0
5 0.06302083281250001 0.9333333328125001 0.3088541671875 0.884259259375 0.3125 0.88055555625 0.31302083281250004 0.8601851859374999 0.3177083328125 0.853703703125 0.3015625 0.852777778125 0.24895833281250002 0.8611111109375 0.06510416718749999 0.896296296875 0.0557291671875 0.9 0.0578125 0.9240740734375 0.05989583281250001 0.93148148125 0.06302083281250001 0.9333333328125001
5 0.4713541671875 0.9574074078124999 0.47760416718750004 0.952777778125 0.5083333328124999 0.9453703703125 0.5338541671875 0.94351851875 0.5447916671875 0.9379629625 0.5484375 0.9425925921875 0.5682291671875 0.9388888890624999 0.575 0.9305555562500001 0.6192708328125 0.9277777781250001 0.628125 0.9231481484374999 0.6260416671875 0.91944444375 0.6276041671875 0.9111111109375001 0.6166666671875001 0.878703703125 0.6145833328125 0.865740740625 0.6088541671875001 0.853703703125 0.5895833328125 0.853703703125 0.58125 0.859259259375 0.5760416671875 0.85555555625 0.5692708328125 0.859259259375 0.5598958328125 0.85648148125 0.5135416671875 0.86944444375 0.4953125 0.86851851875 0.42864583281249996 0.88148148125 0.4036458328125 0.8879629625 0.40052083281249995 0.8916666671875 0.4036458328125 0.9277777781250001 0.4088541671875 0.946296296875 0.40833333281249995 0.9703703703125001 0.4713541671875 0.9574074078124999
5 0.7307291671875 0.9277777781250001 0.9036458328125001 0.8879629625 0.9270833328125001 0.88055555625 0.9302083328125 0.8768518515625001 0.9234375 0.875 0.9203125 0.8601851859374999 0.9067708328125 0.8481481484375 0.9057291671875 0.8333333328125001 0.9 0.825 0.896875 0.8259259265625 0.8890625 0.8129629625 0.73125 0.8453703703125001 0.7052083328125 0.852777778125 0.703125 0.8583333328125 0.703125 0.8648148140625 0.7083333328125 0.88148148125 0.7203125 0.9120370375 0.7307291671875 0.9277777781250001
5 0.9994791671875 0.7805555562500001 0.9604166671875 0.7879629625 0.9598958328125 0.79444444375 0.9703125 0.8175925921875 0.9994791671875 0.853703703125 0.9994791671875 0.7805555562500001
1 0.9848958328125 0.8879629625 0.984375 0.884259259375 0.9708333328125001 0.8796296296874999 0.9552083328125001 0.877777778125 0.9182291671874999 0.8861111109375001 0.8932291671874999 0.9055555562500001 0.8875 0.9064814812499999 0.8567708328125001 0.9388888890624999 0.8359375 0.977777778125 0.8296875 0.9990740734375001 0.9994791671875 0.9990740734375001 0.9994791671875 0.8916666671875 0.9848958328125 0.8879629625
2 0.334375 0.9379629625 0.2744791671875 0.9509259265625 0.271875 0.9546296296874999 0.26875 0.9851851859374999 0.2682291671875 0.9990740734375001 0.3447916671875 0.9990740734375001 0.3427083328125 0.9388888890624999 0.334375 0.9379629625
8 0.078125 0.73148148125 0.0796875 0.7129629625 0.071875 0.7018518515625 0.055208332812500004 0.7009259265625001 0.0364583328125 0.7120370375 0.029166667187500002 0.7203703703125 0.0270833328125 0.727777778125 0.0328125 0.7370370375 0.065625 0.7398148140624999 0.078125 0.73148148125
8 0.3203125 0.7703703703125 0.3296875 0.7629629625 0.33125 0.7333333328125 0.3291666671875 0.7268518515625 0.3140625 0.722222221875 0.3026041671875 0.728703703125 0.3010416671875 0.7388888890625 0.3046875 0.759259259375 0.3083333328125 0.7675925921875 0.3203125 0.7703703703125
8 0.6036458328125 0.6759259265625001 0.603125 0.659259259375 0.5958333328125 0.65 0.5796875 0.6481481484375 0.571875 0.652777778125 0.5723958328125 0.66851851875 0.5869791671875 0.6851851859375 0.5989583328125 0.6861111109375 0.6036458328125 0.6759259265625001
8 0.8546875 0.628703703125 0.8536458328125001 0.625 0.8333333328125001 0.625 0.8270833328125 0.61944444375 0.8260416671874999 0.6101851859375 0.8192708328125 0.61851851875 0.8213541671875 0.634259259375 0.8291666671875 0.6388888890625 0.8520833328125 0.6379629625 0.8546875 0.628703703125