1 0.0805500984375 0.896132596875 0.097249509375 0.9149171265625 0.12475442031249999 0.9320441984375 0.1571709234375 0.9441988953125 0.1758349703125 0.9475138125000001 0.25442043281250004 0.9519337015625 0.2779960703125 0.94972375625 0.479371315625 0.9110497234375 0.492141453125 0.9071823203125 0.53732809375 0.8839779 0.5343811390625001 0.8734806624999999 0.4970530453125 0.8143646406249999 0.42239685624999995 0.704972375 0.40667976406250006 0.7160221 0.4007858546875 0.7243093921875 0.402750490625 0.7292817671875 0.39882121875 0.743093921875 0.40667976406250006 0.7624309390625 0.3948919453125 0.7662983421875 0.3939096265625 0.769613259375 0.3290766203125 0.7812154703124999 0.314341846875 0.7718232046875 0.289783890625 0.7690607734375 0.2662082515625 0.7740331484375 0.2337917484375 0.7779005531250001 0.2269155203125 0.7767955796875 0.2033398828125 0.785635359375 0.1836935171875 0.787845303125 0.172888015625 0.78674033125 0.14243615 0.7961325968749999 0.1306483296875 0.801104971875 0.1198428296875 0.8104972374999999 0.10609037343750001 0.8143646406249999 0.0893909625 0.8281767953125 0.0746561890625 0.854143646875 0.0726915515625 0.8756906078125001 0.0805500984375 0.896132596875
1 0.0157170921875 0.672375690625 0.028487229687499997 0.6922651937500001 0.0491159140625 0.704972375 0.0815324171875 0.717127071875 0.097249509375 0.7204419890625 0.15324165 0.724861878125 0.17190569687499999 0.722651934375 0.2210216109375 0.7232044203125 0.235756384375 0.7215469609375 0.248526521875 0.7160221 0.275049115625 0.71325966875 0.30746561875 0.7127071828125 0.3506876234375 0.7088397796875 0.3595284875 0.7060773484375 0.364440078125 0.7088397796875 0.3762278984375 0.7055248625 0.378192534375 0.7016574578125 0.38605108125 0.6994475140625 0.383104125 0.69723756875 0.3634577609375 0.695027625 0.3595284875 0.690607734375 0.3418467578125 0.6917127078124999 0.338899803125 0.6895027625 0.2318271125 0.6850828734375 0.18762278906250002 0.601104971875 0.17485265156250002 0.5983425421875 0.15422396875 0.601104971875 0.14243615 0.6 0.097249509375 0.6082872921875 0.09037328125 0.60773480625 0.054027504687500005 0.6243093921875 0.045186640625 0.624861878125 0.0225933203125 0.6425414359375 0.014734773437500001 0.66022099375 0.0157170921875 0.672375690625
1 0.6259075765625 0 0.627701375 0.007734806249999999 0.648330059375 0.0243093921875 0.6944990171875001 0.0491712703125 0.7092337921875 0.0524861875 0.7288801578124999 0.0624309390625 0.7858546171875 0.0823204421875 0.84774066875 0.09889502812499999 0.9449901765625001 0.1187845296875 0.9921414531250001 0.1265193375 1 0.1267955796875 1 0.0035516968750000004 0.9923122921875001 0 0.6259075765625 0
1 0 0.9394337015625001 0.018664046875 0.9381215468749999 0.028487229687499997 0.935359115625 0.0294695484375 0.924861878125 0.018664046875 0.8812154703124999 0.0157170921875 0.879005525 0.004911590625 0.8795580109375001 0 0.8799390359375 0 0.9394337015625001
7 0.621807465625 0.6707182328125 0.620825146875 0.664640884375 0.6021611 0.640883978125 0.5874263265625 0.6270718234375 0.57760314375 0.6232044203125 0.57760314375 0.6099447515625 0.5854616890625 0.609392265625 0.5982318265625 0.603867403125 0.64145383125 0.5773480656250001 0.6434184671875001 0.5729281765625001 0.6581532421875 0.566850828125 0.661100196875 0.5618784531250001 0.6836935171875 0.5475138125 0.7043222 0.5281767953125 0.698428290625 0.5093922656250001 0.6748526515625 0.47624309374999996 0.62868369375 0.437016575 0.616895875 0.43204419843749997 0.60314341875 0.43038674062500004 0.5667976421875001 0.440883978125 0.5343811390625001 0.47734806562500004 0.520628684375 0.49889502812500003 0.506876228125 0.5016574578124999 0.481335953125 0.5016574578124999 0.47347740624999995 0.49889502812500003 0.453831040625 0.5005524859375 0.4390962671875 0.49723756874999997 0.4312377203125 0.488397790625 0.4312377203125 0.4839779 0.44007858593750004 0.4795580109375 0.453831040625 0.47845303906250003 0.45972495156250004 0.47182320468750005 0.44990176875000004 0.4701657453125 0.4390962671875 0.45524861874999994 0.430255403125 0.4491712703125 0.415520628125 0.44419889531249995 0.42239685624999995 0.4403314921875 0.42239685624999995 0.4375690609375 0.4135559921875 0.43038674062500004 0.1237721015625 0.4099447515625 0.1021611 0.40939226562500003 0.0992141453125 0.41270718281249996 0.0992141453125 0.4215469609375 0.14243615 0.5016574578124999 0.148330059375 0.519889503125 0.235756384375 0.6850828734375 0.2573673875 0.6872928171875 0.608055009375 0.6762430937499999 0.621807465625 0.6707182328125
7 0 0.20324585625 0.025540275 0.25801105 0.033398821875 0.267403315625 0.300589390625 0.3044198890625 0.3084479375 0.30165745781250003 0.3064833 0.290607734375 0.31827112031250004 0.285635359375 0.33497052968749996 0.267403315625 0.364440078125 0.2314917125 0.377210215625 0.20939226562500002 0.3762278984375 0.20165745781250002 0.366404715625 0.190607734375 0.365422396875 0.180110496875 0.34577603125 0.169613259375 0.34675835 0.164640884375 0.33300589375 0.1613259671875 0.321218075 0.1662983421875 0.3045186640625 0.18121547031250002 0.302554028125 0.1900552484375 0.2976424359375 0.19281767968750002 0.289783890625 0.20939226562500002 0.264243615625 0.20883977968749998 0.23084479375 0.20276243124999999 0.225933203125 0.1900552484375 0.2151277015625 0.177900553125 0.197445971875 0.172375690625 0.069744596875 0.1469613265625 0.0412573671875 0.143646409375 0 0.135644884375 0 0.20324585625
7 0 0.6419275625 0.007858546875 0.637016575 0.020628684375 0.6193370171875 0.0235756390625 0.60773480625 0.018664046875 0.5839779 0.0108055015625 0.566850828125 0.0029469546875 0.56574585625 0 0.569889503125 0 0.6419275625
7 0 0.8810072859375 0.0157170921875 0.880110496875 0.032416503125 0.8745856359375 0.027504910937499998 0.8475138125000001 0.021611001562500003 0.8403314921874999 0.020628684375 0.8237569062500001 0.0481335953125 0.819889503125 0.053045185937499996 0.8254143640624999 0.057956778125 0.8254143640624999 0.0736738703125 0.8154696124999999 0.0864440078125 0.801104971875 0.0854616890625 0.7823204421875001 0.07858546093749999 0.7640883984375 0.07956777968749999 0.7524861875 0.06483300625 0.733149171875 0.052062868750000005 0.7408839781250001 0.03732809375 0.7707182328125 0.01375245625 0.7740331484375 0.0029469546875 0.767403315625 0 0.7676022062500001 0 0.8810072859375
8 0 0.719889503125 0.009823182812500001 0.7232044203125 0.02455795625 0.7215469609375 0.032416503125 0.7138121546875 0.033398821875 0.701104971875 0.027504910937499998 0.6966850828125 0.019646365625000002 0.69723756875 0.0029469546875 0.7044198890625 0 0.7080662984375 0 0.719889503125
2 1 0.450658734375 0.9931237718749999 0.44530386718750004 0.979371315625 0.4403314921875 0.94793713125 0.3944751375 0.9508840859375001 0.38895027656250003 0.762278978125 0.3756906078125 0.7416502953124999 0.37624309375 0.7475442046875 0.38895027656250003 0.7593320234375 0.40165745781249995 0.7662082515625 0.4215469609375 0.770137525 0.422651934375 0.7671905703124999 0.4480662984375 0.762278978125 0.451381215625 0.8094302546875 0.49116022031249995 0.8939096265625001 0.538121546875 0.9459724953125 0.506629834375 0.94891945 0.501104971875 1 0.46570639218750004 1 0.450658734375
2 0.7278978390625 0.37624309375 0.7170923375 0.37127071875 0.7033398828124999 0.37182320468749996 0.684675834375 0.38895027656250003 0.684675834375 0.3928176796875 0.723968565625 0.419889503125 0.748526521875 0.4243093921875 0.749508840625 0.41546961250000003 0.74361493125 0.401104971875 0.7278978390625 0.37624309375
2 0.532416503125 0.2127071828125 0.53929273125 0.2149171265625 0.5432220046875 0.21933701718749998 0.5412573671875001 0.22265193437500003 0.5471512765625001 0.2270718234375 0.6129666015625 0.2651933703125 0.6178781921875001 0.2640883984375 0.622789784375 0.2585635359375 0.6385068765625 0.256906078125 0.6581532421875 0.262983425 0.684675834375 0.264640884375 0.697445971875 0.25635359062499996 0.7082514734375 0.2441988953125 0.7072691546875001 0.2348066296875 0.6886051078125 0.23093922656250002 0.6836935171875 0.22596685156250002 0.6768172890625 0.2320441984375 0.6689587421875001 0.23259668437499997 0.634577603125 0.22486187812499997 0.61591355625 0.22430939218749998 0.608055009375 0.21988950312500002 0.6051080546875001 0.214364640625 0.610019646875 0.21215469687500002 0.6119842828125 0.2055248625 0.6247544203125 0.2022099453125 0.627701375 0.1977900546875 0.6247544203125 0.1944751375 0.584479371875 0.188397790625 0.5736738703125 0.18895027656250002 0.531434184375 0.18176795625 0.5166994109374999 0.18232044218750001 0.5098231828124999 0.177348065625 0.49607072656250006 0.17679557968749998 0.48624754374999996 0.179005525 0.481335953125 0.177348065625 0.4616895875 0.185635359375 0.4616895875 0.1900552484375 0.47544204375000004 0.2022099453125 0.5019646359375 0.2055248625 0.5166994109374999 0.2099447515625 0.525540275 0.21546961250000002 0.532416503125 0.2127071828125
2 0.6001964640625 0.2685082875 0.558939096875 0.24198895 0.5471512765625001 0.2403314921875 0.5412573671875001 0.233149171875 0.5088408640625001 0.2176795578125 0.4970530453125 0.2149171265625 0.492141453125 0.2104972375 0.482318271875 0.2110497234375 0.482318271875 0.2149171265625 0.5 0.2314917125 0.5667976421875001 0.2889502765625 0.5795677796875001 0.29723756875 0.5913555984375 0.2928176796875 0.609037328125 0.277900553125 0.6001964640625 0.2685082875
5 0.5667976421875001 0.872375690625 0.443025540625 0.6911602203125 0.43516699374999995 0.6834254140625 0.42730844843750004 0.6834254140625 0.4263261296875 0.6911602203125 0.43418467656250004 0.704972375 0.492141453125 0.7900552484375 0.5275049109375 0.848618784375 0.56286836875 0.8955801109375001 0.5746561890625 0.8900552484375 0.5667976421875001 0.872375690625
2 0.3310412578125 1 0.3850687625 0.9878453031250001 0.423379175 0.9845303875000001 0.4390962671875 0.9872928171875 0.442043221875 0.9834254140625 0.45284872343749993 0.980110496875 0.47544204375000004 0.980110496875 0.481335953125 0.9751381218749999 0.5098231828124999 0.9701657453125 0.5127701375 0.9569060781250001 0.530451865625 0.9524861874999999 0.5353634578124999 0.9386740328125001 0.55009823125 0.9320441984375 0.5609037328124999 0.9187845296875 0.5471512765625001 0.9011049718749999 0.525540275 0.8977900546875001 0.520628684375 0.9016574578125001 0.49607072656250006 0.9055248625000001 0.49115913593749994 0.909392265625 0.455795678125 0.9176795578125001 0.3506876234375 0.937016575 0.33497052968749996 0.9375690609375 0.3104125734375 0.94475138125 0.270137525 0.9524861874999999 0.2779960703125 0.977348065625 0.289742959375 1 0.3310412578125 1
2 0.48624754374999996 0.898895028125 0.492141453125 0.8994475140624999 0.494106090625 0.8939226515625001 0.48330058906250006 0.8812154703124999 0.46365422343749996 0.8773480656249999 0.44695481406250004 0.8795580109375001 0.44007858593750004 0.8784530390624999 0.3978389 0.8861878453124999 0.4056974453125 0.912154696875 0.4135559921875 0.9082872921874999 0.4263261296875 0.9082872921874999 0.4518664046875 0.903867403125 0.47544204375000004 0.903867403125 0.48624754374999996 0.898895028125