7 0 0.50872753125 0.01252499375 0.86739641875 0.10840448750000001 0.8901320421875001 0.11268455468750001 0.8860509109375 0.1256925375 0.8944429156249999 0.142877740625 0.8958086281250001 0.154126428125 0.90131331875 0.16679158593750001 0.8998881234375 0.19249538125 0.923563453125 0.1932225734375 0.9127259734375001 0.196950490625 0.908664121875 0.20802776562499997 0.9092602125000001 0.21931073437499998 0.9157466203125001 0.24253530156249997 0.9159185187500001 0.24453820624999997 0.9099510734375 0.245272659375 0.86765999375 0.24994072812499998 0.8271973828125001 0.26775070156249997 0.5140078265625 0.2711737078125 0.48538369843750007 0.27135238125 0.4588386984375 0.267490965625 0.4432468703125 0.1862709296875 0.3812106109375 0.072309915625 0.2839497625 0.00126855 0.2284384765625 0 0.227808234375 0 0.50872753125
7 0.2878140234375 0.45531509375 0.28429543125 0.4495404640625 0.27987823437500003 0.449694715625 0.2730431140625 0.45976257499999995 0.2716843140625 0.515836296875 0.2664298140625 0.5553364671875001 0.2529596078125 0.7553390171875 0.2531959546875 0.7779378546875 0.24956725156249998 0.8006716640624999 0.25135356875000003 0.8359942984375 0.24353675312499998 0.912934796875 0.497336015625 0.977790709375 0.5111740390625 0.9782903921875 0.51317694375 0.9723229468750001 0.511645128125 0.8809651531249999 0.5132330109375001 0.8789438703125001 0.5127909703125 0.8504547125 0.5146224640625 0.8395786671875 0.5154202484375 0.6724549109375 0.5146011015624999 0.633166834375 0.5058731843750001 0.6206936984375 0.4728543171875 0.59334215 0.4707485671875 0.5963644343750001 0.4591534234375 0.596769346875 0.4340360625 0.57405645625 0.4273417015625 0.57232439375 0.42603170781250005 0.5664726375 0.4005678921875 0.549669346875 0.3970835828125 0.5448764359375 0.40001937343750005 0.533961828125 0.3924300390625 0.52243185 0.3697612515625 0.5065138703125001 0.3604811875 0.494060015625 0.35147538125 0.489459921875 0.32742803593750003 0.46572674843749995 0.301446353125 0.4499244578125 0.2878140234375 0.45531509375
7 0.5418278453125 0.6371306421875 0.5341663140625 0.639364021875 0.5326127140625 0.6423670265625 0.5337565296875 0.7701062984375 0.5377115031249999 0.9783465984375 0.594689346875 0.996998146875 0.6802797578125 0.9940092640625 0.671896784375 0.768231084375 0.6677611078125001 0.7447854984375 0.640953015625 0.72114873125 0.637571553125 0.7193009796875 0.6333600500000001 0.7253455515625 0.6072755187500001 0.7065981015625 0.60575983125 0.6948560265625 0.6073134328124999 0.6918530234375 0.5565265593750001 0.646446521875 0.5418278453125 0.6371306421875
7 0.6979466624999999 0.9933923218749999 0.7714557546874999 0.9908253281249999 0.7570540625 0.8163690140625001 0.75291475625 0.8086502250000001 0.742873215625 0.8060521328125001 0.7363196171874999 0.79252015 0.68874279375 0.7440528015625001 0.6799084 0.7443613046875 0.682627603125 0.774736775 0.679969703125 0.7777783421875 0.6813789140625001 0.8023020593749999 0.6979466624999999 0.9933923218749999
7 0.859347109375 0.9877560953125 0.843247078125 0.8625049390624999 0.832931278125 0.8520530875000001 0.794493759375 0.8278395125 0.7915616 0.8230273203125 0.7897373703125 0.8024497671875 0.7868358609375 0.81434609375 0.7691670734375 0.8149631015625 0.7672327328125 0.8228939859375 0.787387596875 0.9902689765625 0.859347109375 0.9877560953125
7 0.2602350109375 1 0.26129749687500003 0.9624433453125001 0.2636125734375 0.9495845796875001 0.2634447921875 0.9289491828124999 0.251575390625 0.921500334375 0.2465717609375 0.9206921484375 0.24284384375 0.924753996875 0.2234500421875 0.9234654109375 0.12752039843750002 0.8992936703125001 0.0836263171875 0.8929631484374999 0.0783068859375 0.9147730812500001 0.0762624375 0.95121240625 0.07312095156250001 0.95623669375 0.069214359375 0.98684354375 0.0665564578125 0.9898851109375 0.06794900312499999 1 0.2602350109375 1
7 0.397456228125 1 0.3985048640625 0.9655152953125 0.396539871875 0.9567376624999999 0.266136975 0.926889334375 0.26250827499999996 0.94962314375 0.262980965625 0.9948208203125001 0.262542871875 1 0.397456228125 1
7 0.49987163125 1 0.4997160265625 0.9826221828125 0.416036521875 0.9609714078125 0.3989198828125 0.9615691343749999 0.397862590625 1 0.49987163125 1
7 0.0637925875 1 0.0655586375 0.977142034375 0.069221621875 0.9553899453125 0.07187952187499999 0.9523483781250001 0.08076272343749999 0.890114396875 0.01266435625 0.8713872500000001 0.0171556125 1 0.0637925875 1
5 0.7412228515625 0.3313608359375 0.7402935937499999 0.3205811984375 0.7132491546875 0.27434559375 0.5873646984375 0.104765259375 0.5818774859375 0.10593979375 0.5250258328124999 0.1718147046875 0.5110813296875001 0.1840966625 0.5081112562500001 0.19402955 0.5120069546875 0.21060309843749997 0.56610309375 0.271620709375 0.574038884375 0.2772410890625 0.5804896359375 0.28782791093750004 0.6228914171875 0.3305784734375 0.6241671296875 0.3354485109375 0.66211743125 0.37737160625 0.6711918015625 0.3839351421875 0.67188108125 0.387842740625 0.684546240625 0.3864175453125 0.7412228515625 0.3313608359375
5 0.7893461625 0.5537854171875 0.79552265625 0.5565184796875 0.80262840625 0.57003118125 0.8098063515625 0.5697805218750001 0.8600592296875 0.5365723078125 0.7794094984375 0.39588276875 0.77551016875 0.39503602031249996 0.72632730625 0.42722395156250004 0.7178700203124999 0.438331375 0.7193857078125 0.45007345 0.7281821875000001 0.46451002656249996 0.7893461625 0.5537854171875
8 0.11930436250000001 0.0149552453125 0.137072365625 0.0330101984375 0.14901033125000002 0.042422484375 0.16132903437499999 0.0469068921875 0.1762370765625 0.0463862921875 0.1947016203125 0.036895242187499996 0.2031931921875 0.026769540624999998 0.20974416406250002 0.009831184375 0.118338553125 0.0130231390625 0.11930436250000001 0.0149552453125
8 0.352563553125 0.40980564218750004 0.368503696875 0.4230098375 0.38399816875 0.4234516765625 0.39538761718750004 0.41715644531249996 0.4004291578125 0.4032195515625 0.4003299421875 0.38454759374999997 0.39564211718750003 0.36112128593750004 0.3842905828125 0.3526714375 0.3743518890625 0.35301850468749996 0.36675892499999996 0.357215325 0.35850733125 0.3742130671875 0.352563553125 0.40980564218750004
8 0.68148741875 0.6312707046875 0.6787303015624999 0.6156403125 0.674728125 0.611848403125 0.6467056234374999 0.6167586390625 0.636420475 0.62301530625 0.6333818359375 0.6309847546875 0.643282615625 0.6453827671875 0.6567399015625 0.65081033125 0.6715108125 0.64636285 0.68148741875 0.6312707046875
8 0.69513950625 0.6897689859375 0.676088528125 0.698297596875 0.669908403125 0.7112913328125 0.6790513406249999 0.719818309375 0.6918879109375 0.7233017125 0.696822975 0.7221464609375 0.7058324125000001 0.71101975625 0.7041453109375 0.69436908125 0.69513950625 0.6897689859375
8 0.8331478640625001 0.8107630078125 0.8265942656249999 0.7972310265625 0.8147591453125 0.7907638984375 0.8037504359375 0.79213125 0.7913938171875 0.8023919218750001 0.7904266484375 0.8063573640625 0.793910959375 0.8111502749999999 0.794874496875 0.82291163125 0.8240698640625 0.8199262734375001 0.8331478640625001 0.8107630078125