1 0.5324670312500001 0.63165119375 0.5596158671875 0.6159667265625 0.5684341109375 0.6153500937499999 0.5757389390625 0.6089309875 0.6042641468750001 0.5970891421875 0.617908565625 0.5862878625 0.6212868859375 0.5791586078125001 0.6167554984375 0.5381173593749999 0.6195171109375 0.522168775 0.617392896875 0.4917910890625 0.6095605765625 0.4352251921875 0.600134490625 0.40338866875 0.58631701875 0.324592803125 0.5749811546875 0.24168454062500003 0.5667825718749999 0.24324255625000002 0.5687697421875 0.27166039531249997 0.58024560625 0.34865056562499996 0.5744571546875 0.3529942015625 0.5641969687499999 0.3409103421875 0.549870275 0.334034428125 0.5245178187499999 0.33580724375000004 0.4308806578125 0.37485065156249997 0.4101399359375 0.387132871875 0.39366833749999997 0.40502486718749997 0.3845193 0.3692301015625 0.38206429375 0.3024410171875 0.374348328125 0.30298056875 0.372828996875 0.31293398125 0.37355910468750003 0.3867367015625 0.3774708296875 0.4268365625 0.388127375 0.48418968749999997 0.39397548125 0.5044598062500001 0.40739659531249994 0.5379864046875 0.4431793375 0.645772534375 0.4504097296875 0.6541293890625 0.4626718625 0.6552413703125 0.5324670312500001 0.63165119375
1 0.6187219749999999 0.62168079375 0.6162403656250001 0.6257931921875 0.6242274671875 0.637051284375 0.6251182671875 0.6497903140625 0.6196753875 0.651155634375 0.6210399359375 0.6865100265625 0.6060906234375001 0.6865706687500001 0.5564791234375 0.7136730499999999 0.5457333640625001 0.7104855984375 0.5433888 0.7165578499999999 0.534844646875 0.72109418125 0.5222369421875 0.722960515625 0.5130760796875 0.718677521875 0.504737496875 0.72615363125 0.47607819687499997 0.728157684375 0.47001269843750004 0.7364595609375 0.463127878125 0.725124390625 0.46492425624999995 0.7112127375 0.4623770796875 0.70646726875 0.4637593640625 0.6945540046875001 0.457217159375 0.6881184609375001 0.4612481953125 0.7774458296875 0.470233584375 0.8821822296875 0.47188109375 0.897822496875 0.4867411921875 0.9519275296874999 0.51056249375 0.9916198953125 0.52014583125 0.999812215625 0.619753853125 0.99284694375 0.6336782750000001 0.9702094796875 0.64512404375 0.9438064718750001 0.654990828125 0.9027431218749999 0.6580472234375 0.8355686421874999 0.6507601328125 0.7947200921875 0.650634909375 0.7612484703125 0.631395246875 0.628672328125 0.625204525 0.6035025843749999 0.6181052671875 0.6128614640625 0.6187219749999999 0.62168079375
1 0.2844621078125 1 0.296255153125 0.960324025 0.30274656875 0.9185119875 0.30448329375 0.8799865812500001 0.308692759375 0.8609826046875 0.3135159765625 0.8586758968750001 0.3082816203125 0.8551030515625 0.310703575 0.8263769 0.3064374109375 0.8128891812499999 0.30788526250000003 0.8098337859375 0.3061662734375 0.8010915375 0.3042145765625 0.6781383890625 0.297544190625 0.646109165625 0.3199082359375 0.5303181484375 0.3313569609375 0.49603719843749994 0.33246219843749997 0.48808217656249997 0.3304691171875 0.475420225 0.32544033125 0.47478715625 0.322130534375 0.482896334375 0.3185436875 0.49496375625000005 0.318195159375 0.5058200140625 0.311921134375 0.5190600578125 0.31274636718750004 0.5229412203125 0.30750314375 0.5430022015625 0.29971865625 0.542561828125 0.2962777234375 0.5329552718749999 0.29310792812500003 0.5351463609375 0.2973740921875 0.548634078125 0.294681003125 0.5655625859375 0.2833781921875 0.578169559375 0.2749055171875 0.575807875 0.262580771875 0.5579600828125 0.2506730765625 0.5302359578125 0.235595584375 0.50470291875 0.223690846875 0.4691008515625 0.22011877968750002 0.441778559375 0.22026469375 0.42010458125000005 0.224679728125 0.40404038125 0.23019113125000001 0.40365498593750004 0.22564791875 0.3941255078125 0.22468859531250002 0.380406553125 0.22793578124999997 0.35556156250000004 0.22649088593750002 0.3507390140625 0.2141572734375 0.35652505 0.2075943765625 0.40523510468749996 0.2076540328125 0.42984885781250004 0.201308528125 0.44998691874999996 0.1946292765625 0.44159152500000004 0.17369185468749998 0.427300140625 0.160741534375 0.424266846875 0.1448269875 0.42636441718749996 0.056835318749999995 0.4748602234375 0.05236062968750001 0.46631067187499997 0.052569153125000004 0.46137250625000004 0.0623048015625 0.4025934203125 0.0653375515625 0.3984424828125 0.0653405078125 0.390564540625 0.058726825 0.39102701406249996 0.0503197171875 0.3975231984375 0.0380339359375 0.45943475781250004 0.03300515 0.45880168593750004 0.0271570421875 0.43853156875000004 0.012425123437500001 0.410020215625 0.008981234375 0.4082916015625 0.0064311015624999995 0.41142407499999994 0.015240479687499999 0.43444127187500003 0.022056778125000003 0.4447965171875 0.035063796875 0.48032150468749996 0.0301631890625 0.505282115625 0.02458030625 0.5125655265625 0.019682654687500002 0.5296481921875 0.021464253125 0.555126253125 0.0257274625 0.576491915625 0.03185261875 0.592803790625 0.0725418796875 0.6598734265624999 0.08514367187500001 0.673762978125 0.0983621734375 0.696471859375 0.103596528125 0.7000447046875 0.1258358890625 0.732954671875 0.143332378125 0.7376395 0.1553145078125 0.7505876671875 0.1496542359375 0.7805249796875 0.1493653640625 0.8159949921875 0.14640113593749998 0.8211258562499999 0.1461211328125 0.8329620390624999 0.13693957968749998 0.8838246421875 0.13755333125 0.9005219140625 0.13416909999999999 0.9234070531249999 0.1369218453125 0.9310922984375001 0.1316071421875 0.958051296875 0.13364714375 1 0.2844621078125 1
1 1 0.6065420171875 0.9939770812500001 0.60233341875 0.987360440625 0.6106738359375 0.9824716562500001 0.6041226734375 0.9607952609374999 0.5396623968750001 0.9498587109375001 0.49414545624999995 0.9498616671875 0.4862675125 0.9613730031250001 0.4687223734375 0.9620818812499999 0.4154980859375 0.9723923171875001 0.2936569203125 0.9733097203125001 0.23549446718749997 0.9668508171875001 0.1906491359375 0.958181440625 0.16171384687499998 0.925553715625 0.09112634375 0.9170810421875 0.088764659375 0.9114296359375 0.09506814531249999 0.9350394578125 0.14757662031250002 0.9345450171874999 0.18010685625 0.890796403125 0.18808964374999998 0.7930956890624999 0.2244630515625 0.7744224859375 0.2346312625 0.758779075 0.248526478125 0.7482329734375 0.26403468750000003 0.74057961875 0.2813100515625 0.7380235749999999 0.300198409375 0.73086170625 0.2928214796875 0.7314158015625 0.2849049984375 0.728111915625 0.27725829218750003 0.7278407796875 0.2654606484375 0.718346171875 0.23264419687500001 0.7124951078125 0.2202520234375 0.7094712265625 0.200769134375 0.6861473203124999 0.12066859062499999 0.6820182015625 0.1091407234375 0.677814646875 0.112388815625 0.6791851078125 0.1319873234375 0.6854443546875 0.1581369921875 0.70147525625 0.21314487031249998 0.709185309375 0.22836120312500002 0.7161983078125 0.26529005156249996 0.7254873484375 0.2951667265625 0.7285738421875 0.3313854265625 0.7322203421875 0.343931759375 0.7338471609375 0.4147176234375 0.741468 0.4840996296875 0.74559711875 0.49562749687499996 0.7487580484375 0.5170702375 0.754883203125 0.5333821140625 0.7636984921875001 0.5406434250000001 0.760936878125 0.5565920078125 0.7592149359375 0.5557277 0.7554225203125 0.56485534375 0.7603113046875001 0.57140650625 0.7633322296875 0.5987673390625 0.7672557796875 0.60735543125 0.7658764515625001 0.6113907515625 0.7709022812499999 0.6199017640625 0.7719330828125 0.6267227015625 0.7717871703125 0.648396678125 0.8057646640625 0.7937282890625 0.8269643546875001 0.8434511468749999 0.8563655828125001 0.88373804375 0.8746843484375001 0.900181975 0.883157025 0.9025436593749999 0.8880458078125001 0.9090948203125 0.9059534359375 0.919659203125 0.926825290625 0.9250927171875001 0.9561042515624999 0.9240300515625 0.9920057671875 0.89887108125 1 0.8867869046875001 1 0.6065420171875
2 0.787192496875 0.7182190562499999 0.7829919000000001 0.7135892046875 0.7810017734375 0.6930493125 0.7665528140625 0.6448238328125 0.7660105421875001 0.62122854375 0.7485317859375 0.569276059375 0.74351778125 0.5292532765625 0.7398712781250001 0.5167069453125 0.7344969203125 0.5190521890625 0.73043336875 0.516382190625 0.7181653234375001 0.53102609375 0.7185079390625 0.5359257203125 0.7121683484375 0.5403078953125 0.707351040625 0.526858715625 0.6802051609374999 0.5346652421875 0.6784117390625 0.5406989531249999 0.6809500484375001 0.5690782515625 0.6974576546875 0.6388235484375 0.7029572359375 0.669949925 0.70356803125 0.6945251390625 0.7135423015625 0.734201065625 0.7624537921875 0.7366891453125 0.788083296875 0.7309580875 0.787192496875 0.7182190562499999
2 0.7782194687499999 0.76414349375 0.77022645625 0.7686412875 0.760788546875 0.7683165328125 0.7518362109375001 0.759095371875 0.7570049984375 0.7538103484375 0.7562482890625 0.7509091125 0.7392314609375 0.7530837625 0.7340597171875001 0.7662467265624999 0.724139190625 0.7669404375 0.7262722734375 0.7736842968750001 0.7249614671875 0.7786995421875 0.7323170828125 0.8205280187499999 0.7484371984375 0.8213702250000001 0.7669022484375 0.8151554375 0.786674409375 0.8137728328125 0.7899842078125 0.8056636546875 0.7884140875 0.767369484375 0.7782194687499999 0.76414349375
2 0.44489832500000004 0.654514784375 0.43636599531250003 0.627539346875 0.43154573437500005 0.6219681109375 0.42817628125 0.6054635375 0.4214314609375 0.588210275 0.41454368593749996 0.584753046875 0.41165389374999994 0.5751079515625 0.4080014796875 0.5783175046875 0.40482872812500004 0.588386534375 0.3922210234375 0.5902528671875 0.383810959375 0.60462699375 0.382718084375 0.7632428515624999 0.3846396859375 0.78280281875 0.41164851875 0.7730364421875 0.44616479218749994 0.767668678125 0.449680159375 0.7624992749999999 0.44749037812500003 0.7232637203125 0.44240193593750005 0.698016896875 0.4469540171875 0.683912546875 0.44489832500000004 0.654514784375
2 0.12135233125 0.748038946875 0.11369010937499999 0.7889481375 0.1139494234375 0.8322575531249999 0.1114648578125 0.8442478953125001 0.10650459375000002 0.8445947500000001 0.1029862703125 0.857642096875 0.0969804265625 0.8905577265625 0.097597134375 0.8993770546875 0.09987021874999999 0.9002028234375 0.10820584687499998 0.90060465625 0.13521468125 0.8908382781249999 0.1449503296875 0.8320591921875 0.149862759375 0.7755868140625 0.1499431078125 0.74505496875 0.126661121875 0.7368358328125 0.12135233125 0.748038946875
2 0.1626878578125 0.7451484859375 0.1636383140625 0.78250126875 0.1607396546875 0.7964900015625 0.1620445484375 0.8072306421875 0.1663166234375 0.8049624734374999 0.16866414375 0.7910122828125 0.1683731453125 0.7710103796875 0.173505096875 0.7414379203125 0.1713720140625 0.7346940609375 0.1670314140625 0.7359823015625 0.1626878578125 0.7451484859375
5 0 0.393990303125 0.09118445 0.3641394296875 0.10172759687499999 0.3565091625 0.10483182499999999 0.34546020781250003 0.0934752703125 0.3176975421875 0.079291534375 0.297025590625 0.0745457078125 0.2766783953125 0.068209071875 0.273182628125 0.0639429078125 0.259694909375 0.065116665625 0.2527198125 0.061118682812500005 0.2589076828125 0.054302384375 0.24855243593749998 0.0481713171875 0.2479964453125 0 0.26332890781249996 0 0.393990303125
8 0.2617816046875 0.30100483125 0.261167853125 0.284307559375 0.2513991515625 0.24757140937500002 0.2367387109375 0.2121620375 0.23253811406249997 0.20753218750000002 0.226407046875 0.206976196875 0.1998808296875 0.21572410937500003 0.1951946578125 0.2199906671875 0.1962225046875 0.23468954687500002 0.208261334375 0.280129409375 0.21906675 0.3079306140625 0.22725942031250002 0.3221284796875 0.2388304109375 0.32919709375 0.24978469531249997 0.327446378125 0.25653838125 0.3210658140625 0.2617816046875 0.30100483125
8 0.7937922078125 0.0205779296875 0.7474219828125 0.038591206249999996 0.7459741296875 0.0416466 0.7484468718749999 0.0611680296875 0.7571877265625 0.08320530000000001 0.7655204 0.091485075 0.7761291124999999 0.0927126765625 0.7841221265625 0.08821488281249999 0.795910509375 0.0667115015625 0.7989580390625 0.02317085 0.7937922078125 0.0205779296875
5 0.3624347203125 0.2910123296875 0.3776640375 0.2791155046875 0.3913740234375 0.2771720921875 0.41983070937500006 0.2643503203125 0.6301814484375 0.1915428609375 0.6429291562499999 0.183758434375 0.6403193671875 0.16227715625 0.6374266203125 0.160510003125 0.63591615625 0.1468295859375 0.6323352234375 0.143141121875 0.6353679718749999 0.1389901828125 0.633854553125 0.133187709375 0.635370928125 0.131112240625 0.6312595453125 0.072316715625 0.6196170734375 0.072146121875 0.586063078125 0.0833548984375 0.49759470625 0.11711328437499999 0.3399537828125 0.1675252921875 0.2882092015625 0.18788381406250002 0.2868954390625 0.20077700312500002 0.291641265625 0.2211241984375 0.30113883124999996 0.2460627046875 0.3076810359375 0.2524982484375 0.3093255890625 0.27601645937499997 0.3164130234375 0.2981693484375 0.334669178125 0.2978774703125 0.356786271875 0.2894378734375 0.3624347203125 0.2910123296875
5 0.8883846265625 0 0.886520834375 0.0160631453125 0.8849837671874999 0.0732842125 0.917089909375 0.06513083125 0.9692291859375001 0.04249646875 0.9662575421874999 0 0.8883846265625 0
7 0.9574717578125 0.951506503125 0.9611330390624999 0.924663121875 0.9218650265624999 0.9254395734375 0.8921778828125 0.9127447468750001 0.8593805968750001 0.9268547593750001 0.855728184375 0.9300643125000001 0.853172140625 0.948952671875 0.8550907859375 0.9763905828125001 0.9519025265625001 0.9696208453124999 0.9574717578125 0.951506503125