8 0.9084086671874999 0.3436983328125 0.92207745 0.3402592953125 0.9382787796875001 0.3315515515625 0.9445288875 0.323153634375 0.9445453328125 0.31193633125 0.9376786984375001 0.3018820125 0.927987371875 0.29375720156249996 0.9008287703125 0.27987026875 0.8722252546875 0.272278475 0.8633616671875 0.27361473125 0.8493842953125 0.2849318703125 0.8389132765625 0.30211096875 0.8400818453125 0.3154677703125 0.8480848062499999 0.32710505156249997 0.85777613125 0.3352298609375 0.8824673234375 0.3437247328125 0.9084086671874999 0.3436983328125
8 0.6256944265625 0.6364917765625 0.6176914671875 0.62485449375 0.587708175 0.6128970671875 0.5637473375 0.612750196875 0.5562957703125 0.6302259218749999 0.5603377171874999 0.642209746875 0.5691361703125 0.651534259375 0.59061315 0.657506371875 0.6198825328125 0.6498984937500001 0.6254345296875 0.6449264109375 0.6256944265625 0.6364917765625
8 0.3856130015625 0.755074196875 0.3822856109375 0.72844723125 0.3778376953125 0.7232284421874999 0.37298380937500003 0.7247746890625 0.36053228593750003 0.7421270578125 0.3538439640625 0.7455161765625 0.3484867296875 0.7527143921875 0.3555968171875 0.765551378125 0.36905439375000004 0.7711035093749999 0.38257710624999997 0.7659948734375 0.3856130015625 0.755074196875
8 0.185865328125 0.37662985 0.1699725859375 0.37745949218749997 0.164420590625 0.3824315734375 0.1641606921875 0.39086621093749996 0.16880336875 0.3983111328125 0.1768227765625 0.39873111250000004 0.187374728125 0.393882384375 0.191206115625 0.3806489375 0.185865328125 0.37662985
8 0.2302345484375 0.23367133125 0.22528328437499998 0.2341045109375 0.220721540625 0.23898995781250001 0.214763575 0.2507270765625 0.2166302546875 0.260658040625 0.2272144515625 0.26758314843750003 0.2381072375 0.266630153125 0.244406034375 0.2587887671875 0.23869216875000002 0.2391001109375 0.2302345484375 0.23367133125
8 0.31707147812500003 0.06288326093749999 0.3175590296875 0.034240153125 0.313760534375 0.02503899375 0.3033710984375 0.020340020312500002 0.29866328593749997 0.0235558671875 0.2912281625 0.029814287499999998 0.287104634375 0.039708534375 0.28564327500000003 0.057220976562500005 0.2944417265625 0.06654548906249999 0.3055292734375 0.0678186265625 0.3143441703125 0.0659258375 0.31707147812500003 0.06288326093749999
7 0.4781695328125 0 0.377902525 0.0087722265625 0.26916236250000003 0.25662286875 0.2632530890625 0.268916521875 0.25671083906250003 0.2739752390625 0.2233653234375 0.36045078125 0.2406378390625 0.36398677031250004 0.4357012703125 0.358136796875 0.4431199453125 0.363095678125 0.48901242500000003 0.36300615937499997 0.531544621875 0.35872428125 0.6647254515625 0.35268040156249997 0.6981834984375 0.32451750625 0.75630114375 0.2588672046875 0.769142190625 0.2459671015625 0.7739960765625 0.24442085625 0.7764799328125 0.23859561562499998 0.7911876578125 0.23562647499999997 0.7983141921875 0.23724615624999998 0.805359790625 0.22653546875 0.8121941828124999 0.22481595 0.8135417140625 0.21740774687500003 0.8295969718749999 0.20703040156250002 0.8293048296875 0.2036912015625 0.8331684625 0.20223159062499999 0.8300680781249999 0.1896045953125 0.8559771765624999 0.177804359375 0.86425648125 0.1697897015625 0.8574549812500001 0.1490746140625 0.8870493984375001 0.12237133124999999 0.909468590625 0.09349183125 0.9235268968750001 0.0945050625 0.9220819828125 0.1008002015625 0.9281695750000001 0.1019499859375 0.9637578328125 0.0639196609375 0.9581655874999999 0 0.4781695328125 0
7 0.144499109375 0.5311022984375 0.13448275 0.54207289375 0.100845090625 0.6252092359375 0.095325340625 0.6419551546875 0.096802496875 0.6474338515625 0.1009095796875 0.6487569093750001 0.125665909375 0.6465910109374999 0.36001508125 0.6221625609375 0.36368395 0.6184768187499999 0.41706024218750004 0.6126854109375001 0.4321088015625 0.61361200625 0.44965766250000005 0.5974960546875 0.5194313390625 0.5168061546875 0.522564615625 0.5069985421875 0.5494317234375 0.483337834375 0.6109747875 0.411219121875 0.6461863375 0.3688829859375 0.64659230625 0.36211795 0.594466165625 0.3593880859375 0.4972265921875 0.365652271875 0.35083163906250003 0.3689266875 0.2913190671875 0.373011775 0.26726085 0.3717518390625 0.24571873125 0.3764404953125 0.2344851140625 0.37349775625000003 0.2275533421875 0.3741042078125 0.22508593124999998 0.368712146875 0.212212640625 0.3698384140625 0.21143294687499997 0.395142321875 0.20028026250000003 0.4045299546875 0.1846790171875 0.44290723749999994 0.1740132375 0.457860203125 0.17141555625 0.47378967968749996 0.148639084375 0.5099907484374999 0.144499109375 0.5311022984375
7 0.41251429687499996 0.640561996875 0.1196914984375 0.6695454328125 0.08909103125 0.6733442109375 0.08532477968749999 0.6759168890625 0.0251930890625 0.7983835109374999 0.0243781203125 0.8004736671874999 0.0265162046875 0.8249120828125 0.3115545734375 0.7867891640625 0.352707640625 0.7439332125 0.36231802968750004 0.739727653125 0.3801754796875 0.7157336 0.416020003125 0.6806323984375 0.432464784375 0.6747073203125 0.43520853906249996 0.6604474421875 0.44705933125 0.647633975 0.4424166546875 0.6401890531250001 0.41251429687499996 0.640561996875
7 0 0.423316390625 0.12724498125 0.41372367812500005 0.1317580328125 0.40828169843750006 0.1387878328125 0.374579871875 0.1572789046875 0.3236123109375 0.1678808421875 0.25090323125 0 0.2558779703125 0 0.423316390625
7 0 0.248676534375 0.12288123749999999 0.2497930484375 0.1684815734375 0.2463643296875 0.1751863390625 0.2317579078125 0.192168009375 0.1635378125 0.20483074218750003 0.1371942734375 0.22912382656250002 0.021788675 0 0.0418344125 0 0.248676534375
5 1 0.5481301078125 0.9936639359375 0.5426113625 0.9805958828125 0.541511496875 0.947689875 0.5645789531250001 0.7431917796875 0.72491169375 0.7408539937499999 0.7324065359375 0.74450641875 0.73993809375 0.76137296875 0.7502391187499999 0.764181209375 0.7595269140625 0.8413406703125 0.7062305015625 1 0.5901769375 1 0.5481301078125
1 1 0.8689111625000001 0.9932843828125 0.8690262140625 0.9797781156250001 0.8629175468750001 0.9741451859374999 0.8555592609374999 0.9517121375 0.7588222953125 0.9592933296874999 0.7542334734375 0.9487578234375 0.7478648999999999 0.9522319343750001 0.741953021875 0.9348133453124999 0.7367474328125 0.88489471875 0.7478442656250001 0.8473624765625001 0.752249496875 0.8437909875 0.7570483078125 0.8311124578125 0.7604007078125 0.8198137031250001 0.7681187390625 0.813466215625 0.7754035906250001 0.799001940625 0.781155396875 0.7489372421875 0.790582628125 0.735430975 0.7844739625 0.705495728125 0.8072815125 0.688985809375 0.8238673593750001 0.685154421875 0.8371008062499999 0.6875080062500001 0.8525971046875 0.696988121875 0.869713084375 0.7222471546875 0.8961036578125 0.7316785796875 0.9126631046875 0.7865724984375 0.9768380734375001 0.9628322046875001 0.9614173484374999 0.9694031843750001 0.9496265968750001 0.9781693921875 0.9471772734374999 0.990312328125 0.9377030062499999 1 0.9268954734375001 1 0.8881331796874999 0.9933653171874999 0.881356584375 1 0.8805668140625 1 0.8689111625000001
1 1 0.6441672281249999 0.9873145046875 0.652521540625 0.9582721296875001 0.6741293890625 0.9607882296874999 0.6800779828125 0.9875244171875 0.7119472546875001 1 0.722305171875 1 0.6441672281249999