7 0.7546084953125 0.397571728125 0.7639489921875 0.3938919359375 0.77171445625 0.415159178125 0.789435990625 0.4336469734375 0.792549490625 0.43242037499999997 0.8025643390624999 0.44871981562499996 0.8005037921874999 0.48038873437499996 0.7977216828125 0.48540314375 0.778010878125 0.48712761562500007 0.7442951156250001 0.500573578125 0.7370498765625 0.5097952671875 0.7391923453125 0.52201244375 0.7465435734375 0.53854491875 0.7767422453124999 0.5769335359375 0.78830805625 0.5864178734375 0.7917173078124999 0.5947074140625 0.8133220390625 0.602359259375 0.8367975515625 0.594580209375 0.8385970578125 0.5906059671875 0.858094959375 0.5803123109375 0.8673053984375001 0.5690102859375 0.8701347171875 0.57067115625 0.877628496875 0.5642903265625 0.8824586546875001 0.558142534375 0.8817958734375001 0.550566909375 0.8852764015625001 0.5473998 0.8838795625 0.5437052015625 0.8870643375 0.5310219515625 0.9312439031249999 0.575821009375 0.934688790625 0.578382225 0.9403830640624999 0.5759756375 0.942466753125 0.5691139296875 0.9445754359375 0.501181146875 0.9409773484375 0.46619048750000003 0.9546064875000001 0.315188478125 0.9541691078125 0.285646503125 0.9506413703125001 0.2821383328125 0.7494997109375 0.14897213125 0.74036055 0.148817503125 0.7384781953124999 0.1518447921875 0.7412237390625 0.1954978515625 0.7407257265625 0.232755275 0.7477543546875001 0.386720971875 0.7546084953125 0.397571728125
7 0.5923441515625 0.24859958437500002 0.5954692203125 0.25977659218750004 0.5959885218750001 0.333204665625 0.5923422984375 0.3344778703125 0.591738296875 0.3459811296875 0.5934780984375 0.36586714531250003 0.6069619046875 0.36659586875 0.6107381859375 0.372944896875 0.6194274703125 0.3740930859375 0.641103478125 0.370288278125 0.640156515625 0.3656001203125 0.644288253125 0.35760502656250004 0.6427257187500001 0.3520165234375 0.6504208328125001 0.341801275 0.6491068421875 0.3390536296875 0.653511190625 0.31576746718750004 0.671067028125 0.33236135624999996 0.6810230984375 0.329581909375 0.6677336859375 0.0979194484375 0.5601252015625 0.021455850000000002 0.5502519796875001 0.0251822484375 0.5488185765625 0.07015511875 0.55994423125 0.1789149078125 0.5673426671875 0.20212266093750003 0.5701479171875 0.22191546406249998 0.5923441515625 0.24859958437500002
7 0.478169528125 0 0.45383460937500003 0.0021290296875 0.45319014375 0.0079106203125 0.461960425 0.09588404843750001 0.46792638281250004 0.12112553125 0.4772428125 0.135577671875 0.48016654843750006 0.1505891 0.47862715468749994 0.16980780625 0.46379371875000003 0.1720597640625 0.4522751140625 0.16925070625 0.4479536140625 0.19348382343749998 0.4602650546875 0.2114907390625 0.4732633453125 0.21894134843750002 0.478590590625 0.218475275 0.521812546875 0.2032434265625 0.5283237265625 0.197902765625 0.53039584375 0.17863745312499998 0.5147848453125 0.0063385890624999995 0.5079427078125 0 0.478169528125 0
8 0.10216268749999999 0.47469156874999996 0.1351916015625 0.47180191406249994 0.14563318593750002 0.46230058124999995 0.14402344218750002 0.450036796875 0.1336415640625 0.435677871875 0.1169614125 0.43522879375 0.097013634375 0.4465160109375 0.09038396875 0.4566380453125 0.0890815484375 0.46629400781249997 0.09224225625 0.4717426890625 0.10216268749999999 0.47469156874999996
8 0.1326381296875 0.853705859375 0.13805979375 0.8665903453125001 0.1508095421875 0.8712000953124999 0.1918649609375 0.8618830031250001 0.2055857390625 0.8530489796875 0.21471333124999997 0.8408000015624999 0.2128078359375 0.8190200796875 0.20615502812500003 0.8043349031249999 0.19635308437500001 0.7966046484375 0.1824194015625 0.7968694875 0.16943268125 0.8018224828125 0.1386762921875 0.8245515484375 0.13471024843749999 0.8344405453125001 0.1326381296875 0.853705859375
5 0.2552176140625 1 0.2513972625 0.977858175 0.24379749374999998 0.958484840625 0.1418217234375 0.9893531937500001 0.13407940000000002 0.9928931640625 0.1311676390625 1 0.2552176140625 1
5 0.088334065625 0.5436497124999999 0.1000253046875 0.775451996875 0.10355304218750001 0.7789601640625 0.11625558124999999 0.776894634375 0.2019654359375 0.750311965625 0.1962133078125 0.6907005265625 0.1815002109375 0.6022928265624999 0.17162884218750002 0.5201409421875 0.1682195921875 0.5118514000000001 0.1609627828125 0.508669484375 0.14764467187500002 0.5098346671875 0.0910573953125 0.5195564187499999 0.088334065625 0.5436497124999999
5 0.0837552296875 0.42382093750000005 0.134565384375 0.4155588203125 0.13608071093750002 0.41447204531250004 0.133642490625 0.3927387296875 0.11984071562500001 0.31474751562500003 0.115235959375 0.29892895468749997 0.10941162812500001 0.293713309375 0.07142249843750001 0.29512852500000003 0.06995438125 0.3028905796875 0.08080742656249999 0.426941440625 0.0837552296875 0.42382093750000005
2 0.6186050078124999 0.6346620140625 0.6280514937499999 0.6567363859375 0.6285485796875 0.6624181046875 0.6379478578125 0.6778171984375 0.645524484375 0.6723833234375001 0.6442229890625 0.639100140625 0.6460349937500001 0.6045903609375001 0.642768296875 0.573387515625 0.639524740625 0.56699188125 0.6347302203125 0.567411346875 0.6303143015625 0.5782939046875 0.6215893765625 0.5828740421874999 0.6200384125 0.58968914375 0.6207956125 0.6106153265625001 0.6186050078124999 0.6346620140625
2 0.850062896875 0.8443746015625001 0.8258176859375 0.8617630046875 0.8260296640625 0.9132713328125 0.8232466296875 0.9612248859375001 0.8238908109375 0.9735731453125 0.8798277765625 0.96867929375 0.8819648046875 0.9513167046875 0.8815862046875 0.9408536109375 0.8792896109375 0.939146134375 0.8781769531249999 0.9325640703125 0.8786393265625 0.9010349734374999 0.8803559859375 0.896113778125 0.8751472281250001 0.891798478125 0.8615574328125 0.8653155921875 0.8599004796875 0.8463765296875 0.850062896875 0.8443746015625001
1 0.7410598953124999 0.1077256609375 0.7339562859375001 0.13697318593750002 0.7282726562499999 0.194722521875 0.7273719765625 0.239648784375 0.721842471875 0.2868884203125 0.7243047609375 0.2904898046875 0.728933584375 0.28817643125000003 0.7314671500000001 0.2803211625 0.73316066875 0.25059275625 0.74188559375 0.24601261874999997 0.737779775 0.14999749375 0.7471202703125 0.14631770156249999 0.8217123375 0.1951354203125 0.8233702171875 0.17113534218749998 0.8197721281250001 0.1361446828125 0.8096156515624999 0.09981940624999999 0.7947590734375 0.0772641546875 0.780695334375 0.069906759375 0.771556171875 0.06975213125 0.7627483984375 0.073385315625 0.7515727562500001 0.086767675 0.7410598953124999 0.1077256609375
1 0.8582458484375 0.1709467234375 0.8483244921875001 0.21093698593750002 0.8726044140625 0.23075939843749999 0.9482619296875001 0.279483903125 0.9546189843749999 0.28465294218750004 0.9588095031250001 0.29573673437500003 0.9612255078124999 0.24972369687499998 0.9556506453125 0.20440976718749998 0.943895996875 0.1682243125 0.9339639953125 0.152871828125 0.921084190625 0.1406398453125 0.90320853125 0.1326617484375 0.8857114734374999 0.13514674375 0.8692914343749999 0.14994213125 0.8582458484375 0.1709467234375
1 1 0.47816952968750004 0.9828133828125001 0.2817256015625 0.9723520875 0.3155443421875 0.9579069703125 0.42654128281250003 0.954923528125 0.4353901140625 0.9511578921874999 0.48438383281249997 0.95961020625 0.49509476875 1 0.5285564968750001 1 0.47816952968750004
1 0.3567151796875 0.22436698437499997 0.3545005078125 0.26654560312500003 0.35556410625 0.3523306734375 0.36363689374999997 0.395517659375 0.36177768125 0.4233521578125 0.3570303703125 0.430446903125 0.34751260624999997 0.419829184375 0.32923427968749996 0.419519928125 0.2569966609375 0.43442771249999995 0.236101921875 0.441026771875 0.22332810625000002 0.4545489546875 0.219326425 0.47016627812499995 0.21917230000000001 0.48067597656250005 0.2306302703125 0.5502844359375 0.2398754234375 0.576193228125 0.2529209234375 0.5903191156250001 0.256945746875 0.5995090046875 0.2634203625 0.6428358109375 0.274026715625 0.6781675265625 0.312619846875 0.6652490531249999 0.320930534375 0.65593415 0.30787438906250003 0.5864655125 0.3578204296875 0.5744621890625 0.3738850109375 0.574010921875 0.3815560578125 0.5819276046875 0.3950389359375 0.62559546875 0.40049623749999996 0.6327516281250001 0.40756328281250004 0.6521715718750001 0.4114696203125 0.66614283125 0.4128423921875 0.6879693609374999 0.41833533125000005 0.68939719375 0.42330711875000004 0.7032752390625 0.428066 0.7085840984375 0.4351802546875 0.7346793218750001 0.44423657031249997 0.733886996875 0.42875284843749994 0.69802779375 0.42434942500000006 0.6783748125 0.429085165625 0.6588764625 0.42780681249999997 0.6504004921875 0.41415731093749997 0.6477778640625 0.40359816562499995 0.6191214265625 0.399029046875 0.5975745406249999 0.3886355984375 0.570812009375 0.3911691640625 0.562956740625 0.4067250875 0.54442015 0.4095784734375 0.5279490859375 0.40968538906249996 0.5107641093749999 0.4058262609375 0.503468128125 0.399920009375 0.4543663875 0.40688106562500004 0.44803216562500003 0.4079118015625 0.41072813437500005 0.409711309375 0.4067538921875 0.40842231093750003 0.3429351734375 0.40381848124999997 0.284177471875 0.3974623515625 0.2360692921875 0.38861986718749997 0.202491659375 0.3852934640625 0.1951490703125 0.3771725390625 0.1882259484375 0.36971439687499996 0.1888784515625 0.36100104375000003 0.20586219374999998 0.3567151796875 0.22436698437499997
1 0.5053980609375001 1 0.4820910125 0.9395452609375001 0.4633049546875 0.8782115375 0.46485591875 0.8713964359374999 0.4770970109375 0.8579208609375 0.48691145156250004 0.835115578125 0.4901318671875 0.8167040015625 0.49100847812500004 0.7899096703125 0.491105675 0.6744428 0.48819536250000006 0.58595669375 0.4853901125 0.5661638921875001 0.4869767140625 0.553620465625 0.47866695468750003 0.519996225 0.4782767828125 0.497129528125 0.4734234828125 0.47847011093749997 0.473648884375 0.45650375781249997 0.4718378078125 0.4480743953125 0.46215434999999994 0.43556276875 0.463977925 0.41345659375 0.46176417968749994 0.41269607031250005 0.4552182875 0.38082591718750003 0.4500567390625 0.38318589687500004 0.449938253125 0.38796726875 0.4304172109375 0.3734537140625 0.42533850937500006 0.376760646875 0.42047271249999996 0.3886367671875 0.41534680156250003 0.38526842031249997 0.41162930312499996 0.397998278125 0.41425635937500005 0.44643270937499996 0.407543846875 0.45560779062499995 0.40612293906249997 0.47004512343749993 0.40821819843749996 0.4755870203125 0.40413366875 0.4902573921875 0.4046307546875 0.4959391109375 0.4086912171875 0.499400671875 0.40755449062500004 0.5109505375000001 0.409566903125 0.51554548125 0.4115668171875 0.5506759625 0.4162659921875 0.5798450796875 0.43106286562499996 0.6262605890625 0.406497834375 0.6522647859374999 0.40162046562500003 0.6517372984375001 0.397927034375 0.646335225 0.38710685 0.645373465625 0.3423695671875 0.6616920875 0.298567678125 0.6702952625 0.29213934531249997 0.676582878125 0.2866464078125 0.6751550453124999 0.27579058437500004 0.6799216109375 0.2419206953125 0.7038772734375 0.23353873281249998 0.7246488281250001 0.2294185640625 0.745047525 0.22894462031249999 0.7641730171875001 0.2378449578125 0.8597686765624999 0.2424612859375 0.8879908406249999 0.25075947656249997 0.909211475 0.27155886875 0.9322009984375 0.285622609375 0.9395583937499999 0.3062803765625 0.9425220796874999 0.3031784484375 0.9561522828125 0.3027045046875 0.975277775 0.30616695625 1 0.38847401875 1 0.4760884890625 0.9629712453125 0.482362696875 0.9671933312500001 0.49493766250000004 1 0.5053980609375001 1
1 0.6308664625 0.774811078125 0.617168825 0.8084523125 0.6091654609375 0.839686959375 0.602854690625 0.8841323437499999 0.5996564921875 0.9702902734375 0.6006220046874999 0.993106634375 0.7683875828125 0.9784290484374999 0.765298153125 0.9615237140625 0.74618070625 0.8964021765625001 0.719012684375 0.855840009375 0.70386035625 0.82376861875 0.6946508421875001 0.7921315 0.6876310046875 0.7793868374999999 0.6805398921875 0.7780988265625 0.6637653203125 0.764299190625 0.6412251999999999 0.7643627937499999 0.6308664625 0.774811078125