1 1 0.6251186359375 0.9489085421875 0.6112985671875 0.9542188546875 0.60476693125 0.979369196875 0.6009119140625 0.9674077140625 0.5986491125 0.951698509375 0.5983688421875 0.8553867171875 0.60679503125 0.7574165578125001 0.61867560625 0.7081844953124999 0.6273952484375 0.6922207593749999 0.6354104859375 0.6851084171874999 0.6437544265625 0.6840725921875 0.6543244875 0.6931004453125 0.6678749359375 0.7305802828125 0.68169390625 0.75951114375 0.6874360234375 0.7833232437500001 0.701899215625 0.8243113640624999 0.71099885625 0.858839865625 0.7134934953125 0.885777146875 0.7188584796875 0.9092212359375 0.7179104875 0.910625071875 0.7227516125 0.9192849140625 0.720890875 0.9246280234375 0.7259389078125 0.9445159406249999 0.729162884375 0.9433364531249999 0.738090865625 0.93963661875 0.74062075625 0.9439111062500001 0.7446591828125 0.936801378125 0.7866474046875 0.9414110812500001 0.7945173484375 1 0.81824376875 1 0.6251186359375
1 1 0.5758643921875 0.9940399624999999 0.5781179625 0.9852843453125001 0.5788839796875 0.8695936953125001 0.5674951765625 0.8644900249999999 0.5651839421875 0.8527679796875001 0.5656579390625 0.8437250359374999 0.563139796875 0.84718543125 0.5578731078125 0.97735268125 0.510634240625 0.9798402296875001 0.5054526640625 0.97570940625 0.5030563171875 0.9555190703124999 0.507580490625 0.9100196390624999 0.525349909375 0.81956263125 0.5558773953125 0.7872999453125 0.568076353125 0.782723040625 0.5717860781249999 0.701019034375 0.567903265625 0.69980675 0.5652515796875 0.69076380625 0.5627334375 0.6494253796875 0.5608345875 0.5391585234375 0.5666208421875 0.4886184 0.5715940796875 0.477662559375 0.58082583125 0.47847665156249997 0.590130946875 0.5414420453125001 0.6039264171875 0.6470211296875 0.6117874734375001 0.691381415625 0.60900955 0.698423234375 0.6166667109375 0.6993331015625001 0.6270665453125 0.69174188125 0.6299368890625 0.6929062796875 0.6320412156249999 0.70813660625 0.6268478875 0.7582457406249999 0.6169484140625 0.8583052562500001 0.6065396921875 0.8790374468750001 0.5970041703125 0.88836771875 0.60280646875 0.9030561890625 0.6026244937499999 0.9077767578125 0.6005568484375 1 0.6215483328125 1 0.6063170640625 0.992447190625 0.60473168125 0.9898789562499999 0.5977862328125 1 0.5898812203125 1 0.5758643921875
1 0.5962415671875 0.6140239125 0.5921107421875 0.611627565625 0.577964128125 0.606798190625 0.5533556421875 0.6056418578125 0.521554128125 0.6007024390625 0.5147920921875 0.601845590625 0.5045368625 0.5966757640625 0.5058928109374999 0.600969528125 0.5023366390625 0.6051414984375 0.5026567625 0.6200053249999999 0.5069791390625 0.6245911093750001 0.5485419125 0.640259065625 0.5692590125 0.64175585 0.5704234109375 0.6438601765625 0.5837080453125 0.638837075 0.5962415671875 0.6140239125
1 0.6452591437499999 0.5132142921875 0.6324684781250001 0.5126786812499999 0.6261046343750001 0.507168403125 0.6306815390625 0.503458678125 0.6613816328125 0.495808825 0.6608548671875 0.48978786718749995 0.6561821875 0.492402871875 0.6512221796875 0.49173371718750003 0.6321483546875 0.49781485625000005 0.6247486859375 0.5028746390625 0.6159930671875 0.50364065625 0.579791109375 0.51563270625 0.5821199046875 0.5198413578125 0.6454506953125 0.5154037312499999 0.6452591437499999 0.5132142921875
1 0.5052676546875 0.5602095703125001 0.5008823 0.56610873125 0.49416815156249994 0.5677992421875 0.4962575078125 0.5692710953125 0.5196058203125 0.5672283828125 0.527101265625 0.5632633203124999 0.529286396875 0.5658298937499999 0.5421728390625 0.567460221875 0.565664815625 0.5670595875 0.5897944234375 0.5627423234375 0.6308934109375001 0.5619043765625 0.650206675 0.5585600359375 0.65234391875 0.5605792484375 0.664018075 0.5595578921875 0.6888332046875 0.5518713562500001 0.6942242015625 0.5574667468750001 0.69085958125 0.5638281562499999 0.7354996484375 0.5698505468749999 0.7421659093749999 0.5676126765625 0.732979303125 0.5634524546875 0.7042399921875 0.5598997765625 0.7047969390625 0.5438561171875 0.7506315859375 0.5299182171875 0.769465971875 0.5211002796875001 0.8229876140625001 0.50538675625 0.8361764734375001 0.49926893593750005 0.8554418500000001 0.49537723749999996 0.859093796875 0.4922999859375 0.854771421875 0.4877142015625 0.833704015625 0.4934182046875 0.824310765625 0.4981008546875 0.76606855625 0.515882021875 0.7597375078125 0.521951409375 0.7336622078125 0.5264389015625001 0.7099635890625 0.535682403125 0.7010164203125 0.53425898125 0.6899169171875 0.5418486546875 0.6528378874999999 0.5550205390625 0.641753475 0.5515779046875 0.6319922140625 0.540849365625 0.609823390625 0.5339640984375 0.5843857203125 0.5345349578125 0.5514676984375 0.528038571875 0.51810359375 0.5276482578125 0.5140206578125001 0.5257992703125 0.51655609375 0.521165053125 0.5141794109375 0.5164090406249999 0.48000121562500003 0.5067136109375 0.42119944218749994 0.5068941546875 0.3413781515625 0.5133260640625 0.3319370140625 0.5174613531250001 0.33279899375 0.5273138281249999 0.371443228125 0.5432371218750001 0.42804477968750004 0.5515223140625001 0.5094614578125001 0.5521209687499999 0.5100361109375 0.558689284375 0.5052676546875 0.5602095703125001
1 0.433155696875 0.4418683921875 0.4344637578125 0.44561479843749996 0.42132278593750006 0.45227997656249996 0.416395575 0.463190490625 0.41639818906250003 0.49683477187499997 0.4211515546875 0.5063467968750001 0.48583829375 0.5062029328125 0.5009577546874999 0.5109471937500001 0.51998369375 0.504318696875 0.5199659875 0.4817067203125 0.5234263828125 0.47644003125 0.5191040078125 0.471854246875 0.5176194859375001 0.45488609531249996 0.5227861359375 0.4467123796875 0.517251475 0.439474909375 0.5216847171875 0.43412310625000006 0.5138061703125001 0.4337092921875 0.49635791406249996 0.4247563796875 0.47646999687499997 0.4215324015625 0.44324955624999995 0.422784165625 0.4312880734375 0.4205213625 0.405802515625 0.42054486406249997 0.35497506562500003 0.4222339421875 0.3361557703125 0.420019571875 0.2856156453125 0.42499280937500006 0.25000343125 0.43252086875 0.250530196875 0.43854182656249996 0.265889096875 0.4460228875 0.275857 0.4479085546875 0.3670021421875 0.44765607812499997 0.42513348593750006 0.43981249843750003 0.433155696875 0.4418683921875
1 0.2912034234375 0.500066203125 0.3438807921875 0.4971121796875 0.354917315625 0.5000074546875 0.3517921359375 0.5091056625 0.3597185703125 0.5100668374999999 0.392891121875 0.5082677140625 0.416047884375 0.5040355625 0.4152967703125 0.48424549843750003 0.4008628296875 0.47613196562500004 0.4140516890625 0.470014146875 0.4144977703125 0.4639080765625 0.3923617421875 0.46860247499999996 0.3807505640625 0.4591388828125 0.36480191875 0.4561218125 0.2352218 0.46525240781250005 0.21225658749999998 0.47167399843749996 0.2092271828125 0.481866925 0.21350167031249997 0.4859053515625 0.225319490625 0.4865260734375 0.2347455359375 0.49342309375 0.25083784374999996 0.49808224218749997 0.2912034234375 0.500066203125
1 0.42968805468750004 0.5591002375 0.42605119843750006 0.5511451796875 0.37951332656250003 0.5458403781250001 0.34889130156250003 0.5319729765625001 0.3372171453125 0.5329943328125 0.3482536703125 0.53588960625 0.353916903125 0.5558014640625 0.3801056859375 0.57502066875 0.4035976625 0.574620034375 0.419019540625 0.5716161468750001 0.42364433437500004 0.5684537828125 0.42968805468750004 0.5591002375
1 0.29506604531249997 0.12963864687499999 0.317393625 0.1271336875 0.3361650328125 0.1288006984375 0.338541715625 0.133556709375 0.334300025 0.1410979515625 0.3336951890625 0.15659425 0.3361702625 0.1960892625 0.3397592296875 0.2034969609375 0.4276001171875 0.1654766640625 0.41691389687499997 0.1553806 0.41668954999999996 0.14161149374999998 0.420931240625 0.13407025156250002 0.4506106 0.1259581515625 0.45863281093749997 0.1280140453125 0.46501174531249995 0.122492015625 0.51113371875 0.1118382734375 0.5107985046875 0.10800675625 0.47324059687500003 0.115705040625 0.4583126875 0.11315021875 0.4569718296875 0.09782414687499999 0.4765396234375 0.0861842984375 0.46000123593750003 0.08763122031250001 0.452457903125 0.0910489234375 0.43314463906249995 0.09439326249999999 0.4180100859375 0.100681309375 0.40611158124999996 0.087933559375 0.38083266718750003 0.079114190625 0.26125063125 0.0680658375 0.211587578125 0.0718592421875 0.18677245 0.079545778125 0.1786872609375 0.08797483125 0.1787200578125 0.0995545 0.19966150625 0.114820390625 0.22090537187499998 0.12233813281249999 0.2496925703125 0.1264381703125 0.29506604531249997 0.12963864687499999
1 0.48836992031250004 0.04212843125 0.486041125 0.0379197796875 0.4800603828125 0.0367883796875 0.47738128281250003 0.039780515625 0.4808265875 0.045546134375000005 0.48836992031250004 0.04212843125
1 0.478169528125 0 0.43711487031249996 0.0035918171875 0.43602515156250005 0.015269690624999999 0.44237651875 0.06545656093749999 0.44965022968749996 0.08136667343750001 0.45980968437499997 0.0854417796875 0.49794224375 0.0843118125 0.5317524296875 0.0785960578125 0.6212392046875 0.081797965625 0.6290219765625 0.0811170609375 0.6384152265624999 0.0764344140625 0.6313658625 0.07429340625 0.6009202984375001 0.0736477515625 0.5381766359375 0.03997710625 0.54149336875 0.0330683375 0.5306483953125001 0.0323625015625 0.5221473078125001 0.024833009375 0.5205511296875 0 0.478169528125 0
1 0.5230429062499999 0 0.522273265625 0.0038631140625 0.5238056734375001 0.021378625000000002 0.5333753828125001 0.0299177234375 0.5580317578125 0.031621415624999996 0.61547758125 0.027147106250000004 0.633722225 0.022793159375 0.654406528125 0.012710278124999998 0.7676247203125001 0.0182483515625 0.7703038203125 0.0152562140625 0.7685647703125 0.0065835703125 0.7778143562500001 0.00025884375 0.8034914640625 0.0024247828125 0.81224708125 0.0016587656249999999 0.8159082015625 0 0.5230429062499999 0
7 0.7591419359375 0.2462288359375 0.7679605328125 0.2349778703125 0.7754559765625 0.2310128078125 0.8069373671875001 0.2210884015625 0.8233799796874999 0.21854676093749997 0.8385145312500001 0.2122587140625 0.920679709375 0.19900315156249998 0.9320186515625 0.1941502765625 0.9445698796875 0.19194908593749999 0.9594171046875 0.1823768828125 0.9736677453125001 0.17719047500000001 0.9689158609374999 0.1228761875 0.554962309375 0.1421998296875 0.5004350234375 0.14641880000000002 0.25885945625 0.287240134375 0.25063060312499996 0.294027109375 0.25115736875 0.3000480671875 0.5011637999999999 0.289206325 0.6341085390625001 0.273714321875 0.6707414875000001 0.266648509375 0.7155075125 0.25170100156249997 0.7591419359375 0.2462288359375
7 0.2059780609375 0.33268131093750003 0.2494058421875 0.3360520125 0.328685278125 0.3346314546875 0.35689782187499997 0.3321631765625 0.4636714859375 0.3200639453125 0.500256546875 0.312450771875 0.5535236593749999 0.3050327578125 0.5870944046875 0.296580203125 0.617363509375 0.2840041125 0.615863896875 0.2780682671875 0.5002867281250001 0.29038615624999997 0.41837608125000003 0.29534621250000004 0.27464934531249996 0.2996474328125 0.242593303125 0.303003521875 0.19753995156249998 0.3146668703125 0.16951895781249998 0.31932458750000003 0.1564258734375 0.3265371265625 0.14577245156250002 0.32802073125 0.1420726171875 0.33055062031250004 0.16108346406250001 0.33495443125 0.2059780609375 0.33268131093750003
7 0.184736809375 0.35880785 0.1971443734375 0.3549645828125 0.2236506640625 0.35540332812500003 0.2594544296875 0.3500647078125 0.28304218125 0.3507587953125 0.29116016718750004 0.3539094078125 0.304540578125 0.34998102656249996 0.3080488609375 0.3452616984375 0.3063576984375 0.3371364140625 0.3023705375 0.336382146875 0.2572843890625 0.33646582812500003 0.2311133125 0.3398586 0.22197459218749999 0.3362457390625 0.2081631921875 0.3352478828125 0.173044946875 0.3372172328125 0.10714592187500001 0.334709409375 0.088566065625 0.33523183749999996 0.0771313484375 0.33898999218750003 0.0226998375 0.34430368125 0.0242473375 0.350786884375 0.055315443750000005 0.358548215625 0.11013005468749999 0.3576134046875 0.1712278265625 0.3500618453125 0.18124361718749998 0.3524948734375 0.18070176093749998 0.3575062234375 0.184736809375 0.35880785
7 0.21170023906250002 0.7006156578125 0.242496109375 0.694060521875 0.23933813124999997 0.6915790640624999 0.23554252031249998 0.693014234375 0.22562250625 0.6916759265625 0.193866265625 0.653639584375 0.1888583703125 0.6524230703125 0.1665307921875 0.6549280296875 0.0436018421875 0.6728530609375001 0.0700175875 0.739485653125 0.0767317359375 0.7377951421875 0.070622421875 0.7239893546875 0.07519932812499999 0.72027963125 0.08862762656249999 0.716898609375 0.21170023906250002 0.7006156578125
7 0.2059011875 0.7799945671875 0.2336827421875 0.7726000515625 0.2848126109375 0.763162825 0.30189285625 0.756704553125 0.30262626406250004 0.753882640625 0.24895572812500003 0.7006655203125 0.23986489687499998 0.69760001875 0.19520973749999998 0.7026099390625 0.07135582968750001 0.7211674421875001 0.07309488125 0.7298400859374999 0.0802879078125 0.7336231734374999 0.0803685921875 0.7457501984375 0.0984092078125 0.7838834046875001 0.10836201875 0.7968013796875 0.2059011875 0.7799945671875
7 0.1672674125 0.8986484015625 0.1675068515625 0.9013852 0.16278628281250002 0.90345284375 0.163265159375 0.9089264421875001 0.175450990625 0.92495835 0.20921328749999998 0.9186952359375 0.235974109375 0.9108384734375001 0.2632288984375 0.8974230000000001 0.276115340625 0.8990533296875001 0.2964493390625 0.8961712374999999 0.36363871875 0.879813490625 0.3961408421875 0.8703513296875001 0.403348959375 0.863102109375 0.390621271875 0.8520815515625 0.35658412500000003 0.81038391875 0.3419107453125 0.7995335859375 0.3393425109375 0.7925881375 0.30631100624999996 0.7623850562500001 0.30324880468750004 0.760998315625 0.2868061921875 0.7635399578125 0.20312631093750003 0.7818919859375 0.13161455625000001 0.7936639484375 0.1191112171875 0.796412496875 0.11258861875 0.8002924453125001 0.1537584296875 0.8899023953125 0.1581765796875 0.8955829 0.1672674125 0.8986484015625
7 0.5218304734375 1 0.558754275 0.9967695859375001 0.5556023328124999 0.989875203125 0.5273871734375 0.9586991984375001 0.5182963421875 0.9556336984374999 0.514515821875 0.9460365625 0.5051855515625 0.9402342625 0.4983756265625 0.9408300546874999 0.490161865625 0.9365847203125 0.47510538281250003 0.9213555109374999 0.46081510468750003 0.9148840578125 0.45819898437499995 0.9073912468750001 0.434880853125 0.8873693453125 0.42695441875 0.8864081703125001 0.42637976406250006 0.8798398531249999 0.41569354531249997 0.8697437890625 0.40193003281250006 0.8692932921875001 0.2859874671875 0.8998442796875 0.2541708640625 0.9059371671875001 0.21796890625 0.91792921875 0.17092197343749999 0.9292154328125 0.17057166875000002 0.9364162234375 0.185071203125 0.967689090625 0.20194222499999998 1 0.5218304734375 1
7 0.199716846875 1 0.1687217515625 0.93768116875 0.14731913125 0.9395536546875001 0.055521265625 0.9547550687499999 0.0558892765625 0.9701662546875 0.06550919375 1 0.199716846875 1
4 0.49116429687499996 0.7015369921875 0.496076415625 0.7016587859375 0.5053738890624999 0.6958814171875 0.5104900359375 0.6535160609374999 0.432914240625 0.6183853140625 0.41487624062500006 0.613896390625 0.4140470578125 0.6156235828125001 0.4062341046875 0.6383691015624999 0.41389091718750004 0.6586580921875 0.4438753109375 0.676442125 0.4507331234375 0.6763936937499999 0.45811770156250003 0.68236621875 0.4845610140625 0.6932899140625 0.49116429687499996 0.7015369921875
5 0.4901435625 0.7010747453125 0.496076415625 0.7016587859375 0.5053738890624999 0.6958814171875 0.5104900359375 0.6535160609374999 0.45556194375 0.6307441796875 0.432914240625 0.6183853140625 0.414828353125 0.6133490312500001 0.4139991703125 0.6150762234375 0.407111175 0.63718926875 0.41393880625 0.659205453125 0.4438753109375 0.676442125 0.4507331234375 0.6763936937499999 0.4570969671875 0.6819039734375 0.4826153203125 0.6934601390624999 0.4901435625 0.7010747453125
5 0.6516740890625 0.7658142140625 0.660510390625 0.7771752234375 0.6781501984375 0.788317575 0.6873368046875 0.7924777953125 0.6951674640625 0.79234425 0.7057402015625 0.7787336203125 0.7161515703125 0.7408689374999999 0.713727 0.735565565625 0.6971558140624999 0.7254328203125 0.559260928125 0.6619347984374999 0.5485143453125 0.6959679640624999 0.5513069265625 0.71668251875 0.6204144312500001 0.75586344375 0.6314509562499999 0.75875871875 0.6347525984375 0.7628822578125 0.6405896765625 0.762371578125 0.6437955421875 0.7654003984375 0.6516740890625 0.7658142140625
5 1 0.8684713859375 0.8091341546875 0.7840281046875 0.8010640562500001 0.7814248515625 0.7874920953125 0.78316379375 0.771755321875 0.8385924203125 0.7794600234375 0.859428771875 0.90883873125 0.9264296109375 0.9307051390625001 0.9410630281250001 0.9364943296874999 0.9400049906250001 0.9743011859375 0.9604139421875001 1 0.9581655874999999 1 0.8684713859375
8 0.69163684375 0.92006104375 0.6817319187499999 0.9076904265625 0.6687018140625 0.9044180171875 0.641510003125 0.9073485437500001 0.6369330984375 0.9110582671874999 0.63846550625 0.9285737781250001 0.6504118984375 0.9418688875000001 0.6593590671875 0.9432923093750001 0.686072 0.9348881875 0.692403046875 0.9288187984375 0.69163684375 0.92006104375
8 0.464237475 0.8307491359375 0.4476033109375 0.8311013375 0.439470234375 0.8389830328125001 0.4394551421875 0.8500153390625 0.44430428437499997 0.8606220828125 0.45781326718750004 0.8693680875 0.46789203593749995 0.8613161687499999 0.4698679109375 0.839081328125 0.464237475 0.8307491359375
8 0.338697034375 0.6955719218749999 0.32799572499999996 0.6965081640624999 0.321712565625 0.7031249125000001 0.32164958593750004 0.713609859375 0.3303901125 0.7238761499999999 0.3374873640625 0.7265645171874999 0.34455181874999996 0.7176732171875 0.34399225625 0.7000725937500001 0.338697034375 0.6955719218749999