5 0.68016194375 0.33959044375 0.6761133609375001 0.3333333328125 0.66801619375 0.33276450468749996 0.6447368421874999 0.3452787265625 0.6396761140625 0.3560864625 0.6761133609375001 0.497155859375 0.6842105265625 0.5096700796875 0.6933198375 0.5142207046875 0.7034412953125 0.5079635953125 0.710526315625 0.5091012515625 0.7257085015625 0.50341296875 0.7267206484375001 0.497155859375 0.68016194375 0.33959044375
5 0.7408906875 0.7116040953125 0.743927125 0.738339021875 0.764170040625 0.7940841859375001 0.7995951421874999 0.7918088734375 0.8016194328124999 0.7844141062500001 0.7398785421875 0.5728100109375001 0.713562753125 0.576791809375 0.7054655875 0.5819112625 0.7054655875 0.5921501703125001 0.735829959375 0.7042093281249999 0.7408906875 0.7116040953125
5 0.384615384375 0.539817975 0.3451417 0.5415244593749999 0.3542510125 0.6058020484375 0.35931174062500004 0.6092150171874999 0.396761134375 0.6086461890625 0.39979757031249996 0.6069397046875 0.39271255 0.5415244593749999 0.384615384375 0.539817975
5 0.330971659375 0.34470989687500003 0.3299595140625 0.382252559375 0.33198380625 0.3856655296875 0.340080971875 0.3879408421875 0.356275303125 0.3885096703125 0.365384615625 0.3862343578125 0.356275303125 0.3310580203125 0.330971659375 0.34470989687500003
8 0.5860323890625 0.3879408421875 0.587044534375 0.378839590625 0.5779352234374999 0.37144482343749996 0.5607287453125 0.3742889640625 0.5516194328124999 0.3828213875 0.5485829953125 0.397610921875 0.5566801625 0.4095563140625 0.56983805625 0.40728100156249997 0.5860323890625 0.3879408421875
8 0.615384615625 0.579067121875 0.6113360328125 0.5944254828125 0.61740890625 0.603526734375 0.6204453437499999 0.6052332203125 0.634615384375 0.6040955625 0.6528340078125 0.5927189984375001 0.656882590625 0.577929465625 0.653846153125 0.5722411828125 0.6467611343749999 0.5688282140625 0.6255060734375 0.5716723546875 0.615384615625 0.579067121875
8 0.49696356249999996 0.200796359375 0.5091093125 0.18031854375 0.5091093125 0.1706484640625 0.5040485828125 0.1678043234375 0.49291497968750003 0.1683731515625 0.4817813765625 0.175199090625 0.47874493906250004 0.19795221875 0.48380566875 0.20534698593749998 0.49696356249999996 0.200796359375
8 0.49639423125000004 0 0.4878542515625 0.0085324234375 0.4848178140625 0.027303754687499997 0.4898785421875 0.03640500625 0.4959514171875 0.037542662500000004 0.5050607281249999 0.0301478953125 0.517206478125 0.0085324234375 0.5146761140625 0 0.49639423125000004 0
2 1 0.6209708 0.98380566875 0.5875995453125 0.8107287453125 0.5887372015625 0.8046558703125 0.6103526734375 0.8117408906250001 0.635381115625 0.8198380562500001 0.6467576796875 0.8198380562500001 0.6638225249999999 0.8248987859374999 0.6751990906249999 0.8299595140625 0.67804323125 0.9291497968750001 0.67576791875 0.9767206484375001 0.663253696875 1 0.659020946875 1 0.6209708
2 0.85728745 0.420932878125 0.82894736875 0.41353811093750004 0.8157894734375001 0.399886234375 0.805668015625 0.379977246875 0.795546559375 0.3321956765625 0.792510121875 0.3344709890625 0.7763157890625 0.3333333328125 0.7742914984375 0.322525596875 0.761133603125 0.31968145625 0.732793521875 0.32309442499999996 0.7226720640625001 0.32195676875 0.72165991875 0.32593856718750003 0.7378542515625 0.3896473265625 0.7651821859375 0.4692832765625 0.767206478125 0.47042093281249997 0.7753036437499999 0.46700796406249995 0.7844129546875 0.4692832765625 0.8016194328124999 0.46473265 0.8360323890625001 0.44766780468749995 0.8441295546875001 0.4459613203125 0.851214575 0.4459613203125 0.8643724703125001 0.4544937421875 0.87348178125 0.4556314 0.8856275296874999 0.4533560859375 0.9281376515625 0.4345847546875 0.9311740890625 0.4300341296875 0.9240890687500001 0.4260523328125 0.9008097171875 0.42320819062500004 0.8947368421874999 0.4266211609375 0.8886639671875001 0.4266211609375 0.8755060734375 0.42150170625000005 0.85728745 0.420932878125
4 0 0.5642775875 0.0101214578125 0.5642775875 0.0242914984375 0.556882821875 0.0263157890625 0.5455062578125001 0.022267206249999998 0.542662115625 0.0091093125 0.5415244593749999 0 0.54127674375 0 0.5642775875
7 0 0.618657565625 0.0020242921875 0.6188850968749999 0.053643724999999996 0.6217292375000001 0.0657894734375 0.6131968140625 0.06680161875 0.6092150171874999 0.055668015625 0.604664390625 0.036437246875 0.6023890781250001 0.0070850203125 0.603526734375 0 0.6106939703125 0 0.618657565625
7 0.09210526249999999 0.6831626843749999 0.1082995953125 0.6837315125 0.1082995953125 0.664391353125 0.09716599218750001 0.6638225249999999 0.09210526249999999 0.6569965875 0.0951417 0.6535836171875 0.09210526249999999 0.6467576796875 0.061740890625 0.643344709375 0.0273279359375 0.6439135375 0.0232793515625 0.6456200234375 0.01923076875 0.7042093281249999 0.064777328125 0.703071671875 0.0688259109375 0.6990898750000001 0.09210526249999999 0.6916951078125 0.09210526249999999 0.6831626843749999
7 0.0657894734375 0.7485779296875 0.030364371875 0.7491467578125001 0.0182186234375 0.7514220703125 0.0151821859375 0.8105802046875 0.0182186234375 0.8168373156250001 0.080971659375 0.8145620015624999 0.09210526249999999 0.8111490328125001 0.09109311718749999 0.784982934375 0.08704453437500001 0.7810011375 0.0748987859375 0.780432309375 0.06680161875 0.77531285625 0.0657894734375 0.7485779296875
7 0.0951417 0.6962457343749999 0.070850203125 0.699658703125 0.0657894734375 0.7764505125000001 0.06983805625 0.7798634812499999 0.146761134375 0.7764505125000001 0.148785425 0.71563765625 0.153846153125 0.69567690625 0.0951417 0.6962457343749999
7 0.02530364375 0.60068259375 0.0657894734375 0.601251421875 0.06983805625 0.5739476671875 0.090080971875 0.5705346984374999 0.0941295546875 0.5676905578125 0.0941295546875 0.5466439140625 0.09109311718749999 0.5437997718750001 0.02834008125 0.5437997718750001 0.0232793515625 0.5728100109375001 0.02530364375 0.60068259375
7 0.07388663906250001 0.5745164953125 0.06983805625 0.639931740625 0.0779352234375 0.643344709375 0.1589068828125 0.6444823656249999 0.1558704453125 0.6382252562499999 0.1589068828125 0.6308304890625 0.1477732796875 0.62059158125 0.146761134375 0.5773606375 0.143724696875 0.5716723546875 0.0829959515625 0.5722411828125 0.07388663906250001 0.5745164953125
7 0.1508097171875 0.46018202500000005 0.070850203125 0.45904436875 0.0688259109375 0.520477815625 0.07287449375 0.5255972703125 0.1255060734375 0.5261660984375001 0.1447368421875 0.522753128125 0.15182186250000002 0.4852104671875 0.1508097171875 0.46018202500000005
7 0.255060728125 0.459613196875 0.256072875 0.4681456203125 0.26619433125 0.4687144484375 0.2631578953125 0.4448236625 0.27834008125 0.4300341296875 0.2844129546875 0.41808873750000003 0.283400809375 0.3936291234375 0.28137651875 0.3879408421875 0.2763157890625 0.3879408421875 0.2540485828125 0.37599545 0.2479757078125 0.3657565421875 0.153846153125 0.36177474374999996 0.1417004046875 0.3629124 0.1417004046875 0.4459613203125 0.146761134375 0.4493742890625 0.24869838125000002 0.45108077343749997 0.255060728125 0.459613196875
7 0.1457489875 0.5244596125000001 0.1477732796875 0.61831626875 0.1508097171875 0.62286689375 0.17206477656250002 0.62400455 0.18775303593749998 0.6217292375000001 0.270242915625 0.620022753125 0.27530364375 0.60295790625 0.2823886640625 0.596700796875 0.2874493921875 0.596700796875 0.2995951421875 0.58304891875 0.3006072875 0.5654152453125 0.295546559375 0.556882821875 0.2823886640625 0.556882821875 0.2742914984375 0.5529010234375 0.270242915625 0.519340159375 0.264170040625 0.5142207046875 0.2520242921875 0.5142207046875 0.2267206484375 0.5199089875 0.1589068828125 0.5164960187500001 0.15182186250000002 0.518202503125 0.1457489875 0.5244596125000001
7 0.2773279359375 0.8083048921874999 0.2844129546875 0.7810011375 0.280364371875 0.737201365625 0.27530364375 0.7098976109375 0.2621457484375 0.698521046875 0.17611336093750002 0.699658703125 0.1548583 0.703071671875 0.1528340078125 0.8105802046875 0.1558704453125 0.81513083125 0.16801619375000001 0.8179749718749999 0.1892712546875 0.81513083125 0.2570850203125 0.8139931734375001 0.2712550609375 0.8122866890625 0.2773279359375 0.8083048921874999
7 0.4625506078125 0.7923777015625 0.5435222671875 0.7906712171875 0.555668015625 0.7878270765625001 0.545546559375 0.722980659375 0.5313765187499999 0.6678043234375 0.5263157890625 0.6114903296875001 0.35931174062500004 0.6143344703125 0.35121457500000003 0.617747440625 0.365384615625 0.7256353812499999 0.3694331984375 0.7901023890625 0.37651821875 0.796928328125 0.4251012140625 0.7992036406249999 0.42813765156250005 0.7963595 0.44230769218750005 0.7963595 0.4625506078125 0.7923777015625
7 0.3188259109375 0.38907849843750003 0.317813765625 0.40557451718750004 0.3360323890625 0.5341296921875001 0.343117409375 0.538111490625 0.3633603234375 0.53868031875 0.5182186234375 0.539249146875 0.5253036437499999 0.536973834375 0.5232793515624999 0.517633675 0.5516194328124999 0.49943117187499997 0.5688259109375 0.48179749687499995 0.5657894734375 0.455062571875 0.5566801625 0.4288964734375 0.5526315796875 0.4271899890625 0.539473684375 0.4306029578125 0.51923076875 0.441979521875 0.5030364375 0.43799772499999995 0.49493927187500003 0.402730375 0.48684210468750005 0.3913538109375 0.45040485781250006 0.38907849843750003 0.3451417 0.38907849843750003 0.33906882656250004 0.3873720140625 0.320850203125 0.3873720140625 0.3188259109375 0.38907849843750003
7 0.308704453125 0.323663253125 0.32287449375 0.3265073953125 0.389170040625 0.3282138796875 0.4261133609375 0.3316268484375 0.47469635625000006 0.3316268484375 0.48076923125000004 0.32878270781249996 0.48076923125000004 0.323663253125 0.5010121453124999 0.3088737203125 0.5182186234375 0.2895335609375 0.5232793515624999 0.28156996562500003 0.5232793515624999 0.26678043281249997 0.514170040625 0.237201365625 0.5040485828125 0.23890785 0.48076923125000004 0.255972696875 0.4676113359375 0.2519908984375 0.4554655875 0.2059158140625 0.30364372500000003 0.199089875 0.295546559375 0.200796359375 0.3066801625 0.316837315625 0.308704453125 0.323663253125
7 0.49291497968750003 0.1109215015625 0.48380566875 0.07622298125 0.47165991875 0.08077360624999999 0.4655870453125 0.0893060296875 0.4392712546875 0.08304891875 0.43319838125 0.0506257109375 0.283400809375 0.038111490625 0.28137651875 0.0506257109375 0.289473684375 0.1456200234375 0.29251012187500003 0.1496018203125 0.305668015625 0.1513083046875 0.44433198437500004 0.16154721249999998 0.45850202500000004 0.1592719 0.48380566875 0.12855517656249998 0.49291497968750003 0.1109215015625
1 1 0.2005119453125 0.9959514171875 0.198521046875 0.9868421046875 0.198521046875 0.9757085015625 0.1911262796875 0.969635628125 0.19567690625 0.9483805671875001 0.19169510781250002 0.9483805671875001 0.1837315125 0.9453441296875 0.18259385625 0.9311740890625 0.18202502812500002 0.9230769234375 0.178612059375 0.8542510125 0.1660978390625 0.7570850203124999 0.164391353125 0.7378542515625 0.1689419796875 0.710526315625 0.18657565468749998 0.7095141703125 0.19624573437499998 0.7145748984375 0.198521046875 0.716599190625 0.2049675765625 0.7125506078125 0.219567690625 0.716599190625 0.2278157 0.710526315625 0.23435722343749998 0.710526315625 0.2451649609375 0.719635628125 0.2588168375 0.743927125 0.2730375421875 0.743927125 0.277019340625 0.7530364375 0.2855517640625 0.7651821859375 0.283845278125 0.77226720625 0.29124004531250003 0.7904858296875 0.299203640625 0.803643725 0.30204778125 0.8127530359374999 0.3117178609375 0.8380566796875 0.316837315625 0.8542510125 0.32423208125 0.8603238859375001 0.32423208125 0.8643724703125001 0.3282138796875 0.969635628125 0.341296928125 0.98076923125 0.341296928125 0.9827935218749999 0.298065984375 0.979757084375 0.28327645 0.9736842109375001 0.28156996562500003 0.9736842109375001 0.27474402656249997 0.9655870453125001 0.2736063703125 0.963562753125 0.2701934015625 0.9645748984375 0.2673492609375 0.9726720640625001 0.2650739484375 0.97469635625 0.25995449375 0.963562753125 0.2542662109375 0.9645748984375 0.2491467578125 0.9726720640625001 0.24402730312499998 0.966599190625 0.24004550624999998 0.98380566875 0.219567690625 0.991902834375 0.22070534687499999 1 0.2175396953125 1 0.2005119453125
1 1 0.4285237921875 0.9787449390624999 0.43799772499999995 0.966599190625 0.45051194531250005 0.9574898781250001 0.4653014796875 0.9564777328125 0.4886234359375 0.963562753125 0.5113765640625 0.9817813765625001 0.5375426625 0.979757084375 0.5642775875 1 0.61219705625 1 0.4285237921875
1 0.6460570328124999 0 0.6467611343749999 0.018202503125 0.6649797578125 0.0517633671875 0.6761133609375001 0.062002274999999996 0.7246963562500001 0.0932878265625 0.7540485828125 0.1063708765625 0.7570850203124999 0.1120591578125 0.761133603125 0.1097838453125 0.767206478125 0.11035267343749999 0.7793522265624999 0.11831626875000001 0.7753036437499999 0.1274175203125 0.77834008125 0.1313993171875 0.7763157890625 0.1450511953125 0.7601214578125 0.14846416406250001 0.7530364375 0.1473265078125 0.7479757078125 0.15187713281249998 0.7530364375 0.15585893125 0.808704453125 0.15585893125 0.834008096875 0.15813424375000001 0.8886639671875001 0.1706484640625 0.9514170046875 0.1791808875 1 0.1776915921875 1 0.16582036093750002 0.9686234812500001 0.16496018125 0.9645748984375 0.16268486875 0.9726720640625001 0.1524459609375 0.97165991875 0.1439135375 0.9625506078124999 0.1336746296875 0.9453441296875 0.1279863484375 0.935222671875 0.1063708765625 0.9291497968750001 0.102389078125 0.9301619437499999 0.0921501703125 0.946356275 0.0870307171875 0.9483805671875001 0.081342434375 0.9311740890625 0.07963595 0.9311740890625 0.0722411828125 0.9251012140625001 0.07110352656249999 0.9220647765625 0.0659840734375 0.9251012140625001 0.0642775875 0.915991903125 0.05290102343750001 0.9190283406249999 0.046075085937499996 0.9342105265624999 0.044937428125 0.9585020249999999 0.0455062578125 0.9625506078124999 0.047212742187500004 0.9625506078124999 0.0511945390625 0.9655870453125001 0.0477815703125 0.97469635625 0.0477815703125 0.9787449390624999 0.0511945390625 0.9817813765625001 0.0443686 1 0.043309403125 1 0.0364792015625 0.9878542515625 0.034698520312499995 0.9757085015625 0.037542662500000004 0.9362348171875 0.035836178125 0.9261133609375 0.029579067187500002 0.9109311734375 0.0108077359375 0.8805668015625001 0.0017064843749999999 0.878542509375 0 0.6460570328124999 0
5 0.20850202499999998 0.4556314 0.2125506078125 0.5125142203124999 0.21963562812499998 0.518202503125 0.2489878546875 0.515927190625 0.2601214578125 0.5113765640625 0.2510121453125 0.4709897609375 0.2510121453125 0.4544937421875 0.243927125 0.4516496015625 0.2155870453125 0.4516496015625 0.210526315625 0.45221842968750003 0.20850202499999998 0.4556314
5 0.23076923124999998 0.623435721875 0.21761133593749998 0.6268486921875 0.216599190625 0.639931740625 0.2257085015625 0.6507394765625001 0.264170040625 0.6484641640625 0.2621457484375 0.622298065625 0.2540485828125 0.6257110359375 0.23076923124999998 0.623435721875