7 1 0.0418344125 0.697905021875 0.015404526562500001 0.69577280625 0.246825575 0.6992172609375 0.401345059375 0.70244791875 0.41003960156249997 0.7062141703125 0.4126122796875 0.7161653921875 0.41292210625000003 0.7188926999999999 0.41596468125 0.7814247203125 0.41975314375000006 0.8049960359374999 0.4240585390625 0.8564892015625001 0.42856360625 0.8784208437500001 0.42879999843750005 0.934621821875 0.43652091249999997 0.9364075671875 0.43892031718749996 0.9764072171875 0.43793348906249996 1 0.44092216406249995 1 0.0418344125
7 1 0.5116740640625 0.9980480109375 0.5099259625 0.7909390265625 0.49348865468750003 0.7452413078125 0.491173 0.7388615765625001 0.49566198593750005 0.72805058125 0.6990691906250001 0.7176503203125 0.8179447140624999 0.7211250765624999 0.8580650328124999 0.7189870968750001 1 0.9581655874999999 1 1 0.521830475 1 0.5116740640625
7 0.0581666046875 0 0.05077650625 0.16011287968750001 0.0536340859375 0.18447699374999998 0.07011111249999999 0.178628234375 0.077042884375 0.1792346859375 0.34894074218750004 0.21928566875 0.3548816140625 0.1855970421875 0.36948929375 0 0.0581666046875 0
7 0.21071644531249997 0.4875892125 0.3492545109375 0.5008313078125 0.35428671093749997 0.48893411875000004 0.360193396875 0.3643940015625 0.3644301046875 0.35018404375 0.3622699875 0.2950373234375 0.3707427578125 0.2324089625 0.368404971875 0.22491412031250002 0.3410187171875 0.21859258124999997 0.15780543281249998 0.19134763125 0.07501368750000001 0.179617946875 0.06397483125 0.1803345515625 0.0608580015625 0.18174424375 0.059786814062500006 0.193987978125 0.0516087765625 0.3901109078125 0.0485583765625 0.47059825312500003 0.051837725 0.4787362640625 0.10922371875 0.48431768125 0.21071644531249997 0.4875892125
7 0.035739604687499996 0.7767914328125001 0.0401065859375 0.7839030124999999 0.0977847234375 0.7861452296875 0.140901203125 0.78374870625 0.3410132796875 0.7889187953125 0.3431885484375 0.7868659328125001 0.3508250359375 0.7109857671875 0.35852730625 0.6799748125 0.35495581718749997 0.6751760015625 0.356042803125 0.6399411296874999 0.3662374765625 0.6374682875000001 0.3710426703125 0.6395710671875 0.3732179390625 0.63751820625 0.37143219375 0.6351188015625 0.3673738015625 0.6358853250000001 0.3578121015625 0.6311232312499999 0.3619514296875 0.6180263390625 0.3596623359375 0.6099749640625001 0.3663329140625 0.5337298953125 0.35922217968750003 0.5123584390625 0.30183618437500004 0.5067770203124999 0.15503526406249998 0.4967375703125 0.122162146875 0.49610471875 0.1039967578125 0.4984410046875 0.0684450234375 0.49420904375 0.0562211515625 0.497065146875 0.037329940625 0.747208528125 0.035739604687499996 0.7767914328125001
7 0.031405515625000005 0.7921144578125 0.030415909375 0.8262362640625 0.05929576875 0.8382964093749999 0.0992960671875 0.8715180218749999 0.1164389578125 0.8808689359375 0.11411761875 0.8845913968750001 0.12293251875 0.8864841875 0.1483705125 0.8808586187499999 0.20536633593750003 0.8566838593749999 0.2480281578125 0.8480788359375 0.2639695890625 0.84835194375 0.2765342921875 0.8416001078124999 0.29677756875 0.8383240265625 0.3054463953125 0.8418864171875 0.3185144484375 0.84078655 0.3412251359375 0.8321184078125 0.3444873890625 0.7948306734374999 0.3407211375 0.7922579953125 0.3286433375 0.7934444984375 0.3160134984375 0.7895355640624999 0.3030915171875 0.7889658296875 0.2780430453125 0.79013913125 0.25239384375 0.7867735312499999 0.2360628890625 0.790952690625 0.21031630625000003 0.78870015625 0.1234339234375 0.7895108296875 0.036892375 0.7864257703125 0.031405515625000005 0.7921144578125
7 0.015586212499999998 0.3000183046875 0.047224053125 0.3033651390625 0.0524674609375 0.3004591203125 0.0577740625 0.20558854218749997 0.0562153234375 0.1891891671875 0.051361437499999996 0.18764292031250002 0.046004203125 0.1804447046875 0.0483084484375 0.1312964984375 0.044688268749999996 0.12705422187499998 0.030982031249999997 0.1240432875 0.015586212499999998 0.3000183046875
7 0 0.479284653125 0.0436722484375 0.48082584375000004 0.048866965624999995 0.47847635625 0.0452790296875 0.46246024375 0.05120151093750001 0.3149289859375 0.033571715625 0.3111434078125 0.014778932812500001 0.3092455578125 0 0.4781695234375 0 0.479284653125
7 0 0.6515682218750001 0.0198607203125 0.6503453265625 0.0386268390625 0.652547940625 0.0408507984375 0.649938546875 0.0540781296875 0.48734417187499995 0.042389853125 0.4840784078125 0 0.48104506406249997 0 0.6515682218750001
7 0 0.8182215296875001 0.022493884375000002 0.825543178125 0.027737292187500002 0.8226371578125 0.028142614062499998 0.7951937515624999 0.032038489062499995 0.7848795265625 0.0390979453125 0.669973746875 0.037263509375 0.6681308765625 0.0104779828125 0.6663482375 0 0.666310725 0 0.8182215296875001
8 0.40926524999999997 0.2369008296875 0.41152145312500005 0.2225175984375 0.4054496625 0.20067624374999998 0.397917159375 0.1955308890625 0.3919756390625 0.1950110734375 0.37679745625 0.2088245703125 0.3735023109375 0.2236777 0.378470021875 0.2353281828125 0.384070709375 0.23974373125 0.39288560625 0.241636521875 0.40397315312500004 0.24036338281249997 0.40926524999999997 0.2369008296875
8 0.45280803281250004 0.45773729999999996 0.4312659140625 0.45304864218749996 0.426168578125 0.4542850625 0.42103899531250005 0.4672953203125 0.425714565625 0.482285003125 0.43844178593749994 0.48508087031249997 0.45948055468750004 0.48411755625 0.4670453 0.4774890765625 0.46519442031249997 0.4644289 0.45280803281250004 0.45773729999999996
8 0.3959470140625 0.7426926921875 0.38119059843750003 0.7402800875 0.37807376718749997 0.7416897796875 0.3737883671875 0.7564562718750001 0.37747368593749997 0.77135931875 0.388723746875 0.7796338828125 0.40362623593749997 0.7803768890625 0.415996178125 0.7758511859375 0.4152816203125 0.7612080484375 0.3959470140625 0.7426926921875
5 0.6809017578125001 1 0.6848929734375 0.930041425 0.6419383625 0.9077772078124999 0.633026084375 0.9069974843749999 0.6175715562499999 0.9011590421875001 0.607620334375 0.9008492171875 0.60341586875 0.9032853390625 0.596237428125 1 0.6809017578125001 1
2 0.7169299359375 0.4954255953125 0.7254849343750001 0.48888375 0.7372219015625 0.4915929796875 0.7413776765625 0.4897133921875 0.7642995703125 0.4900364171875 0.982496103125 0.5052005875 0.98653805 0.4932167625 0.9830474953125 0.47608758125 0.9282098453125001 0.4527837328125 0.9226091578125001 0.44836818437500003 0.7425291515625 0.43093084531250003 0.6432281375 0.43682375625000003 0.6385696609375 0.46725981875 0.639414490625 0.5032244968749999 0.7156639859375 0.5098954625000001 0.719819759375 0.5080158734375 0.720452734375 0.5007809390625 0.7169299359375 0.4954255953125