8 0.5989583328125 0.9833333328125 0.590625 0.9740740734375001 0.571875 0.977777778125 0.5640625 0.9870370375 0.5651041671875 0.99444444375 0.56875 0.9990740734375001 0.6005208328125 0.9990740734375001 0.5989583328125 0.9833333328125
8 0.7223958328125 0.9546296296874999 0.7213541671875 0.9398148140625 0.7145833328125 0.93148148125 0.7020833328125 0.9305555562500001 0.6916666671875 0.9379629625 0.6932291671875 0.946296296875 0.696875 0.9490740734375 0.7135416671875 0.95648148125 0.7223958328125 0.9546296296874999
8 0.8166666671874999 0.8990740734375 0.8161458328125001 0.8879629625 0.809375 0.8796296296874999 0.7953125 0.8796296296874999 0.7885416671875001 0.8861111109375001 0.7890625 0.8916666671875 0.7942708328125 0.8953703703125001 0.8057291671875 0.9 0.8166666671874999 0.8990740734375
8 0.8927083328125001 0.865740740625 0.8916666671875 0.85555555625 0.8854166671874999 0.8490740734375001 0.8729166671874999 0.8481481484375 0.8666666671875 0.852777778125 0.8651041671874999 0.8574074078124999 0.86875 0.8620370375 0.8848958328125001 0.8675925921875001 0.8927083328125001 0.865740740625
8 0.1078125 0.9037037031249999 0.0901041671875 0.897222221875 0.0828125 0.9018518515625 0.0796875 0.9083333328125001 0.0791666671875 0.9203703703125001 0.0890625 0.921296296875 0.10625 0.9120370375 0.1078125 0.9037037031249999
5 0.8192708328125 0.9990740734375001 0.8692708328125001 0.9666666671874999 0.8744791671875 0.9583333328125001 0.8515625 0.946296296875 0.8317708328125001 0.9453703703125 0.8234375 0.953703703125 0.8020833328125001 0.9611111109375001 0.7755208328125 0.977777778125 0.7755208328125 0.9833333328125 0.7828125 0.9925925921875001 0.7953125 0.9990740734375001 0.8192708328125 0.9990740734375001
5 0.8963541671874999 0.95 0.9427083328125001 0.91851851875 0.9447916671875 0.9120370375 0.9171875 0.8981481484374999 0.9 0.9 0.8807291671874999 0.896296296875 0.8671875 0.9101851859375 0.8614583328125001 0.9120370375 0.859375 0.91851851875 0.859375 0.9240740734375 0.85625 0.9305555562500001 0.8572916671874999 0.934259259375 0.8963541671874999 0.95
0 0.8984375 0 0.8885416671874999 0.0074074078125 0.8619791671874999 0.015740740625 0.8578125 0.022222221875 0.8473958328125001 0.0231481484375 0.8276041671875 0.0333333328125 0.81875 0.030555556249999997 0.8104166671874999 0.0333333328125 0.8036458328125 0.025 0.790625 0.025 0.7864583328125 0.03148148125 0.7755208328125 0.03148148125 0.728125 0.05648148125 0.7203125 0.0638888890625 0.7182291671875001 0.07962962968750001 0.7203125 0.0870370375 0.7171875 0.0898148140625 0.696875 0.097222221875 0.6932291671875 0.09351851875 0.68125 0.09351851875 0.6739583328125 0.1074074078125 0.6552083328125 0.11944444375 0.6541666671875 0.1268518515625 0.6572916671875 0.13981481406250001 0.6661458328125 0.15370370312499998 0.7317708328125 0.18148148125000002 0.7546875 0.17314814843749998 0.753125 0.171296296875 0.7536458328125 0.1611111109375 0.7588541671875 0.1583333328125 0.7723958328125 0.15648148125 0.7932291671875 0.14444444375 0.9994791671875 0.065740740625 0.9994791671875 0 0.8984375 0
6 0.3072916671875 0.0916666671875 0.3505208328125 0.1074074078125 0.3572916671875 0.10648148125000001 0.3604166671875 0.09351851875 0.35625 0.08796296249999999 0.2875 0.060185185937499996 0.2854166671875 0.051851851562499995 0.278125 0.047222221875 0.2630208328125 0.05 0.1854166671875 0.015740740625 0.1760416671875 0.018518518749999997 0.1770833328125 0.0296296296875 0.1807291671875 0.037037037499999995 0.1901041671875 0.0425925921875 0.3072916671875 0.0916666671875
6 0.5473958328124999 0 0.5375 0.0120370375 0.5276041671875 0.0175925921875 0.515625 0.0333333328125 0.5151041671875001 0.0379629625 0.521875 0.037037037499999995 0.5770833328125 0 0.5473958328124999 0
4 0.44635416718750004 0.678703703125 0.459375 0.678703703125 0.46302083281249995 0.671296296875 0.4635416671875 0.6546296296875 0.4635416671875 0.578703703125 0.459375 0.559259259375 0.4625 0.5527777781250001 0.46302083281249995 0.54351851875 0.45989583281249996 0.5333333328125 0.45208333281249996 0.5370370375 0.45104166718750005 0.55 0.4421875 0.5703703703125 0.4427083328125 0.634259259375 0.44114583281249997 0.6453703703125 0.44322916718750005 0.6731481484375 0.44635416718750004 0.678703703125
4 0.4421875 0.6574074078125001 0.44427083281249996 0.6768518515624999 0.4505208328125 0.6796296296875 0.4609375 0.6768518515624999 0.46302083281249995 0.671296296875 0.46458333281249997 0.6379629625 0.46302083281249995 0.5333333328125 0.45520833281249995 0.5314814812499999 0.4458333328125 0.5388888890625 0.4390625 0.5138888890625 0.43385416718750003 0.50555555625 0.4296875 0.50555555625 0.4265625 0.5101851859375001 0.42604166718750003 0.51944444375 0.43125 0.5453703703125 0.4234375 0.5629629625 0.425 0.575 0.42291666718750004 0.5796296296875 0.4234375 0.6425925921875 0.4421875 0.6574074078125001
7 0.0994791671875 0.8759259265624999 0.09375 0.884259259375 0.0921875 0.9074074078125 0.08541666718749999 0.9083333328125001 0.0875 0.9175925921875001 0.0994791671875 0.9148148140625001 0.1125 0.8990740734375 0.1541666671875 0.8888888890625 0.15572916718750002 0.8824074078124999 0.1526041671875 0.8740740734375001 0.14895833281249998 0.871296296875 0.1484375 0.8611111109375 0.1526041671875 0.8518518515625001 0.184375 0.8435185187500001 0.18802083281249998 0.8388888890624999 0.18802083281249998 0.727777778125 0.1859375 0.7240740734375 0.06979166718749999 0.7388888890625 0.06770833281250001 0.740740740625 0.0666666671875 0.7490740734375 0.065625 0.865740740625 0.0682291671875 0.86944444375 0.0958333328125 0.8638888890624999 0.0994791671875 0.8759259265624999
7 0.2546875 0.8388888890624999 0.2786458328125 0.834259259375 0.28072916718749996 0.8324074078124999 0.28125 0.825 0.28958333281250004 0.8175925921875 0.321875 0.809259259375 0.3255208328125 0.8055555562500001 0.3234375 0.7083333328125 0.321875 0.702777778125 0.22760416718749998 0.7185185187500001 0.2286458328125 0.8296296296874999 0.2520833328125 0.8268518515625001 0.2557291671875 0.834259259375 0.2546875 0.8388888890624999
7 0.384375 0.8018518515625 0.3838541671875 0.809259259375 0.3895833328125 0.8148148140625 0.3958333328125 0.8120370375 0.39791666718749996 0.797222221875 0.4027776046875 0.7898148140625 0.434375 0.7796296296875 0.43541666718750005 0.7675925921875 0.4296875 0.6879629625 0.3567708328125 0.6981481484375001 0.3552083328125 0.7101851859375 0.35989583281250004 0.7981481484375 0.3791666671875 0.7953703703125 0.384375 0.8018518515625
7 0.48072916718750003 0.7824074078125001 0.49010416718750005 0.7833333328125 0.49375 0.7787037031249999 0.4921875 0.7768518515625 0.4947916671875 0.7675925921875 0.5213541671875 0.7611111109375 0.5265625 0.75555555625 0.5213541671875 0.6768518515624999 0.4578125 0.6824074078125 0.4557291671875 0.6851851859375 0.46302083281249995 0.7740740734375 0.47369791718750004 0.772222221875 0.48072916718750003 0.7824074078125001
7 0.5645833328125 0.759259259375 0.565625 0.7675925921875 0.5697916671875001 0.7675925921875 0.5755208328125 0.7629629625 0.5776041671875001 0.7490740734375 0.603125 0.7416666671875001 0.6046875 0.7361111109375 0.6020833328124999 0.6768518515624999 0.6015625 0.6666666671875 0.5994791671875 0.6629629625 0.5635416671875 0.6666666671875 0.5447916671875 0.672222221875 0.5447916671875 0.70555555625 0.5484375 0.753703703125 0.557421875 0.753703703125 0.5645833328125 0.759259259375
7 0.8260416671874999 0.853703703125 0.8104166671874999 0.8453703703125001 0.8072916671874999 0.827777778125 0.8348958328125 0.8138888890624999 0.8364583328125 0.8101851859375 0.8270833328125 0.7083333328125 0.8192708328125 0.7074074078125 0.7713541671875 0.722222221875 0.7802083328125 0.8379629625 0.7697916671875 0.85 0.8057291671875 0.8629629624999999 0.8260416671874999 0.853703703125
7 0.6864583328125 0.8768518515625001 0.6869791671875001 0.88148148125 0.690625 0.8861111109375001 0.71875 0.896296296875 0.7473958328125 0.8851851859375 0.7432291671875 0.8796296296874999 0.7286458328125 0.875 0.7260416671875001 0.85555555625 0.75625 0.8435185187500001 0.7598958328125 0.8388888890624999 0.7526041671875 0.7240740734375 0.6854166671875 0.7379629624999999 0.6901041671875 0.8324074078124999 0.6885416671875 0.85648148125 0.6927083328125 0.8620370375 0.6864583328125 0.8768518515625001
7 0.5859375 0.8129629625 0.5848958328125 0.853703703125 0.5869791671875 0.865740740625 0.584375 0.8768518515625001 0.5833333328125 0.9 0.5859375 0.9138888890624999 0.5932291671875001 0.915740740625 0.6020833328124999 0.9120370375 0.609375 0.91851851875 0.6083333328125 0.9240740734375 0.6104166671875 0.9296296296875 0.6229166671875 0.9398148140625 0.621875 0.9351851859375 0.6255208328124999 0.902777778125 0.6703125 0.884259259375 0.6723958328124999 0.88055555625 0.6734375 0.8027777781250001 0.66875 0.7754629625 0.6671875 0.7481481484375 0.6005208328125 0.7620370375000001 0.5875 0.7666666671875 0.5833333328125 0.7731481484375 0.5833333328125 0.7830250000000001 0.5802083328125 0.7953703703125 0.5848958328125 0.7990740734374999 0.5859375 0.8129629625
7 0.4526041671875 0.9583333328125001 0.4796875 0.9444444437499999 0.5401041671875 0.922222221875 0.546875 0.915740740625 0.5427083328125 0.8083333328125001 0.540625 0.7870370375 0.5369791671875 0.7805555562500001 0.5015625 0.7870370375 0.49895833281249996 0.7916666671875 0.4640625 0.8 0.4578125 0.7990740734374999 0.4390625 0.80648148125 0.43177083281249995 0.8138888890624999 0.43125 0.8490740734375001 0.43541666718750005 0.95648148125 0.4380208328125 0.9611111109375001 0.4526041671875 0.9583333328125001
7 0.3859375 0.9898148140625 0.3854166671875 0.8740740734375001 0.3828125 0.8435185187500001 0.38333333281250004 0.8222222218749999 0.3807291671875 0.8129629625 0.2520833328125 0.840740740625 0.22135416718749998 0.85 0.21770833281250002 0.8574074078124999 0.2166666671875 0.8990740734375 0.2192708328125 0.9990740734375001 0.3786458328125 0.9990740734375001 0.3859375 0.9898148140625
1 0.2166666671875 0.89351851875 0.1911458328125 0.9 0.1739583328125 0.915740740625 0.1578125 0.9425925921875 0.14010416718750002 0.9925925921875001 0.1395833328125 0.9990740734375001 0.21770833281250002 0.9990740734375001 0.2182291671875 0.902777778125 0.2166666671875 0.89351851875
1 0.43333333281249997 0.975 0.4348958328125 0.9546296296874999 0.4328125 0.896296296875 0.43177083281249995 0.88055555625 0.428125 0.871296296875 0.409375 0.8731481484374999 0.39895833281250004 0.8824074078124999 0.3864583328125 0.9 0.3885416671875 0.9990740734375001 0.403125 0.9990740734375001 0.4348958328125 0.98148148125 0.43333333281249997 0.975
1 0.5890625 0.9037037031249999 0.5869791671875 0.877777778125 0.5885416671875 0.86944444375 0.5838541671875 0.8111111109375001 0.5854166671875001 0.79444444375 0.5796875 0.79351851875 0.5682291671875 0.8138888890624999 0.5635416671875 0.827777778125 0.559375 0.8518518515625001 0.5588541671875 0.9268518515625 0.5645833328125 0.9277777781250001 0.5854166671875001 0.915740740625 0.5890625 0.9037037031249999