0 0.099974240625 0.6714531874999999 0.0968715640625 0.66991855 0.0997672625 0.6675038062499999 0.0947722125 0.6298605296875001 0.097224384375 0.618982821875 0.0882107046875 0.5815501546874999 0.07470663281249999 0.573771665625 0.0543769359375 0.5703111234375 0.05428823125 0.5686185312500001 0.0219322125 0.5663540078125 0.0028698515625000002 0.5678529875 0.0219246359375 0.9314399343750001 0.0380489546875 0.93154773125 0.0699910171875 0.9259134906250001 0.12199532500000002 0.8801912812499999 0.1180055984375 0.86173071875 0.10175366875 0.8591879656250001 0.098010334375 0.8454288609375 0.08196499375 0.6930467796875 0.094330684375 0.679103665625 0.0920256859375 0.6735669953125 0.099974240625 0.6714531874999999
0 0 0.263854965625 0.0020945234375 0.264718965625 0.016218864062499998 0.265110234375 0.033091062500000004 0.26026577031250003 0.0393253203125 0.244663875 0.026086696875 0.2227277984375 0.03379870625 0.2161004109375 0.0332369078125 0.205380659375 0.031788725000000004 0.19697035000000002 0.0255833703125 0.193901075 0.022214576562499998 0.18728866093750002 0.024992003125000002 0.1826171265625 0.0193182125 0.170468040625 0.0202328328125 0.1302520640625 0.0149138609375 0.1248733484375 0.009859675 0.086101678125 0.012548393750000001 0.07973755 0.0083819234375 0.077127171875 0.006904171874999999 0.0681526625 0.012754706250000001 0.064451565625 0.026879048437500004 0.0648428359375 0.03181363125 0.062886984375 0.033349853125 0.0537545203125 0.0234504546875 0.037866660937500005 0.014053715625 0.0315701578125 0.009680265625 0.0250103953125 0 0.0255177171875 0 0.263854965625
7 1 0.910289234375 0.97864556875 0.9060145296875 0.9584932828125 0.905939171875 0.947649028125 0.910467725 0.763619965625 0.9359531984375 0.7628814234375 0.9410836265625001 0.8362207328125001 0.983065590625 1 0.9744822828125 1 0.910289234375
7 0.6949471046875 0.8942924218750001 0.7023936640625 0.901822625 0.752509596875 0.9354039734375 0.759690040625 0.9378563984375001 0.77555758125 0.9330645843750001 0.9166524875000001 0.9149209203125 0.9496287750000001 0.9097982234374999 0.9605025968750001 0.9058338687499999 0.9876283499999999 0.90441226875 0.9756302640625 0.867701753125 0.9490360750000001 0.8600435421875 0.938930365625 0.8594416671875 0.9420928453125 0.8813400625 0.9271412546875 0.8843866312499999 0.8748688328125 0.867324965625 0.8578192234375001 0.8687842453125001 0.8539188671875 0.8712516421875 0.8210017171875 0.8775027328125 0.7858682734375 0.879909746875 0.6978428046875 0.891877678125 0.6949471046875 0.8942924218750001
7 0.8774984171875 0.8598324421875001 0.870169465625 0.8353236640624999 0.8485098593749999 0.8257096015625001 0.8424819156250001 0.8260255125 0.8432999828125001 0.8416351640625 0.832465575 0.8463515953125 0.7975384437499999 0.8334726234375 0.73016725625 0.8358719046875001 0.6480514562499999 0.8452671359374999 0.64849498125 0.8537300968749999 0.6892733140625 0.8821433375 0.7907141515625 0.8762613015625 0.8416559984375 0.8679340812499999 0.8758143531249999 0.86614391875 0.8774984171875 0.8598324421875001
7 0.6084256234375001 0.8196222296875 0.6127990750000001 0.8261819921875 0.6401620390625 0.8485093375 0.6442693734375 0.849991321875 0.646130846875 0.8470650296875 0.6600186421875 0.8429427203125 0.7311423453125 0.8352550546874999 0.7632322484375 0.8324418015624999 0.78350280625 0.8347739484375 0.800463709375 0.831622075 0.7947596859375 0.799673428125 0.7772961203125 0.7932339421875 0.7759964453125 0.8068799859375 0.757942178125 0.8083919156249999 0.735277915625 0.7988305046875 0.7128797671875 0.794346871875 0.7060837125 0.799229015625 0.7010012875 0.7983638796875 0.65425548125 0.8098656765625 0.6102279609375 0.81556754375 0.6084256234375001 0.8196222296875
7 0.7101319109374999 0.7995826046875 0.715952878125 0.7953173109375 0.713647878125 0.789780640625 0.69517965625 0.78339380625 0.5837218125 0.790366559375 0.5798805921875 0.7939623499999999 0.586204221875 0.799288415625 0.60830735 0.8173654406249999 0.7101319109374999 0.7995826046875
7 0.8762714640624999 0.413522290625 0.8829788140625 0.40694755625 0.9299309359375 0.3801597765625 0.94698054375 0.37870049687499996 0.9648429484375001 0.3831389640625 0.9717723953125 0.39041339375 0.9920429531250001 0.392745540625 0.9949903984375 0.39131814062500003 0.9921710578124999 0.3375219109375 0.9880814625 0.33637844375000003 0.95300715625 0.339913853125 0.7349380125 0.3694462796875 0.6647026921875 0.43253060000000004 0.6581727515625 0.4424905203125 0.670287778125 0.44298709374999995 0.8305303125 0.4249714375 0.8406360234375001 0.4255733140625 0.8514211406250001 0.41991636562499995 0.8762714640624999 0.413522290625
7 0.875475115625 0.4559950578125 0.8689142750000001 0.42692005 0.8637727140625 0.42492651875 0.8656341890625001 0.4220002265625 0.6532086015624999 0.443882175 0.6376958796875 0.45544435625 0.6215628890625 0.47439375781250004 0.6116937234375001 0.47830546093750004 0.61213725 0.4867684234375 0.736123409375 0.46895564375000004 0.8467835750000001 0.4659849234375 0.8539048812500001 0.46730895468750006 0.8716634640625 0.4601550484375 0.875475115625 0.4559950578125
7 0.627088171875 0.46448648906249995 0.6060199328125 0.4661563765625 0.5992534468749999 0.471602715625 0.573074546875 0.510314003125 0.5851895734375 0.510810575 0.6613661328125 0.5034238484375 0.7153515203125 0.49550287031250007 0.7231818031249999 0.4911322734375 0.7282346578125 0.4914332109375 0.7407045046875 0.498700153125 0.7546218671875 0.49514204062499995 0.7828705499999999 0.4959245765625 0.7926214421875 0.4897560828125 0.7864154203125 0.46745144375000003 0.7811555859375 0.4632011234375 0.7641651140625 0.4657887984375 0.75603915 0.46451742031250004 0.7480314578125 0.4655028328125 0.7421809234375 0.4692039296875 0.629098153125 0.4836165515625 0.6245768609375 0.474235803125 0.627088171875 0.46448648906249995
7 0.5603103484374999 0.53587581875 0.6136163328124999 0.5342136625 0.6567279 0.5302570421875 0.6786233859374999 0.5251493171875 0.6870450328125 0.53206266875 0.7141412171875 0.530076871875 0.72232631875 0.5324766453125 0.73405695625 0.52563865 0.7336429984375 0.5177398859375 0.7289738671875 0.5055381484375 0.716888409375 0.5056057734375 0.721290759375 0.493494365625 0.715233246875 0.49324607968749995 0.6613365640625 0.50285965 0.59618166875 0.509103009375 0.57499515625 0.50851610625 0.5568232828124999 0.5270066140624999 0.5550800828125 0.53218969375 0.5603103484374999 0.53587581875
7 0.5311463796875 0.556073890625 0.5903324671875 0.5512748375000001 0.6342712796875001 0.543880378125 0.6424268140625 0.5457159546875 0.649843803125 0.5526819578125 0.6759057625 0.5501846140625 0.6866613109374999 0.5439634671875 0.6873407171875 0.5377046437499999 0.6831742453125 0.535094265625 0.6619285953125 0.533378965625 0.6566687625000001 0.529128646875 0.5667024140625 0.5361065703125 0.5560256046875 0.5310086468749999 0.56090105 0.5279244015625 0.5596894140625001 0.5240276703125 0.549997659375 0.5313245578125 0.54302419375 0.5328215171874999 0.5289892234375 0.55335820625 0.5311463796875 0.556073890625
7 0.62471804375 0.284703128125 0.6232402921875 0.2757286203125 0.6199602046875 0.2708087984375 0.616237259375 0.27666138125 0.5998374875 0.27129763906250004 0.599334825 0.26170628281249997 0.575163909375 0.2618415328125 0.504512965625 0.2689386734375 0.49068397656249996 0.264571696875 0.49015174687499996 0.254416140625 0.4787181234375 0.3053668421875 0.582168275 0.299379503125 0.5997198796875 0.288276215625 0.61904491875 0.29178940937500003 0.62471804375 0.284703128125
7 0.4929298375 0.268979971875 0.5621920671875 0.2642186 0.5920952453125 0.2581254625 0.594961375 0.25514652031249996 0.6129565046875001 0.25250619375 0.6217914437500001 0.24808294375 0.64684874375 0.24563825156250002 0.6509560796875 0.24712023749999998 0.6555358421874999 0.238394015625 0.6495663671874999 0.22060295624999998 0.6435975593750001 0.2220472625 0.5969989265625 0.21713468125 0.5946347921874999 0.21046961562500002 0.51857650625 0.22011313281249997 0.5053976875 0.218540815625 0.5012312140625 0.21593043750000002 0.49015174687499996 0.254416140625 0.489797590625 0.2668811390625 0.4929298375 0.268979971875
7 0.64141016875 0.199532015625 0.645073978125 0.19255103906249998 0.6649305812499999 0.186984421875 0.686324071875 0.19152070625 0.6996205 0.176114446875 0.6999450859375 0.163085253125 0.6925569968749999 0.1374480796875 0.68667689375 0.14058497812499998 0.675359546875 0.136086371875 0.6778412890625 0.1257728609375 0.647612859375 0.125659825 0.5254290359375 0.13941791875 0.5083222875 0.1974549015625 0.50699304375 0.21053674687499999 0.5114552 0.2187891015625 0.63355031875 0.2033384140625 0.64141016875 0.199532015625
7 0.5509258640625 0.03002399375 0.5445437656250001 0.0428049015625 0.5272011375 0.1155636703125 0.5241286953125 0.13382859687499998 0.5273792125 0.1381842203125 0.673704384375 0.123726678125 0.6873852015625 0.11565498437499999 0.69669256875 0.10102352968749999 0.7026909453125 0.10014342031250001 0.7104620890625 0.094644428125 0.7244385890625 0.09221470937500001 0.743734059375 0.0951637078125 0.745891215625 0.09787939062499999 0.7600148921875001 0.07903529375 0.7593348203125 0.06605875156249999 0.7516214796875 0.034215406250000004 0.7455639671875 0.0339671203125 0.7331532578125 0.027828571875000003 0.73631440625 0.0112562390625 0.7071202015625 0.0116547484375 0.6311801906250001 0.0235550546875 0.568064178125 0.030257306249999998 0.5509258640625 0.03002399375
7 0.5598317140625 0 0.5535258796875 0.0219672734375 0.555890015625 0.0286323390625 0.5630408921875001 0.030520565625000003 0.6281662171875 0.0237130109375 0.7221013578125001 0.009172378125 0.7323549125000001 0.012595240625 0.7491384062499999 0.006058184375 0.7531390609375 0 0.5598317140625 0
8 1 0.8676034687499999 0.992679871875 0.8662424734374999 0.9849974328125001 0.8734340578124999 0.98880975 0.888509434375 1 0.8976157953125 1 0.8676034687499999
8 0.9019932515625 0.8274326328124999 0.8928915328125001 0.8075427375 0.8876612671874999 0.8038566156250001 0.8796240078125 0.80427783125 0.8748372671875 0.80905466875 0.8742761343750001 0.8175702843750001 0.8902626140625 0.8342706265625001 0.8993932375 0.835489353125 0.9019932515625 0.8274326328124999
8 0.8204379203125001 0.8090768828125 0.81361163125 0.7941594624999999 0.810449815625 0.79149643125 0.8033876453125 0.7913007953125 0.797684953125 0.7978228796875 0.7979806359375 0.8034648531249999 0.81275548125 0.8162684671875 0.819758515625 0.8153357078125 0.8204379203125001 0.8090768828125
8 0.7551929890625 0.7751569171875 0.7502288390625 0.776548571875 0.746565028125 0.78352955 0.7552823609375 0.7960848765625 0.760453490625 0.798642603125 0.765388071875 0.796686753125 0.76145748125 0.7793545859375001 0.7551929890625 0.7751569171875
8 0.713233921875 0.7818818750000001 0.7163366 0.7834165125 0.7262944703125 0.7811974015625001 0.7280968062500001 0.7771427156249999 0.7216549046875 0.7695598625 0.71258341875 0.7694695312500001 0.713233921875 0.7818818750000001
8 0.971683690625 0.38872080000000003 0.9643258359375 0.3828831921875 0.952122103125 0.3806940265625 0.9431097562499999 0.381732090625 0.9194415015624999 0.39145869843750003 0.9196189109375 0.3948438828125 0.9257946984375 0.3973489578125 0.9668673812499999 0.39293344375 0.971683690625 0.38872080000000003
8 0.72393659375 0.10185871875000001 0.7087484578125001 0.10039170625 0.706207578125 0.109576821875 0.7126494796875 0.1171596765625 0.7177319046874999 0.1180248125 0.7286648625 0.1151888515625 0.7282213375000001 0.1067258890625 0.72393659375 0.10185871875000001
8 0.6613850453125 0.1962221875 0.6563026203125 0.1953570515625 0.649417859375 0.198546603125 0.6449268015625 0.2089654171875 0.653200609375 0.21305778125 0.6591989859375 0.2121776734375 0.6647834046875001 0.2033988 0.6613850453125 0.1962221875
1 0.9793275734375 0.0924536515625 0.921115575 0.0966167296875 0.8642049171874999 0.10638825625 0.832617678125 0.11879286874999999 0.8219804015625 0.12727080468750002 0.81651425625 0.1383064671875 0.8200900265625 0.1488682640625 0.848930075 0.16093475156249998 0.9006702687500001 0.1678408640625 0.98311060625 0.164638209375 0.9793275734375 0.0924536515625
1 0.78797455 0.26652951874999997 0.8162823703125 0.26844045 0.8816738109375001 0.26671067187499997 0.8985164421875 0.261302009375 0.9226282203125 0.2600383640625 0.9224508109375 0.2566531796875 0.909271990625 0.2550808640625 0.9437542640625001 0.22102614062499998 0.94523135 0.21076528125 0.9672451093750001 0.20791434843749998 0.9699929656249999 0.202678615625 0.9245764015625 0.20109856874999998 0.84718820625 0.20458856406249998 0.8372894750000001 0.20793606874999998 0.7972510171875 0.21286313125 0.7695049953125 0.2216719515625 0.744979925 0.23427219687499998 0.745689565625 0.2478129359375 0.7685608078125 0.2613237296875 0.78797455 0.26652951874999997
1 0.7723159859375001 0.33297680937499996 0.8145707359375001 0.3318938265625 0.8344273390625 0.326327209375 0.8546091953125 0.32696676562500004 0.857475325 0.32398782187499997 0.85029488125 0.321535396875 0.8526879171875 0.3095292953125 0.8689096140625001 0.2922724859375 0.9001722687499999 0.29289706875 0.9069683234375001 0.28801492500000003 0.8806402515625 0.28543449062500004 0.77503294375 0.28870614843750003 0.7370333687499999 0.294092103125 0.7022547453125 0.30326948593749997 0.6966407578125 0.3114841625 0.6979115296875 0.3165092875 0.719718978125 0.32894433749999996 0.7410533296875 0.332352228125 0.7723159859375001 0.33297680937499996
1 0.76788473125 0.363759384375 0.78180209375 0.36020127031250004 0.79533506875 0.349308590625 0.81324149375 0.344975671875 0.8264203140624999 0.34654798750000004 0.8322117125 0.341718496875 0.8270405843749999 0.33916076875 0.8048494140625 0.3386265171875 0.7102933375 0.341319003125 0.6743030765625 0.3465996546875 0.6604448515625 0.3512861640625 0.6556581109375 0.356063003125 0.6569584515625 0.361652325 0.6714376140625 0.3688139640625 0.691737740625 0.371710309375 0.7269894578125 0.3715600859375 0.76788473125 0.363759384375
1 0.6243080828124999 0.3922165609375 0.62043729375 0.39524815625 0.6228014296875 0.401913221875 0.6372510218749999 0.4085106625 0.6534733828125 0.41048921875 0.685740696875 0.41106115 0.69832815 0.40134951562500004 0.7107381953125 0.388252696875 0.7096152625000001 0.386048559375 0.6964364421875 0.38447624375 0.66023920625 0.3858075140625 0.6243080828124999 0.3922165609375
1 1 0.4869070296875 0.9991638937499999 0.47095316875000004 0.9608716671875 0.470755015625 0.9310867640625 0.4791049421875 0.9050543734375 0.48216648281249996 0.891284853125 0.4885455828125 0.8927330359375001 0.49695589375000004 0.90313443125 0.5031997453125 0.9236415359375 0.510045471875 0.9549928968750001 0.512362646875 0.9963908312499999 0.5141533015624999 1 0.5132799718750001 1 0.4869070296875
1 0.8192189593749999 0.5935911265625 0.8079607484375 0.5902209140625 0.7867742359375 0.589634009375 0.68633805625 0.59546339375 0.6623741187500001 0.5995480265625 0.660719625 0.6064237 0.6700867921875 0.61215600625 0.6813154359375 0.6149620203125 0.767775115625 0.611562353125 0.783762928125 0.6667334312500001 0.790323103125 0.6765730734375001 0.7965284578125 0.6796423484375 0.809736846875 0.6817788593749999 0.8196355796875 0.6784313546875 0.8279093874999999 0.68252371875 0.827141275 0.6870899500000001 0.8311599046874999 0.6868793421875 0.8357101 0.677588925 0.8531729984374999 0.66479304375 0.8722614921874999 0.6637926578125 0.8961662921875 0.6585796312500001 0.8888971437500001 0.6544346156249999 0.866912953125 0.6578497453125001 0.8556843109375001 0.6550437312499999 0.84876998125 0.6576690828125 0.8416191046874999 0.6557808578125 0.8295329812500001 0.636613115625 0.825129296875 0.6102537906250001 0.8188056687499999 0.6049277265625 0.8192189593749999 0.5935911265625
1 0.8225870859375 0.5809681734375001 0.8199279328125 0.5878964984375 0.833669884375 0.6386592984374999 0.842328078125 0.65008623125 0.8597029390625 0.654833125 0.8898722328125 0.653817765625 0.9016028703125001 0.646979771875 0.9024301171875001 0.643541934375 0.90372979375 0.6298958906250001 0.8944210937499999 0.6060566140625 0.8911403421875 0.5819014265625 0.885230003125 0.5652387609375 0.88106353125 0.5626283812499999 0.800158703125 0.5566849765625 0.7017614062499999 0.5629732546875 0.6989544140625 0.5670805921875 0.709355809375 0.5733244421875 0.7577272078124999 0.573618140625 0.772737934375 0.5716999671874999 0.7829323515625 0.5739944375 0.8029367953125 0.5712488078125 0.8171498421875001 0.5733326671875 0.8225870859375 0.5809681734375001
1 1 0.5172797328125001 0.9290519109375 0.5114591671875 0.8391958562499999 0.5146594765625 0.799235053125 0.5212797109375 0.810663384375 0.5342587062499999 0.906114828125 0.5352911328125 0.9763437953125 0.5421713890625 0.977488328125 0.5896341625 0.9962082953125 0.639192975 1 0.6399306203124999 1 0.5172797328125001
1 0.73956833125 0.5364763578125 0.7560421078124999 0.5431561109375 0.8821142906249999 0.5388119359375 0.8864887453125 0.5453716453124999 0.893387359375 0.600075965625 0.9111217234375 0.630828384375 0.9867499531249999 0.6381798187500001 0.9666065937500001 0.54173859375 0.9599498531249999 0.536995734375 0.8349014734375 0.5352514296875001 0.8034912343749999 0.5255826296875 0.757893615625 0.5272181578125 0.73956833125 0.5364763578125
2 0.773335503125 0.18092580625000002 0.7978712859375 0.2054759125 0.9382670687499999 0.2001926765625 0.9587996890625 0.18176684062499998 0.9526907859374999 0.1677549234375 0.8693386625 0.16684254062499998 0.8283123953124999 0.15315171875 0.8116809296874999 0.1434631015625 0.79942489375 0.1403335765625 0.773335503125 0.18092580625000002
2 0.700626353125 0.3061835625 0.7269919125000001 0.2965039890625 0.7762543734375 0.28788799374999996 0.8217337171875 0.283995675 0.8181071046874999 0.26608183125 0.6989311109375 0.2738364265625 0.670792871875 0.30095810312500004 0.6860325031250001 0.3141147125 0.700626353125 0.3061835625