4 0.5710657859375 0.1953922375 0.55623014375 0.2257308234375 0.549317153125 0.3677482140625 0.5507544375 0.3706522734375 0.56939541875 0.368800471875 0.5754539515625 0.3644034265625 0.5827967562499999 0.2242943859375 0.5710657859375 0.1953922375
4 0.5481181234375 0.32996890156249997 0.5503794656250001 0.3272586796875 0.5544834640625 0.2388400484375 0.5558496078124999 0.2228821453125 0.56038600625 0.2070903875 0.5604627078125 0.1854074359375 0.5559537328124999 0.1804565703125 0.5478802593750001 0.18286219374999998 0.537433171875 0.20023000937500002 0.533671553125 0.21134781249999998 0.530158921875 0.2884824921875 0.53089256875 0.314922471875 0.5293922921875 0.3233300515625 0.5328445171875 0.328225534375 0.5481181234375 0.32996890156249997
1 0.9744822828125 1 0.9773280546875001 0.9456994359375 0.9493098796874999 0.9242848531250001 0.9425888421874999 0.921103884375 0.9266883 0.9212134828125 0.901643821875 0.934044634375 0.8932253843750001 0.9430325625 0.8710691875000001 0.9513005234374999 0.8484557546874999 0.9784027578125001 0.8365358109375001 0.9834355296874999 0.8291248453125 0.9934191671875 0.8257420234374999 1 0.9744822828125 1
1 0.6444873296875 0.5434029078125 0.67652110625 0.548853375 0.6714944890625001 0.644766946875 0.682688934375 0.6434677984375 0.68378125625 0.6529541625 0.6808299828125 0.6688289937499999 0.6871704890625 0.6691612859375 0.6989044343749999 0.5867999953124999 0.6995725015625001 0.5538330953124999 0.6960847078125 0.53950663125 0.688799725 0.5268669874999999 0.6775697093749999 0.5187351515625 0.6620989796875001 0.5207531015625 0.6532507296875 0.527832678125 0.6480518265625 0.536046421875 0.646269578125 0.539724665625 0.6471784859375 0.542601034375 0.6444873296875 0.5434029078125
1 0.55572284375 0.6094693453125 0.5462257984375001 0.598599596875 0.5331149734375 0.5960266625 0.5056120296875 0.6153293546875 0.4971443125 0.6252576109375 0.4922273828125 0.6382006921875 0.48770469531250005 0.6436211375 0.4834147015625 0.65471125 0.48026630625 0.674347396875 0.477640728125 0.7345561546875 0.478782328125 0.7431021890625 0.5213617546875 0.7293041796875 0.5528452984375 0.7149246625 0.5578582046875 0.6293824031249999 0.55572284375 0.6094693453125
1 0.2766335265625 0.7485375203125 0.25923270625 0.7570547000000001 0.24802455 0.768725159375 0.24541824375000001 0.7780176859375 0.24595476718749998 0.8082189812499999 0.2409529859375 0.8126714093749999 0.240079646875 0.819226021875 0.2426722421875 0.8203048046875001 0.23915702656249999 0.8267209640625 0.23886134218750002 0.8323629374999999 0.24097484531250002 0.8324737015625001 0.2422779984375 0.8278274390625 0.259284571875 0.8268328921875 0.3171513171875 0.804406940625 0.3221530984375 0.7999545125 0.3229390015625 0.7141907265625 0.32105560781250003 0.64903110625 0.3109671921875 0.64944530625 0.29683518750000004 0.656247975 0.2964409421875 0.6637706078125001 0.302830728125 0.66316256875 0.305705296875 0.6689706906249999 0.304254303125 0.6764379421875 0.2963149609375 0.6863938890625 0.287242165625 0.7179774046875 0.284425025 0.741402559375 0.2766335265625 0.7485375203125
2 0.6857417828125 1 0.6945755015625 0.881704525 0.6904470593750001 0.8796023390625001 0.674779209375 0.885381603125 0.620991625 0.9108500703125 0.6094029359375 0.9196718515625 0.606804778125 0.9591379828125 0.6301462953125 0.9990206453124999 0.630145 1 0.6857417828125 1
2 0.7987477234375 0.8249317796875 0.7908576625 0.833947396875 0.7901321640625001 0.8376810234375001 0.79204854375 0.841553103125 0.78894943125 0.860248921875 0.7900417515625 0.8697352859375 0.8155104812499999 0.8993574000000001 0.8156938921875 0.9059673953124999 0.811453178125 0.9161171781249999 0.809150703125 0.9499413359375 0.8361552781249999 0.980586853125 0.8409106562499999 0.980836071875 0.8458138765625 0.9782643015625 0.8711184671875 0.9503601921874999 0.8820064953125 0.8538108937500001 0.8842678375 0.8511006703125 0.883506771875 0.8454033140625 0.8873806609375 0.8220335406249999 0.8862390609374999 0.8134875046875001 0.8685836921875 0.7965327249999999 0.8617640906249999 0.7952324140625 0.7987477234375 0.8249317796875
5 0.778746159375 0.8021965703125 0.82224820625 0.7809036203125 0.8628126937499999 0.7651141921875 0.8781985718750001 0.7546055890625001 0.8789733515625 0.749931634375 0.8730270906250001 0.742076709375 0.8666865843749999 0.7417444171875001 0.7749763921875 0.7831407687499999 0.773610246875 0.7990986734375001 0.778746159375 0.8021965703125
5 0.5730984359375 0.8743952687500001 0.571795284375 0.8790415328125001 0.5779742359375 0.8925661234375 0.583835646875 0.8919303953125001 0.6344036953125001 0.8672361109375 0.6917913453125 0.8438421406250001 0.7070293828125 0.8361545265625001 0.7116013484375 0.82979375 0.7063805875 0.8182051984375001 0.7006177375 0.8169602703125 0.5730984359375 0.8743952687500001
5 0.6376103 0.5128693203125 0.5427079953125 0.5342972328125 0.531316428125 0.539357696875 0.5307250609375 0.5506416468750001 0.5336981921875 0.554569109375 0.538981946875 0.55484601875 0.6007800109375 0.5382835703125 0.611925175 0.5379247515625 0.6325948078125 0.527693059375 0.6452758171874999 0.5283576437499999 0.6460505953125 0.5236836874999999 0.6376103 0.5128693203125
5 0.4909490640625 0.5513858093749999 0.39642729375 0.5756624 0.3807101625 0.5823819953125 0.3795904203125 0.5936382546875001 0.388474240625 0.595989659375 0.46795509687500003 0.5756393671875 0.4781913515625 0.5724041796875 0.48593357187499997 0.5662095484375 0.5079912078125 0.559822246875 0.5039613265625 0.5558394015625 0.50473610625 0.551165446875 0.4909490640625 0.5513858093749999
5 0.20276250468749998 0.6315166859375 0.2013745 0.6276722953125 0.19156805937500002 0.632815834375 0.1904483171875 0.6440720921875001 0.200205478125 0.639868884375 0.2096669546875 0.6413076515625 0.213598275 0.6471711531250001 0.2269555015625 0.6450424406249999 0.3242669921875 0.6180833171875 0.3292687734375 0.6136308921875 0.3313467046875 0.6043106734375 0.335475146875 0.606412859375 0.34754293125 0.5985590984375 0.351142996875 0.60063359375 0.3482191484375 0.595765803125 0.3521148984375 0.5921983234375 0.3399622640625 0.5915614296875 0.3306841984375 0.5967326578125001 0.314734375 0.5977825875 0.2331400171875 0.618022115625 0.21213913125 0.6244647999999999 0.20454475312499998 0.6278384421875 0.20276250468749998 0.6315166859375
7 0.47907323125 0.4140412109375 0.4830182609375 0.4095334015625 0.48661832812499994 0.411607896875 0.4837437578125 0.4057997765625 0.4836589078125 0.3973091234375 0.4900953890625 0.3250422359375 0.461442696875 0.3056252875 0.4596604484375 0.30930353125 0.456695465625 0.3355496734375 0.45317468749999995 0.3825107484375 0.46392560625 0.3896745625 0.46770908437500003 0.3983590515625 0.46726555937500003 0.40682201406249996 0.47109831875 0.41456617500000004 0.47907323125 0.4140412109375
7 0.46715328749999996 0.41907398437500004 0.46430614062500003 0.392523240625 0.453456659375 0.387240084375 0.380661271875 0.40134036562500003 0.379026865625 0.4021976203125 0.378534059375 0.41160091093749995 0.3781205421875 0.4700397734375 0.379847946875 0.507846775 0.395847053125 0.5058565171875 0.39723505625 0.5097009078125 0.3948751515625 0.5142917875 0.4032661671875 0.526046484375 0.40883189375000006 0.5310527296875 0.41992777812500004 0.5316342406250001 0.4312207828125 0.5284544359375001 0.44165415937499997 0.52145793125 0.438828871875 0.5147094812499999 0.43513024375000003 0.51451564375 0.43431989531250004 0.509758615625 0.4316780203125 0.5096201609375 0.42890201093749997 0.5019313828125 0.43015588437499996 0.4982254484375 0.4651409328125 0.4878010828125 0.46715328749999996 0.41907398437500004
7 0.529862846875 0.4761064265625 0.5351821718750001 0.48581431875 0.5484764078125 0.494997246875 0.56221416875 0.49571721249999995 0.57788201875 0.48993794687500003 0.5751552906249999 0.48130883750000003 0.5670462484375001 0.474283478125 0.568398684375 0.4686968859375 0.592569821875 0.462420346875 0.5991567296875 0.45805099218749995 0.5997592203125001 0.3656772109375 0.5881349625000001 0.365068009375 0.5244697984375 0.3768180484375 0.5224711546874999 0.4351738375 0.5228598375 0.46819611875 0.52457909375 0.4758295171875 0.529862846875 0.4761064265625
7 0.20951135625 0.43197307343749997 0.2081944921875 0.44699064999999993 0.210797821875 0.548961559375 0.23640624531249999 0.5455890812499999 0.23422975156249998 0.5567899578125 0.2470804625 0.5744358484375 0.2673065703125 0.5726671171875 0.286292515625 0.5642330109375 0.28577785 0.5538340078124999 0.279598896875 0.5403094171875 0.2820080828125 0.53477820625 0.31824700625 0.5206479078124999 0.317921315625 0.47631398281250004 0.3141652578125 0.44688687031249996 0.3132482015625 0.413836896875 0.3042165375 0.414306478125 0.3017717828125 0.41040670625000003 0.29754477968750004 0.41018517968749996 0.29624162656249997 0.41483144375 0.29133840625 0.4174032109375 0.20951135625 0.43197307343749997
7 0.4771179140625 0.693983546875 0.48037857968750003 0.6620954296875 0.4884301921875 0.6398875125 0.48877515625 0.6333052078125 0.4931500015625 0.6307057484375 0.4947981203125 0.61947718125 0.4834832546875 0.60285469375 0.4676812734375 0.601083634375 0.38113441406250004 0.624835259375 0.3615708125 0.6341820046875 0.331968078125 0.643002621875 0.32316910781249997 0.6491418703125 0.3209789046875 0.6707140578125 0.323199115625 0.69911776875 0.321898546875 0.7744825546875 0.32371636718749996 0.7802352921875 0.3225829140625 0.8018628624999999 0.3240913359375 0.8236288875 0.32864959374999997 0.8276394234375 0.34768481875 0.8182649874999999 0.35455369999999997 0.8186249703125 0.3694549203125 0.8476932640625 0.38245347343749997 0.8625181671875 0.4120562078125 0.85369755 0.43508574375000003 0.8388749765625001 0.42825799531250003 0.8074010578124999 0.42447451875000003 0.7987165703125 0.41861310781250005 0.799352296875 0.418908790625 0.7937103234375 0.47528897031249995 0.7693206390625 0.47850591875 0.6978279359374999 0.4771179140625 0.693983546875
7 0.671206953125 0.6805825249999999 0.67145335625 0.67588088125 0.6684802265625 0.67195341875 0.670262475 0.6682751734375 0.672022865625 0.6447946375 0.67599273125 0.548825684375 0.6703284421875 0.545700096875 0.6690389999999999 0.5399750484375 0.6605357140625 0.540472321875 0.660866965625 0.5442613281249999 0.657069778125 0.54594815 0.6519831468749999 0.5419099234375 0.5591806312500001 0.5738199109375001 0.5575680843749999 0.5944794609375 0.5609791765625001 0.630488878125 0.560669784375 0.6465021640625 0.559106515625 0.6662213859375 0.5565987703124999 0.6736332546875 0.5543318640625 0.71688839375 0.5555227453125 0.7244941 0.55854515625 0.7274812328125 0.5665693484375 0.7260159390625 0.5737202015625 0.731105259375 0.58254103125 0.7447683046875 0.6008233374999999 0.759870115625 0.6174000984375 0.7569672203125 0.6418176390625 0.7459890359375 0.642740259375 0.73849409375 0.6232807828125 0.705415265625 0.6255914046875 0.7017647124999999 0.6456833828125 0.6924456578125 0.6677410171875 0.68605835625 0.671206953125 0.6805825249999999
7 0.7363342390625001 0.5802754046875 0.7325040640625 0.6432497625 0.7340262 0.654644478125 0.7455874687499999 0.66656531875 0.7748178171875 0.6850696296875001 0.8065833328125 0.675419446875 0.8078864859375001 0.670773184375 0.804582103125 0.6630567140625 0.7940775859375 0.6511912546875 0.7873565484375 0.648010284375 0.78573585 0.638496228125 0.791033315625 0.6284018265625 0.7965497625 0.634348403125 0.8217776515624999 0.6281272453125 0.829998965625 0.6229006359375 0.8404490296875 0.4942693828125 0.8390117453125001 0.49136532187500004 0.832671240625 0.4910330296875 0.7446378171875 0.512820925 0.7404956640625 0.52109005 0.7363342390625001 0.5802754046875
5 0.4830089390625 0.9253056765625001 0.48152237500000006 0.9233419453125 0.46306480624999996 0.9318037421875 0.33942967031250004 0.9922710390624999 0.37797743281249996 0.9942912406250001 0.39473726249999996 0.981968821875 0.4773309421875 0.9325513984375 0.4830089390625 0.9253056765625001