1 0.6531060656250001 0.6291577 0.6562797171875 0.62340193125 0.6325807250000001 0.6189296843750001 0.6261228359375 0.6142842625 0.618400721875 0.6154946812500001 0.5965830171875 0.611659403125 0.5988863703125 0.6042429046875 0.6229230140625 0.6022723796875 0.622418503125 0.5936319828125 0.603239834375 0.5942419890624999 0.6002350078124999 0.5967763734375 0.5859424546875001 0.5954889609375 0.5846500906250001 0.601881696875 0.566229171875 0.6063000187500001 0.518380984375 0.6059458906249999 0.5091996453125 0.5984658781250001 0.49681651718750003 0.597278534375 0.49240874375 0.59004869375 0.4858101671875 0.5880877609375 0.49676220937500004 0.5800477765625 0.496931034375 0.576826390625 0.48350878125 0.5771997046874999 0.47963365468749997 0.5780733625 0.478397565625 0.583392303125 0.461773521875 0.5900582875 0.4579828078125 0.5893212515624999 0.45565131875000003 0.597274646875 0.4619966578125 0.6040676578124999 0.46516834218750003 0.616616440625 0.46210724062499997 0.6202246203125 0.415858965625 0.6258764343750001 0.38185312968749996 0.63540008125 0.3729230625 0.64139254375 0.3686540109375 0.6497827671875 0.3568035296875 0.656698921875 0.35542675468749996 0.66470235 0.3600596296875 0.6676370109375 0.3858087375 0.6695248359375 0.4069531046875 0.6679411046875 0.41254069375 0.6709257984375 0.424980096875 0.6710393484375 0.4298943484375 0.66860503125 0.44140717656249995 0.6681316500000001 0.445422990625 0.664573503125 0.45693581875 0.664100121875 0.46286105781250003 0.6606420421875 0.4897618421875 0.6588216203124999 0.49181195468750005 0.6562372015625 0.5205377515625 0.6561275390625 0.5347740296875 0.6584887484374999 0.547663634375 0.6500119359375 0.5906839500000001 0.632885134375 0.601635990625 0.6248451515625 0.61421608125 0.6222742125 0.6531060656250001 0.6291577
1 0.806963371875 0.5613105359375 0.8172682468750001 0.565619196875 0.8205263125 0.558252734375 0.81117615 0.5539941078124999 0.7713033140625 0.54759748125 0.7581905734375 0.542064921875 0.754315446875 0.5429385796874999 0.723091303125 0.5359184703125 0.718570978125 0.5308362203125 0.7064129515625 0.5253536953125 0.7002364390625 0.515339296875 0.67151064375 0.5154489578125 0.6030527015625 0.5064775078125 0.5817977484375 0.491904278125 0.5805073515625 0.47999246093750003 0.5773336984374999 0.48574823125 0.5799445984375 0.49073041249999994 0.5619156390625 0.505936721875 0.55871385 0.5122293890625 0.5684540109375 0.54558055625 0.5644944703125 0.5480649078125001 0.536526425 0.5519828859375 0.48025268125 0.566261615625 0.46126901093750006 0.5814178906249999 0.4557920078125 0.594590159375 0.4667983578125 0.6037809328125 0.48007992499999996 0.60609210625 0.5173137203125 0.608043446875 0.569093309375 0.606450121875 0.5852390140625 0.6089114 0.5979597937500001 0.6036559734375 0.602116296875 0.597413340625 0.623316940625 0.5947558140625 0.626068528125 0.59705350625 0.6432814953125 0.5974172281250001 0.6897810437499999 0.6052378875 0.6947515703125 0.6017297765625 0.6662790140625 0.5970073609375001 0.6617305499999999 0.59246200625 0.6638369390625 0.5888037921875 0.734686578125 0.5521389484375 0.7414539812500001 0.5508784953125 0.768101525 0.5538901515625 0.80213353125 0.562134159375 0.806963371875 0.5613105359375
1 0.8020308125 0.4727589859375 0.7983245109375 0.4704112578125 0.77835995625 0.46774984374999995 0.7576939281249999 0.460206315625 0.7504501515625 0.452289475 0.751012903125 0.441551521875 0.777045353125 0.41976581875 0.7794331171875 0.4107386296875 0.8208816578125001 0.3870689875 0.815099071875 0.3695380234375 0.8224573640624999 0.3570027234375 0.8140056375 0.35386792499999997 0.8133885765625 0.34737511875 0.78095648125 0.345137053125 0.7674216781250001 0.34765795625 0.6798616156249999 0.41090402968750006 0.6757332515625001 0.41660976562499996 0.6751423625 0.427884615625 0.6795782734375 0.434577559375 0.676432759375 0.43979643125 0.638636209375 0.44858304374999997 0.6306889953125 0.4540886421875 0.6072694109375 0.4625519734375 0.5834559015624999 0.478531871875 0.5782602734375 0.4863351625 0.580702346875 0.49453873125000003 0.5833976609375 0.4979102203125 0.5919056625 0.499971221875 0.5954994124999999 0.504466540625 0.6144248421875 0.5086886125000001 0.6610932171874999 0.5132878875 0.71559625625 0.5145291546874999 0.748422278125 0.5092506546875 0.7504723906249999 0.5066662359375 0.76097423125 0.5072166140625 0.8699220703125 0.52907749375 0.8726736578125 0.5313751875 0.882474021875 0.527043453125 0.8607688687499999 0.521060584375 0.8332228875000001 0.5169251 0.821064859375 0.511442575 0.8010721671875001 0.5093180578125 0.7973940046875 0.50643343125 0.7976753796875 0.5010644546874999 0.8410614843750001 0.476957984375 0.840303734375 0.4731496671875 0.817278078125 0.4740964328125 0.814554628125 0.4712618421875 0.8020308125 0.4727589859375
1 1 0.4396115703125 0.996122809375 0.4409378828125 0.9949711328124999 0.44464613125 0.9785721890625 0.44701693281250005 0.9765220765624999 0.44960135156250003 0.9707656625000001 0.44983804374999997 0.9538340703125 0.444105346875 0.9208954984375 0.4515314359375 0.9148295703124999 0.457674 0.91637320625 0.46475373906249995 0.910363553125 0.469822509375 0.883603459375 0.46895844374999995 0.8719218062499999 0.47265321250000003 0.8518165640625 0.47267628437500003 0.8583307265625001 0.47624791093749996 0.8850345453124999 0.4781857703125 0.9168214421875 0.47446792968749996 0.9749745078125001 0.47913071875 0.982837309375 0.4752358140625 0.96318226875 0.4666685265625 0.9721967484375 0.45906537031249994 1 0.46408651093750003 1 0.4572484125 0.9916005171875 0.45416018437499994 1 0.4460781546875 1 0.4396115703125
1 1 0.30778194375 0.9938914593750001 0.3008441625 0.97715683125 0.2913531828125 0.9552828515625 0.2885917 0.9340822078125001 0.2912492265625 0.8251526765625 0.3603742109375 0.8188897859375001 0.370275059375 0.824756784375 0.38619533125 0.8216675453125 0.3903404078125 0.806054490625 0.39598262812499996 0.792097621875 0.40655699843750004 0.7813706812500001 0.41030179999999994 0.777242315625 0.4160075359375 0.7788140890624999 0.422550375 0.7651948734375 0.4266819734375 0.763958784375 0.43200091562500004 0.75421469375 0.43525885468750003 0.7521083046875 0.43891706875000003 0.7521907515625 0.45561092968750005 0.7736145296875 0.46696277343750003 0.8125326515625 0.4733093640625 0.83162690625 0.47431005156249995 0.8355301703125001 0.47289949531250003 0.8469304484375 0.474573703125 0.8797001953124999 0.4703689984375 0.8907085125 0.46125522031250005 0.8995541656249999 0.45687344999999996 0.9130045578124999 0.45596323906249997 0.916065659375 0.452355059375 0.9292909484375 0.455740028125 0.940017890625 0.4519952265625 0.95344014375 0.4516219125 0.955771634375 0.4436685171875 0.9712440015625001 0.44071078437500005 0.9759612890625 0.4420347515625 1 0.4288077125 1 0.30778194375
1 0.430538321875 0.1631072578125 0.44946374999999994 0.16732933125 0.45524830312500003 0.1665557421875 0.464966221875 0.14553014687500002 0.4946788 0.1083245171875 0.49423056406250004 0.09861032656249999 0.51234196875 0.1000978765625 0.5154312078125 0.0959528 0.4900197515625 0.08762220312499999 0.4322887515625 0.07490594843750001 0.3988738046875 0.0731547453125 0.371776059375 0.0787334515625 0.357005165625 0.0865732984375 0.3448733109375 0.0988584265625 0.34189465625 0.1191604671875 0.3489133296875 0.131372490625 0.36640570625 0.1446717875 0.383281021875 0.1514782796875 0.430538321875 0.1631072578125
1 0.9744822843750001 1 0.9792526515625 0.9089759656249999 0.9697336609375 0.907938725 0.95704101875 0.9126572546875 0.9576862187499999 0.9186131625 0.9355288953124999 0.9395252078125 0.8329506015625 0.960529546875 0.8406426124999999 0.978160578125 0.8589083343749999 1 0.9744822843750001 1
1 0.8342830343750001 1 0.6937634359375 0.9128571390625 0.687530646875 0.9039165375 0.6800617718749999 0.9002948765625 0.6752319328125 0.9011184999999999 0.6602922140625 0.91217973125 0.6536373625 0.9112925921875 0.6255567656250001 0.9173581609375001 0.60617916875 0.9400310031249999 0.6106693921875 0.963954703125 0.626447340625 0.9917002015625 0.630238053125 0.9924372375000001 0.636964628125 1 0.8342830343750001 1
5 0.92000221875 0.9252521828125 0.9170818046875 0.926175875 0.9029299406250001 0.9222039734375 0.8947314515624999 0.9142370984375001 0.8589346390625 0.866599428125 0.85225165 0.8662491875 0.83467289375 0.872865134375 0.8192286640625 0.8752859687500001 0.774411475 0.8901651125000001 0.7074670656250001 0.9071148484375 0.6966838484375 0.9119334468750001 0.698114934375 0.9211607734375 0.730121034375 0.968061409375 0.7570780921875 0.9651671921875 0.9207881062500001 0.9285236031249999 0.92000221875 0.9252521828125
5 0.9088368734375001 0.8277600312500001 0.9048491953125 0.830781278125 0.949630384375 0.8896572468749999 0.9541507093750001 0.894739496875 0.9589242734375001 0.8949896687500001 0.9801342953125 0.892153175 0.9845747625 0.8074240218750001 0.9545243625 0.8145416171875001 0.9088368734375001 0.8277600312500001
8 0.5355644625 0.8808779031249999 0.5378658484375001 0.891765959375 0.5488721984375 0.9009567328125 0.562238178125 0.9016572140625 0.566282128125 0.897562171875 0.5666760546875 0.890045603125 0.5572434453125 0.8690931187500001 0.5517684078125 0.8639608328125 0.5442151171875 0.8619498640625001 0.5371944765625 0.8680423968750001 0.5355644625 0.8808779031249999
8 0.7182300078125 0.8296149375 0.726231534375 0.841340096875 0.736508271875 0.8461856546875 0.746981975 0.84727293125 0.7528228015625 0.845425546875 0.7572606796875 0.8338139375000001 0.7441780437500001 0.809439928125 0.73404199375 0.80190988125 0.7254777140625001 0.8009226734375 0.7164350984375 0.8090627250000001 0.7182300078125 0.8296149375
8 0.9821043796875 0.7632265453125 0.9867289796875 0.7663191171875 0.988958846875 0.7237706984375001 0.9842428390625001 0.722422328125 0.9704829328125 0.7292384125 0.9689654671874999 0.73992633125 0.9821043796875 0.7632265453125
8 0.3854043671875 0.512837325 0.378665103125 0.5135608796875 0.3743116359375 0.5235617968749999 0.3814709984375 0.53308933125 0.3909618515625 0.5346634703124999 0.3960167921875 0.529544665625 0.39452942968750004 0.5213911328124999 0.3854043671875 0.512837325
8 0.47928359374999996 0.438616609375 0.469426953125 0.4440221390625 0.46995960156249994 0.4521256375 0.4773440640625 0.457357990625 0.4896427796875 0.460156028125 0.4965790078125 0.45567419062500003 0.49511978437500004 0.44698376093750003 0.47928359374999996 0.438616609375
8 0.56743454375 0.3640956859375 0.574089396875 0.364982825 0.5780207984375 0.363035371875 0.582233575 0.35571894375 0.582151128125 0.3390250828125 0.5748229390625 0.332718934375 0.5640959999999999 0.3364637375 0.5568221203125 0.347388346875 0.5581687921875 0.3582263671875 0.56743454375 0.3640956859375
8 0.793385440625 0.181046525 0.8010231421875 0.1814468 0.8089140828125 0.177014996875 0.8143910875 0.163842728125 0.8045082750000001 0.151480603125 0.7904126828125 0.14643490625 0.7775230796875 0.1549117203125 0.7758930640624999 0.16774722656250002 0.7812555515625 0.1750271015625 0.793385440625 0.181046525
7 0.46664661250000006 0.186534503125 0.4630247265625 0.18257608125 0.3631175390625 0.1708797015625 0.3534578609375 0.172526946875 0.29610899062499996 0.26212144375 0.2958276140625 0.26749042031250003 0.30526219062500004 0.27013835468749997 0.39595990312499996 0.2748916203125 0.41435464843750003 0.25270564218749997 0.42598199374999995 0.23178011562499998 0.43378852187500005 0.2289590046875 0.45732262031250004 0.20004353125000002 0.46664661250000006 0.186534503125
7 0.25233940312500003 0.45794855781250005 0.24172501406250002 0.4595457703125 0.2068730828125 0.503480896875 0.2003006765625 0.51928761875 0.2810854734375 0.5305202109375 0.299168740625 0.5325446578124999 0.3050658421875 0.5296234796875 0.33365488125 0.49558920000000006 0.33289713125 0.49178088124999997 0.3467695875 0.48281720625 0.3541278796875 0.4702819046875 0.25233940312500003 0.45794855781250005
7 0.42806479062499997 0.447776534375 0.45536146562499996 0.4201349921875 0.44000558125 0.38433603125000004 0.32333562968749996 0.3636855671875 0.2660449984375 0.43390171562499996 0.2648651859375 0.4381468609375 0.270452775 0.44113155624999995 0.3691238734375 0.458146878125 0.3799352265625 0.45279138124999996 0.402373925 0.4265103609375 0.41397116718750004 0.4244262859375 0.42337563906250003 0.4459156703125 0.42806479062499997 0.447776534375
7 0.3507729921875 0.33335953749999997 0.3657951578125 0.338992165625 0.43034983593750004 0.3493741703125 0.460422303125 0.3601025296875 0.4766805578125 0.36041621562500004 0.5130479875 0.324097725 0.527171715625 0.3286065234375 0.5350606890625 0.3424792734375 0.541574853125 0.3460509 0.5808345593750001 0.3093456125 0.5739565718749999 0.294449103125 0.561294034375 0.28032618125000003 0.5615472734375 0.275494103125 0.5685679125 0.26940157343750004 0.5669117265625 0.26446942500000004 0.547059721875 0.25966042031250003 0.543494109375 0.2546282046875 0.435529121875 0.232280459375 0.4255599296875 0.23983358125 0.3507729921875 0.33335953749999997
7 0.4854051828125 0.17567340781250002 0.47846895624999997 0.1801552453125 0.47507020312500003 0.1902061984375 0.5025317703125001 0.195952375 0.538276240625 0.2080547359375 0.589380528125 0.21934695468749998 0.5978041171874999 0.2230186484375 0.6139498203125 0.2254799265625 0.66525696875 0.178100203125 0.6726977078124999 0.1822587609375 0.6906383203125 0.20527225 0.6953837468749999 0.20605931875 0.7416078171875 0.16433529687499998 0.749892684375 0.15238692812500002 0.7256348703125 0.122043528125 0.7318414859375 0.11321647500000001 0.7377104515624999 0.11083219375 0.738946540625 0.105513253125 0.74686561875 0.1005445515625 0.7442265796875 0.0960992671875 0.5905498984374999 0.050897729687500004 0.5203415265625 0.1301275875 0.5016091281249999 0.1587563375 0.4937181875 0.1631881421875 0.4854051828125 0.17567340781250002
7 0.6238669156250001 0.0058054171875 0.6272268421875 0.0086733640625 0.6451694203125 0.0133823 0.6585353984375 0.01408278125 0.665948 0.0187782375 0.7480231921875 0.04192264375 0.7601530828125 0.0479420671875 0.7762987859375 0.050403343749999996 0.7747270109375 0.0438605046875 0.8016277296875 0.015121467187500001 0.6238669156250001 0.0058054171875
7 0.716177315625 0.59477706875 0.6905387921874999 0.6090462046875 0.687421415625 0.6137281796875 0.6638611453125 0.624876 0.6488651515625 0.6370110265625 0.5907081546875 0.66895734375 0.5871968515625 0.6811558843750001 0.5804013109375 0.682953234375 0.5737745984375 0.6815291984375 0.5705446703125 0.6883587640625 0.5732399828125 0.691730253125 0.580821409375 0.6932043234374999 0.7222576187499999 0.716229475 0.7403971609375 0.717180128125 0.8130155374999999 0.6832998406249999 0.8216642265624999 0.6826763546875 0.8385094390625 0.708324296875 0.8431704515625 0.710722059375 0.9087681875 0.6829343015625 0.9225843687499999 0.675044421875 0.92275319375 0.6718230359375 0.90211726875 0.6454380578125 0.9228134000000001 0.634140134375 0.9230947765625 0.628771159375 0.9146711875 0.6250994640624999 0.88339076875 0.6191531484375 0.8687625296875 0.606003953125 0.8435742093749999 0.6116827296875 0.743106234375 0.592419746875 0.72785896875 0.5910823 0.716177315625 0.59477706875
7 1 0.4705540859375 0.963067753125 0.4871206703125 0.8192058109374999 0.56518236875 0.819766596875 0.57274896875 0.8510470171875 0.578695284375 0.8537704671874999 0.5815298765625 0.9289395359375 0.5903146703125 0.9830486484375 0.599072503125 0.9954111421875 0.600653571875 1 0.5130929640625 1 0.4705540859375
7 0.6309991203124999 0.7039096093749999 0.6063434484375 0.71769188125 0.55863595 0.714653265625 0.5117424734375 0.714349171875 0.42592497968750004 0.762612146875 0.40199891875000004 0.7807396343749999 0.40286921875 0.7824003609375 0.43361699062500003 0.780243178125 0.5108361718750001 0.786443553125 0.5490809578125 0.7873711328125 0.6098769921875 0.7598701015625 0.6175991078124999 0.7586596828125 0.6250961203125 0.761744446875 0.6232128671875 0.7794120328125 0.62874418125 0.783470521875 0.6444135109375 0.77675450625 0.6500331687500001 0.7425931968749999 0.657839696875 0.7397720859375 0.6635116984375 0.7411460875 0.6767670921875 0.7256896078125 0.6636824890625 0.7196201484375 0.656663815625 0.707408128125 0.6491667999999999 0.7043233640625 0.6309991203124999 0.7039096093749999
7 0.42232139999999996 0.8496395906249999 0.467419965625 0.8293914734375001 0.47988750625 0.828968125 0.4835375328125 0.8323896484375 0.48479979218749997 0.8448383625 0.49336406874999994 0.8458255687499999 0.52782010625 0.8277115609375001 0.511650196875 0.7891780765624999 0.48783865468750004 0.7868534203124999 0.4838509765625 0.7898746703125 0.4714959859375 0.788150428125 0.45647185468749996 0.8008223515624999 0.38472771093749997 0.7997542609375 0.3702663328125 0.8016882328125 0.30222455625 0.8395769765625 0.2922835015625 0.8465932 0.2930412515625 0.8504015171875 0.42232139999999996 0.8496395906249999
2 1 0.17659798437500002 0.939824246875 0.16341756406250002 0.9137917968749999 0.1852032671875 0.9365341109375 0.207930028125 0.9504608749999999 0.2161971125 1 0.2271089625 1 0.17659798437500002