7 0.73984375 0.63671875 0.13125 0.234375
7 0.61171875 0.72734375 0.103125 0.215625
7 0.5015625 0.8296875 0.08125 0.16875
7 0.4203125 0.90390625 0.06875 0.1671875
7 0.35703125 0.9375 0.0578125 0.125
7 0.58046875 0.90546875 0.08125 0.1578125
7 0.41953125 0.1921875 0.1453125 0.365625
7 0.28125 0.41171875 0.1015625 0.2921875
7 0.1953125 0.59140625 0.0859375 0.259375
7 0.12578125 0.7125 0.0703125 0.2140625
7 0.0671875 0.81015625 0.0703125 0.19375
1 0.7015625 0.88828125 0.075 0.1453125
1 0.8703125 0.7359375 0.11875 0.15
1 0.58046875 0.20625 0.184375 0.4
1 0.43125 0.48359375 0.153125 0.2203125
1 0.40234375 0.6125 0.134375 0.1734375
1 0.2984375 0.6875 0.08125 0.1953125
1 0.23671875 0.78125 0.065625 0.1859375
1 0.03828125 0.41796875 0.0765625 0.1640625
1 0.0109375 0.56953125 0.021875 0.134375
1 0.06875 0.2484375 0.1375 0.203125
1 0.10546875 0.0921875 0.2109375 0.175
7 0.76953125 0.4609375 0.0375 0.053125
7 0.59140625 0.58984375 0.03125 0.034375
7 0.4671875 0.7328125 0.0296875 0.034375
7 0.39296875 0.7890625 0.0265625 0.0359375
7 0.334375 0.859375 0.01875 0.034375
7 0.24921875 0.19609375 0.0515625 0.06875
7 0.13984375 0.4109375 0.0421875 0.053125
7 0.08125 0.565625 0.0390625 0.0453125
7 0.03125 0.6921875 0.034375 0.040625
2 0.709375 0.24296875 0.053125 0.2078125
2 0.58046875 0.421875 0.0296875 0.103125