7 1 0.4956365640625 0.9947684515624999 0.19592136875 0.9162117390625 0.183992321875 0.8260747953124999 0.173607325 0.7058099984374999 0.15505123437499999 0.6758528765625 0.1566612609375 0.6672165375 0.16061693593749998 0.66457171875 0.17533925 0.6588268046875 0.17870089375 0.6656904515625001 0.1840166984375 0.65711101875 0.191232746875 0.6571868984375 0.1955799109375 0.6504845 0.199501828125 0.6536984171875 0.21738324375 0.63944995 0.2323081015625 0.6423982890625 0.23497444218750002 0.6366723453125 0.239422878125 0.635070378125 0.25847547656250003 0.6293064937499999 0.2607503296875 0.634188771875 0.263382915625 0.616252640625 0.2886998 0.60577720625 0.2981231859375 0.337002790625 0.9148644015625 0.33832070625 0.9349531546875 0.3432219546875 0.9386725312499999 0.354873028125 0.9411869656249999 0.382820328125 0.9352635328125001 0.3981685546875 0.9279293359375 0.441663265625 0.9260830109375 0.575740215625 0.904718053125 0.5825374671875 0.9062300890625 0.5960560859374999 0.9049069984375 0.5970515125 0.90652030625 0.6279850890625001 0.905436796875 0.64816816875 0.8980182078125001 0.6607387874999999 0.8977987859375001 0.6636207296875 0.8966613593750001 0.662549425 0.8907008875000001 0.7010480359375 0.87970123125 0.7068593453124999 0.88014335625 0.712594775 0.8762383171874999 0.7242173921874999 0.8771225656249999 0.7309387625 0.8742874390625 0.794692434375 0.8693696859375001 0.8342149265625001 0.8616135249999999 0.8418748125000001 0.8571313328124999 0.8776337578125 0.8554200359375 0.918075796875 0.8449300187500001 0.9409890593749999 0.8276796750000001 1 0.7652423046875 1 0.7372031781249999 0.999376215625 0.7369729484375 0.9713625218749999 0.7390926140625 0.9635508749999999 0.734880478125 1 0.694004790625 1 0.4956365640625
7 0.6359579796875 0.91888665625 0.6417882578125 0.920415571875 0.6543019671875 0.9169357781249999 0.6561600296875 0.9125548562500001 0.6522257515625001 0.9088186031250001 0.6377401609375 0.910158571875 0.6359579796875 0.91888665625
7 0.5043634375 1 0.8069927078125 0.9947175859374999 0.8084396921874999 0.991974525 0.8073399312499999 0.984383865625 0.8167630296875 0.970086796875 0.8291913718749999 0.9617164453125 0.8503509078124999 0.9548243718749999 0.87352925 0.89734588125 0.8835019765625001 0.8591225343750001 0.8815300953125 0.8569827078125 0.867025534375 0.8572358859375001 0.8525778859375001 0.8607494375 0.8487763968750001 0.86462071875 0.8265076171875 0.8633787390625001 0.6827988984375 0.887086065625 0.6278617843750001 0.89837265625 0.5574151984375 0.907755721875 0.484134096875 0.9209931906250001 0.4541959453125 0.9236900078125 0.44749354375 0.9276119250000001 0.4234046421875 0.9329244484375 0.41178202343750003 0.9320402 0.36260879375 0.9410519374999999 0.3393540734375 0.9387400453125 0.3324524875 0.931250659375 0.3359978796875 0.9127076984375 0.3494216484375 0.9059506531249999 0.35020840625 0.895609259375 0.3451933359375 0.8853691375 0.343297334375 0.887576478125 0.3355331140625 0.88608131875 0.321047525 0.8874212874999999 0.318184553125 0.8896455062499999 0.320203859375 0.8945023078125001 0.3035097625 0.9355607828125001 0.28452129375 0.9560039859374999 0.26959302812499997 1 0.5043634375 1
7 0.80748639375 0 0.795225084375 0.0132517390625 0.7944098734375 0.02196294375 0.7857735328125 0.0259186203125 0.7764168312499999 0.04401945625 0.7628507859375 0.0426255703125 0.7630310015624999 0.0529500828125 0.7824462953125 0.05695967656249999 0.78834296875 0.0622923609375 0.8290980125 0.06973439375 0.8572824375 0.0773958484375 0.9931165 0.1012810796875 0.99134863125 0 0.80748639375 0
7 0 0.4036104890625 0.0321179765625 0.4048903109375 0.04282105 0.40850841562499995 0.047760237500000004 0.4144013734375 0.054519546875000005 0.4137398296875 0.0594302796875 0.4180026 0.0681519875 0.41893748437499995 0.07296786875 0.4177663015625 0.10591126875000001 0.4209961984375 0.1445426703125 0.4176040796875 0.15426928906249998 0.4206956671875 0.16194814375 0.4173002671875 0.16280129375000002 0.41076264218749997 0.173390546875 0.40786 0.1927394453125 0.408065825 0.1965788734375 0.406368125 0.21535867187500002 0.3739702203125 0.2227434921875 0.353729559375 0.22150145625 0.33798796875 0.2297583984375 0.3122964734375 0.2103715578125 0.3099170671875 0.20932870937499998 0.30558678125 0.1907001703125 0.291235796875 0.19645456875 0.288417546875 0.199061446875 0.27152165156249997 0.20771675625000002 0.2686527671875 0.20863630312499998 0.26591891093750003 0.20275859999999998 0.26167301875 0.2026068390625 0.252978690625 0.23490525624999997 0.2192576953125 0.2542446703125 0.218920125 0.2600085546875 0.216645271875 0.272323078125 0.2017541734375 0.28868520000000003 0.14167685624999998 0.2885144703125 0.1318957375 0.24781633749999998 0.1277140765625 0.232382746875 0.1301577140625 0.209109053125 0.1267590296875 0.20417935156250003 0.12140946875 0.1954671296875 0.12101798125 0.1896083953125 0.117858878125 0.163462246875 0.1161410171875 0.0053717750000000005 0.09172244375000001 0 0.093115796875 0 0.4036104890625
7 0 0.5043634453125 0.0025265046875 0.6491067875 0.09144664687500001 0.64519583125 0.13102605 0.6407000421875 0.13579450937499998 0.6368118828125 0.1488483640625 0.6088624125 0.191090553125 0.47984466562500006 0.1974704640625 0.4574473 0.1988827296875 0.4275267921875 0.1939909671875 0.4243508109375 0.16009008281249998 0.42168118750000005 0.1107840609375 0.42308538906250004 0.065307984375 0.4222484921875 0.044944690625 0.41934256875000003 0 0.4196915578125 0 0.5043634453125
7 0.07276219687499999 0.7384709093749999 0.0813416296875 0.7312548609375 0.08618596875 0.7317138640625 0.0948128234375 0.7272147921875 0.10639750156250001 0.725925459375 0.1084168078125 0.7307822625 0.1142186328125 0.730680990625 0.122598878125 0.7120536375000001 0.1311308859375 0.7021206109375 0.14299961249999998 0.661689925 0.1390273953125 0.6557800890625 0.0974666265625 0.6575926562500001 0.0027864921875 0.6640014625 0.005751934375 0.8338915359374999 0.07524676875 0.8253973078125 0.08000574218749999 0.8209657515625001 0.08741901875 0.8023552765625 0.0825272546875 0.799179296875 0.07677285625 0.8019975453124999 0.0593578984375 0.8017579640625 0.0505508265625 0.7959325203125001 0.0591112890625 0.78762968125 0.0681265296875 0.7499666078125 0.07276219687499999 0.7384709093749999
7 0 0.089416090625 0.03628638125 0.08955214375000001 0.0837817640625 0.0952458421875 0.0993481453125 0.10040974062500001 0.1458481046875 0.1044901296875 0.2699618140625 0.12189191562499999 0.2796315203125 0.12172312968750001 0.309284621875 0.047281229687499995 0.3069617953125 0.025035771875 0.3141499921875 0.0031678593749999997 0 0.008651368750000001 0 0.089416090625
8 0.3489029640625 0.1558454609375 0.3410818328125 0.15108992968749999 0.3196851734375 0.144397115625 0.3100628921875 0.14728287812500002 0.302535796875 0.1593726078125 0.305692803125 0.17399365 0.3135139328125 0.17874918125 0.3271179171875 0.18231665 0.34449493593749997 0.18038264843750001 0.35206945625 0.1710098984375 0.3489029640625 0.1558454609375
8 0.1901535375 0.647821384375 0.1756584625 0.6486179578125 0.16615000156249998 0.6580244656249999 0.1653822140625 0.66945265 0.170416253125 0.6807795624999999 0.1831481171875 0.6897978640625 0.1946000046875 0.6809009953125 0.1960312421875 0.6520672765625 0.1901535375 0.647821384375
8 0.28751555624999997 0.7950576515625001 0.2826617328125 0.794055253125 0.2818370375 0.8022230640625001 0.28666240468750004 0.8015952765625001 0.2954315375 0.8052471375 0.305944909375 0.79799733125 0.29711886875000004 0.7910850968750001 0.2913265296875 0.7917297640625 0.28751555624999997 0.7950576515625001
1 0.16189473125 0.8021424203124999 0.1544150609375 0.8169491265625 0.1568042828125 0.842998353125 0.17254139375 0.8579433703125 0.19884878749999998 0.8688989546875 0.2163301390625 0.8729423046875 0.2483065671875 0.8761890812500001 0.295697615625 0.8759054296875 0.35363997812500003 0.8705455531249999 0.407590153125 0.7473026125 0.4036843296875 0.7451965453125 0.37173635781250003 0.74357995625 0.3473154796875 0.7298736359375 0.342471140625 0.7294146328125 0.335749771875 0.7322497609374999 0.3183253296875 0.731466784375 0.30396304375 0.73987089375 0.298294009375 0.7475797015625 0.265473915625 0.7514139453124999 0.23754558593750003 0.75842416875 0.2116081078125 0.7686610078125 0.179982625 0.7855198640625 0.16189473125 0.8021424203124999
1 0.203046146875 0.6106341921875 0.2109431578125 0.6197368859375 0.2285573 0.6313877734375 0.2771524453125 0.64467213125 0.3187890953125 0.647206725 0.42806626875 0.645842846875 0.4309197546875 0.643075234375 0.43479712187499997 0.643551115625 0.43855118437499996 0.6369628546875 0.44626797968750004 0.6357410359375 0.43749885 0.6320891750000001 0.4412054875 0.6227839359375 0.45260995 0.6111700890625 0.4534820703125 0.60571925625 0.45923646875 0.60290100625 0.45527373750000005 0.597534565625 0.4657112296875 0.5859375984375 0.4984264890625 0.520682784375 0.5098783765625 0.511785915625 0.5059820390625 0.5102232437499999 0.42082222343750003 0.5079047859375 0.33668628749999996 0.5088298234375 0.2952108828125 0.51553295 0.2442270171875 0.5316425859375 0.21936084375 0.5478398984374999 0.2022588921875 0.5655323671875 0.1967321328125 0.58139210625 0.19702616875 0.5982373671875 0.203046146875 0.6106341921875
1 0.28635488750000004 0.34066087500000003 0.2952662953125 0.35246366875 0.31390431875 0.36735805 0.34515090000000004 0.38420659218750003 0.3616842515625 0.3893536125 0.398561928125 0.39631976406249997 0.4305288703125 0.39902314687499996 0.5244388484375 0.403906675 0.55344796875 0.40340031875 0.5543106046874999 0.3974060890625 0.540735075 0.39546880624999997 0.537748796875 0.3906288828125 0.5395214937499999 0.3813574015625 0.569440175 0.3221305765625 0.575185090625 0.31876893281249996 0.58874165 0.3196194234375 0.5942589234375 0.3032162890625 0.59902738125 0.29932812656249996 0.599899503125 0.29387729375 0.5843520921875001 0.2898001875 0.5971593359375 0.24772243437500002 0.6193712078125 0.2457040421875 0.6183283562499999 0.24137375625000002 0.6239784203125 0.2325781578125 0.6079949484375 0.231226465625 0.5812514953125001 0.22299629843750002 0.5164170328125001 0.2214101828125 0.4602094296875 0.215324996875 0.41573826093750005 0.21664480468749997 0.3598531453125 0.22903506562499998 0.317647896875 0.2493399578125 0.30142755 0.26212498906250004 0.287226509375 0.27976682343750003 0.2807327796875 0.2956434421875 0.27925411875 0.32176018281249996 0.28635488750000004 0.34066087500000003
1 0.4956365546875 0 0.377412996875 0.0020636 0.3762232546875 0.0031714890625 0.370525765625 0.0092501109375 0.36232573437500004 0.038201978125 0.363823865625 0.0686152484375 0.375892278125 0.095039084375 0.39951691562499997 0.11854340000000001 0.4269145859375 0.13654624843750002 0.4454198171875 0.1438330921875 0.4959109640625 0.154910109375 0.608383084375 0.1703408546875 0.647118821875 0.1729260859375 0.651896765625 0.1695813203125 0.651801915625 0.164147365625 0.683474821875 0.1500054875 0.7523668671875 0.16239199843750002 0.9132918578125 0.182956165625 0.93264075625 0.1831619921875 0.9393336718749999 0.178696678125 0.9344039671875001 0.173347115625 0.9331239921875 0.1554319421875 0.9417698171875 0.1520196640625 0.9485765531249999 0.15407509531250002 0.953335525 0.1496435390625 0.9627965640625 0.1375200515625 0.957857375 0.13162709374999998 0.9606160125000001 0.12342552656250001 0.9730822953124999 0.11722875625 0.98057145 0.1029654453125 0.9882787609375001 0.10120023125 0.9931394828125001 0.102597825 0.99134863125 0 0.4956365546875 0