1 0.4088988953125 0.390227328125 0.41351854687499995 0.385608403125 0.42344275624999994 0.38418409531250003 0.4469586328125 0.3844443046875 0.49038696875000004 0.3701927828125 0.49336952187499994 0.3654880609375 0.49561635937500004 0.35393933906249997 0.4954527984375 0.3257367890625 0.501075453125 0.31242057343749996 0.5063821125 0.2738104375 0.503704428125 0.2726979 0.501090784375 0.25992224375 0.5041749624999999 0.253278434375 0.5013712984375001 0.233687378125 0.5024251140625 0.2240205453125 0.5053568562499999 0.22028536718749997 0.5028580640625 0.19487705 0.5005931796875001 0.0605939015625 0.49131629375 0.060107721875 0.4875938171875 0.141577953125 0.48114043593750006 0.144642465625 0.46390115156249995 0.1238087671875 0.43577885156249996 0.11747390937499999 0.343186775 0.130121075 0.30869287500000003 0.14095200624999998 0.302577434375 0.11146532499999999 0.3087346625 0.067066528125 0.2990137 0.0646126609375 0.29672928125000003 0.066437353125 0.2882235921875 0.12432395781250001 0.2860895046875 0.165044775 0.28786370625 0.21472027031250002 0.294511615625 0.254929125 0.319963153125 0.374872134375 0.3238206328125 0.384796359375 0.3310539265625 0.39295308906250004 0.3660294875 0.39381387343749996 0.4088988953125 0.390227328125
1 0.4196944375 0.7271764296875001 0.4467650234375 0.7013733671875 0.45993907500000003 0.6797030484375 0.47357042812500005 0.649306840625 0.486543334375 0.5897099390625 0.4930848015625 0.475332434375 0.49438365156249997 0.38790195 0.489472359375 0.3876445609375 0.4865782 0.4011037703125 0.4894967125 0.4080621671875 0.4868566125 0.41667366093749997 0.4876431421875 0.42254811718749996 0.4820337140625 0.4251707578125 0.487375853125 0.43808940781250005 0.4855222828125 0.45257535937500004 0.48179078124999997 0.4611296546875 0.4673617734375 0.45454022656250004 0.46388433281249997 0.45824680625 0.418476446875 0.468505759375 0.410100940625 0.46126137343750007 0.409301184375 0.466080490625 0.40277158437500005 0.47059932031249996 0.3850363609375 0.46966985625 0.3808740140625 0.46556289375000004 0.37794227187499996 0.46929807031250004 0.346444153125 0.46473070625 0.33795379531249997 0.4701189828125 0.33382903124999996 0.47573604999999997 0.32894209218750003 0.495896265625 0.321631528125 0.5100962265625 0.32008282499999996 0.51876491875 0.31841716875000003 0.5818710265625 0.3136826640625 0.5991226125 0.3135170015625 0.612724815625 0.31866702187499996 0.66063281875 0.32766339375000003 0.687353865625 0.3427640796875 0.7124504140625 0.3609489421875 0.730903153125 0.3760252734375 0.7355820953125 0.40341185625 0.7350729515625 0.4196944375 0.7271764296875001
1 0.6453913828125 0.1167927625 0.6335384359375 0.11325495781249999 0.6306241265625 0.022687053125000002 0.6214488640625 0.020261784375 0.6198493484375 0.029900020312499997 0.6224365359374999 0.0640628234375 0.619425421875 0.13195944843750002 0.620960896875 0.13398433125 0.61837160625 0.1416262828125 0.621517721875 0.1651241125 0.6170727578124999 0.22905676718749998 0.6100009203125001 0.29090734218750003 0.615089003125 0.308673709375 0.6171061359375 0.3223903078125 0.616191528125 0.3398420859375 0.6194016812500001 0.351676796875 0.623309971875 0.360631478125 0.6361526937499999 0.36616556718750004 0.6236614484375 0.43745418437500005 0.6222651796875 0.44321424531250003 0.619485871875 0.44404079531249996 0.6202724015625 0.4499152515625 0.6164900890625 0.459439090625 0.6148884734375 0.5108820796875 0.6156464421875001 0.5799484421875001 0.6214062015625 0.616221925 0.6297044390625001 0.6458230031250001 0.646581428125 0.6787902906250001 0.6563399750000001 0.6909681890625 0.67348425 0.7083941874999999 0.6916823421875 0.7161533515625 0.7156422953125 0.718381246875 0.7322165171874999 0.715361040625 0.7543117734375 0.7009637046875 0.7712549046875 0.6804631203125 0.79020404375 0.64256795625 0.7994830328125 0.6012493828125 0.801020609375 0.5614695109375 0.8046637140625 0.5441607265624999 0.8037887906250001 0.52953178125 0.8072042937499999 0.495683565625 0.802394625 0.49348708906249994 0.7951502031250001 0.45421917812499996 0.791042871875 0.3655331625 0.7934929546875 0.35010626718750004 0.803532015625 0.3360493 0.8092827515625001 0.2994068484375 0.8210361781250001 0.2630789859375 0.8458773624999999 0.154521559375 0.8501434343750001 0.1148846828125 0.8510336875 0.0770153 0.8449670312500001 0.0173927828125 0.83121383125 0.0166720078125 0.831010584375 0.02055018125 0.8342075109374999 0.043078467187500004 0.833242090625 0.0614997875 0.826768865625 0.0806046640625 0.807377753125 0.07472738906250001 0.787136071875 0.0746387734375 0.6892394390625001 0.0840913203125 0.6652154453125 0.09352654375 0.653742534375 0.1036195421875 0.6453913828125 0.1167927625
1 0 0.7141413890625 0.006726121875 0.7240055937500001 0.0290865609375 0.7358717234375 0.067641184375 0.7310868421875 0.10190748593750001 0.7037164796875001 0.13038756875 0.6614597796874999 0.14476786875 0.627213996875 0.152688171875 0.6013795156249999 0.1655594546875 0.5437217015625 0.1648745484375 0.5359081578125 0.17242594375 0.5275540546874999 0.17104290312499998 0.5226205421875 0.172821309375 0.488686528125 0.1837903109375 0.404679453125 0.186419284375 0.3649567796875 0.1816117171875 0.3209555484375 0.1972602046875 0.304275940625 0.22741707187500002 0.23002431250000002 0.23491765468749998 0.222639753125 0.23607309375000002 0.211033834375 0.2423938828125 0.1948375875 0.2400210671875 0.1879077890625 0.2310358234375 0.192297925 0.2073013671875 0.24841421718749998 0.2006513546875 0.2500101171875 0.195905725 0.2361505234375 0.1921874546875 0.2340112453125 0.192644759375 0.22528535624999999 0.171327009375 0.1726412140625 0.1673811375 0.1539625015625 0.16376448906250002 0.14988413750000001 0.16412017031249998 0.143097334375 0.1575850078125 0.1320605734375 0.1442870828125 0.0934476171875 0.14015119375 0.0679535046875 0.12739686562500002 0.07117390312500001 0.116315115625 0.126008884375 0.1069741890625 0.13718582031249998 0.09161944375 0.116936990625 0.0677235328125 0.103045978125 0.0458447515625 0.102871565625 0.01979135625 0.1092654703125 0.004962528125 0.39221636875 0.0236971984375 0.400178153125 0.0265516734375 0.4187996671875 0.0175135125 0.4659641 0.011979253125 0.48803480312499997 0.0025742859375 0.51087485625 0 0.5236962187499999 0 0.7141413890625
1 0.0998705484375 0.9797162765625 0.20882432187500002 0.9854263015625 0.20921872187499999 0.984474765625 0.2135599609375 0.9642859515625 0.213725625 0.950683746875 0.2224456859375 0.9200301484375 0.22541711250000002 0.8842142468749999 0.2231083390625 0.8656213312500001 0.21324817031249999 0.8553825203125 0.1279666609375 0.853829725 0.11680974531249999 0.88921664375 0.0998705484375 0.9797162765625
7 0.7873193296875 1 0.7852891609375 0.96605503125 0.766883003125 0.80564859375 0.765398340625 0.8026541671875 0.7483800421875 0.8037066890625001 0.748671684375 0.8085830046875 0.7449909953125 0.8161677562499999 0.740435384375 0.8091235640625 0.7390258875 0.8255772 0.7309796046875 0.8329331625 0.7231498000000001 0.825717375 0.7146594421875 0.8311056515624999 0.6983900890625 0.8283085984375 0.6926922671875 0.8221767515625 0.6934036296875 0.8086031468750001 0.6903326812499999 0.8045533812500001 0.6899658734375 0.7802290015625 0.692351915625 0.776465225 0.6889385156250001 0.7685086859375 0.690222034375 0.73357653125 0.694245175 0.7298985499999999 0.7006919421875 0.7321808234375 0.7086874125 0.7257944046875 0.7159207078125001 0.7339511359374999 0.721835003125 0.7255112359375 0.7215433640625 0.7206349203125 0.6995629609375 0.7223995953125 0.6570248796875 0.6987817328125 0.639003578125 0.70853154375 0.6338249984375001 0.7238154453125001 0.6319825515625 0.769412575 0.6396091125 0.7805065359375 0.6403824124999999 0.7970745671875 0.6108130328125 0.7974693140625 0.6062441921875 0.8011186953125 0.6004447484375001 0.796925934375 0.5824874859375 0.7950126281250001 0.57846434375 0.798690609375 0.5700804296875 0.95866524375 0.5734806031249999 0.9773153562499999 0.5816861171875 1 0.7873193296875 1
7 0.37919784375 0.7376927734375001 0.3541089109375 0.7256836515625 0.34013720625 0.71036833125 0.32969375625 0.690376890625 0.31877977031250004 0.6898049140625 0.3181192203125 0.7024089765625 0.32734319218749997 0.7456694546875 0.33422080625 0.7606129875 0.339849025 0.7628523609375 0.3364787703125 0.7801754453124999 0.2702967328125 0.7796236109375 0.2679615 0.7824178453124999 0.259608246875 0.8373958187499999 0.2481464609375 0.8785999984374999 0.236706928125 0.9820265375 0.23759507968750002 0.9859619078125 0.23999991562499998 0.9870601453125 0.3093037125 0.9906922046875 0.4199602359375 0.9935748484375001 0.44362854843750005 0.9909264265625 0.44557051562499994 0.9851949640625 0.4549463078125 0.785411859375 0.38995729218749997 0.7829781359375 0.3886891046875 0.7654119609375 0.40045365625 0.7601952796875 0.404744084375 0.74097600625 0.40385593125 0.7370406375 0.37919784375 0.7376927734375001
7 0 0.9744822828125 0.09861940625 0.9796507078125 0.1061720703125 0.946019309375 0.104446578125 0.937179025 0.1134582796875 0.9114017421874999 0.1154642875 0.8940071609375 0.12697688437500002 0.851833440625 0.14045790625000001 0.78254110625 0.1397221890625 0.7756971078125 0.0964087046875 0.77731596875 0.09454400625 0.7606907390625001 0.0980214484375 0.756984159375 0.09887201718750001 0.7511954984375 0.0928073890625 0.720739275 0.08973643906249999 0.7166895078125 0.07265410156249999 0.729405146875 0.050965340625 0.7360461359375 0.0299747109375 0.7398070953125 0.0170303671875 0.736212090625 0 0.781823734375 0 0.9744822828125
8 0.1289933203125 0 0.13514037968749998 0.027830446874999998 0.146675228125 0.047879084375 0.16393435625 0.052672421875 0.17561051562500002 0.0387012515625 0.179165225 0.0126379796875 0.1765698578125 0 0.1289933203125 0
5 0.22221556250000002 0 0.22983798281249998 0.03765436875 0.2353325578125 0.0476643875 0.5437431015625 0.030772490625 0.55293159375 0.022504184375 0.5533245375 0.0021084468750000003 0.5130929734375 0 0.22221556250000002 0
2 0.3276272984375 0.395690125 0.3229700640625 0.3905850203125 0.3096345546875 0.3422480328125 0.29828972343750004 0.3290147953125 0.2944830578125 0.3181210296875 0.280294878125 0.317377459375 0.27273025624999997 0.3364251359375 0.27096507812500004 0.3596655765625 0.272449740625 0.3626600015625 0.2601749703125 0.41937687031250004 0.259856871875 0.43588770468750004 0.24783615937499998 0.487756859375 0.247873740625 0.4974808890625 0.25072821562500003 0.5161024046875 0.25552465625 0.52899245625 0.315399134375 0.5350469609374999 0.3200584703125 0.4983473140625 0.31763484375 0.49238705937500005 0.3226255078125 0.42848300312500004 0.3276272984375 0.395690125
2 0.26211063125 0.5390596734375 0.25832831875 0.5485835125 0.260789528125 0.5642677984375 0.2717654484375 0.5949814124999999 0.30892380625000004 0.5959565921875 0.3131501953125 0.5884004390625 0.315765940625 0.5593713390625 0.31016974375 0.55130040625 0.3095356484375 0.5425173187500001 0.26211063125 0.5390596734375
2 0.6128935921875 0.559387840625 0.6153478796875 0.46035143749999996 0.6127273140625 0.33285509062499996 0.605290771875 0.328576534375 0.592193990625 0.3278901609375 0.5642108968749999 0.329340246875 0.5590455453125001 0.3339305734375 0.555808934375 0.3434830109375 0.5566685265625 0.41061028593750004 0.5540395515625 0.4503329609375 0.5562842859375 0.4805889921875 0.5535161046875 0.512526721875 0.5534610875 0.597105775 0.55494575 0.6001002 0.56858823125 0.600815171875 0.6080818203125 0.5989961187499999 0.6128935921875 0.559387840625
2 0 0.5257032015624999 0.0017237171875 0.5166635171875 0.011979253125 0.48803480312499997 0.018262459375 0.46211452499999994 0.0272122234375 0.40619560468750004 0.025232671875 0.4022030359375 0.00494168125 0.39261413125 0 0.486907034375 0 0.5257032015624999
2 0.0389259640625 0.40194846562500003 0.0375032390625 0.429095675 0.0327555078125 0.4570408375 0.034189359375 0.46100480624999995 0.036219721875 0.46402783124999997 0.039202274999999995 0.459323109375 0.043340267187499996 0.44301246718750004 0.0458035796875 0.4168919984375 0.052568443750000006 0.40266343750000005 0.0515786703125 0.4006671546875 0.0389259640625 0.40194846562500003
2 0.0628726890625 0.41486993437499997 0.060232587500000004 0.423481428125 0.05487721875 0.42125635156249996 0.057097598437499994 0.43109477968750004 0.05341691093749999 0.43867953125000003 0.0537085515625 0.443555846875 0.05817576875 0.44184555156250005 0.0639752140625 0.4460383125 0.0690389421875 0.443387071875 0.0683164515625 0.425849496875 0.0653979390625 0.4188911015625 0.066641771875 0.41603967031250005 0.0628726890625 0.41486993437499997
2 0.9783358812499999 0.8011750703124999 0.97202831875 0.8066777437500001 0.9678151609375 0.803540321875 0.9535761703125001 0.8037662937500001 0.95129175 0.8055909859374999 0.951366915625 0.825039046875 0.9659441546875 0.9123293562500001 0.9752886937499999 0.9846127687499999 0.9848842703124999 0.80151825625 0.9783358812499999 0.8011750703124999