1 0.3236607671875 0.849939353125 0.332212503125 0.852450059375 0.3463880375 0.852202625 0.349260278125 0.854280475 0.3776206296875 0.8543174375 0.38891464062500003 0.8514603203125001 0.40489669843750004 0.8463933906250001 0.41418923906250005 0.8371872578125 0.41878445312499996 0.8296591046874999 0.4156058671875 0.8100307390625 0.385752771875 0.7786320718749999 0.3733280609375 0.77086900625 0.30568282343750003 0.7406619984375 0.296223184375 0.740295121875 0.2895429515625 0.7366877546875 0.28756933125 0.731934240625 0.3014199546875 0.7130726203125 0.3058202203125 0.69437595625 0.293005615625 0.66427586875 0.2668398296875 0.627492878125 0.2468362671875 0.6187981109375 0.22041240312500002 0.6213873249999999 0.2128985328125 0.6241784609375001 0.2043653640625 0.6227314203125001 0.1957393609375 0.615966040625 0.173938559375 0.6126226031249999 0.0216114421875 0.6051735609375 0.0140975734375 0.6079646953125 0.014153271875000002 0.6111556984375001 0.02176925625 0.6142147375 0.1163656515625 0.617883509375 0.1202850421875 0.6257950343750001 0.062398356249999995 0.6672371421875 0.067513428125 0.6894916859375 0.034418614062500005 0.689005365625 0.020298779687499997 0.6924438046875 0.0032974203124999995 0.6932725609375 0.0034600781249999996 0.7025912140624999 0.0195394078125 0.7030969781249999 0.027211090625 0.7093470187500001 0.07662400625 0.778175978125 0.087400009375 0.7997997156250001 0.0798954234375 0.803122684375 0.005311875 0.8086805125 0.005463460937499999 0.8173649296875001 0.1517831140625 0.8055918500000001 0.15847262812500001 0.809731053125 0.15761114062499998 0.8145340531249999 0.1772712265625 0.8035509671875 0.1886487859375 0.8054803546875 0.2141368984375 0.80343946875 0.22200352968749998 0.8208580218750001 0.224172096875 0.8367800484375 0.2914831390625 0.8478410343749999 0.3236607671875 0.849939353125
1 0.5043634296875 1 0.5106162750000001 0.9998908562500001 0.5106069921875 0.999359021875 0.502888890625 0.9904498109375 0.4895191453125 0.9827032421874999 0.48268110000000003 0.9700547 0.46555905937500003 0.9639696140625 0.46171393437499997 0.9603127609375001 0.4427296734375 0.9558561687499999 0.4293784921875 0.9491732671875001 0.3837939859375 0.9372010453125 0.3496705875 0.931944715625 0.34011811718749996 0.9262594999999999 0.3457419140625 0.9235013578125001 0.346584834375 0.9176346890625 0.35496019218749997 0.9100405531250001 0.37518470000000004 0.8772357828124999 0.3824479234375 0.8600851328125 0.381400771875 0.8542514562499999 0.3293959625 0.8535632156249999 0.2611677328125 0.844114225 0.2527738125 0.8506446921874999 0.2414705171875 0.852969975 0.212127996875 0.8508221718750001 0.1950430890625 0.8468644218750001 0.1912815125 0.8479940734375001 0.1932737 0.8538112546875001 0.2055498796875 0.8530649765625 0.2093764390625 0.8556581640625 0.24063687968749997 0.859368478125 0.2407389953125 0.8652186515625001 0.23147430156249998 0.8760202843749999 0.2212181578125 0.8841792453125 0.2052361015625 0.8892461765625 0.2053010828125 0.8929690140625001 0.2446231015625 0.9252663921875 0.24277944843750002 0.927958553125 0.24756960781249998 0.9315989124999999 0.2703711453125 0.93811685625 0.29708278906249996 0.9520144921875 0.3305953453125 0.9764333359374999 0.3514325453125 0.9787296015625 0.3530905359375 0.9654007640625 0.3871396671875 0.966402421875 0.395589290625 0.9630629578125 0.40036088437500006 0.9656396484374999 0.3985357953125 0.9693954781249999 0.404196725 0.9687646687499999 0.407068965625 0.9708425171874999 0.41271132968749996 0.96914804375 0.418474375 0.9743674078125 0.4269889796875 0.9747507796875 0.44792829375 0.9828972171875 0.4509861984375 0.99561174375 0.45462249374999997 1 0.5043634296875 1
1 0.5113255296875 0.8780514109374999 0.514123503125 0.8758745875 0.5207387531250001 0.8757591187499999 0.5098606359375 0.8482852078124999 0.5022260843749999 0.844162503125 0.49444300312499995 0.8315304546875 0.474504421875 0.826558525 0.45565012656250004 0.8295476078125 0.44629260156250006 0.835030903125 0.42443610156249995 0.8284964625000001 0.4216938265625 0.8338642875 0.4388344328125 0.8410130421875 0.4362128390625 0.8532947078124999 0.42604024375 0.8662401734375 0.4195363921875 0.8727376484375 0.40446223750000004 0.8756607484375 0.3930475453125 0.8716040265625 0.3807527984375 0.8712866359375001 0.35404300625 0.91165255 0.39468882031249997 0.9114750718750001 0.405399840625 0.929375971875 0.40181464531250005 0.940610465625 0.40463118593749997 0.9394973109375 0.4826625328125 0.9689910312500001 0.49043633125 0.9810912453125 0.505714715625 0.989868490625 0.557849490625 0.99800240625 0.5611756812500001 0.9990083390625 0.6278006921875 0.9978453953124999 0.628597196875 0.9893195562500001 0.6218519828125 0.9819893515624999 0.6113544765625 0.9763206312499999 0.6045721281249999 0.9668630921875 0.593120303125 0.9606790328124999 0.5408091484375 0.9424402734375 0.49148163125 0.9326613703125 0.4857278703125 0.9279738406250001 0.5105011765625 0.8849817468750001 0.5113255296875 0.8780514109374999
1 0.56448151875 0.40311520468750006 0.553150375 0.40384498750000003 0.5417542484375 0.4008519328125 0.5336648203125 0.370669365625 0.5258538890625 0.3564418171875 0.5182007734375 0.35125544375 0.4879874828125 0.3533788046875 0.4832158875 0.35080211562499997 0.46995753906250004 0.3494375515625 0.3518188015625 0.35096767500000003 0.349020828125 0.3531444984375 0.351911634375 0.3562860140625 0.4294231234375 0.3559970390625 0.435149034375 0.3590890671875 0.4445251265625 0.354669440625 0.46815101718749996 0.3542570484375 0.47384908125 0.355753575 0.479621409375 0.361504775 0.456338996875 0.3815950203125 0.434714575 0.3883564265625 0.41304373906249997 0.39245866406249996 0.2903840546875 0.40577161093749997 0.2847695390625 0.4090615875 0.29144977031249997 0.41266895625 0.38577695312500004 0.400914546875 0.3905392640625 0.402959403125 0.3993045140625 0.41770229062500003 0.40228815312500005 0.42616214531249996 0.39860084218749997 0.43154646718749995 0.40527179062499996 0.43462200156249997 0.4619460796875 0.432036759375 0.4695342125 0.43350029687499997 0.509225709375 0.432807478125 0.5167488625 0.430548178125 0.5222798265625 0.422471696875 0.5355010421874999 0.421708921875 0.558295146875 0.48195858437499994 0.562112421875 0.4840199375 0.5895555890625 0.48566889843750005 0.6207324812499999 0.48459270937500004 0.6574774718749999 0.4775673703125 0.667492253125 0.45558073125 0.66151569375 0.43812918593749994 0.6442636890625 0.4245984265625 0.6137811859375 0.41129860625000003 0.5957326765625 0.40629368593750004 0.56448151875 0.40311520468750006
7 0.44917214687499996 1 0.4491146921875 0.996708403125 0.44431524843750003 0.992536209375 0.43483704375 0.991105665625 0.431131165625 0.9954263187500001 0.4236080140625 0.99768561875 0.41128541875 0.995772728125 0.3988328578125 0.9864141625 0.3913097046875 0.9886734625000001 0.383693721875 0.985614425 0.3714361078125 0.98742436875 0.3675909828125 0.9837675140625001 0.346763065625 0.9820030828125 0.3268337703125 0.9775629875 0.31644765937499997 0.9782762734375 0.2672036921875 0.9732838750000001 0.2605420265625 0.9707401750000001 0.264062240625 0.9557828453124999 0.25919781406250003 0.9478878156249999 0.2343205421875 0.9307661828124999 0.22676954062500002 0.9314299828125 0.21631844843749998 0.92842043125 0.209749615625 0.9311950703124999 0.20141139218749998 0.9409165421875001 0.164584703125 0.9974189250000001 0.1639088953125 1 0.44917214687499996 1
7 0.5830164546875001 0.5443025921875 0.582117834375 0.54697825625 0.5736496468750001 0.5492540531250001 0.555361625 0.5846850031249999 0.555556571875 0.5958535140625 0.5682504953125 0.6190397609375 0.576690834375 0.6151684625 0.5867891640625 0.597968325 0.5971474234375 0.5956595375 0.6019468671875 0.59983173125 0.616790790625 0.6378763359375 0.7301115171875 0.6311103515625 0.7461399906249999 0.628702590625 0.7468065312500001 0.612731078125 0.7395878734375 0.5782773453125001 0.7256704187499999 0.5391525781250001 0.6821987796875 0.539911378125 0.6000549453125 0.5456011703125 0.5830164546875001 0.5443025921875
7 0.6057028609375 0.7066973515625 0.617830509375 0.6974417296875 0.6214528375 0.688334571875 0.6270859171875001 0.6861082625 0.636638390625 0.6917934781249999 0.649462278125 0.7224254 0.76955606875 0.724585121875 0.7521165515625 0.646154134375 0.7171130984375 0.6446371375 0.626389678125 0.6462207203125 0.61226984375 0.6496591609375 0.60482095625 0.65617313125 0.5967519453125 0.681317784375 0.6057028609375 0.7066973515625
7 0.6471024640625 0.8038619656250001 0.6519761749999999 0.8122888296875 0.6576556703125 0.8127216890625 0.6669760625000001 0.8051110593749999 0.6801508625 0.8016891171875 0.6919740156249999 0.8291465296875 0.7979294046875001 0.8336810234375 0.7986794921875 0.8224960171875001 0.785493559375 0.7711225734375 0.6786024187499999 0.767136409375 0.6691056453125 0.7646421984375 0.6623882812499999 0.7589074953125 0.64694465 0.794820790625 0.6471024640625 0.8038619656250001
7 0.689993028125 0.3365528875 0.6950802484375 0.35721193125 0.6998332765625 0.35872495312499997 0.709107253125 0.34845515312500003 0.7156760859375 0.3456805140625 0.7233199203125 0.35033505468750004 0.733253003125 0.377825459375 0.78618428125 0.3774335359375 0.8315181421875 0.37504624375 0.8224911109375 0.29114845625 0.8120678703124999 0.28973440625 0.7167213875 0.297250640625 0.7140069609374999 0.3042139671875 0.6943932921875 0.31785622343750003 0.689993028125 0.3365528875
7 0.7569364421875 0.43486762187499994 0.7437337937499999 0.4366940640625 0.7409729515625 0.440998221875 0.7324769156250001 0.44167851718750006 0.7250465937499999 0.44925615625 0.7196270265625 0.4637146453125 0.7247420984375 0.48596918906250003 0.7340532078125 0.477826725 0.7454586171875001 0.48135161406250004 0.75023949375 0.48446013906249996 0.7504530078125 0.49669231875 0.7637763390625001 0.5017797171875 0.8365440812499999 0.5005095515625 0.84125069375 0.49936340625 0.8430757828125 0.495607578125 0.8399993125 0.481829384375 0.8424816578125001 0.46157020937500004 0.8363472843749999 0.4350774890625 0.824033971875 0.43369643125 0.7569364421875 0.43486762187499994
7 0.7474266546874999 0.5941003953124999 0.7548198421875 0.584395421875 0.762380128125 0.58426345625 0.7661974015624999 0.586324809375 0.7741661484375 0.609593534375 0.85639353125 0.608690246875 0.8528250515625 0.56672485625 0.847821378125 0.55085231875 0.7627774546875 0.5528687609375 0.7496119390625 0.5568225375 0.741431528125 0.5755851859375001 0.7435815296875 0.5904435421875001 0.7474266546874999 0.5941003953124999
7 0.4956365890625 0 0.3879122890625 0.001880334375 0.395232925 0.021968396875 0.402811775 0.0229000984375 0.4301713921875 0.01976255625 0.4329693671875 0.017585732812499998 0.4735873328125 0.015812751562499998 0.5895028453125 0 0.4956365890625 0
7 0 0.5043634531250001 0.00049938125 0.5329729921874999 0.1194941203125 0.5263256046875 0.1383576984375 0.5238683562500001 0.14300861250000002 0.5195312046875 0.1409328765625 0.5089275203125 0.12934180312500002 0.49476595156250003 0.1205208546875 0.4768320609375 0.0043780359375 0.3219205453125 0 0.31733225468750004 0 0.5043634531250001
5 0.069383740625 0.0074402703124999995 0.152798778125 0.15973107656250002 0.16134123125 0.1617099515625 0.17075445625000002 0.15941765937500002 0.22813241718750002 0.14298824062499998 0.2355441703125 0.134346934375 0.22790033593749998 0.12969239375 0.20540329375000002 0.08646141562500001 0.1740017546875 0.0205100421875 0.170028 0.00568351875 0.069383740625 0.0074402703124999995
5 0.4035822171875 0.6086141578125 0.45337574375 0.69924830625 0.46206672812500005 0.7097365234375 0.4742222265625 0.70207640625 0.48996292031250005 0.68318179375 0.49251953125 0.667177290625 0.44843335156249997 0.5785715046875 0.4436339078125 0.5743993093750001 0.43796369375 0.574498284375 0.40347081874999996 0.602232153125 0.4035822171875 0.6086141578125
5 0.5236926921875 0.8283599203125 0.5285292671875 0.8346594484375001 0.5341716328125 0.8329649734375 0.557351928125 0.80702455625 0.5571848312500001 0.7974515453125 0.52384680625 0.72887399375 0.5171851390625 0.72633029375 0.5078461828124999 0.73287725625 0.4884181765625 0.7571561906250001 0.5236926921875 0.8283599203125
5 0.553824284375 0.8757136046875 0.5822329015625 0.9326732890624999 0.5879773796875 0.9368289859375001 0.6073961015625 0.9120182187499999 0.609174775 0.9056032203125 0.5874835203125001 0.8543782390624999 0.5778753515624999 0.8455020203125001 0.5712972328125 0.847744825 0.562041825 0.85907829375 0.553824284375 0.8757136046875
5 0.6318761109375 0.418962696875 0.652871125 0.4303001390625 0.655687665625 0.42918698437499997 0.6453182734375 0.3767003859375 0.636330225 0.3491934859375 0.6315122171875001 0.343957625 0.6230811609375 0.3483607578125 0.6128714328125 0.35917888593749997 0.6270395343749999 0.4126631703125 0.6318761109375 0.418962696875
5 0.6585914546875 0.5413874375 0.6812723093749999 0.540991540625 0.686886825 0.5377015640625 0.6767680796875 0.49957448125 0.67084721875 0.48531394062500005 0.6651491546875 0.4838174125 0.6474255578125 0.4974266765625 0.6496126921875 0.5144123703125 0.6585914546875 0.5413874375
8 0.386913203125 0.57432538125 0.4001437015625 0.5740944421874999 0.41139129687500003 0.56857815625 0.41783016718750005 0.55835784375 0.41676444999999995 0.5514604984375 0.41101068593749995 0.5467729671875 0.39501006250000004 0.55077623125 0.38007515625 0.5616768390625 0.386913203125 0.57432538125
8 0.49086339062500006 0.73476968125 0.5010731171875 0.72395155 0.501804640625 0.7117028765625 0.497931665625 0.70645051875 0.4875826890625 0.709291140625 0.474621403125 0.7249452625 0.47859649375 0.7360477921874999 0.49086339062500006 0.73476968125
8 0.562949728125 0.8569344624999999 0.57128795 0.847212990625 0.5710744375 0.8349808124999999 0.5662471453125 0.8292131171875001 0.5596411781249999 0.8298604218750001 0.5477084765625 0.8502845515624999 0.550664265625 0.85714890625 0.562949728125 0.8569344624999999
8 0.61918961875 0.3420447328125 0.624655603125 0.3302454125 0.6198468765625 0.3255413875 0.615112415625 0.32509203124999997 0.6048191375 0.33112365625 0.6058848546875 0.3380210015625 0.6088127937500001 0.34328985312500004 0.61918961875 0.3420447328125
2 0.35878308125 0.5333207140625 0.373671571875 0.5197609375 0.399103984375 0.5145290484375 0.34708060937499996 0.512777140625 0.18546095 0.5145342296875001 0.1942540484375 0.5308726203125 0.19997067968749999 0.5334328140625 0.35878308125 0.5333207140625
2 0.405780484375 0.6803952375 0.30172445 0.6763595859375 0.30963749687500003 0.6964373078125 0.4193823109375 0.701437653125 0.4144250515625 0.688224284375 0.405780484375 0.6803952375
2 0.4778482546875 0.8014963500000001 0.4097128578125 0.7973657000000001 0.420358896875 0.8115437609375 0.485649903125 0.815192065625 0.48359273593749996 0.8056520468749999 0.4778482546875 0.8014963500000001
2 0.44324589531249997 0.33553991562499996 0.55851239375 0.33193194375 0.565081225 0.3291573046875 0.5752909546875 0.31833917500000003 0.58361989375 0.3080858703125 0.583545628125 0.3038311984375 0.4305241234375 0.3107581671875 0.4384464515625 0.331367721875 0.44324589531249997 0.33553991562499996