7 0 0.489483065625 0.006653992187500001 0.49946524062500003 0.0979087453125 0.70106951875 0.10266159687500001 0.7106951875 0.10836501875 0.714438503125 0.132129278125 0.7155080218750001 0.21102661562499997 0.712834225 0.2300380234375 0.70962566875 0.26140684375 0.70962566875 0.29847908749999996 0.70534759375 0.31653992343750004 0.704812834375 0.32604562812500004 0.7069518718750001 0.44866920156249995 0.701604278125 0.494296578125 0.69893048125 0.5028517109374999 0.6951871656249999 0.50380228125 0.6850267375 0.4800380234375 0.6561497328125 0.459125475 0.6385026734375 0.4676806078125 0.6315508015625 0.47718631250000004 0.6304812828124999 0.5047528515625 0.6149732625000001 0.5399239546875 0.5893048125 0.5494296578125 0.5893048125 0.5646387828125 0.583422459375 0.5769961984374999 0.5828877 0.5846007609375 0.57967914375 0.583650190625 0.575935828125 0.5769961984374999 0.5737967921875 0.5665399234375 0.5775401062500001 0.5608365015625 0.5748663109375001 0.579847909375 0.5593582890625 0.5846007609375 0.5486631015625 0.5636882125 0.50748663125 0.5304182515625 0.475935828125 0.5028517109374999 0.45775401093749996 0.494296578125 0.45614973281250004 0.47623574218750003 0.4572192515625 0.45627376406250003 0.46363636406250003 0.45532319374999997 0.4700534765625 0.445817490625 0.4737967921875 0.438212928125 0.48716577499999997 0.43060836562500004 0.49144385 0.40874524687499997 0.5251336890625 0.397338403125 0.5272727265625 0.37357414375000003 0.5272727265625 0.360266159375 0.52459893125 0.356463878125 0.5256684484374999 0.352661596875 0.520855615625 0.35076045625 0.5235294125000001 0.33935361249999996 0.524064171875 0.319391634375 0.519786096875 0.31653992343750004 0.515508021875 0.321292775 0.50534759375 0.32794676875 0.5021390375 0.333650190625 0.5021390375 0.3403041828125 0.49572192499999995 0.3326996203125 0.483422459375 0.31749049375 0.46951871718750005 0.3127376421875 0.4598930484375 0.3051330796875 0.45614973281250004 0.1606463875 0.4454545453125 0 0.43699846718749996 0 0.489483065625
7 0 0.301878115625 0.1948669203125 0.3299465234375 0.199619771875 0.3288770046875 0.20437262343749998 0.321925134375 0.199619771875 0.31550802187500004 0.21102661562499997 0.313368984375 0.2195817484375 0.30748663125000003 0.244296578125 0.278074865625 0.2718631171875 0.2374331546875 0.26806083593749996 0.218716578125 0.24049429687499999 0.1893048125 0.23574144531250002 0.186631015625 0.22053231874999998 0.184491978125 0.20437262343749998 0.190909090625 0.20722433437499999 0.196256684375 0.19106463906249999 0.21925133749999998 0.1872623578125 0.2326203203125 0.1777566546875 0.23529411718749998 0.12262357343750001 0.23048128281250002 0.11596958125000001 0.22245989375000003 0.12452471406250001 0.218716578125 0.1074144484375 0.20320855624999998 0.065589353125 0.190909090625 0 0.179475784375 0 0.301878115625
1 0 0.7402852046875 0.00380228125 0.7417112296874999 0.0589353609375 0.7486631015625 0.0960076046875 0.7465240640624999 0.1045627375 0.7529411765625 0.10931558906250001 0.7470588234375 0.12357414375 0.7475935828125 0.12737642656249998 0.7449197859375001 0.135931559375 0.7454545453125 0.14448669218750002 0.7422459890625001 0.1520912546875 0.7433155078125 0.1967680609375 0.7368983953125 0.26806083593749996 0.7304812828125 0.2766159703125 0.7267379671875001 0.2804182515625 0.7310160421874999 0.3136882125 0.71818181875 0.3136882125 0.712299465625 0.30893536093749996 0.70962566875 0.292775665625 0.71176470625 0.2319391640625 0.711229946875 0.2243346 0.712299465625 0.214828896875 0.7176470593750001 0.1929657796875 0.713368984375 0.1074144484375 0.7171122999999999 0.10266159687500001 0.713368984375 0.0636882125 0.6294117640625 0.05988593125 0.6267379671875 0.038973384374999996 0.6278074859375 0 0.6359656765625 0 0.7402852046875
1 0 0.9381263609375001 0.023764257812500002 0.9534759359375 0.0636882125 0.9679144390625 0.1017110265625 0.9716577546874999 0.17205323125 0.9727272734374999 0.2195817484375 0.9631016046875001 0.25 0.9545454546875 0.265209125 0.9534759359375 0.3650190109375 0.9331550796875 0.4115969578125 0.92032085625 0.41634980937500005 0.9155080218749999 0.44011406875 0.910160428125 0.43346007656249996 0.893048128125 0.32794676875 0.7336898390625 0.3203422046875 0.7358288765625 0.311787071875 0.7422459890625001 0.30893536093749996 0.7641711234375 0.31558935312499997 0.777005346875 0.30988593125 0.7807486625 0.29847908749999996 0.7828877000000001 0.292775665625 0.7796791437499999 0.2766159703125 0.7796791437499999 0.267110265625 0.7823529406249999 0.24049429687499999 0.7844919781249999 0.2300380234375 0.787700534375 0.184410646875 0.7914438500000001 0.16825095 0.794117646875 0.143536121875 0.8021390374999999 0.121673003125 0.80106951875 0.12072243281249999 0.804278075 0.11406844062499999 0.8064171124999999 0.0826996203125 0.8106951875 0.07034220468749999 0.8171123 0.05608365 0.818716578125 0.03707224375 0.8262032078124999 0 0.8511282124999999 0 0.8795365421874999 0.012357414062499999 0.8855614968750001 0.0228136875 0.8957219249999999 0.0285171109375 0.9149732625 0.005703421875 0.919786096875 0 0.9145721921875 0 0.9381263609375001
1 0.5191791546875 0 0.5066539921875 0.00748663125 0.4971482890625 0.0251336890625 0.5 0.0347593578125 0.5066539921875 0.0422459890625 0.524714828125 0.05561497343750001 0.5532319390625 0.0711229953125 0.639733840625 0.10534759375 0.7167300375 0.12887700468750002 0.8212927750000001 0.1524064171875 0.9249049421875 0.1679144390625 1 0.1760386671875 1 0.1021215046875 0.9657794671875 0.08823529375 1 0.0632605859375 1 0 0.942567153125 0 0.9363117875 0.009090909375000001 0.9325095062500001 0.020855615625 0.9344106468750001 0.0310160421875 0.9467680609375 0.0395721921875 0.9353612171875 0.0449197859375 0.904942965625 0.049732620312499996 0.8811787078125001 0.045989304687499996 0.8612167296875001 0.0358288765625 0.84315589375 0.0299465234375 0.83174905 0.02245989375 0.8326996203125001 0.0171123 0.8174904937499999 0.020855615625 0.8032319390625 0.016577540625 0.779831134375 0 0.7705668859375 0 0.751901140625 0.004278075 0.7419567125000001 0 0.5191791546875 0
2 0.7699619765625 0.5609625671875 0.781368821875 0.5609625671875 0.8269961984374999 0.5251336890625 0.8374524718749999 0.52032085625 0.882129278125 0.48770053437499994 0.8754752859374999 0.48235294062499995 0.8479087453125 0.4732620328125 0.8346007609375 0.4721925140625 0.829847909375 0.4668449203125 0.8155893531249999 0.4604278078125 0.8165399234375 0.45614973281250004 0.8288973390625 0.45294117656250005 0.833650190625 0.45614973281250004 0.8393536125000001 0.4518716578125 0.845057034375 0.45240641718749997 0.8574144484374999 0.4470588234375 0.8640684406249999 0.4379679140625 0.8631178703125 0.4299465234375 0.8460076046875 0.4251336890625 0.8460076046875 0.41818181875000004 0.8393536125000001 0.418716578125 0.8269961984374999 0.41497326250000005 0.7414448671875 0.40695187187500004 0.5960076046875 0.398395721875 0.5760456281249999 0.418716578125 0.5807984796875 0.42620320781250004 0.628326996875 0.4647058828125 0.654942965625 0.47540106875 0.6596958171875 0.48823529375 0.6891634984375 0.513368984375 0.7699619765625 0.5609625671875
2 0.5199619765625 0.286631015625 0.5256654000000001 0.284491978125 0.5532319390625 0.29251336875 0.5712927750000001 0.290909090625 0.5769961984374999 0.294117646875 0.583650190625 0.294117646875 0.598859315625 0.282352940625 0.60836501875 0.2716577546875 0.60836501875 0.2647058828125 0.5903041828125 0.2620320859375 0.5922053234375 0.2588235296875 0.587452471875 0.2577540109375 0.565589353125 0.2379679140625 0.5627376421875 0.2310160421875 0.46958174843749995 0.214438503125 0.46292775625000004 0.21497326249999998 0.464828896875 0.219786096875 0.459125475 0.221390375 0.43250950625 0.21604278125 0.42870722499999997 0.2106951875 0.42300380156250006 0.21176470625000002 0.420152090625 0.20855615 0.40114068437499995 0.20320855624999998 0.393536121875 0.20481283437500003 0.3849809890625 0.20160427812499998 0.3802281375 0.20748663125000003 0.36787072187500003 0.204278075 0.3593155890625 0.21497326249999998 0.36787072187500003 0.2272727265625 0.453422053125 0.2636363640625 0.4781368828125 0.27647058750000003 0.5085551328125 0.29679144375 0.513307984375 0.29679144375 0.5199619765625 0.286631015625
2 0.41444866874999997 0.24812834218750002 0.3802281375 0.2347593578125 0.37642585624999997 0.23689839531249998 0.3830798484375 0.24812834218750002 0.46958174843749995 0.32459893125 0.4743346 0.3251336890625 0.5142585546875 0.311229946875 0.5028517109374999 0.299465240625 0.4448669203125 0.2636363640625 0.41444866874999997 0.24812834218750002
2 0.3307984796875 1 0.337452471875 0.99679144375 0.4001901140625 0.98609625625 0.4258555140625 0.9700534765625 0.434410646875 0.9668449203125 0.464828896875 0.9636363640625 0.4714828890625 0.9572192515625 0.47718631250000004 0.9556149734374999 0.47623574218750003 0.9443850265625 0.46102661562499997 0.9395721921875 0.43631178750000005 0.90534759375 0.42870722499999997 0.9048128343749999 0.4249049421875 0.906951871875 0.40779467656249996 0.9085561500000001 0.39923954375 0.90534759375 0.3963878328125 0.901604278125 0.37262357343749997 0.901604278125 0.352661596875 0.90534759375 0.3479087453125 0.9122994656250001 0.337452471875 0.91604278125 0.3184410640625 0.911229946875 0.311787071875 0.9122994656250001 0.3108365015625 0.9294117640625 0.31653992343750004 0.9320855609375001 0.321292775 0.9422459890624999 0.2766159703125 0.9524064171875001 0.25 0.9545454546875 0.22528517187500002 0.9593582890624999 0.1872623578125 0.9711229953125 0.19367870781250002 1 0.3307984796875 1
2 0.23098859374999997 0.79251336875 0.23764258593749998 0.79893048125 0.23764258593749998 0.787700534375 0.2804182515625 0.779144384375 0.292775665625 0.780213903125 0.296577946875 0.7764705875 0.30893536093749996 0.7727272734375 0.30608365000000004 0.7657754015625 0.2842205328125 0.7497326203125 0.285171103125 0.7470588234375 0.2766159703125 0.7401069515625001 0.251901140625 0.7422459890625001 0.22338402968749999 0.7406417109375 0.17205323125 0.7486631015625 0.1539923953125 0.7540106953125 0.12642585625 0.7721925140625 0.1121673 0.7962566843750001 0.14163498125 0.801604278125 0.2138783265625 0.789839571875 0.23098859374999997 0.79251336875
2 0.30228136875 0.8310160421875 0.3307984796875 0.8096256687500001 0.3307984796875 0.804278075 0.3203422046875 0.78823529375 0.300380228125 0.7893048125 0.251901140625 0.7957219249999999 0.24619771875000002 0.8 0.23859315625000002 0.8005347593750001 0.23764258593749998 0.808021390625 0.24809885937499998 0.8331550796875 0.25380228125 0.8363636359375001 0.30228136875 0.8310160421875