3 0.64093100625 0.7834457796875001 0.6409957828125 0.748078065625 0.638353778125 0.7411546765625 0.6385595046875 0.7293686515625 0.629391540625 0.716436540625 0.6347689546875 0.50333486875 0.7059945296875 0.5065430515625 0.710465178125 0.5036736828125 0.7114423750000001 0.44769006874999995 0.7099566078125 0.43783945781250005 0.7134043703125 0.398600921875 0.7114690640625 0.38284765468750004 0.71638545 0.3544419015625 0.7224219296875 0.166895896875 0.5451351609375 0.161836409375 0.5395425671875 0.1656686625 0.5210950624999999 0.1673115953125 0.429563128125 0.16669636875 0.4223304703125 0.169517525 0.421227521875 0.3276756046875 0.42338949843749996 0.3620997203125 0.4232180609375 0.3719214078125 0.42092273281250003 0.37679368125 0.42057031250000004 0.46029730156250004 0.4232466046875 0.46525635468750004 0.4309459453125 0.467355684375 0.5131062796875 0.4727196703125 0.5152063 0.483563471875 0.5079316656249999 0.7103865796875 0.504681196875 0.7172071171875001 0.496746475 0.718051084375 0.4943997171875 0.725869865625 0.4933025125 0.788728659375 0.5285705234375 0.794256603125 0.599397990625 0.788615628125 0.625258025 0.7949618234375 0.626294253125 0.79890978125 0.6350812546875 0.8020105640624999 0.64093100625 0.7834457796875001
7 0 0.5784193609375 0.0686025484375 0.58580438125 0.0895938265625 0.5861707843749999 0.09295967031249999 0.5832821328125 0.09461882031249999 0.4565727328125 0.093030190625 0.4526151328125 0.066048209375 0.44723181875 0.0009072078125 0.44366265781249997 0 0.4956365671875 0 0.5784193609375
7 0.0967921984375 0.5853139640625 0.2214807640625 0.596332621875 0.22598569999999998 0.5914989171875 0.22766199375 0.46380735 0.22607336249999999 0.4598497484375 0.1250866515625 0.45219221093749995 0.10131622031250001 0.45275976562500003 0.09627602656249999 0.45660165937499997 0.095203565625 0.5813563625 0.0967921984375 0.5853139640625
7 0.23152880781250001 0.4638748453125 0.22856487187500002 0.507051696875 0.22864484687500003 0.5974401406250001 0.35105522968749997 0.6123489046875 0.362103271875 0.6125417484375 0.36500243125 0.6047326109375 0.368871190625 0.4780617796875 0.3669015953125 0.46427284999999996 0.24162633906250003 0.4552088875 0.23327173281250002 0.458992928125 0.23152880781250001 0.4638748453125
7 0.4230941640625 0.6322732390625 0.42073026249999995 0.6410741890625 0.421526478125 0.6587725078125 0.45688020781249994 0.659389609375 0.46709774687500005 0.6438484718749999 0.46165944531249997 0.6388412046874999 0.46569769843750003 0.6290870156249999 0.497685584375 0.6325927703125 0.5087507687499999 0.6318034453125 0.5104765515625 0.627903696875 0.514255790625 0.4747046703125 0.37128652500000003 0.46631432500000003 0.368806415625 0.51342949375 0.3665224875 0.6126188859374999 0.37253033593749996 0.616653625 0.4210217078125 0.6243773203125 0.4230941640625 0.6322732390625
7 0.29432536875 0.855010721875 0.359268796875 0.8698988640625 0.4094516640625 0.8756871484375001 0.413211815625 0.8502086171875 0.41816443437500006 0.6931002 0.418071115625 0.6351329640625 0.41649962812499997 0.6301931953125 0.3515047703125 0.6182515578125 0.227420034375 0.6042960359375 0.1876642328125 0.602619628125 0.18372884375 0.6064808078125 0.18106200781249998 0.8225771984374999 0.1813572515625 0.83731936875 0.183498284375 0.8412866125 0.2429862671875 0.852149659375 0.29432536875 0.855010721875
7 0 0.839294340625 0.059640220312500006 0.8460019375 0.0638708546875 0.8568829296875 0.034631634375 0.8858465953125 0.027244682812499997 0.8975072703125001 0.0315781796875 0.9024952515625 0.08723363437500001 0.9113264640625 0.10578863593750001 0.8929834515625 0.11020785156249999 0.893060590625 0.1265703875 0.873696840625 0.1347154671875 0.8502597843749999 0.157847778125 0.8545934328125 0.16083265625 0.8418734515624999 0.1647509046875 0.8389944390625 0.1713454390625 0.8410744843750001 0.1775590125 0.8333231984375 0.1807210765625 0.71548224375 0.1803972875 0.6074051234375 0.17882579999999998 0.602465353125 0 0.5833224078125 0 0.839294340625
7 0.99134863125 1 0.997176078125 0.666145840625 0.86524246875 0.65865785625 0.8599108296875 0.67919661875 0.861036578125 0.7096727734375 0.8519256984375 0.8834105609374999 0.8503103812499999 0.9442953765625001 0.852918096875 0.95318310625 0.9300658 0.9653368703125 0.937109875 0.97331956875 0.9374051203124999 0.988061740625 0.9400299796875 0.9959673015625 0.9418635312499999 1 0.99134863125 1
7 0.8647929296875001 0.6527552015625 0.9586498453125 0.657340884375 0.960996603125 0.6495221046874999 0.9679702484374999 0.5032561125 0.7985028296875 0.493420771875 0.7961903578125 0.4992752140625 0.7915425265625 0.60726555625 0.789978640625 0.6652038640625 0.7921711046875 0.666224603125 0.8523314953125001 0.670222109375 0.8524172140624999 0.665311265625 0.856284028125 0.6653787609374999 0.8575088390625 0.6585228640625 0.8647929296875001 0.6527552015625
7 1 0.500660375 0.9719056374999999 0.49939493281249997 0.964200553125 0.592594890625 0.9636214624999999 0.6574276640625001 0.9972728453125 0.6606019828125 1 0.504363409375 1 0.500660375
8 0.25234087031249997 0.981016240625 0.2454548890625 0.9956330624999999 0.28091909843749996 0.9962520921875001 0.28384493125 0.9805836765624999 0.27567890625 0.9735638625 0.2624041140625 0.97431461875 0.25234087031249997 0.981016240625
8 0.1061562546875 0.9352359890624999 0.11830909999999999 0.9354481187499999 0.127888515625 0.9248081796875001 0.13000860625 0.898318553125 0.1278504296875 0.8953334796875 0.11626713125000002 0.8941488234375001 0.1045638234375 0.8998393484375 0.10226849687499999 0.9047116234375 0.10251231093749999 0.9224003015625 0.1061562546875 0.9352359890624999
8 0.45672591406249996 0.668229128125 0.455154428125 0.6632893578125 0.4507695 0.6612478828125 0.441913921875 0.6620757765625 0.43683944218750004 0.6678820078125 0.436650859375 0.6786858640625 0.43932715 0.6836449171875 0.4537753234375 0.678984771875 0.45672591406249996 0.668229128125
1 0.40407239375000004 0.93061145625 0.41570712500000007 0.92884960625 0.4217321140625 0.9319021749999999 0.42591131875 0.9457296749999999 0.4293495375 0.9703513859375 0.42634929374999997 0.9987905859374999 0.4475640125 0.999160890625 0.4477254984375 0.8989519828124999 0.4426129296875 0.8752835140625 0.44312724374999996 0.8458184531249999 0.4382070578125 0.8427851671875001 0.4312315578125 0.83087379375 0.425010384375 0.7757470015625 0.41919111875 0.76090840625 0.4152557296875 0.7647695859375 0.414958540625 0.8767657390625001 0.40407239375000004 0.93061145625
2 0.4683244125 0.795169940625 0.4667529265625 0.7902301703125 0.4535295640625 0.7880344203125 0.443586328125 0.787860859375 0.438546134375 0.7917027546875001 0.43335164531250003 0.8043841671875 0.4377365734375 0.8064256421874999 0.438618509375 0.8192131187499999 0.43416500625000004 0.8211003187499999 0.4340278546875 0.82895766875 0.44371393281250004 0.8438637578125 0.44427013593750003 0.875312440625 0.448778871875 0.9019177734375001 0.4477673859375 0.9598657234375001 0.4509960796875 0.9648344218749999 0.4614745734375 0.965999790625 0.464322303125 0.961137159375 0.46176601875 0.9493029249999999 0.4654918828125 0.9257887296874999 0.46691482031250003 0.8442687296875 0.4638232765625 0.831442684375 0.46406329062499996 0.817692325 0.46242322968750005 0.816681228125 0.46437187968750004 0.8000132875 0.4683244125 0.795169940625
5 0.4600650703125 0.730182890625 0.456819234375 0.7261963625 0.43701847968749996 0.7209384 0.4259704390625 0.72074555625 0.41977400937500003 0.7275146734375 0.42041592968749997 0.754052509375 0.44687979687499996 0.7574618421875 0.4546477125 0.755632496875 0.4600650703125 0.730182890625
7 0.24402452812500003 0.44444359999999994 0.1175244625 0.44223553437499996 0.11793971249999999 0.450102525 0.132285021875 0.451335390625 0.22831725781249998 0.4579239796875 0.24828945156249999 0.45336025625 0.247304653125 0.446465790625 0.24402452812500003 0.44444359999999994