5 0.9091935890625 0 0.8501234265625 0.06221717812500001 0.8473635109375 0.07078909375 0.849609503125 0.0830882765625 0.8475205328125 0.0926428015625 0.8521267281249999 0.0984876515625 0.8679676703125001 0.0856473734375 0.9491438484374999 0 0.9091935890625 0
7 1 0.7205115296875 0.972568078125 0.7262715203125001 0.9669578390625 0.74238195625 0.955347178125 0.74339775625 0.947657496875 0.7357400625 0.9296229031250001 0.7435657250000001 0.9385735437499999 0.8458720265625 1 0.8354207656250001 1 0.7205115296875
7 0.907629259375 0.7663160578125 0.905021625 0.7498832859375 0.8842651859374999 0.76002969375 0.8663971421875001 0.7563864109375 0.8623191406249999 0.7432062015625001 0.8553527437499999 0.74381568125 0.8527213109374999 0.7471698234375 0.8559475484375 0.7573006328125 0.8526071 0.7659233375000001 0.8441179968749999 0.7625008125 0.8357716421875001 0.76739625 0.8327928375000001 0.78015254375 0.8283293953124999 0.7826256593750001 0.8353100609374999 0.79555191875 0.837056403125 0.84225794375 0.840425390625 0.8607067203125001 0.8586027359375 0.8611990203125 0.9099085359375 0.8525451187499999 0.9110553296875 0.838907796875 0.907629259375 0.7663160578125
7 0.6078839046875 0.69674014375 0.60496696875 0.6834583546874999 0.5994709390625 0.6808152749999999 0.5937464921875 0.7156792249999999 0.5895542796875 0.7212525296875001 0.5865897453125 0.7475445671875 0.58506225 0.82369360625 0.5980147984374999 0.8246430203124999 0.6354258749999999 0.81095690625 0.642430340625 0.8040962531250001 0.6452663953125 0.7830219921875 0.65038176875 0.7211373484375 0.6451284296875001 0.694522978125 0.6397228109374999 0.6929132953125 0.6172057390625 0.7063376578125 0.6078839046875 0.69674014375
7 0.7399075953125 0.6612395109375 0.7372238203125 0.6573090828125 0.736448196875 0.6417573375 0.7327841765625001 0.6399952843750001 0.6999792968749999 0.65952625 0.6897247921874999 0.67604300625 0.6744501125 0.675296753125 0.6654328140625 0.679209584375 0.6658848671875 0.6843765687500001 0.6587138515625 0.70270616875 0.6625206218749999 0.7127861890625 0.661116865625 0.736859059375 0.6661798546875 0.7947292906250001 0.669534571875 0.7996423265625 0.6776620359375001 0.798931265625 0.7404738125 0.7746924234375 0.7418014281249999 0.7631218953125 0.7400979015625 0.75702309375 0.7453084265625 0.7430302421875 0.7399075953125 0.6612395109375
7 0.7628671703125 0.7498245078125 0.7652939828124999 0.7641904859374999 0.8060597765624999 0.7554174046875 0.875347828125 0.7316532687499999 0.8727782640624999 0.708969325 0.87248801875 0.6454749984375 0.8699041843750001 0.6092553125 0.867220409375 0.6053248859375 0.8679294234375 0.600056321875 0.8640845828125 0.5962274734374999 0.8610772375 0.5819122859375 0.81773235 0.601324075 0.7933404328125 0.6367799125 0.7841803859375001 0.632374778125 0.7781371296875 0.6401926421875 0.7638236593750001 0.6404036015625 0.7617346890625 0.649958125 0.764599284375 0.6559553453125 0.763761790625 0.6664416875 0.766355153125 0.6693387171875 0.7648086468749999 0.685093621875 0.7685630765625 0.6878890734375 0.76630755625 0.70891254375 0.7691721515625 0.7149097656250001 0.765831703125 0.7235324703125 0.7628671703125 0.7498245078125
7 1 0.5051245296875 0.9877048359374999 0.5114793140625 0.986144059375 0.5136984765625 0.9882092312499999 0.5239308687500001 0.977992796875 0.5341964515625001 0.962680046875 0.539701371875 0.9502556906249999 0.5314165984375 0.9243648656250001 0.543053515625 0.9146385546875001 0.5522349125 0.9142150453125 0.5741394093750001 0.9191495546875 0.637227415625 0.91729374375 0.6561333015625 0.9288330078125 0.7144782390625 0.9604006828125 0.7075511984375 0.9737910125000001 0.7001318546874999 1 0.6917814359375 1 0.5051245296875
7 0.7090209093750001 0 0.7073313546875 0.0080662234375 0.68535198125 0.044352296875 0.6776765703125001 0.050230343749999996 0.6760777234375 0.058700678125 0.6692017359375 0.060343557812500004 0.6189475359375 0.1345077921875 0.61756279375 0.21897479843749998 0.620041946875 0.24062534531250002 0.61751519375 0.25854862500000003 0.6161304515625 0.3430156296875 0.6172296484375 0.3689521359375 0.6217597031250001 0.38729933125 0.6176579015625 0.393906034375 0.6182527062500001 0.407390984375 0.6248717296875 0.41618365781250005 0.6294255843750001 0.41474394062500003 0.651818940625 0.3898760234375 0.6666796374999999 0.37920411875000004 0.6826490609375 0.36114606562499996 0.6853185640625 0.35154075156250003 0.6983995921874999 0.3472723890625 0.8493239578124999 0.1934917890625 0.8515033390625 0.1849706640625 0.8513320468750001 0.14958121562499999 0.8465545593750001 0.10834691562500001 0.847430121875 0.091609403125 0.8422884640625 0 0.7090209093750001 0
7 0.5678082015625 0.38577163593749997 0.5658953078125 0.3505345578125 0.5696497828125 0.2262905640625 0.56896456875 0.2117722171875 0.5657383312500001 0.20164140625 0.5619839 0.19884595625 0.5537279578125001 0.204774790625 0.5457051765625 0.220054990625 0.5513201578125 0.2508029484375 0.547270696875 0.264694221875 0.5312489328125001 0.27546770625 0.5030740453125 0.281056609375 0.483764175 0.30773737031250004 0.4721154453125 0.3150043421875 0.446871765625 0.347410778125 0.43593674531250004 0.523307025 0.435951015625 0.536842765625 0.44080464375000006 0.565574721875 0.4504928828125 0.5626444968750001 0.4750798921875 0.5427911953125 0.564358284375 0.46000625156249997 0.5665376656250001 0.45148512656250006 0.5678082015625 0.38577163593749997
7 0.4083947765625 0.409090265625 0.4046022765625 0.41254598593749997 0.39278699375000004 0.43128190625 0.3891372453125 0.4430555921875 0.37637979062500004 0.45770871562500004 0.3739815171875 0.4704142203125 0.3639078359375 0.4889977703125 0.3577408640625 0.4853720828125 0.348557015625 0.5007538609375 0.3430514578125 0.531433434375 0.337227071875 0.59858664375 0.334057915625 0.6425987984375 0.3350286328125 0.6737530765625 0.34431716093750003 0.6729404359375 0.365820684375 0.6512742921875 0.401009565625 0.6055020812499999 0.413905075 0.4252690859375 0.4132198609375 0.4107507375 0.4083947765625 0.409090265625
7 0.3354521890625 0.5248091359375 0.3288855046875 0.5233010328125001 0.302661578125 0.55787584375 0.2974510515625 0.5718686953125001 0.288524165625 0.5768149234375 0.284512775 0.5844550234375 0.280696475 0.6076976578125 0.2811627984375 0.626400384375 0.27608549375 0.6820338546875 0.27661842812500004 0.721556890625 0.27850277968750003 0.7297224875 0.2855595859375 0.730146403125 0.301091228125 0.7204571046875 0.33232106093749997 0.6896095640625 0.33662748124999997 0.665282740625 0.33335843125000003 0.6145447093749999 0.336270625 0.5809681062500001 0.33451475625 0.567584734375 0.3361374015625 0.539327484375 0.3354521890625 0.5248091359375
7 0.24647356718750002 0.637765753125 0.240320865625 0.64767580625 0.2300711046875 0.7110509578124999 0.23036135 0.774545284375 0.243842090625 0.7681593375 0.269899465625 0.7450534765625 0.2752622703125 0.7060559359374999 0.275052909375 0.6769176609375 0.2778889640625 0.6558433984375001 0.2797685703125 0.6171506 0.2787359859375 0.61203440625 0.27507196562499997 0.6102723515624999 0.2701184 0.613829653125 0.26637824062500004 0.62456994375 0.24647356718750002 0.637765753125
2 0.9642095484375 0.06908279218749999 0.9487379015625 0.0660852109375 0.9534392484374999 0.11982185468749999 0.9597489734375 0.13176550781250002 0.9664964796875 0.1353404046875 0.9613382921875001 0.15661782500000002 0.9616237953125 0.17325375781250002 0.9699368203125 0.22146788437499998 0.9765035046874999 0.2229759890625 0.9775870765624999 0.221988640625 0.9642095484375 0.06908279218749999
1 0.8288482343749999 0.300455178125 0.8224243 0.30726504062500004 0.8188649625 0.320072125 0.8124791 0.320630815625 0.8057458640625 0.330591659375 0.8057886765625 0.3711988828125 0.8161668750000001 0.42964539999999996 0.8296142859375 0.4763690203125 0.8534589546875001 0.5148938515625 0.8667350734375001 0.5262280234375 0.8835324625000001 0.531006284375 0.8990260328125 0.527568159375 0.9181170109375 0.505071778125 0.9320069921874999 0.46324559218749994 0.934904915625 0.41613324687500003 0.9395729796875001 0.3959400140625 0.9348335625 0.3484545421875 0.9289235515625001 0.3343933046875 0.921876271875 0.300646734375 0.90251410625 0.1930034828125 0.8925641625 0.1595108625 0.8727070875 0.1331328453125 0.87653765625 0.1234259515625 0.8713128593749999 0.1238830625 0.867791590625 0.13043897499999998 0.8622051515625 0.12676249687500002 0.8624240421874999 0.12257811874999999 0.8494714953125 0.12162870625 0.8408491234375 0.203605003125 0.7663029453125 0.2809358171875 0.7659936453125 0.284086796875 0.775244103125 0.2895253296875 0.7992267796875 0.28950973125 0.8250652640625 0.27058824531250003 0.8285627328125 0.2838192453125 0.8288482343749999 0.300455178125
1 0.755824721875 0.5088574421875001 0.758441884375 0.4919675609375 0.755134765625 0.4474807 0.74944364375 0.429235084375 0.7427437375 0.3860863625 0.729453346875 0.3612164484375 0.7211450625 0.359860715625 0.7123085875 0.36584034062500004 0.6901864625 0.3938084484375 0.6664892890624999 0.410459978125 0.6591755203125 0.4204716125 0.65593975625 0.44366345625000003 0.667440946875 0.5082595671875 0.6687590359375 0.53001169375 0.6885019015625 0.5751432265624999 0.702320484375 0.59267778125 0.718537340625 0.59750683125 0.736790825 0.5854967890625 0.7441426640625 0.5692339828125 0.7538404328125 0.5329811046875 0.7572189484375 0.5181072265625 0.755824721875 0.5088574421875001
1 0.6116955046875 0.499599671875 0.605357240625 0.46058453593750004 0.5989047656250001 0.4403229171875 0.5951503359375 0.437527465625 0.5872417640625 0.43405414999999997 0.5733613125 0.44255767968750004 0.567027790625 0.4504009390625 0.562978328125 0.4642922109375 0.53223861875 0.49405556562499997 0.5346559046875 0.5417441968750001 0.542426465625 0.58375794375 0.558181740625 0.6167426640625 0.5696781921875 0.634480378125 0.5790190609375 0.64095230625 0.5974152968750001 0.6372602296875 0.60770786875 0.6144923015625 0.6105962640625 0.6007026109375 0.6111958546875 0.5340065125 0.6132467546875 0.5307031609374999 0.6116955046875 0.499599671875
1 0.4703071453125 0.548415290625 0.4414375171875 0.5728085015625 0.439001175 0.5917651765625 0.446695596875 0.6462812671875 0.45615541875 0.680858075 0.4621035 0.688668140625 0.4697027703125 0.6952924390625 0.47550810156249995 0.6947845375 0.48549137187499997 0.675167590625 0.4889460296875 0.64779136875 0.489007896875 0.6217532828125 0.48722348593750003 0.5812984296875 0.4835975375 0.5732852046875 0.48710453593749997 0.5531935515625 0.48378788593750005 0.54202934375 0.4703071453125 0.548415290625
1 0.09890892812499999 0.0810811203125 0.106846040625 0.1116259203125 0.12115474687500001 0.1280762875 0.12840664531249998 0.1441027375 0.14569415624999998 0.1477968109375 0.15304599375 0.1315340046875 0.16051204218749998 0.0965176828125 0.165668709375 0.027340279687500003 0.095571721875 0.0334729703125 0.09890892812499999 0.0810811203125
1 0.048131278124999996 0.20943910781250002 0.054017490625 0.2432872578125 0.05727226875 0.28048955000000003 0.0638151546875 0.3017845671875 0.06732689375 0.3285513078125 0.07773841875000001 0.333888259375 0.0916712125 0.332669296875 0.09343660937500001 0.3127300140625 0.092813265625 0.27217358125 0.095620778125 0.22402783906249998 0.0876694375 0.0529078546875 0.0862469421875 0.0342887828125 0.0425020703125 0.0381159640625 0.045947198437499996 0.04406239375 0.044581512499999996 0.0618840953125 0.047084465625 0.063747728125 0.0490734984375 0.0864824625 0.0472176875 0.1053883484375 0.037220146875 0.1114695546875 0.0422783921875 0.122481390625 0.0421641828125 0.14123490625 0.047184359375 0.15849791562499999 0.048131278124999996 0.20943910781250002
1 0 0.3827749984375 0.010310917187500001 0.385604903125 0.021650346875 0.38148891093750004 0.024334121875 0.3854193390625 0.036334921874999995 0.5426480515625001 0.0400132109375 0.557945846875 0.0452903484375 0.5647733046875001 0.0540364140625 0.55776028125 0.053903192187500004 0.5161196625 0.0583761640625 0.48032389374999995 0.060517475 0.4780539390625 0.0607220953125 0.46033382031250003 0.06326311875 0.45594628125 0.062087781249999995 0.442512121875 0.0652474078125 0.431822621875 0.06455270937499999 0.323587484375 0.0590804796875 0.3011574890625 0.0428113265625 0.1620044265625 0.043777303125 0.1463003109375 0.0372486875 0.1385410359375 0.033865428125 0.10655651875000001 0.0136609828125 0.08958065625 0.008797824999999999 0.094171353125 0 0.08666041875 0 0.3827749984375
1 0.7403977171875 0.6601553234375 0.7423914921875 0.7297484515625 0.7403025203125 0.739302975 0.7420964609375 0.746435175 0.7502762625 0.7530086828125 0.762377046875 0.75090869375 0.7634715015625 0.729986803125 0.766631128125 0.7192973031250001 0.7599930890625 0.6501104953125 0.7403977171875 0.6601553234375
8 0.6129803984375 0.193343034375 0.5874226734375 0.1820420546875 0.5709488578124999 0.1876485546875 0.5687694765625 0.19616968125 0.571867234375 0.2115182671875 0.594936275 0.2344913515625 0.6095923515624999 0.24153956562499998 0.6172677640625001 0.2356615203125 0.6155737625000001 0.1962400640625 0.6129803984375 0.193343034375
8 0.856494840625 0.556280521875 0.85828878125 0.5634127203125 0.875138509375 0.5754755484375 0.88509798125 0.575645515625 0.8897803171875 0.568988021875 0.8893663343749999 0.5575698671875 0.8835990734375001 0.55182659375 0.8640798406249999 0.549369078125 0.856494840625 0.556280521875
8 0.920320103125 0.7308426265625 0.9072771453125 0.728859815625 0.9029041124999999 0.732366328125 0.9102844921875001 0.743175003125 0.9229658078125 0.741024225 0.92291346875 0.73373965625 0.920320103125 0.7308426265625