1 0.624756921875 0.3958254734375 0.618045721875 0.3976911359375 0.611304009375 0.3978088125 0.6091991250000001 0.3960970359375 0.578093703125 0.397222821875 0.5763346125 0.415321546875 0.5815612265625 0.41756167343749995 0.5794156609375001 0.41351924999999995 0.6094838953124999 0.4124115671875 0.6085077328125 0.415925640625 0.58882153125 0.41743494375 0.6212891828125 0.4151197015625 0.6187982328125 0.41108330468750004 0.63328833125 0.4090818609375 0.637518440625 0.4136707390625 0.6271669171875 0.4150171046875 0.6810395875 0.41057971875000004 0.79823148125 0.40795128593749996 0.8249949203125 0.3958273421875 0.8311061640625 0.3893094375 0.8361700515624999 0.3822269734375 0.83174670625 0.366567521875 0.777792671875 0.3663436140625 0.7735286640625 0.359812725 0.7683766296875 0.3618452578125 0.7754335265625001 0.350065290625 0.770217084375 0.3484078265625 0.7671868875000001 0.353123434375 0.7678276234375 0.389831128125 0.7637500703125 0.393982178125 0.7544153921875 0.394145115625 0.74085060625 0.38971917500000003 0.7273875234375 0.391119853125 0.7202187531249999 0.39649053749999996 0.710863734375 0.3954881515625 0.7067454984375 0.39730855468750004 0.7025052203125 0.3921370140625 0.6662036953125 0.392770659375 0.6589942421874999 0.3958106984375 0.63133559375 0.39629348124999997 0.63211893125 0.40152536093749996 0.624756921875 0.3958254734375
1 0.4796437203125 0.8197512843749999 0.5325910781250001 0.8217412812499999 0.539932746875 0.826275846875 0.5388141953125001 0.82163265625 0.57050930625 0.7948516453125001 0.578532196875 0.77897494375 0.578115209375 0.7550858093749999 0.5705497953124999 0.7377326828124999 0.55156515625 0.719996040625 0.5139111625 0.702585275 0.48477841093749996 0.6978482328125 0.47953145468749997 0.694442784375 0.4607909078125 0.6906900265625 0.34357867343750004 0.6921531328125 0.343446846875 0.8034777500000001 0.34659908906250003 0.8057540859375001 0.4796437203125 0.8197512843749999
1 0.2661644421875 0.23947254999999998 0.2309204453125 0.2412534140625 0.2268022125 0.24307381718749999 0.20500095625 0.24228867968749998 0.17289902968749998 0.24576321874999998 0.1698078109375 0.246982853125 0.16998070781250002 0.2568881046875 0.158622509375 0.2600005609375 0.1482506453125 0.2601816015625 0.11903652812500001 0.25078326562500003 0.100357003125 0.2505264796875 0.09623876875000001 0.25234688125 0.100428196875 0.2546051125 0.125442715625 0.2611625546875 0.1172164171875 0.26538602187500004 0.104800690625 0.26735125625 0.02609656875 0.2757191140625 0.0219783328125 0.277539515625 0.02203935625 0.28103548749999996 0.026228784375 0.28329371718749996 0.0366108171875 0.28369533750000003 0.170184115625 0.268541340625 0.1836166875 0.265392678125 0.2095158359375 0.2631920890625 0.2176912828125 0.25605531406250004 0.2779294578125 0.2596665671875 0.335981384375 0.25690475 0.3712762328125 0.25803719375 0.420013825 0.2566036359375 0.4241218875 0.254200571875 0.46351463125 0.252347290625 0.5007007859375 0.2429556140625 0.5244035171875 0.233799290625 0.5428694640625 0.221820178125 0.552000734375 0.21000400468749997 0.5602168625 0.2051978765625 0.5733646625000001 0.1857346828125 0.57503221875 0.1623920015625 0.5664194453125 0.14447431718749998 0.561264025 0.14631282343750002 0.56002343125 0.1346776921875 0.5484211421875 0.12380626406249999 0.5442520546875 0.12271335624999999 0.5401439921875 0.1251164203125 0.5328124937500001 0.12116451718750001 0.4695746328125 0.12401685468750001 0.42199627343749996 0.13242425 0.4147969921875 0.13604695 0.3982528625 0.1392499265625 0.37029968125 0.142652046875 0.36994410625 0.24115810468749999 0.3669342515625 0.2470390359375 0.355545540625 0.24840350312499998 0.3399470640625 0.24634442031249998 0.3315275265625 0.23949731093749999 0.3117396234375 0.23517999375 0.300330571875 0.235379140625 0.29107725625 0.240203371875 0.293253334375 0.2459937828125 0.299517134375 0.24821580625 0.294371884375 0.2506369734375 0.2808579484375 0.24912434218750001 0.2705064265625 0.2504707078125 0.26929634375 0.240583559375 0.2661644421875 0.23947254999999998
1 0.5784226703125 0 0.578926315625 0.028853817187500002 0.5820480453125 0.02938216875 0.593345221875 0.0227737421875 0.6117603171875 0.007881320312499999 0.616364428125 0 0.5784226703125 0
1 0.6614040453125 0.35555271875 0.7007866171875 0.353116775 0.726604403125 0.3462548921875 0.751273128125 0.3330018328125 0.763414253125 0.315304728125 0.657672090625 0.3200646609375 0.6535741984375 0.3230503859375 0.654103059375 0.35334880156250004 0.6614040453125 0.35555271875
1 0.7197908171875 0.1342202984375 0.7156013906250001 0.13196206875 0.7114933265625 0.1343651328125 0.6979793921875 0.13285249999999998 0.6586069906249999 0.13587110625 0.656054803125 0.16797181875 0.6594409640625 0.183649375 0.6760054359375001 0.1816117234375 0.6884720125 0.1825597984375 0.6956916343749999 0.18010242031249998 0.7567941 0.1737903203125 0.7650407390625 0.1707321765625 0.7637798046875 0.157931721875 0.7585735312499999 0.15685691875000002 0.7501438234375 0.149427146875 0.72605461875 0.136442321875 0.7259732546875 0.1317810265625 0.723878540625 0.1306519109375 0.7197908171875 0.1342202984375
1 0.65758016875 0.1959214828125 0.6668843359375 0.194010559375 0.6660098750000001 0.203351253125 0.657644578125 0.19961147968749998 0.6567463906250001 0.20759282343750002 0.6599088015625 0.2104518203125 0.6640168656250001 0.20804875625000002 0.6712873421875 0.20850468906250003 0.6701789609375 0.2044441609375 0.6795644921874999 0.2071945328125 0.6669656984375 0.19867185468749998 0.67312779375 0.195067259375 0.6700060640625 0.194538909375 0.6730871125 0.1927366109375 0.6678401578125001 0.1893311609375 0.6595223265625 0.18831067031249998 0.6574784640625 0.1900948640625 0.65758016875 0.1959214828125
1 0.6362993546875 0.7598985953125 0.6438444296875 0.7760863953125 0.694758096875 0.78044325 0.7310596203124999 0.7798096046875 0.7267379796875 0.76997676875 0.717301596875 0.7643130890625 0.701601415625 0.756427384375 0.6734651671874999 0.7493415921875 0.6381703187500001 0.7482091484375 0.6362993546875 0.7598985953125
1 0.6815803687499999 0.9765072890625 0.7054559968749999 0.97725621875 0.724898109375 0.96176303125 0.7360223875 0.9452493546875 0.731588871875 0.9290072390624999 0.7201187984375 0.9257104140625 0.6681374328125 0.9196236796875 0.641150246875 0.918929065625 0.6370726921875 0.9230801140624999 0.6375303609375 0.9492998968749999 0.642756975 0.9515400234375001 0.648075121875 0.9590241046875001 0.6451262890625 0.9684010078125 0.6815803687499999 0.9765072890625
7 0.9286226109375001 0.5671218015624999 0.9202742671875 0.5643533265625 0.905763828125 0.5651894453125 0.901686275 0.5693404953125001 0.9022456468750001 0.6013868953125 0.9076756687499999 0.6152802578125 0.92839905625 0.613752853125 0.9286226109375001 0.5671218015624999
7 0.9110823640625 0.69157275 0.9235489421875 0.6925208234375 0.930738053125 0.6883154609375 0.9298227171875 0.635875896875 0.9256129484375 0.63245234375 0.9110821687499999 0.6321231390625 0.9059979406249999 0.638040278125 0.906882765625 0.68873185625 0.9110823640625 0.69157275
7 0.884176734375 0.7549890390625 0.8718322015625001 0.7610329078125 0.8665852468749999 0.7576274578125 0.8666360984375 0.7605407671875 0.8707950140625 0.7610510109375 0.8656599343750001 0.764054840625 0.8678970343750001 0.773341221875 0.9301689 0.7745856203125 0.93036194375 0.7262065859375 0.9291823703125001 0.7180674218750001 0.9260504718749999 0.7169564125 0.9094453171874999 0.716663415625 0.906374440625 0.7190483765625 0.9070151765625001 0.7557560718749999 0.8894643703125 0.7607251359375 0.884176734375 0.7549890390625
7 0.9119065546874999 0.8576675781249999 0.9305962515624999 0.8585070265624999 0.9316840953125001 0.801952621875 0.9285216828125 0.799093625 0.91709229375 0.7981274468749999 0.9108590031249999 0.7976534109375 0.9067407703124999 0.7994738124999999 0.9066697703125 0.8548447906250001 0.9119065546874999 0.8576675781249999
7 0.9019313359375 0.8805724312500001 0.907218971875 0.8863085296875 0.909100303125 0.9346513562500001 0.9112153562499999 0.9369457953125 0.9299253937499999 0.9389505687499999 0.933006440625 0.9371482703125 0.9330672703125 0.88119463125 0.9164214359375 0.8785709875000001 0.9060394015625001 0.8781693687500001 0.9019313359375 0.8805724312500001
7 0.919573675 0.880847321875 0.9092119828125 0.8816110265624999 0.8914882796875 0.8766748390625001 0.8707343812499999 0.8764542609375001 0.8604540500000001 0.881879259375 0.8657518578125 0.88819801875 0.8668909421875 0.9534561437500001 0.8731750828125 0.956843490625 0.9053787140624999 0.95919556875 0.9090189390625 0.9299900624999999 0.90715795 0.882812559375 0.919573675 0.880847321875
7 0.9090191328125 0.9894396734375001 0.9068837375 0.9859799109375 0.8694433234375 0.9808050421875001 0.83105725625 0.9808922328125 0.8249460125000001 0.9874101390625001 0.8312403234374999 0.9913801453125 0.83952764375 0.9906526515625 0.8430459546875 0.994088275 0.9090801562499999 0.9929356437499999 0.9090191328125 0.9894396734375001
7 0.8797430234375 0.6792973140624999 0.8693914984375001 0.6806436796875001 0.8685882328125001 0.6940630046875 0.8645310203125 0.6993793796875 0.857352078125 0.704167403125 0.8510984484374999 0.7025280421875 0.8501426265625 0.707207440625 0.8397097390624999 0.7038925109374999 0.8346661921875 0.712140296875 0.8348289187500001 0.7214628859375 0.8380015015625 0.7249045453125 0.8619178109375 0.7279841203124999 0.8651005625 0.7320084421875 0.8664733734375 0.7512181765625 0.8800585 0.7568094421875 0.9007818875 0.755282034375 0.903832425 0.7517317515624999 0.9038220593749999 0.691699478125 0.900537603125 0.681848540625 0.8797430234375 0.6792973140624999
7 0.84593246875 0.584884665625 0.8365774500000001 0.583882278125 0.8314220296875 0.5857207859375 0.8333336765625001 0.5763619890625 0.830211946875 0.5758336374999999 0.819850253125 0.5765973421874999 0.8168200562499999 0.5813129499999999 0.8170641468750001 0.5952968328125 0.824375303125 0.5980834125000001 0.85655859375 0.5992701703125001 0.8638595796875 0.6014740875 0.8658527828125001 0.6562261953124999 0.8732147921875001 0.661926084375 0.9001816390625 0.6614553765625 0.9042795328125001 0.65846965 0.9033540265625 0.605447425 0.8988391468750001 0.5845440156249999 0.8510777203125001 0.582463496875 0.84593246875 0.584884665625
7 0.79078908125 0.69483815625 0.8125903375 0.6956232921875001 0.820928509375 0.69780910625 0.84781399375 0.6926771031250001 0.8520034203125 0.694935334375 0.856131825 0.69369759375 0.8613482687499999 0.6953550578125001 0.8642564187499999 0.683647509375 0.8597921968750001 0.6062077984375 0.8556027687500001 0.6039495671874999 0.8462680921875 0.6041125046875 0.8410414796874999 0.6018723796875001 0.8150507953125 0.5988290125 0.7891007953125 0.5981162921875 0.7870569328125 0.5999004859375 0.788684196875 0.693126378125 0.79078908125 0.69483815625
7 0.7923146421875 0.7822374296875 0.793077421875 0.8259370671875 0.79719565625 0.8241166640625 0.810750271875 0.8279599421875 0.8501836968750001 0.828437309375 0.85438329375 0.8312782015625 0.8595692250000001 0.83118768125 0.8636264375 0.8258713078125 0.8643686828125 0.8089560109375 0.8619890031249999 0.7320627546875 0.8577995749999999 0.7298045234375 0.8089806218750001 0.726576784375 0.7892842515625 0.7275034265625 0.78753533125 0.7461848125 0.7958531640625 0.747205303125 0.795883675 0.7489532890625 0.7917349296875 0.74902570625 0.7855931734375 0.753795625 0.7792683515625 0.7480776312499999 0.7772855109375 0.7533577953124999 0.7814545984375 0.7544507031250001 0.776299178125 0.756289209375 0.7804845359375 0.758314375 0.7753128421875 0.7592206234375001 0.7702184437499999 0.7645551 0.780541490625 0.7615772828125 0.780712353125 0.7713660015625 0.770309978125 0.7697990578125 0.7807835453124999 0.7754446328125 0.7798073828125001 0.778958709375 0.774601109375 0.77788390625 0.7923146421875 0.7822374296875
7 0.8427913703125001 0.88043904375 0.816780346875 0.876230353125 0.7939419062499999 0.875463321875 0.793881078125 0.9314169609375 0.7774284812500001 0.9398638937499999 0.774388115625 0.9439968390625 0.7766252125 0.95328321875 0.7601014234375 0.95765151875 0.7623995453125 0.9704338703125 0.79668771875 0.9733324046874999 0.81752298125 0.9782142781250001 0.8216412156249999 0.976393875 0.8413375859375 0.975467234375 0.8538143343750001 0.9769979703124999 0.8579325687500001 0.9751775687500001 0.86110515 0.9786192265625001 0.8589799250000001 0.975742125 0.86306765 0.9721737390625 0.8659147781250001 0.9569702187500001 0.8646333078125 0.8835548296875 0.8573119796875 0.8801855859375 0.8427913703125001 0.88043904375
7 0.6681374328125 0.9196236796875 0.7221931703125 0.9256742062500001 0.7410049109375 0.933505596875 0.7866411140625 0.9327090140625 0.79073900625 0.9297232875000001 0.78618305625 0.7875900109375 0.7819834593749999 0.7847491171875001 0.739407965625 0.782578078125 0.732106978125 0.7803741609375 0.722792640625 0.7817024234375001 0.6438444296875 0.7760863953125 0.6346623078125 0.7849892609375 0.635130146875 0.8117917046875001 0.6372858828125 0.8164167921875001 0.6466917515625 0.8203324875 0.6374791203125 0.8274873656249999 0.6356081546875 0.8391768125000001 0.638770565625 0.8420358078125 0.6501999578125 0.8430019859375 0.6554977640625 0.8493207453125 0.6546538140625 0.8604094234374999 0.6495289046875 0.8639959156250001 0.6432956171875001 0.863521878125 0.639228234375 0.8682555890625 0.64009271875 0.9177818453125001 0.6411807578125 0.9206770499999999 0.646336178125 0.9188385453125001 0.6567487234375 0.92098815 0.6681374328125 0.9196236796875
7 0.6675872593750001 0.5909118890625 0.65724590625 0.592840915625 0.6530361390625 0.5894173625 0.6447284765625 0.5889795343750001 0.6395730562499999 0.590818040625 0.6345803609375 0.6019791359375 0.6370310390625 0.623501415625 0.634448340625 0.6538541421875 0.636573565625 0.6567312421875 0.64800295625 0.657697421875 0.6501383515625 0.6611571828125 0.649365596875 0.6763244937499999 0.6390445828125 0.6794188453125 0.6360042171875 0.6835517906249999 0.636838190625 0.7313300609375 0.6504233187499999 0.736921325 0.75011525625 0.74217526875 0.7781904843749999 0.7457650874999999 0.784342409375 0.74157783125 0.7818506609375 0.5988256828125 0.7558498078125 0.5951996546875 0.684253434375 0.59470085625 0.6675872593750001 0.5909118890625
7 0.504363428125 1 0.54438395625 0.9993014390624999 0.540451825 0.974890821875 0.5389667515625 0.830372584375 0.5347468140625 0.8263663687499999 0.5253714546875 0.8241986593749999 0.4807215875 0.822063828125 0.34350786875 0.8069737218749999 0.32691288749999997 0.8072633890625 0.29053 0.803235740625 0.2801581359375 0.8034167812499999 0.2729690234375 0.8076221421875 0.27533853124999996 0.8839327375 0.28162267343749997 0.8873200828125001 0.29094718125 0.8865744843750001 0.302457934375 0.8922019578124999 0.2921776046875 0.8976269546875001 0.28695099062499996 0.8953868296874999 0.2776163125 0.8955497671874999 0.27458611718750003 0.9002653734375 0.27490139999999996 0.9183278890625 0.27915185 0.9240820921875 0.29372331093750004 0.9267419421875 0.2950961203125 0.945951678125 0.293438734375 0.9698770218749999 0.28933066875 0.9722800859375 0.27895880625 0.9724611281250001 0.2810433484375 0.9730075812500001 0.2769657953125 0.97715863125 0.27736449375 1 0.504363428125 1
7 0.49563658281249995 0 0.342956140625 0.002665046875 0.340942790625 0.006197225 0.333651975 0.00457596875 0.3295337390625 0.006396371874999999 0.33794310625 0.01266081875 0.3308048453125 0.019779490625 0.32771362656249997 0.0209991265625 0.3151860265625 0.01655508125 0.3204329828125 0.01996053125 0.3121965125 0.023601335937500002 0.3017839671875 0.0214517296875 0.30602424687499996 0.026623270312500003 0.3018893734375 0.0274904375 0.301942065625 0.0305092078125 0.30813930156249997 0.0289177078125 0.3092069984375 0.030647590625 0.3051294453125 0.0347986390625 0.30199476875000003 0.0335285609375 0.30204747187500003 0.036547915624999996 0.30828168749999996 0.037074974999999996 0.30210017499999997 0.03956726875 0.3073360328125 0.042337034375 0.305292171875 0.044121228125 0.30215287812499997 0.042586621875 0.30248572500000004 0.06165539531250001 0.30562779375 0.06334906875 0.3015095609375 0.065169471875 0.305637965625 0.06393173125 0.3108950890625 0.0679198421875 0.32022976718749996 0.0677569046875 0.32028062031250004 0.0706702140625 0.3130711671875 0.0737102515625 0.30061475937500004 0.07334484062499999 0.301794525 0.1409336125 0.3174031734375 0.143575359375 0.33086625625 0.14217468125 0.3329813109375 0.144469121875 0.3392146 0.1449431578125 0.3433226640625 0.14254009375 0.3609141515625 0.139901675 0.3744280859375 0.14141430625 0.37851580937499996 0.1378459203125 0.38780980625 0.135352334375 0.44886141718749994 0.1261269234375 0.5006495453124999 0.12114308437500002 0.5328023234375 0.1205818546875 0.5401236515625001 0.12395109687500001 0.54422154375 0.12096537031250001 0.553556221875 0.1208024328125 0.5649144203125 0.117689978125 0.5710256640625 0.11117207343749999 0.57376091875 0.0895592734375 0.574126859375 0.0510854890625 0.568829053125 0.044766728125 0.56865615625 0.034861478125 0.5748080812499999 0.030674221875 0.5742726609375 0 0.49563658281249995 0
7 0.6904751921875001 0.17844495625 0.6760054359375001 0.1816117234375 0.6594104515625 0.181901390625 0.65738693125 0.1848509078125 0.6586071859375 0.1953207171875 0.6648608140625 0.196960078125 0.6660403859375 0.2050992390625 0.6733108609375 0.205555171875 0.676463103125 0.20783150625000002 0.681608353125 0.2054103390625 0.6837030671875 0.206539453125 0.6849131500000001 0.2164266015625 0.680835596875 0.22057765 0.659176728125 0.2279497796875 0.6602749359375 0.231427646875 0.6654506984374999 0.23075446406250003 0.6728432171875001 0.23820233750000003 0.6730364546875001 0.2492729125 0.6700672828124999 0.257484490625 0.65765155625 0.2594497265625 0.6546315296875 0.2647479953125 0.6566552453125001 0.3212480875 0.6659289015625001 0.3175891796875 0.6701183281249999 0.3198474109375 0.7053419843750001 0.31690122187499997 0.7406063234375 0.3162856796875 0.75101886875 0.3184352875 0.758269003125 0.3177258953125 0.7695966890625 0.3128654546875 0.7996344140625 0.31000978749999997 0.8055318843749999 0.2318063734375 0.8034166359375 0.1700623234375 0.7888960265625 0.17031578125 0.781717084375 0.1751038046875 0.7733687421875 0.1723353296875 0.7682234921875 0.17475649843750002 0.7608411421875 0.167891284375 0.7554009500000001 0.153415259375 0.7323590984374999 0.1409949921875 0.7282306953125001 0.14223273281249998 0.724031096875 0.1393918390625 0.7188349953125 0.13889969687499998 0.716801303125 0.1412665546875 0.7262071734375 0.1451822484375 0.7284239328125001 0.15330330625 0.73359969375 0.1526301234375 0.73572491875 0.155507225 0.73166770625 0.1608235984375 0.726481775 0.16091411875 0.7243667203124999 0.1586196796875 0.7214483984375 0.1697445671875 0.7162828078125 0.1710004109375 0.7069074484375 0.1688327 0.7121645734375 0.1728208125 0.702799384375 0.171235765625 0.69868115 0.1730561671875 0.6960576734374999 0.17135344218749998 0.6966067765624999 0.17309237500000002 0.6924682015625 0.173747453125 0.6893159609375 0.17147111875 0.6904751921875001 0.17844495625
7 0.6640156140625 0 0.663721340625 0.01280273125 0.6720188312500001 0.0126578984375 0.6741338859375 0.0149523375 0.6823703546875 0.0113115328125 0.6866208046875 0.017065734375 0.681699303125 0.0323054640625 0.6848820546875001 0.0363297828125 0.681851859375 0.041045390625 0.6840075953125 0.0456704765625 0.678831834375 0.046343659375 0.6768896765625 0.053954471875 0.6801029390625 0.05972677656249999 0.6668432656250001 0.072780690625 0.6679109624999999 0.0745105734375 0.67514075625 0.07263585781250001 0.67930984375 0.073728765625 0.683377225 0.06899505312500001 0.6856855171875 0.08236006875 0.6836416546875 0.0841442625 0.6649723 0.0844701359375 0.669161728125 0.0867283671875 0.6650333234375 0.0879661078125 0.6681753921875 0.0896597796875 0.6631420171875 0.098490228125 0.6673111031250001 0.0995831359375 0.66632476875 0.10251455000000001 0.67776433125 0.10406338906249998 0.677825353125 0.10755935937500001 0.671602234375 0.107667984375 0.66542996875 0.11068991875 0.6686330609375 0.1158795625 0.658495115625 0.1294618265625 0.703114471875 0.1298486703125 0.797335709375 0.11887860312500001 0.8066297046875001 0.11638501875 0.809061546875 0 0.6640156140625 0
7 0.8135604375 0 0.8129032875 0.0002904828125 0.8161012937500001 0.005188795312499999 0.8120491671875 0.0107964984375 0.8102799062500001 0.0283125625 0.8106157234375001 0.1069900140625 0.8748297484374999 0.1006236 0.8810020140624999 0.097601665625 0.8839305062499999 0.0870594390625 0.8845301703124999 0.0025372671875 0.8441510937500001 0.007321962499999999 0.8336775265625 0.001676384375 0.827474746875 0.002950334375 0.82915644375 0 0.8135604375 0
7 0.8066707750000001 0.2376148875 0.809812846875 0.2393085609375 0.8730100234375 0.23412557343749998 0.8771180875000001 0.2317225109375 0.8799751921875 0.157652040625 0.8797107609375001 0.1425028328125 0.8765178390624999 0.1378958515625 0.82368235625 0.1423151359375 0.780242571875 0.1500674515625 0.7805171734374999 0.1657993203125 0.7857234453124999 0.16687412343750002 0.7950072703125 0.1637978765625 0.8065281953125 0.1700080109375 0.8066707750000001 0.2376148875
7 0.7756064234375 0.3599705421875 0.7808838890625001 0.365123978125 0.8338007359375 0.365365990625 0.865933175 0.3636394375 0.8762643562499999 0.3611277484375 0.8767318062499999 0.2690309703125 0.860116484375 0.26815531406250004 0.8404506234375001 0.270829940625 0.80519645625 0.27202814375 0.8037831593749999 0.3099373703125 0.7955568609375 0.3141608359375 0.7883067265625 0.314870228125 0.7916318640625 0.3270518140625 0.7802329828125 0.327833621875 0.78443258125 0.3306745140625 0.79266905 0.327033709375 0.794794275 0.329910809375 0.7939096453125 0.33866884218750004 0.788703371875 0.33759403906249996 0.781473578125 0.33946875312499997 0.78056860625 0.3470614609375 0.788855928125 0.3463339671875 0.7929334796874999 0.3421829171875 0.7950993875 0.347390665625 0.7765520765625 0.35470848125 0.7756064234375 0.3599705421875
8 0.2918822734375 0.761830540625 0.29796300625 0.7535646515625001 0.2978206203125 0.7454073859375 0.2946276984375 0.740800403125 0.2779208421875 0.7346807906249999 0.26132585937499997 0.73497045625 0.2355996078125 0.747076296875 0.22855288125 0.7594389234375 0.2309120234375 0.775717246875 0.24028738437500002 0.77788495625 0.2537504671875 0.776484278125 0.27852089687500003 0.7690578375 0.2918822734375 0.761830540625
8 0.632638203125 0.6095899484375 0.633370278125 0.5920919875 0.625062615625 0.591654159375 0.6159008359375 0.601722346875 0.6160737328125 0.6116276 0.6223578734374999 0.6150149453125 0.6285606515625 0.613740996875 0.632638203125 0.6095899484375
8 0.6167046859374999 0.7666518531250001 0.61176284375 0.7807262578125 0.614935425 0.784167915625 0.6253174593749999 0.7845695359375 0.6346012859375 0.7814932906250001 0.6397058546875 0.776741475 0.6406006546875 0.7685661046875001 0.6342961734375 0.764013434375 0.6228769515625 0.76362991875 0.6167046859374999 0.7666518531250001
8 0.6241588109375 0.9559445296875 0.6191762875 0.9676882890625 0.6193186734375 0.975845553125 0.6235081 0.9781037843749999 0.62972105 0.977412496875 0.645095778125 0.9666530218749999 0.647007425 0.9572942234375 0.64067243125 0.9509935687500001 0.6333917859375 0.949954975 0.6241588109375 0.9559445296875
8 0.3013879046875 0.17707675 0.3128172953125 0.178042928125 0.3221214625 0.1761320046875 0.332391621875 0.1701243453125 0.3352590921875 0.1560861484375 0.328873246875 0.146872184375 0.3102038921875 0.147198059375 0.30079802187500004 0.1432823640625 0.297513565625 0.133431425 0.28903300625 0.12308834531249999 0.2910666984375 0.120721490625 0.29524595468750003 0.122397059375 0.295113740625 0.1148224546875 0.277562934375 0.1197915203125 0.27776634218749996 0.1314447578125 0.29506308125 0.17135875625000002 0.3013879046875 0.17707675
8 0.6339989 0.033720915625 0.6526580828124999 0.0328123796875 0.6598471953125 0.0286070171875 0.6586574546875 0.0198851953125 0.6544273453125 0.0152963171875 0.6336937875 0.0162410609375 0.6339989 0.033720915625
2 0.3137950140625 0.6501257375 0.308619253125 0.65079891875 0.3148627125 0.6518556171875 0.3210146375 0.647668359375 0.3210858296875 0.65174699375 0.355058721875 0.6365830109374999 0.366610159375 0.6445411296875 0.3906485125 0.6546126484375 0.40102037656249995 0.65443160625 0.4050775890625 0.6491152328124999 0.3936380265625 0.6475663921875 0.3873538859375 0.6441790468749999 0.3809171890625 0.6320517734375 0.3652882 0.6282447046875 0.35909559375 0.6301013140625 0.35897354843749996 0.623109371875 0.3620444265625 0.6207244125 0.3713587640625 0.6193961515625 0.40869747500000003 0.6187444015625 0.4541811203125 0.609207890625 0.45993639843749995 0.582296821875 0.4566417734375 0.5718632218749999 0.44727658437500006 0.5702781734375 0.4089311984375 0.5726960140624999 0.3736261796875 0.57098090625 0.3497912328125 0.5725626265625 0.289522546875 0.5672033875 0.2189938703125 0.5684344703125 0.2033648828125 0.5646273984375 0.19922630624999998 0.5652824765625 0.19825014375 0.568796553125 0.2191972796875 0.58008770625 0.2224207125 0.5864426734375 0.23293496249999998 0.5944188968749999 0.23428743124999998 0.6124633109375 0.23850737031250002 0.6164695265625 0.2789881515625 0.6175114500000001 0.29458662812499997 0.619570534375 0.3019181265625 0.6235224390624999 0.3123205015625 0.6250893828125 0.31248322812499996 0.634411971875 0.32097395624999997 0.6453377125 0.3137950140625 0.6501257375