7 0.685549128125 0.625056690625 0.6549973734375001 0.6134878171875 0.636835271875 0.62944204375 0.6343671984375 0.6335304171875 0.635735909375 0.6373504953125 0.6458744125 0.6405573312499999 0.6512130109375 0.6538892796875 0.6191374640625 0.6835427421875 0.6238472703125 0.727266021875 0.6340256390625 0.8019332125 0.6368311796875 0.8105475546875001 0.64601284375 0.807947615625 0.7205749296875 0.7557442640625001 0.7158619828125 0.7198527796875 0.695142659375 0.6204700578125 0.685549128125 0.625056690625
7 0.8146929437500001 0.6287523890625 0.8081344359375 0.582221540625 0.7946579765624999 0.53127970625 0.7877368828125 0.53470051875 0.7588944453125 0.5318226421875 0.7401936515624999 0.5243198046875001 0.716342925 0.545566553125 0.7151754390625 0.552500821875 0.7322318984375 0.5601186421875 0.7358580375 0.5725913921875 0.7273575906249999 0.5849331671875 0.71536410625 0.5945823578125 0.7137166296874999 0.6025291375 0.7011069109375 0.611242471875 0.696786996875 0.620355075 0.7010912140625 0.65040145625 0.71524575 0.7189169234375 0.7188656124999999 0.747053265625 0.723179246875 0.7536042578125 0.8119953875 0.6925725859375 0.8187802375000001 0.6872034078125 0.8256363484374999 0.674976615625 0.8146929437500001 0.6287523890625
7 0.91809841875 0.40615319687499996 0.9132985140625 0.4162783109375 0.8926033562500001 0.4275149296875 0.8824679906249999 0.416476296875 0.856437375 0.40654916874999997 0.8223737453125001 0.43927849218750004 0.8222343609375 0.44516192187500003 0.845796903125 0.4591774234375 0.8464099968750001 0.4679450765625 0.83236030625 0.4796959453125 0.8312609421875001 0.487604396875 0.8241354843750001 0.48810265781249995 0.8254360734375 0.49094855312499996 0.8160437671875 0.506289534375 0.7982254140625 0.51928288125 0.7973985359375 0.53108806875 0.806768865625 0.5705696640625 0.815652925 0.6267273671875 0.8238589078125 0.6653114343750001 0.8258438515625001 0.6700673703125 0.8303649921874999 0.671709115625 0.9669475671875001 0.5769899281249999 0.9287169140625 0.408347521875 0.926251978125 0.4046040984375 0.91809841875 0.40615319687499996
7 1 0.4825396171875 0.9893956609375 0.330890496875 0.970327290625 0.3496378515625 0.9639511687500001 0.3608521328125 0.933383715625 0.38844224375 0.9288562953125 0.4024640921875 0.9352817 0.4392147765625 0.952789890625 0.5163062578125001 0.9688675296874999 0.5729398828125001 0.9812666046875 0.576967590625 1 0.563876471875 1 0.4825396171875
7 0.3818677109375 0.5435027125 0.37823843125 0.5388617609375 0.3687098796875 0.552254375 0.344527965625 0.5451348140625 0.3298557625 0.571613421875 0.3312244734375 0.5754335 0.3430073125 0.5785253531250001 0.347865921875 0.5928698125 0.326541971875 0.6344977625 0.3266929625 0.7705608609375 0.32881415 0.7772651625 0.3362152328125 0.772831840625 0.3533523703125 0.75009665625 0.3846135984375 0.7009211953125 0.3831494609375 0.5933393890625001 0.38534505 0.58535428125 0.382678890625 0.570856509375 0.3818677109375 0.5435027125
7 0.44479889687499996 0.45099689062500004 0.446582615625 0.44499847812500004 0.43967722187499997 0.4092603046875 0.43474421249999995 0.4096052546875 0.429804925 0.425613796875 0.42171791562500005 0.4320529796875 0.40178308593749995 0.42659432812500003 0.38902770468750003 0.4568546859375 0.3890926875 0.4656606671875 0.4014236390625 0.46871419062499997 0.40950279843750004 0.48185450156250004 0.38926879531249997 0.5390693890625 0.3953033546875 0.69625790625 0.4018125796875 0.6948237890625 0.408944315625 0.678661934375 0.419980959375 0.6632059703125 0.450907859375 0.593495996875 0.44642125625 0.505704484375 0.447734403125 0.47722319375 0.44479889687499996 0.45099689062500004
7 0.5270618578125 0.5010444921875 0.5332985953125 0.495713640625 0.5545544234374999 0.4531115078125 0.5558644328125 0.4324620125 0.5350339828124999 0.2684765484375 0.5302497749999999 0.239442678125 0.52716860625 0.2347633984375 0.522371840625 0.237056715625 0.50454406875 0.273545453125 0.49358182656249994 0.2743120078125 0.48652763125 0.2679526546875 0.471456115625 0.26509076875000004 0.4528014671875 0.3133846921875 0.45382643125 0.32016564999999997 0.4598556625 0.3197440453125 0.4786895609375 0.33702704687499996 0.44604706250000004 0.4137096171875 0.46070575625 0.5918319140625 0.462895065625 0.5995104 0.465155634375 0.600331271875 0.4769478953125 0.5799277328125 0.49079321875000004 0.5652543140625 0.5076610109375 0.5307905984375 0.5134177578125 0.526472259375 0.5270618578125 0.5010444921875
7 0.5829390906249999 0 0.55326515625 0.0802227921875 0.56100370625 0.088492184375 0.586690575 0.101380190625 0.5795557 0.1253738421875 0.5413576796874999 0.21712910000000002 0.5468849453125 0.272542584375 0.5532453671875001 0.30048728750000003 0.568198525 0.42768374062500003 0.5728559078125001 0.431273853125 0.5819694484375 0.4276997296875 0.6582072671875 0.297063425 0.6577985375 0.2912183234375 0.66527088125 0.2799273875 0.6673983484375 0.270968096875 0.7047663515625 0.198849821875 0.7086775359375 0.18389211875 0.675975815625 0 0.627743278125 0 0.6199555859375 0.0099698828125 0.6024648984375001 0 0.5829390906249999 0
7 0.6765140421875 0 0.7086125562500001 0.1750861375 0.7121055921874999 0.177778721875 0.715806134375 0.1755620609375 0.7609870890625 0.09702376874999999 0.7691437890625 0.087642871875 0.8196426375 0 0.6765140421875 0
8 0.37179418750000004 0.5491018578125 0.3817346078125 0.5337225484375 0.37570851250000004 0.52631235625 0.356936459375 0.52566713125 0.3541246359375 0.532716384375 0.35768265625 0.5442149484375001 0.37179418750000004 0.5491018578125
8 0.41694155781250003 0.383439615625 0.41631904531249997 0.39816735468750003 0.4201526890625 0.40573085625000005 0.42761875624999995 0.4101035140625 0.4359085578125 0.4105027828125 0.44420150156249993 0.403070253125 0.43995912812500004 0.3896616484375 0.4271513234375 0.3797888390625 0.41694155781250003 0.383439615625
8 0.4335001375 0.2657870140625 0.425139071875 0.2722453609375 0.42513279375 0.2879089546875 0.43067889687500005 0.29633165781250004 0.4381449609375 0.300704315625 0.452464 0.30068197812499997 0.457672634375 0.296401965625 0.462200053125 0.2823801171875 0.453777146875 0.2722006859375 0.4335001375 0.2657870140625
8 0.849197653125 0.35027648437500003 0.84980760625 0.366875934375 0.8546693546874999 0.37338859687500003 0.864535371875 0.3726986984375 0.8739245406249999 0.3651895140625 0.8740639218749999 0.359306084375 0.8653685296875 0.3452299171875 0.856394371875 0.3429206109375 0.849197653125 0.35027648437500003
8 0.75014035 0.49327690156250004 0.7502734531249999 0.503057065625 0.756231425 0.5094930734374999 0.76445310625 0.5089181578125 0.7739103953125 0.50238315625 0.7772703296875 0.4952955765625 0.7718604703125 0.488821240625 0.7563770875 0.48794605 0.75014035 0.49327690156250004
8 0.6700814453125 0.585022515625 0.669802678125 0.596789375 0.6752125390625 0.6032637109375 0.6823379968750001 0.6027654515624999 0.687066640625 0.5994979500000001 0.6887141156250001 0.5915511703125 0.6849485921875 0.5849618515625 0.673233875 0.5828441828125001 0.6700814453125 0.585022515625
7 1 0.5666467484375 0.9851033875 0.576699296875 0.9670838109375 0.5789382953125 0.87312715625 0.6452241609375 0.8550331765625 0.6621525703125 0.8543456828125 0.668074328125 0.85920743125 0.6745869921875001 0.862285459375 0.6870980671875 0.8684509359374999 0.6886248296875 0.901892053125 0.6706232453125 1 0.61236315 1 0.5666467484375
2 0.8622173375 0.6861238843749999 0.8586593171875 0.67462531875 0.8364623468750001 0.67226169375 0.8180246203125 0.69215098125 0.8748857578125 0.7018801234375001 0.89551279375 0.6896693218750001 0.9020932796875 0.6813775921875 0.9022326609375 0.6754941624999999 0.896547175 0.6729548890625 0.8683828140625 0.687650646875 0.8622173375 0.6861238843749999
5 0.8004345109375001 0.306696871875 0.7906397546874999 0.3005291578125 0.774267653125 0.29482137656249996 0.7225156312500001 0.35815600625 0.6943418515625 0.39634715468750004 0.694066225 0.40028221718749996 0.7119432812500001 0.41175844531249994 0.7190687390625 0.411260184375 0.7644415 0.36697163125 0.8016607 0.3242321765625 0.8046768875 0.320105475 0.8047481484375 0.31324786250000003 0.8004345109375001 0.306696871875
5 0.9635653703125 0.12691073749999998 0.9504850796875 0.11314119375000001 0.9281550046874999 0.10099740312500001 0.8152586562499999 0.24300764687499998 0.8148436468750001 0.2528261390625 0.8222384515625001 0.2640564109375 0.8260752374999999 0.26378811562500004 0.842512321875 0.278301878125 0.8479253203124999 0.2769444171875 0.9622585000000001 0.1397284359375 0.9645903328125 0.1336916953125 0.9635653703125 0.12691073749999998
5 0.36235136093750003 0.17776224062499998 0.3681143859375 0.15778030781250002 0.368117525 0.1499485109375 0.37538550625 0.1357350234375 0.38128791562500003 0.10986966093749999 0.36841199062499996 0.0990226671875 0.3334103546875 0.0789544359375 0.29306603125 0.226659765625 0.2907310609375 0.240528303125 0.294084715625 0.24910431718749998 0.3302506953125 0.270070078125 0.3342268640625 0.2639183546875 0.3539158953125 0.198909996875 0.35193094999999996 0.1941540625 0.35590711875 0.1880023375 0.35768769843750003 0.189835721875 0.36235136093750003 0.17776224062499998
5 0.4053649828125 0.0367228859375 0.4177518703125 0.0045303999999999995 0.36437409062500004 0.008262939062499999 0.401252571875 0.0409262421875 0.4053649828125 0.0367228859375
1 0.8333279234375001 0 0.7347207124999999 0.1624920578125 0.7318407687499999 0.1685671265625 0.7342281625 0.1948317578125 0.732788190625 0.1978692921875 0.736070584375 0.21330291875000001 0.7346987328125001 0.2173146359375 0.7419541546875 0.23442833749999997 0.746057146875 0.25372037187499996 0.7510551375000001 0.2621814015625 0.7598217921875 0.2693999546875 0.7700315578125 0.265749178125 0.7745558375 0.2595591265625 0.7746952203124999 0.25367569687499997 0.7820281812500001 0.248268190625 0.7886118062499999 0.2321446640625 0.8026646359375 0.2125619984375 0.8025346734375001 0.1949500359375 0.8057552234375001 0.1937458859375 0.8102826421874999 0.1797240390625 0.8096726890625 0.1631245890625 0.813192459375 0.1556998421875 0.8187212484374999 0.1507444859375 0.8342727515625 0.152593859375 0.850031759375 0.14953398906249998 0.8928064828125001 0.091721846875 0.9076180687500001 0.0593598109375 0.9153010578125 0.0353278328125 0.9124336718749999 0.0100757125 0.909092553125 0 0.8333279234375001 0
1 0.1436966796875 0.4299572796875 0.15116274375 0.4343299375 0.199870321875 0.4456081796875 0.22617970468749998 0.44376844843749996 0.23193645156249998 0.43945010937499995 0.2363276265625 0.42347989375 0.234089034375 0.3678364421875 0.2230712296875 0.33630162656249996 0.2235575 0.3196255203125 0.2128027609375 0.31548282968749997 0.20745474375 0.3256462703125 0.1973812203125 0.331245415625 0.166826325 0.3275083390625 0.164909503125 0.32372658906249996 0.1527147921875 0.32262143125 0.141207578125 0.3155945171875 0.134156521875 0.3014033671875 0.131744009375 0.3377931109375 0.11615796874999999 0.422093503125 0.0953852734375 0.45585132812499995 0.097710825 0.46547818124999996 0.094954565625 0.5048288046875 0.0998687359375 0.5514746359375 0.10281366249999999 0.5542055484375 0.1145996421875 0.549465603125 0.12132265 0.527458646875 0.13108068281250002 0.45433420937499996 0.128488921875 0.4251470265625 0.135821884375 0.41973952031249995 0.1436966796875 0.4299572796875
1 0.2163994078125 0.059726117187500004 0.2195066328125 0.0183930578125 0.1942547203125 0.02015884375 0.193666884375 0.026073632812500004 0.19611611874999998 0.068976040625 0.2011853703125 0.0705794578125 0.2163994078125 0.059726117187500004
1 0.1874690578125 0.276138553125 0.19124086093749998 0.2670642796875 0.201178140625 0.2595167671875 0.204404971875 0.2426490234375 0.20888310625 0.180662209375 0.21306991874999998 0.16176944375 0.2153461875 0.12343133125000001 0.22349974687500002 0.12188223125 0.24048494531250003 0.136357665625 0.280351465625 0.15510676406249999 0.2876812890625 0.1575310546875 0.2974110625 0.15489278906249998 0.321977540625 0.057238110937499996 0.33260859531250003 0.028105246875 0.329920775 0.010672148437499999 0.22702185937500002 0.0178675421875 0.2220199109375 0.05345941093749999 0.21228385625 0.0717612703125 0.2087226984375 0.06809450312500001 0.20275844687500003 0.0773220875 0.192536121875 0.112300053125 0.1870361625 0.15967411250000002 0.1875748578125 0.183131175 0.18227926249999998 0.23342778437499997 0.183427909375 0.27348429687500003 0.1874690578125 0.276138553125
1 0.086798815625 0.34093598593749996 0.0888487421875 0.3544979015625 0.0872012671875 0.36244468125 0.0913042578125 0.381736715625 0.0920410375 0.42377992343750004 0.09368223437499999 0.43149673593750004 0.09642279375 0.4313050984375 0.098475859375 0.4370352171875 0.113689896875 0.42618187656249995 0.1223297265625 0.40795667187499995 0.1219953984375 0.387422159375 0.1296134046875 0.3545842 0.1285203203125 0.3468290578125 0.1306509265625 0.3300379703125 0.1462862484375 0.29370254375 0.21266651875 0.3135344625 0.2304104703125 0.3152305265625 0.24637698281249998 0.3072614078125 0.250148784375 0.298187134375 0.2512512890625 0.282446884375 0.24983957499999998 0.21499824687500002 0.24470848125 0.1967570515625 0.23259131093750002 0.1731306875 0.2303464390625 0.1331508296875 0.223357225 0.13559745781250002 0.18315009531249998 0.111977440625 0.1665704875 0.11117890625 0.1217028359375 0.0918005734375 0.10451591874999999 0.026433992187499998 0.0976637875 0.0269131390625 0.11532985468750001 0.09518305625 0.1090931171875 0.1005139078125 0.1033395109375 0.09700045 0.10251577187500001 0.100973840625 0.1155122421875 0.1529281859375 0.1083836453125 0.16125824375 0.099743815625 0.1794834484375 0.10055813281249999 0.1990054484375 0.08791073906249999 0.3017003453125 0.086798815625 0.34093598593749996
1 0.56065445625 0.44425034375 0.551766096875 0.46837346249999995 0.5513157296875 0.49974105468749996 0.5294859875 0.5404371718750001 0.51173309375 0.5260105265624999 0.48628161875 0.5779270453125 0.4863858625 0.5920205109375 0.5179523703125 0.6023476062500001 0.5491160875000001 0.5186955484375 0.564901715625 0.517591709375 0.589466709375 0.49080605781250003 0.59079405625 0.45937714218750003 0.56065445625 0.44425034375
1 0.5812658484375001 0.436541834375 0.6019863 0.43039299375000006 0.6325905875 0.3765488609375 0.6241688109375 0.36953624375 0.5644942453125 0.43614830312499997 0.5448593265625 0.470423725 0.5130461875 0.5321859250000001 0.525319146875 0.54386215625 0.5406734125 0.523986821875 0.566139140625 0.4344659875 0.5812658484375001 0.436541834375