7 0 0.5043633984375 0.002572940625 0.6517670734375 0.020020534375 0.6645283375 0.0424463171875 0.67599640625 0.1599547078125 0.5958701578125 0.19009171875 0.5716250890625 0.1893810375 0.5627428578125 0.183167384375 0.556921559375 0.17455939375 0.541259128125 0.16406079843750002 0.5127818890625 0.1584198609375 0.5079388890625001 0.15432461875 0.49615085781249996 0.127351596875 0.47883240312500003 0.122179903125 0.46903974687499994 0.11987540781249999 0.4325131390625 0.12532664531249998 0.4264882296875 0.133068746875 0.4243765046875 0.137271078125 0.410467053125 0.14112488437499998 0.4084232 0.13977250624999998 0.39461070625 0.144547553125 0.3816795515625 0.193049596875 0.359090503125 0.2058771625 0.361831475 0.2185840140625 0.3576565046875 0.3015633625 0.3048168671875 0.3029538484375 0.2889799125 0.2974602875 0.0034591796875 0.1951886296875 0.0052443375 0.1859717234375 0.017264734375 0.1488205375 0.0534917515625 0.13468871093749998 0.07152769375 0.1337847140625 0.0834029859375 0.126077103125 0.0874906953125 0.12079832187499999 0.10339552187500001 0.11362893593750001 0.10648554218749999 0.093038403125 0.1364937359375 0.0893742984375 0.1494055 0.0789928046875 0.1594696375 0.0655026765625 0.18243584375 0.0008502531250000001 0.26658095312499996 0 0.26728618593750003 0 0.5043633984375
7 0.495636534375 0 0.3033574 0.0033562453125 0.3063420265625 0.2602602796875 0.309064028125 0.2888732578125 0.326300871875 0.28956068125 0.35442294375 0.2772102953125 0.39259523125 0.267649359375 0.3982842875 0.3070817703125 0.384014496875 0.317213778125 0.38755426875 0.3290115046875 0.47871686875 0.3629987984375 0.49142371875 0.3588238265625 0.545708278125 0.31735628125000004 0.5477404609375001 0.30644958906249997 0.5465605375 0.3025170140625 0.5124008828125 0.2873005875 0.510862421875 0.23099474999999997 0.5078953671875001 0.22017531875000002 0.5179491953124999 0.1913393375 0.5292483140625001 0.2020133328125 0.5523194124999999 0.1867862328125 0.555010540625 0.18179779375 0.5606414625 0.1224019359375 0.56475735625 0 0.495636534375 0
7 0.564271878125 0 0.5567208234375001 0.177915575 0.5956051671875 0.1645827453125 0.5954395578125 0.155095059375 0.6317128624999999 0.1449723203125 0.6306253625 0.1845338859375 0.6020748453125 0.1787051875 0.565354428125 0.214144921875 0.64561825625 0.22856153906249999 0.6770337625 0.1947966578125 0.6564268249999999 0.185665778125 0.6586017875 0.1065406671875 0.6825429296875 0.10295924999999999 0.6984977390625 0 0.564271878125 0
7 0.6975167171875001 0 0.6838236125 0.0744651671875 0.7015434796875 0.07099233906249999 0.70175878125 0.1342590890625 0.68009748125 0.1156560359375 0.664237915625 0.123841184375 0.6592089999999999 0.141327859375 0.7172539921875 0.15613230625000002 0.73375390625 0.13370061093750002 0.721200953125 0.1275926734375 0.7246510703125 0.0705889953125 0.720764859375 0.051676667187500004 0.7288141968749999 0 0.6975167171875001 0
7 0.7275650265625 0 0.7208752640625 0.058001789062499996 0.7273725343749999 0.0737050171875 0.7608967640625 0.058884479687500005 0.7605876312500001 0.0921063984375 0.73823079375 0.08458831875 0.72250924375 0.100680365625 0.77511129375 0.10925178124999999 0.7854727296874999 0.0916720265625 0.7738637296875 0.08871113750000001 0.7783682265625 0.041180618749999995 0.774702809375 0.034917550000000006 0.7778256906250001 0 0.7275650265625 0
2 0.4479121828125 1 0.44707304687500005 0.8739055515624999 0.32474508750000003 0.792516215625 0.15869867499999998 1 0.4479121828125 1
2 0.45341009843749996 0.6257690203124999 0.4570755078125 0.88669241875 0.5818266890625 0.9541114468749999 0.6158587796874999 0.8665219499999999 0.62412836875 0.57630378125 0.5334365609375 0.5247225890625 0.45341009843749996 0.6257690203124999
2 0.62229535625 0.42035846250000003 0.6217697140625 0.6783512125 0.6824490625 0.7087675828125 0.7073396890625 0.6577176984374999 0.71701356875 0.42248536875 0.6428802296875 0.37729304375 0.62229535625 0.42035846250000003
2 0.7562559078125 0.31506476875 0.7347033640625 0.34089148593749996 0.726875709375 0.5545636046875 0.7483769109375 0.5130624703125 0.7562559078125 0.31506476875
8 0.3220876921875 0.39834643281250004 0.34425479375 0.3949946265625 0.351686478125 0.37509904843749997 0.3513243234375 0.354351221875 0.34315108437499997 0.33176315 0.326869971875 0.32216441093750003 0.3063520375 0.3244991390625 0.2943731140625 0.33854433125 0.3017803203125 0.38091162968750003 0.31255845937500004 0.393571303125 0.3220876921875 0.39834643281250004
8 0.6312657125000001 0.1702873390625 0.6299406484375 0.145306659375 0.60346595 0.156537215625 0.6017436468749999 0.15973080312500001 0.6312657125000001 0.1702873390625
8 0.6872903046875 0.12027527812500001 0.7015655625 0.123189628125 0.7003166203125 0.10256994531250001 0.6860151484375 0.09815384687499999 0.673821003125 0.11260206718750002 0.6872903046875 0.12027527812500001
8 0.7566987296875001 0.08577310625 0.745175215625 0.0749765265625 0.735564534375 0.08463485937500001 0.74814508125 0.0923235828125 0.7566987296875001 0.08577310625