7 1 0.30942204375000004 0.9630837578125 0.2975914875 0.9547903812499999 0.300216271875 0.9469793390625 0.32034428125000003 0.9465767312500001 0.3475312578125 0.9424828609375 0.355160021875 0.939244040625 0.36961890468749997 0.9345442625 0.4102563375 0.9304503921875 0.41788510156249997 0.9297049656249999 0.43923131406250004 0.9264322609375 0.4546604765625 0.9259957703125 0.4828177359375 0.917341640625 0.5427463921875 0.9187766890625 0.5486253 0.9776973390625001 0.5837126828125 0.9870151796875 0.583066603125 0.9972283875000001 0.5880961296875 1 0.5087275375 1 0.30942204375000004
7 0.7758101015625 0.4620296875 0.774375053125 0.45615078125 0.7825966765625 0.439922971875 0.798129071875 0.44920856562499994 0.807379146875 0.45050305 0.8142414640625001 0.457542946875 0.8160571984375 0.483835925 0.8233978640625 0.49283545625 0.8427869484375 0.5012842640625 0.865147775 0.518580034375 0.9078842796875 0.5317300125 0.912524265625 0.5241203203125 0.92836359375 0.39935438125 0.9439737140625001 0.31246759687500003 0.9450958406250001 0.2959918703125 0.9435591421874999 0.293023809375 0.7383732921874999 0.21882743593749998 0.7117830609375 0.2130415578125 0.698592596875 0.4185316390625 0.7026904546875 0.42644646249999996 0.72873855625 0.4477568609375 0.7718856453125 0.4648070390625 0.7758101015625 0.4620296875
7 0.5169873625 0.3267008734375 0.5169913484374999 0.34224446249999996 0.5232397859375 0.351205853125 0.5366216015624999 0.3594448796875 0.57331695625 0.3733553625 0.6408738015625 0.4116587265625 0.6635395749999999 0.42022195625 0.678250803125 0.42170715000000003 0.6805707953125 0.4179023046875 0.6820995187500001 0.3897831859375 0.6879273953125 0.2228946203125 0.6848878843749999 0.21598821875000002 0.6687416093749999 0.20862412031250002 0.5173540875 0.1596216015625 0.5138402156249999 0.1662991515625 0.5148886015625 0.2615393890625 0.5128516359375 0.3042127421875 0.5169873625 0.3267008734375
7 0.4511446046875 0.31760133437500004 0.47760328750000003 0.34281193125 0.5039563375 0.3553897875 0.5127280640625 0.3547246375 0.5127479859374999 0.1662610109375 0.508548478125 0.16125703281249998 0.4133091734375 0.11712965 0.3996901765625 0.115682596875 0.399963240625 0.2487829171875 0.40553800312500005 0.29269354375 0.4440789890625 0.31638313125 0.4511446046875 0.31760133437500004
7 0 0.574354103125 0.0018990890625 0.577809559375 0.014256440625 0.58406988125 0.0205088625 0.6085748609375 0.0291111734375 0.612761121875 0.0319473859375 0.6254892171875001 0.030207392187499998 0.6283428515625 0.03840310625 0.6441725015624999 0.0462261078125 0.6706752578125 0.057152400000000006 0.6866002609375 0.08968611875 0.710080071875 0.09593056718750001 0.7034978734374999 0.0898096890625 0.6595681765625 0.0783771390625 0.53287841875 0.0629822640625 0.3943927046875 0.0058653875 0.338967534375 0.005322659375 0.338851434375 0 0.4912724703125 0 0.574354103125
7 0.23899081406249997 0.48991389375 0.213010478125 0.46666293124999997 0.207583209375 0.465501940625 0.192287996875 0.449424371875 0.1086825390625 0.3853024734375 0.1027769203125 0.382181846875 0.09772635156250001 0.385891340625 0.10790124375000001 0.5329379578125 0.1227878734375 0.68597790625 0.139623771875 0.7205671234375 0.1541695703125 0.7424473171875 0.157412378125 0.7435320234375 0.1510642953125 0.878344059375 0.1744535734375 0.9131621265625001 0.1777641484375 0.9123062671875 0.1790596765625 0.906522715625 0.1888897515625 0.9068659890624999 0.1897408125 0.8981525187500001 0.19427915 0.8934536734374999 0.19554079375 0.888640403125 0.193491865625 0.8846829906250001 0.1943768109375 0.8749992375 0.1921883640625 0.859379365625 0.19593941718750002 0.8459098375 0.190986509375 0.8311648953124999 0.19261688125 0.8001349281250001 0.20524529687499998 0.7986329921875 0.21053703281249997 0.8036751109375 0.2160659515625 0.8019252546875 0.2224838015625 0.8060352343750001 0.2403401765625 0.82705956875 0.24914977343750003 0.8409677234374999 0.2537977328125 0.8644452093749999 0.263560040625 0.866729046875 0.31292566875 0.9092544874999999 0.31886516875000004 0.9114048296874999 0.3256557328125 0.904841703125 0.326676209375 0.8912768203124999 0.32386989375 0.8620348546875001 0.324408034375 0.8309667484375 0.31956275 0.7035355562500001 0.319437178125 0.6131848718749999 0.31716900312499996 0.5528748015625 0.3130711453125 0.5449599765625 0.29101925156249997 0.5344752515625 0.2859646953125 0.52264115625 0.274631809375 0.518359540625 0.26520833125 0.506372878125 0.23899081406249997 0.48991389375
7 0.398105678125 0.7247361812500001 0.3947273375 0.7275326046874999 0.39459180625 0.731413734375 0.3997480109375 0.7403369828125 0.40425246406250004 0.7366084203125001 0.4051035265625 0.72789495 0.398105678125 0.7247361812500001
7 0.6865342437499999 1 0.6897611078125 0.98458766875 0.6888681890624999 0.96318424375 0.6933726421874999 0.9594556796875 0.6916286609375 0.9467657265625 0.693948653125 0.9429608796875 0.7005917234375 0.8936481171875 0.6991905593750001 0.886798928125 0.7011338515625 0.8781235984375 0.7033521953124999 0.8772296 0.70133715 0.8723019046875 0.7037587921874999 0.8655862109375001 0.6927647343750001 0.851601771875 0.5732093468749999 0.7522231796875001 0.5505395859375 0.7281163609375 0.41077395 0.6124885625000001 0.384827496875 0.5882673171875 0.375437903125 0.575310371875 0.37103509843750004 0.5761280906249999 0.353453775 0.5628850843750001 0.35038038125000004 0.5569489640625 0.33669361875 0.557442478125 0.3370185015625 0.626427878125 0.3411502421875 0.633372421875 0.3375686046875 0.6419905390625 0.34222453750000004 0.6965551984375 0.3415129953125 0.7169311281249999 0.34414192187500003 0.7199373296875 0.345977590625 0.8239482499999999 0.3507272 0.8445148859374999 0.34997778749999997 0.8503175109375001 0.3435978078125 0.8607808374999999 0.343940625 0.866621603125 0.34663731875 0.8676872390625 0.35012129375 0.8775235578125 0.34995586562500003 0.8979185578125 0.3529614921875 0.9057952406249999 0.382260378125 0.9592775234375001 0.397864525 0.9821661390624999 0.40650071875 0.9853821171874999 0.40933294374999996 0.9825666249999999 0.42384286718749997 0.9976453062499999 0.4912724703125 1 0.6865342437499999 1
7 0.8897330953125 1 0.7260139828125001 0.8702492421875 0.710892171875 0.8648638484375001 0.7026366671875001 0.882061940625 0.6954945046875001 1 0.8897330953125 1
1 0.9828443874999999 1 0.9890565625000001 0.8221065765625 0.9589520468750001 0.82301008125 0.940591415625 0.8320835703125 0.9225397171875 0.84796810625 0.9052414203125 0.87359360625 0.8943270906249999 0.9042993671874999 0.8852583921875 0.9447842359375 0.8803891984375 0.9902730828124999 0.891720628125 1 0.9828443874999999 1
1 0.6105544546874999 0.6379228968749999 0.594424128125 0.6927331515625 0.5882972750000001 0.75857885625 0.6003835640624999 0.7726014359375 0.69911481875 0.8576523171874999 0.7053632546874999 0.8666137062500001 0.7105154734375 0.8599933671875 0.7229405890625 0.8643131234375 0.727682225 0.8537925828124999 0.733846946875 0.8025201859375001 0.7353377984375 0.7598277609374999 0.737111675 0.7560038437500001 0.7350926421875 0.7355325609375 0.7243277921875 0.6836689671875 0.7025051062500001 0.6353050890625 0.67662641875 0.6091432828125 0.661538490625 0.6027876062499999 0.6440289234375001 0.603147625 0.62894498125 0.6123355375 0.6105544546874999 0.6379228968749999
1 0.497050178125 0.4435519859375 0.4770213046875 0.4690821328125 0.4679486171875 0.4940234140625 0.4652559125 0.508501365625 0.463832825 0.549253225 0.45728343125000004 0.5645679640625 0.4583537390625 0.612207153125 0.4550511390625 0.6441501875 0.5712620687500001 0.7453549203125001 0.574775940625 0.73867736875 0.57550143125 0.6396132140625 0.5800656765625 0.602856909375 0.5817598281249999 0.5543427921874999 0.5775862296875001 0.5172813546875 0.5673375984375 0.481950703125 0.55292733125 0.45618938125 0.5359598890624999 0.44102488125 0.52571923125 0.43678140625 0.50708355 0.43807356718749996 0.497050178125 0.4435519859375
1 0.32894236875 0.544542746875 0.33027975625 0.5688760875 0.33314984999999997 0.5806339015625 0.333462771875 0.6029885359375 0.3356392578125 0.5719776421875 0.3343736265625 0.5612473234375 0.33570303749999997 0.5544934890625 0.3412997203125 0.5508030671874999 0.3737995578125 0.5752531609375 0.4029210515625 0.602499675 0.40568551093750005 0.601624746875 0.4085356703125 0.53566461875 0.404226540625 0.502484309375 0.3969456671875 0.4604570375 0.380859184375 0.420065196875 0.366452903125 0.40984746093749996 0.3504461484375 0.41414582031249997 0.335573478125 0.44859921875 0.331653009375 0.46692015781249996 0.32894236875 0.544542746875
8 0.7089767609375001 0.44998116093749996 0.71098781875 0.43936526562499995 0.709451121875 0.4363972078125 0.6928264984375 0.4270734734375 0.679994784375 0.43439710312499996 0.6764809125 0.44107465625 0.676277615625 0.44689634843750004 0.68252605 0.45585773906249993 0.7033461921875 0.4546418640625 0.7089767609375001 0.44998116093749996
8 0.0707913328125 0.76576525625 0.09301264218750001 0.77139856875 0.104104359375 0.7669285718750001 0.1087104640625 0.7602891609375 0.1100358875 0.7379917375 0.10177240624999999 0.724102653125 0.08716282812500001 0.7197066125 0.068836078125 0.7278098187500001 0.057439412499999995 0.74101235625 0.05611000000000001 0.7477661921875 0.0628029015625 0.7596574984375 0.0707913328125 0.76576525625
2 0.7585955328125 0.8140705453124999 0.7527995375 0.83912625 0.75096586875 0.875977909375 0.7521976171875 0.8876785093749999 0.7845619203124999 0.91600973125 0.7991037328124999 0.9223463375 0.8065639828125001 0.8652903859375 0.8054 0.8516492203125001 0.8114411484374999 0.8508887156249999 0.819820228125 0.78317873125 0.8197145906250001 0.7705459890624999 0.7779945765625 0.7282875390625 0.7736595375 0.727164690625 0.7713395453125 0.7309695375 0.770285184375 0.7455047015625 0.76503131875 0.7550358875 0.760463084375 0.7762486046875 0.7585955328125 0.8140705453124999
2 0.8070104359375 0.7429013125 0.82025671875 0.7550214703125 0.8227341656249999 0.699734446875 0.8224252312500001 0.6929234 0.8203085375000001 0.6909065515624999 0.795627715625 0.6774156265625 0.7751842734375 0.683501984375 0.77644990625 0.694232303125 0.790826290625 0.7209639078125 0.8070104359375 0.7429013125
2 0.41904340468749995 0.51660224375 0.4224596140625 0.528379128125 0.4201097265625 0.5486978453125 0.4222304078125 0.5662582828125 0.4215946046875 0.6157808234375 0.442249321875 0.634959946875 0.4509193984375 0.6372056453125 0.4575365609375 0.619950340625 0.4681857984375 0.4872314359375 0.462212415625 0.48605137656249997 0.438974615625 0.5095265343750001 0.434639578125 0.5084036843749999 0.4326245328125 0.5034759890625 0.4196532984375 0.4991371625 0.4100982765625 0.50657521875 0.41904340468749995 0.51660224375