7 0.0002271984375 0.515233634375 0.0024797343749999997 0.579737825 0.07429535937500001 0.6193033125 0.2033927609375 0.682430765625 0.20614966406250002 0.6813398515625 0.20842088749999998 0.6663409140625001 0.21080595937500002 0.6065791234375 0.21821915625 0.5307274796875 0.21892601093750003 0.4869385609375 0.1188991421875 0.407876315625 0.022218928125000002 0.3446114703125 0.0002271984375 0.515233634375
7 0.293835046875 0.53504940625 0.284308934375 0.5343874234375 0.28123980937500004 0.5265374656249999 0.2537466734375 0.5076047140625 0.24293046718750003 0.502014575 0.23577639687500002 0.5052483234375 0.2337545265625 0.49537251250000003 0.2207050421875 0.48986036093749996 0.2122348171875 0.6154810015625001 0.21125043125 0.651322478125 0.21480849218750003 0.657166078125 0.21170141875 0.6642370703125 0.21340780937499998 0.681086390625 0.3478076125 0.751985815625 0.36814993125 0.7582379375 0.36986283750000004 0.743258496875 0.3681783640625 0.6950214984375 0.3701035578125 0.5900752703125 0.357962565625 0.5785635421875 0.293835046875 0.53504940625
7 0.44529338125000006 0.630219175 0.45217317812499996 0.6031236015625 0.45880362343750003 0.600902778125 0.4592231765625 0.5969095609374999 0.438672709375 0.58469685625 0.43169535156250005 0.576983378125 0.42499552500000004 0.5772173421875 0.41211298281250003 0.6085011031249999 0.3745007265625 0.587932434375 0.3723715265625 0.5909907125 0.3703084484375 0.61195023125 0.37003303593750003 0.7641400296875 0.3912112046875 0.7783200953125 0.49100175156250003 0.8185995687500001 0.49281872968749996 0.8066004171875001 0.49295212031249996 0.66635128125 0.49106901562500005 0.6604491890624999 0.484161040625 0.654722571875 0.44529338125000006 0.630219175
7 0.58369571875 0.7517055546875 0.579374446875 0.724006490625 0.5117582484375001 0.676635615625 0.4998600953125 0.6720778984375 0.4954282359375 0.6732273046875 0.49291417187500003 0.68127223125 0.496969803125 0.8134179500000001 0.4988875984375 0.820313471875 0.506388584375 0.8270140234375001 0.5417328734375 0.8466672484375 0.581543715625 0.8661645 0.590580890625 0.8688328406249999 0.5937920390625 0.8647421375000001 0.58369571875 0.7517055546875
7 0.4912724796875 0 0.36063370781250004 0.00456200625 0.36125302812500004 0.0164760796875 0.353641453125 0.0386239984375 0.35642979218750004 0.05444089375 0.3630222875 0.067141021875 0.37617584375 0.0756334640625 0.3886290578125 0.0960860640625 0.42449371874999997 0.13064074375 0.442353409375 0.16184560312500001 0.5140100890625 0.24488248281249997 0.5191043421875 0.24669387187499997 0.570633365625 0.2976104484375 0.5791089671874999 0.316212665625 0.5923319046875 0.3266919703125 0.6000096046875 0.322445290625 0.6010265640625 0.12746000625 0.596642425 0.06594531875000001 0.586179646875 0.0384607203125 0.5821673390625001 0.035616906250000004 0.5601332046875 0 0.4912724796875 0
7 0.7452721953125 0.51232238125 0.750681928125 0.5071602609375 0.731325134375 0.2890150421875 0.722918915625 0.2723996859375 0.7226413859374999 0.26445224375 0.71964164375 0.258589146875 0.7011889421874999 0.226410353125 0.6965836265625 0.22259260625000002 0.684272434375 0.1901993484375 0.6785504796875 0.186420596875 0.6426576421875 0.119043725 0.62867149375 0.08670895625 0.6222524546875 0.07897598125000001 0.616603140625 0.061269709375 0.6084397625 0.0516083640625 0.60509310625 0.0358109640625 0.599613990625 0.0389862234375 0.5984940953125 0.0549395984375 0.6062563265625001 0.1491594953125 0.611040475 0.3021672515625 0.61662040625 0.3178866625 0.6539800515625 0.37924446093749997 0.7051903390625001 0.453048928125 0.7118175250000001 0.4667424859375 0.7282483546875 0.489045465625 0.7409129765625 0.4995442671875 0.7452721953125 0.51232238125
7 0.7937982203125 0.5732902421875 0.7996242484375 0.580049284375 0.8071566656250001 0.6036576484375 0.8198906703125 0.6161433093750001 0.829382090625 0.6158118609375001 0.8344037046875 0.63155076875 0.8405105203125001 0.6303428734375001 0.838731490625 0.627421071875 0.8367855171875 0.5877033593750001 0.819680403125 0.45004548906249997 0.8093563906250001 0.426534609375 0.7432200296875 0.30948713906249997 0.737567459375 0.3076952484375 0.7340093984375 0.3018516484375 0.7316340984374999 0.3138702953125 0.7496379296875 0.49327173437500005 0.7481678640625 0.5152051890625 0.753820434375 0.516997078125 0.7716801249999999 0.5482019390625 0.7774020796875 0.551980690625 0.7800863437500001 0.564817296875 0.7869943187499999 0.5705439140624999 0.7895051234375 0.5784133687499999 0.7937982203125 0.5732902421875
7 0.9171161734375 0.74304618125 0.9209550234374999 0.7409228421875 0.8990776515625001 0.5626513109375 0.8929740921875 0.547944828125 0.887927559375 0.4834693453125 0.8906497718749999 0.48138500000000006 0.888138965625 0.473515546875 0.873140253125 0.44420006250000005 0.8495488359375001 0.45695959375 0.83964111875 0.445369878125 0.8351745671874999 0.44552585312500004 0.8341934375 0.46545294843749996 0.8271087484375 0.4706735609375 0.8317801906250001 0.4923925484375 0.8314994015625 0.5003594859375 0.8363475593749999 0.51113124375 0.8364830671875 0.5310193453125 0.8443656562499999 0.5486476296875 0.856906659375 0.651652425 0.8990103875000001 0.720801690625 0.9136621859374999 0.740182871875 0.9171161734375 0.74304618125
1 0.06312474375 0.299418771875 0.040896062500000004 0.303178940625 0.0356597875 0.3133082125 0.036915190625 0.3172429390625 0.043996621875 0.3279367078125 0.059383454687500004 0.3363511640625 0.07107345937500001 0.33494829843749996 0.0785430125 0.32474103906249996 0.0780573328125 0.310833015625 0.0756506 0.30594385156250004 0.06312474375 0.299418771875
8 0.06312474375 0.299418771875 0.040896062500000004 0.303178940625 0.0356597875 0.3133082125 0.036915190625 0.3172429390625 0.043996621875 0.3279367078125 0.059383454687500004 0.3363511640625 0.0727137265625 0.333896378125 0.0785083203125 0.32374760937499997 0.0780573328125 0.310833015625 0.0756506 0.30594385156250004 0.06312474375 0.299418771875
8 0.2407481703125 0.42351408749999997 0.23715215937499998 0.43259143906249997 0.23952420000000002 0.43648717187499997 0.248769525 0.44511609218750003 0.26164555156249997 0.44566109374999996 0.270790059375 0.43539534375000005 0.27145570937499997 0.42244175625 0.2639200328125 0.41474777500000004 0.25442861250000004 0.415079221875 0.2407481703125 0.42351408749999997
8 0.377510240625 0.5460523875 0.37886971875 0.5529674046874999 0.3874873421875 0.5596289640625 0.399281421875 0.5612063875 0.40524947187500004 0.556024771875 0.40821778125 0.54498005625 0.4034737 0.537188590625 0.3867241328125 0.5377734984375 0.377510240625 0.5460523875
8 0.48395615000000003 0.632847609375 0.5002861640625 0.6362559203125 0.5067431515624999 0.62906794375 0.5075822578125 0.6210815078125 0.501756228125 0.614322465625 0.490659234375 0.616699265625 0.48252729062500005 0.62394573125 0.48395615000000003 0.632847609375
8 0.5666437 0.6956064484375 0.5754727296875 0.6923142062500001 0.57498705 0.6784061828125 0.56752075625 0.6726990609375 0.5620416406250001 0.6758743218750001 0.562038384375 0.6917887015625 0.5666437 0.6956064484375
8 0.7468833046875 0.14225940937499998 0.7292946312499999 0.150830753125 0.7147057 0.16526519374999998 0.7105513703125 0.1743620421875 0.70925801875 0.185348265625 0.7122230703125 0.1902179328125 0.7179797156250001 0.1949901140625 0.727505828125 0.19565209687500001 0.7428959171875 0.188152171875 0.75458918125 0.1708349234375 0.7562673953125 0.154862053125 0.752046940625 0.14605765937499998 0.7468833046875 0.14225940937499998
8 0.835613665625 0.34604635 0.8293995171875 0.3601883375 0.8296423562499999 0.3671423484375 0.8404585640625 0.3727324875 0.8542430781249999 0.3672779140625 0.861747321875 0.3580640859375 0.863914471875 0.3400848546875 0.857949678125 0.3293520921875 0.8490512671875001 0.33065747343749996 0.835613665625 0.34604635
5 0 0.07607545 0.03999196875 0.11721251562499999 0.0468305625 0.1209522734375 0.0834616890625 0.1614480375 0.0919058546875 0.16314244218750001 0.09490885624999999 0.153091159375 0.10880070156249999 0.1347024953125 0.11110661875000001 0.1206969859375 0.1161314890625 0.1205215140625 0.1192385625 0.113450521875 0.11896103124999999 0.10550307968749999 0.114809959375 0.098685546875 0.0335310796875 0.01598468125 0 0.0171556125 0 0.07607545
5 0.28356315 0.256908434375 0.27997039687499997 0.250071403125 0.20600780156249998 0.1810400328125 0.19257671406250002 0.16460014843749998 0.17596916875 0.1532443953125 0.1516394625 0.192885034375 0.150835046875 0.20186489999999999 0.1538000984375 0.2067345671875 0.277200465625 0.31481984218750003 0.2851210046875 0.31752717656249996 0.2945430421875 0.31520886875 0.3008265734375 0.30305374218750003 0.31426417500000003 0.2876648640625 0.288657403125 0.258719821875 0.28356315 0.256908434375
5 0.40891600468749995 0.3728826609375 0.357525746875 0.32593980624999996 0.3371769109375 0.35151644531250004 0.33358090156250003 0.3605937953125 0.334870996875 0.365521953125 0.4243244984375 0.4459480703125 0.438282471875 0.4454606484375 0.44679927656249996 0.433227534375 0.45768812499999995 0.42489015312499995 0.45001368125 0.41322245 0.44202376093750007 0.4085282546875 0.40891600468749995 0.3728826609375
5 0.9208099031250001 0.2565374046875 0.9338626421875 0.24613517499999998 0.9064139734375001 0.18045271093749998 0.8702089140625 0.10413496874999999 0.8565631625 0.11356326406249999 0.8635719546875 0.138184553125 0.9208099031250001 0.2565374046875
1 0.1626996484375 0.029377565625 0.1625654359375 0.011478703125 0.07073423281249999 0.014685518750000001 0.0740689671875 0.0205369171875 0.0898374046875 0.0398791046875 0.09192865781250001 0.051741776562499994 0.10089645 0.05242325625000001 0.11195549687499999 0.064967409375 0.120469046875 0.0686486765625 0.135682421875 0.0720959796875 0.1439184390625 0.06782980625 0.1573560421875 0.052440928124999994 0.1626996484375 0.029377565625
1 0.3182136125 0.25669305468750003 0.3362847078125 0.277944115625 0.3524380078125 0.29229965625 0.369187575 0.2917147484375 0.37993765625 0.27940364687499997 0.3834989765625 0.269332865625 0.38636321093750003 0.255307859375 0.3866125640625 0.23043311093750002 0.3818717390625 0.2067272625 0.38135462656249997 0.175911428125 0.3755698046875 0.1383170546875 0.3714187328125 0.131499521875 0.3656241375 0.141648290625 0.36032173749999996 0.13387632031250002 0.3586847296875 0.1190138609375 0.3525085296875 0.118234896875 0.34500754375 0.11153434531249999 0.32348571875 0.0715055953125 0.30537993281250003 0.049261103125 0.3010554046875 0.037476418750000004 0.30063910781250003 0.025555256250000002 0.2938698984375 0.0238023578125 0.2871386375 0.007128510937500001 0.1833533578125 0.010752771875 0.1823416265625 0.047589845312500004 0.1905364390625 0.07415900156250001 0.18564707656249999 0.09422257656250001 0.1851548828125 0.1121433140625 0.1939806546875 0.1247654546875 0.245509678125 0.17568203124999998 0.25974518125 0.18314205 0.264069709375 0.19492673437500002 0.31336545781249997 0.24592129843750002 0.3182136125 0.25669305468750003
1 0.442443315625 0.4045350390625 0.47419159375 0.43326561406249997 0.48821895 0.4347650515625 0.49635089375 0.42751858593750003 0.50553335 0.4023318859375 0.5061296171875 0.3873914375 0.5047766546875 0.3486476578125 0.4966956890625 0.27731564999999997 0.488951865625 0.26366108593750004 0.48500894062500005 0.262804134375 0.4830564546875 0.2549151828125 0.48972810312500004 0.221859028125 0.4827854375 0.2151389796875 0.4700796109375 0.23547551093750002 0.466729696875 0.23559249218749997 0.4590205640625 0.22293135937500003 0.45843081249999995 0.2060430453125 0.4545919609375 0.20816638437499999 0.39758707968749996 0.1445106859375 0.3942371671875 0.1446276671875 0.388720103125 0.162723878125 0.38962533593750004 0.1726386828125 0.38522816875 0.1747815203125 0.3844237515625 0.1837613859375 0.38504493906250004 0.2175575109375 0.38818019062500003 0.2433087109375 0.3870949859375 0.260255515625 0.3915268453125 0.259106109375 0.40743730468750006 0.2665076375 0.4077148359375 0.27445507812500003 0.4112382078125 0.2793052484375 0.412278946875 0.30910815625 0.41740137656250004 0.3437417375 0.442443315625 0.4045350390625
1 0.5312507109375 0.40242845625 0.5355091140625 0.3963119 0.5444769078125 0.3969933796875 0.5510975796875 0.442515696875 0.5581410625000001 0.46813041875000005 0.5773602296875 0.506250296875 0.5955007078125 0.52948821875 0.6029323109375 0.5342019078125 0.6118654125 0.5338899578125 0.6193349640625 0.5236826984375 0.6246471359375 0.48371152500000003 0.6122036937499999 0.415515784375 0.6079485484375 0.405717959375 0.60690455 0.3918294328125 0.5935461015625 0.36146202656250004 0.5954704140625 0.3365287875 0.5880735015624999 0.3328085265625 0.5859789921874999 0.336860234375 0.5875813078125 0.3507292640625 0.5720871453124999 0.3552489 0.566923509375 0.35145065 0.54717745625 0.3302580796875 0.54254070625 0.309532525 0.5250279296875 0.2882619671875 0.5256241984375001 0.27332151875 0.5281729515625 0.2662700234375 0.522939934375 0.2604849125 0.518435434375 0.2755618390625 0.51584873125 0.2975342859375 0.5031429046875 0.3178708171875 0.5044991234375 0.3407002171875 0.5069405484375 0.34658280937499997 0.5090285437500001 0.37435986250000003 0.5075964265625 0.381372365625 0.5101419234375 0.39023525000000003 0.514573784375 0.38908584375 0.522771853125 0.3997406203125 0.5312507109375 0.40242845625
1 0.6536992640625 0.3872114015625 0.6202445921875 0.341631503125 0.6125040265624999 0.312062559375 0.6120812156250001 0.3319701578125 0.6184904812500001 0.3874462765625 0.6184872234375 0.4033606578125 0.625707421875 0.41802814843749997 0.6182725609374999 0.4292288390625 0.61757221875 0.44118899375 0.6238459796875 0.4767770109375 0.6398572546875 0.5030732109375 0.6536385124999999 0.5135330171875 0.670842325 0.5099483203124999 0.7218987 0.4832993515625 0.658724134375 0.387035928125 0.6536992640625 0.3872114015625
1 0.7593971109375001 0.5486308703125 0.7565740812499999 0.5318205453125 0.7443290140625 0.5173285265625001 0.7329924375 0.496836934375 0.7278634937499999 0.49403211562499993 0.7263619921875 0.49905775625000004 0.731803159375 0.510803446875 0.742123915625 0.55022870625 0.7507382812500001 0.5728046453125 0.7608194562499999 0.5893615109375 0.772332746875 0.598905875 0.778335490625 0.5947176890625 0.77673643125 0.564934278125 0.77195765625 0.55614938125 0.7593971109375001 0.5486308703125
1 0.8315377906249999 0 0.832089315625 0.005007321875 0.8408044984374999 0.0464779328125 0.8474598609375 0.0929936828125 0.8526234968749999 0.0967919296875 0.8607554421874999 0.0895454640625 0.864455525 0.08344840625 0.863584984375 0.074527028125 0.8655407296875 0.06650160000000001 0.872660109375 0.062274418750000005 0.8975632828125001 0.11909399843749999 0.9034240015625 0.126846471875 0.9663503515625 0.071933025 0.9846432953124999 0.0515139890625 0.9828443874999999 0 0.8315377906249999 0
1 0.9371746078125 0.2609391453125 0.9373480656250001 0.2659062953125 0.9555199765625 0.306052028125 0.9589739640625 0.3089153375 0.9929524437499999 0.289456846875 0.9870748578124999 0.12114484218749999 0.9495844999999999 0.1520898375 0.9210375953125001 0.1670117015625 0.9224317640624999 0.17492014843749998 0.9280843359375 0.176712040625 0.9278729296874999 0.1866658390625 0.9449628953125 0.2278439953125 0.9495302640625001 0.2465826921875 0.9501200171875 0.2634710078125 0.94073266875 0.26678274375 0.9371746078125 0.2609391453125
1 0.2500703703125 0.738489965625 0.246300903125 0.7426001656250001 0.20024447968749998 0.720337090625 0.1950114625 0.71455198125 0.188544703125 0.7694831 0.19038986093750002 0.790306140625 0.19342429375 0.7971626671875 0.20256554375000002 0.802811296875 0.2326074328125 0.8146925546875 0.24098221718750001 0.8144001 0.2495716625 0.7882394671874999 0.25205755 0.7473723484375 0.2500703703125 0.738489965625
1 0.3344079578125 0.7524537421875 0.32798891874999997 0.7447207671875 0.2801881578125 0.7205293203124999 0.2757909890625 0.7226721578124999 0.2694413328125 0.7169260421875 0.26232195156250004 0.7211532218750001 0.261514278125 0.7460474703125 0.258441896875 0.75411189375 0.2550475203125 0.8009785859375 0.26184490625 0.8355536765625 0.261737575 0.8484877671875 0.268014590625 0.868161403125 0.3097464859375 0.87863979375 0.317531515625 0.8614590249999999 0.3183771375 0.8216438265624999 0.3157308234375 0.793886271875 0.318667696875 0.765933746875 0.3344079578125 0.7524537421875