2 0.41119855781250003 0.49728027656249996 0.41613954218749993 0.49266316093749996 0.419771228125 0.4576351234375 0.42245856406250004 0.375060146875 0.3564330421875 0.37130342031249997 0.3455131125 0.3794369625 0.340820953125 0.3941746390625 0.33797840468749996 0.42018280468749997 0.338374153125 0.45455331718750003 0.3357211859375 0.46542988281250003 0.33888009375 0.507111296875 0.343696665625 0.4974339 0.3920993453125 0.5016685859375001 0.41119855781250003 0.49728027656249996
7 0.1688261390625 0.44779882187500003 0.16584495625 0.4818738921875 0.167855709375 0.50426715 0.166138803125 0.5303737984375 0.16748483281249998 0.5668472078125 0.163920678125 0.6594442625 0.1703238140625 0.6640439812500001 0.1887500125 0.6414189671875 0.191490659375 0.6295401921875 0.2006486609375 0.609133953125 0.20057520156250003 0.5970089765625 0.2041784453125 0.58823530625 0.2128470890625 0.579904803125 0.21847530625 0.580397209375 0.2234589515625 0.536398540625 0.2254163921875 0.48809559687500004 0.2249898421875 0.402218553125 0.2205749484375 0.40082242187499995 0.1733796640625 0.44112805 0.1688261390625 0.44779882187500003
7 0.2748096515625 0.37729072812500003 0.24897908750000003 0.40027782343749996 0.24293497031250003 0.42398613125000006 0.23209086406249999 0.522005546875 0.22752311718749998 0.5418035046874999 0.22471729843750002 0.5738741578125001 0.2262304 0.5760262968750001 0.24226667812499997 0.5612712234375 0.266838896875 0.5008085078125 0.27721615312500003 0.43405449999999995 0.2797873671875 0.37873610156250004 0.2748096515625 0.37729072812500003
7 0.2953733765625 0.45988015000000004 0.3001081953125 0.4057609203125 0.2996899359375 0.352200734375 0.2946245390625 0.3517575703125 0.279538540625 0.368615540625 0.2812862484375 0.3940154234375 0.27799107031250003 0.4381618125 0.27035445937499997 0.49303704687499994 0.26431034375 0.5167453546874999 0.2704137015625 0.5182892078125 0.28099712499999996 0.5010373140625 0.28621537343750003 0.480286390625 0.2953733765625 0.45988015000000004
7 0.30014492656249997 0.4118234078125 0.293670690625 0.4728596125 0.295271475 0.4740095421875 0.303552659375 0.4636253828125 0.3087709078125 0.4428744578125 0.31445007812500003 0.4363021671875 0.32204995625 0.3753644453125 0.3219172546875 0.3379873078125 0.32469463125 0.33217102187499997 0.3074817609375 0.353892309375 0.30014492656249997 0.4118234078125
7 0.3129737078125 0.44021251718750004 0.316825778125 0.44155940937500004 0.32150371718750004 0.43994891718750007 0.331925996875 0.41157425468750003 0.33747246249999996 0.3676248265625 0.3373907109375 0.32318299375000004 0.3341891421875 0.320883134375 0.322655440625 0.3360321328125 0.3202963203125 0.39540860312500004 0.3129737078125 0.44021251718750004
7 0.07004675625 0.4229986796875 0.0753017375 0.40831024375 0.0806669109375 0.41180927343749996 0.082304425 0.419021690625 0.087282140625 0.4204670640625 0.0843578375 0.402033396875 0.0836255828125 0.3585445296875 0.079691759375 0.31275580625 0.041142606250000005 0.3255412578125 0.0403167390625 0.32849864218749997 0.0481085625 0.3301902171875 0.049746078124999996 0.337402634375 0.0508965921875 0.4344516859375 0.055399168750000005 0.43484560937500005 0.07004675625 0.4229986796875
7 0.0815046375 0.3179638078125 0.0796040765625 0.3137580125 0.06405715937499999 0.31643735156249997 0.0247698203125 0.331177978125 0.01264825625 0.3335993015625 0.0010415703125 0.46626432500000004 0.021477003124999998 0.45308526718750003 0.024641840625 0.4493226375 0.024393014062500003 0.439202078125 0.0286834953125 0.43553792968750005 0.034136349999999996 0.43803475000000003 0.03880006875 0.4495514421875 0.0668819203125 0.42676130937499995 0.087194459375 0.42146927187500005 0.083297365625 0.381743034375 0.0815046375 0.3179638078125
1 0 0.93172101875 0.0328720203125 0.925695746875 0.03623473125 0.939118375 0.0361747234375 0.9613304656249999 0.043798659375 0.9619974734375001 0.04454435625 0.9024798453124999 0.0389955296875 0.8686683765625001 0.0572321421875 0.8611749609375 0.058508278125 0.7623184546874999 0.053055423437500006 0.7598216328125 0.0130441203125 0.7633902515625001 0 0.7662688625 0 0.93172101875
1 0.0212838515625 0.5914218078125 0.019581165625 0.6044012703125 0.02550323125 0.65339358125 0.0294287640625 0.6668654484375 0.03470625625 0.6713666859375 0.034180164062500004 0.677379934375 0.038858103125 0.675769440625 0.06261274375 0.6505809671875 0.07932203593750001 0.6540625999999999 0.08894095937499999 0.6478349921875 0.09171833593749999 0.6420187078125 0.0900358 0.5964269437499999 0.0858247109375 0.5667720265625 0.077447553125 0.5458415390625 0.064692234375 0.5295774062499999 0.05408630156250001 0.527639628125 0.043166371875 0.53577316875 0.0363982890625 0.5483094687500001 0.032656409375 0.5651500406250001 0.026977240625 0.5717223312499999 0.0212838515625 0.5914218078125
1 0.108017659375 0.6242570093750001 0.12162728593750001 0.611309390625 0.1347250421875 0.5912478343750001 0.1398982703125 0.5321175640625 0.139714615625 0.5018051234375001 0.1352914328125 0.46809213437499997 0.125050446875 0.449018340625 0.11782144375 0.44737600625 0.11344328125 0.45204236093750005 0.1108128265625 0.4821086 0.10617161875 0.4897815796875 0.10169155468749999 0.508577328125 0.098959196875 0.552772959375 0.1050791390625 0.6189505265624999 0.108017659375 0.6242570093750001
1 0.592479303125 0.7847977671875 0.5916759453125 0.8069448234375001 0.5960031578125 0.8093431624999999 0.600146715625 0.7814290625 0.6082643953125 0.6821612359375 0.6106543140625 0.67429129375 0.6098711078125 0.6378671234375 0.615621378125 0.5656589109375 0.621642984375 0.52276093125 0.6207436546875 0.5135933390625 0.5884649343749999 0.4936013703125 0.570330221875 0.4869653953125 0.565864378125 0.49263395781249997 0.56240805625 0.5256575796875 0.5565025718750001 0.54129898125 0.525021278125 0.5446040015625 0.49647850625 0.5532155015625 0.4865965375 0.5624497328125 0.4759621640625 0.5867663234375 0.472038234375 0.6251347203125001 0.46958983125 0.6336731343750001 0.463523203125 0.6381917687499999 0.46065814375 0.6450102625 0.46155747187499996 0.65417785625 0.4690353 0.6659407515625 0.4634461734375 0.7492717328125 0.463717509375 0.778581965625 0.46744516718750007 0.7748685765625 0.47463507812500005 0.6926875265625 0.47434952187499996 0.6765044765625 0.4768638546875 0.673694815625 0.5110289156250001 0.711019759375 0.5118038328125001 0.7151270734375 0.50379634375 0.832582365625 0.5048710375 0.8397455421875 0.5099364343749999 0.84018870625 0.5119756265625 0.8363275968749999 0.5154971203125001 0.7831120953124999 0.592479303125 0.7847977671875
3 0.6428501296875 0.371114690625 0.6349670546875 0.4936302640625 0.639455409375 0.507151371875 0.67596773125 0.575987928125 0.6901342484375 0.608533590625 0.753743771875 0.7241755265625 0.7974484171875 0.30889935468749996 0.8240641671875 0.026442021875 0.6905869421874999 0.014764278124999999 0.690686471875 0.018812503124999998 0.6886472796875001 0.022673612500000002 0.6814550078125 0.027093765625 0.674964190625 0.02349625625 0.6717116734374999 0.02826109375 0.6702353015625 0.032171442187499996 0.67256005 0.044493382812499996 0.6714936484375 0.0696470609375 0.667087046875 0.10056778749999999 0.6428501296875 0.371114690625
8 0.112039165625 0.6690435265625 0.1351148625 0.6710623890625 0.139229978125 0.6694026562500001 0.1433083640625 0.6616804359375 0.14072056875 0.6523651218750001 0.1316786890625 0.6455147859375 0.1226735390625 0.6447269375 0.11006514375000001 0.6527127562499999 0.1091883265625 0.6627348359375 0.112039165625 0.6690435265625
5 0.0239332484375 0.70375018125 0.022318245312500002 0.7157274359375 0.0152503859375 0.72520786875 0.016237396874999997 0.7333732546875 0.059062809375000004 0.7300508390625 0.061189684375 0.7251875203125 0.061554632812499996 0.7080515046875 0.0513871078125 0.7011026874999999 0.0507508234375 0.68892846875 0.041833356249999995 0.6871384125 0.03879293125 0.695961321875 0.0239332484375 0.70375018125
5 0.0571824 0.6672738203125 0.060245334375 0.67764058125 0.0719544 0.66048716875 0.06667690937500001 0.65598593125 0.0571824 0.6672738203125
5 0.4040513078125 0.5400797749999999 0.41252207656250006 0.5145640140625 0.40997101249999995 0.5113111859374999 0.38585735468750004 0.5081916359374999 0.371670684375 0.5342172 0.3698435875 0.54213638125 0.372869790625 0.5464406562499999 0.3982844578125 0.5476542734375001 0.4040513078125 0.5400797749999999