2 0.5212961203125 0.287135390625 0.5331531109375 0.28338470312499997 0.536715446875 0.28059026875000004 0.5345369078125 0.2567132296875 0.49374084218750003 0.23903243125 0.488111125 0.237762828125 0.47337113124999997 0.23957841562499999 0.34642266718750003 0.2587486578125 0.3420174484375 0.263151909375 0.342564740625 0.2912868234375 0.34925540625 0.295108565625 0.3868413671875 0.3046128265625 0.5212961203125 0.287135390625
2 0.6367440765625 0.29620991406249997 0.6099290234375 0.29761523125 0.48833769531250004 0.31285388125 0.484720840625 0.3146080765625 0.48586568906250005 0.336453096875 0.516897278125 0.3447362140625 0.6127890218750001 0.3344952609375 0.64496120625 0.3291583515625 0.6484962859375 0.325843796875 0.649282525 0.30546221562500003 0.6367440765625 0.29620991406249997
2 0.15049804375 0.2179049171875 0.1778037453125 0.22586175156250002 0.2114184984375 0.2303586546875 0.3006468328125 0.216816078125 0.3603134046875 0.20534431562500002 0.3721431359375 0.20107350937500001 0.37554192343750004 0.1951583578125 0.3668383921875 0.18831281718749998 0.269254509375 0.1485738359375 0.2636520515625 0.1478243515625 0.218589184375 0.1548799296875 0.146140965625 0.17015083749999999 0.142633146875 0.1739855109375 0.1418490328125 0.212099615625 0.15049804375 0.2179049171875
2 0 0.13068379531250002 0.0791504125 0.11264053593750001 0.1019669953125 0.10570774062499999 0.104550159375 0.101921525 0.10549994843749999 0.0846606625 0.089589971875 0.0818436328125 0.0846395875 0.07584449374999999 0 0.0427697125 0 0.13068379531250002
7 0.7517452718750001 0.20829990625 0.7518815640625001 0.21090050312500003 0.7856347296874999 0.235730528125 0.8105208203125001 0.25059429375 0.9691802046875001 0.234977634375 0.9754347359375 0.23047746406249997 0.9692598531250001 0.21880547031250003 0.94361053125 0.1893783546875 0.9163299609375001 0.1642091171875 0.8710217703125 0.16658361875 0.7470926015625 0.1902895578125 0.7355081953125 0.1992414421875 0.7253642265625 0.20029461249999997 0.7255822921874999 0.20445556874999998 0.7517452718750001 0.20829990625
7 0.829479103125 0.046196975 0.8227884375000001 0.042375232812500004 0.8153094062499999 0.041202546875 0.8082937671874999 0.048871895312500004 0.7780526703125 0.0556722453125 0.62929405625 0.08328718125 0.5900789718749999 0.09577331875 0.5903242953125 0.1004543953125 0.602890003125 0.110226815625 0.6042507921875 0.11850027031249999 0.6088195609375 0.11721773437500001 0.619099821875 0.1187651609375 0.6377586359375 0.13864921875 0.662671984375 0.15403310312500001 0.7090181171875 0.18915566875 0.726043559375 0.1955650765625 0.7344199875 0.1961691828125 0.766319590625 0.185631078125 0.9121952015625 0.156081040625 0.90294650625 0.13883310937499999 0.8522181609375 0.07316886875 0.829479103125 0.046196975
7 0.48690703593749995 0 0.466434765625 0.00107290625 0.46967212812500003 0.009769560937500001 0.48356924062499995 0.009562792187499999 0.505599584375 0.0230115765625 0.5105772281250001 0.0295308359375 0.56850989375 0.0734340421875 0.5697889093749999 0.08014713749999999 0.5839040890625 0.084101325 0.5861350187500001 0.0912860796875 0.6860503625 0.06936020000000001 0.70726295625 0.0672053984375 0.8072873359375 0.0473599953125 0.811774328125 0.0445171015625 0.8124264015625 0.039267446875 0.779954196875 0 0.48690703593749995 0
7 0.8432534265625 0.6097901343750001 0.8840201078125001 0.6092182875 0.9265270703124999 0.6064690421875001 0.9803458578124999 0.589566721875 0.9875523046874999 0.5855382109375 0.98374464375 0.5836515703125 0.9159448421875 0.5814677781250001 0.8336231140624999 0.5852605296875 0.80417038125 0.5894118203125001 0.8024573593750001 0.5921093374999999 0.8518730546875 0.5973427921875001 0.849616990625 0.607370440625 0.8431716515625001 0.6082297765625 0.8432534265625 0.6097901343750001
7 0.7014789421875001 0.5937505562500001 0.660957584375 0.599003478125 0.6270451171875 0.606517784375 0.60392869375 0.6077292640625 0.5866600531249999 0.6143713046875 0.6016181125 0.6167166749999999 0.642330278125 0.6151045890625 0.779642903125 0.6167746562499999 0.8132031359375 0.6202313203125 0.8516571125000001 0.6109143609375 0.9189390062499999 0.6032158796875 0.9217926265624999 0.5868983375 0.9254094796875 0.5851441421875 0.9059371671875001 0.5851215468750001 0.89840361875 0.5829086218749999 0.8097455828125 0.5896411859375 0.77354766875 0.588930496875 0.7014789421875001 0.5937505562500001
7 0.44271978125 0.68084983125 0.45207538437499994 0.682445715625 0.6178070499999999 0.6779324734375 0.639726234375 0.6715682546874999 0.64807540625 0.6716522421875 0.663440215625 0.66406688125 0.8031136859375 0.6223247296875 0.8018891859374999 0.616651875 0.74341773125 0.6155438484375 0.6118165984374999 0.6167037421875 0.5931053921875 0.6135119718750001 0.5528021015625 0.62292585 0.4884032125 0.6325594296875 0.446684615625 0.6326596171875 0.44510788437500004 0.6379577296875001 0.44989471875 0.6408361515625 0.45440897031249994 0.6385133781250001 0.465641146875 0.640532465625 0.534854128125 0.6342974265625 0.5356991359375 0.65042113125 0.4674925859375 0.6581680703125 0.3810109625 0.67104515 0.3109005828125 0.6778487671875 0.2925164765625 0.6808984312499999 0.291782628125 0.6845877265625 0.3386247875 0.6831759296875 0.35495914375000004 0.6870138156250001 0.3955350171875 0.6828011296875001 0.44271978125 0.68084983125
7 0.5411631781249999 0.63083749375 0.5363490843750001 0.627438953125 0.4985199234375 0.6309861406249999 0.3114938890625 0.6360938265625 0.135320540625 0.65367145 0.012152478125000001 0.6742082125 0.009433025000000001 0.6753938296875 0.0106051328125 0.6977589703125 0.0447084078125 0.6938855015625001 0.058714553125 0.695759209375 0.07146894375 0.6914399437500001 0.149955753125 0.6852404328125 0.1621262140625 0.6874711203125 0.16140599375 0.6914204765624999 0.1651863984375 0.6927869984374999 0.220584040625 0.6883190859375 0.3671411078125 0.6717720375 0.61674185 0.6399152859374999 0.6145926953124999 0.634290890625 0.5560939796875 0.6326627453125 0.5448072875000001 0.6296034171875 0.5411631781249999 0.63083749375
1 0.7215927015625 0.4998608765625 0.7734280078125 0.49818740000000006 0.79088745625 0.49518619687500004 0.7819658609375 0.4841796984375 0.7716310843749999 0.4815920328125 0.643619546875 0.4804776125 0.6378535390625 0.47660741093750003 0.645712059375 0.4673292453125 0.6471797578125 0.45995065312500005 0.6462214671875001 0.406281421875 0.6427115203125 0.392383571875 0.631070471875 0.38256269062500003 0.5975102359375 0.379106028125 0.5624277875 0.3819877171875 0.548857775 0.38843592031249996 0.5421419765625 0.4018265828125 0.5290877453125 0.4004245328125 0.5217722640625 0.402372565625 0.5295783953125001 0.40978668437500004 0.535180853125 0.41053616875000004 0.5411649281249999 0.41856732656249995 0.542230128125 0.4565845140625 0.5390766671875 0.46718074062500003 0.52379363125 0.4763264609375 0.5248818390625 0.47939871875 0.531327178125 0.478539384375 0.540221515625 0.48902576093750005 0.53769286875 0.49385221562500004 0.5185749140625 0.500591175 0.52977983125 0.502090140625 0.5645896953125 0.49400725625 0.63160113125 0.49884010625 0.7215927015625 0.4998608765625
1 0.413275178125 0.525928528125 0.63149635 0.5322246749999999 0.6399272953125 0.5338690203125 0.672126740625 0.5290522296875 0.674628128125 0.5237056578125 0.66402076875 0.515916796875 0.65553530625 0.5132322125 0.6125649531249999 0.5071394234375 0.5576558328125001 0.5032369625 0.5335874921875 0.503976784375 0.521321628125 0.499925678125 0.5183023312499999 0.4953899796875 0.5231960734375 0.48261635468749997 0.5286831234375 0.4280877875 0.526613615625 0.4062912265625 0.518807484375 0.39887710625 0.504556015625 0.39232232031250003 0.45380678906250005 0.3793355328125 0.42971119062499996 0.379555234375 0.40591543437500005 0.38549625 0.394276509375 0.3934078921875 0.3891647 0.4020205609375 0.381794703125 0.40292835312499997 0.3639536375 0.398647884375 0.33716584374999997 0.4005733203125 0.340868721875 0.43584453125 0.369642121875 0.43642277343749997 0.3772574453125 0.44019605625 0.377611803125 0.44695761093749997 0.3707345796875 0.4749600796875 0.35561509375 0.4872265171875 0.3337504265625 0.49463097187500005 0.33067874062499997 0.506787559375 0.346643234375 0.510644828125 0.381155384375 0.5145731515625 0.3924965921875 0.5186727171875 0.3927419171875 0.5233537921875 0.413275178125 0.525928528125
1 0.26059561875 0.514111296875 0.259318728125 0.525130725 0.2492565359375 0.5277442546875 0.22418176406249998 0.526972175 0.21504422656250002 0.5295372453125 0.20974160937500003 0.5345090765625 0.21371282187500001 0.5395164359375 0.226876084375 0.5429989625 0.340338434375 0.5495698078125 0.3737078625 0.549385634375 0.3961722125 0.553423809375 0.462095440625 0.5551844 0.500903775 0.55262899375 0.5023442140625 0.54473028125 0.4915187875 0.5327804640625 0.48412153281250003 0.5331681374999999 0.47283484062500003 0.5301088109375 0.47014264531250005 0.531814546875 0.45714293125000005 0.5314527375 0.44213035156249997 0.528067128125 0.4282332390625 0.528273896875 0.380666859375 0.522943525 0.334270459375 0.5222457687500001 0.3228474765625 0.5165858437499999 0.33067874062499997 0.506787559375 0.3405437484375 0.4473356203125 0.33909693125 0.40203676093749996 0.3244638453125 0.3882003015625 0.311191546875 0.382637296875 0.2529360328125 0.367957703125 0.2258211390625 0.36364170625000003 0.1971295140625 0.36462382031249996 0.164277996875 0.3746902671875 0.1516598984375 0.38161012968749997 0.142224646875 0.396186409375 0.136676703125 0.396477165625 0.11309688749999999 0.38884661249999997 0.10104908906250001 0.38895646250000004 0.10137618906250001 0.39519789843750003 0.119108221875 0.397397890625 0.13094007968750002 0.4108596078125 0.129011115625 0.42712869062500003 0.12180466875 0.4311572 0.12613023750000002 0.4429261140625 0.11835774218749999 0.489229684375 0.13780279687500002 0.4887321625 0.14161045781249998 0.490618803125 0.2124022953125 0.4968181734375 0.2553726515625 0.5029109625 0.26331507187500003 0.5129256796874999 0.26059561875 0.514111296875
1 0 0.4954009859375 0.000955690625 0.51363665 0.1386499296875 0.522588390625 0.157006778125 0.519018609375 0.17395044531249998 0.5238676578125 0.20092904687500002 0.5255830578125 0.27310680781249996 0.522843478125 0.2727797078125 0.5166020437500001 0.26048658593749996 0.51203081875 0.2524351296875 0.4999356234375 0.20780626875000002 0.49758058906249997 0.176965490625 0.49293830937500005 0.16586960625 0.4935198203125 0.1387547109375 0.489203821875 0.0912973640625 0.4859539265625 0.083818334375 0.4847812421875 0.074162890625 0.477464040625 0.08316413593750001 0.472298371875 0.08876446875 0.45531533281250003 0.09088211406249999 0.42495456093749995 0.099308809375 0.391133859375 0.09862309999999999 0.3426658234375 0.082792771875 0.3236766265625 0.0655492640625 0.31310626406250003 0 0.294743471875 0 0.4954009859375
1 0.6229588703125 0.7762350671875 0.6262758828125 0.76875955625 0.630188325 0.737261628125 0.516757484375 0.7666759515625 0.5100416859375 0.7800666125 0.48445113125 0.7871447875 0.4830379515625 0.7955636171875 0.5077038484374999 0.7885339046875 0.524486090625 0.8079947609374999 0.5424907078125 0.8153959468749999 0.6621551984375 0.8341589062500001 0.727262803125 0.838048434375 0.758701140625 0.836400821875 0.77330484375 0.8319846359374999 0.780293225 0.82379516875 0.77822584375 0.81973113125 0.7654965875 0.80683799375 0.7484438875 0.799908465625 0.6586137437499999 0.7842758875 0.6309830671875 0.7878101421875 0.6159977484375 0.784944653125 0.612081053125 0.7809775343750001 0.6229588703125 0.7762350671875
1 0.621935809375 0.8628656671874999 0.5871238171875001 0.8532160296875 0.5198670562500001 0.8437021031249999 0.5160321375 0.84129534375 0.49563516874999997 0.84132120625 0.47910037499999997 0.84427395 0.459409996875 0.8400903984375001 0.45404445468750004 0.83059256875 0.4695518390625 0.8213047031249999 0.476485703125 0.8120749984375 0.48385144843749994 0.7757021578125001 0.47272830624999995 0.775763546875 0.319021434375 0.8151118687500001 0.3081457421875 0.8375868593750001 0.2982471 0.8433211078125 0.2807876484375 0.8463223109375001 0.27725257187499996 0.8496368656250001 0.2784770703125 0.8553097218750001 0.296888434375 0.852780178125 0.31146487968750003 0.8478438734375 0.3216927484375 0.8660835859375 0.3333337984375 0.8759044656249999 0.3437776078125 0.8805726093749999 0.4805493171875 0.907305334375 0.5522112953125 0.91241600625 0.6095672859375 0.90993165625 0.631568246875 0.905127796875 0.6450564828124999 0.8971192359375 0.647230771875 0.8855312265625 0.6295783890625 0.8671590703125001 0.621935809375 0.8628656671874999
1 0.4609159546875 1 0.4583136609375 0.9960907359375 0.46187599687500003 0.9932963015625 0.4682374375 0.9731440843750001 0.46184448749999996 0.957311134375 0.4451167609375 0.9388905187500001 0.43551583281250006 0.9326135546875 0.41936053125 0.9251154500000001 0.3939586609375 0.9181019359375 0.3115802890625 0.9031219234375 0.281148384375 0.9062814359375 0.27581850937499997 0.9107331484375001 0.24291247500000002 0.9197593546875 0.14569145 0.957712021875 0.13943691875 0.9622121921875 0.1373444046875 0.9753605593750001 0.1319600140625 0.9787720328124999 0.081238046875 0.9663053625 0.0630153625 0.95474321875 0.053957476562499995 0.9411361234375001 0.053057951562500004 0.9239721781249999 0.0489777078125 0.916884340625 0.04979120625 0.8970228812500001 0.0423666921875 0.8968904343749999 0.039513071875 0.9132079781250001 0.032715498437500004 0.92503828125 0.03671609375 0.9482982828125 0.0437611171875 0.9588815796875 0.06690692499999999 0.97592274375 0.1290518765625 0.9940493343749999 0.15472998124999998 1 0.4609159546875 1
1 0.044106971875 0.8947130375000001 0.050743121875 0.8974945406250001 0.05493452343750001 0.9243953796875 0.095321715625 0.9342743828125 0.112047315625 0.9349624750000001 0.1643438890625 0.92439850625 0.21166281874999998 0.90731528125 0.248728746875 0.8892047453125 0.269259884375 0.87404695625 0.27766144531250003 0.8574386578125001 0.2779570359375 0.827694925 0.2751285484375 0.8268000640625001 0.254976903125 0.8315070046875 0.03466959375 0.8915567937500001 0.0332564140625 0.8999756250000001 0.044106971875 0.8947130375000001
8 0.3135707734375 0.0388124109375 0.3224923703125 0.04981890625 0.3301076921875 0.053592190625 0.3448476875 0.051776603125 0.353658125 0.0429700984375 0.354716946875 0.0277897125 0.3485148046875 0.015597598437499999 0.34253073125 0.0075664421874999995 0.3055444515625 0.0095048109375 0.3135707734375 0.0388124109375
8 0.5376754906250001 0.121989334375 0.542573484375 0.14468075625000001 0.5534806859375 0.15819093281250002 0.564603828125 0.1581295421875 0.57338700625 0.1488029171875 0.5737937546875 0.13887218750000002 0.5617983468750001 0.12228975312499998 0.549423446875 0.11615816718750001 0.5447729046875 0.1158803453125 0.5376754906250001 0.121989334375
8 0.6732018203125001 0.1957266546875 0.6707276890625 0.20159334687500002 0.6725246140625 0.2181887140625 0.680385259375 0.22664307187500002 0.691426628125 0.22502132343749998 0.69729954375 0.2132394765625 0.691042884375 0.200007125 0.68233935625 0.193161584375 0.6776888125 0.19288376093749998 0.6732018203125001 0.1957266546875
8 0.77723316875 0.2523388265625 0.77222826875 0.2452994484375 0.758467446875 0.248106815625 0.7540077125 0.25146982812499996 0.7543620703125 0.2582313828125 0.7592306796875 0.26267016249999997 0.7757927296875 0.2602375375 0.77723316875 0.2523388265625