7 0.338374290625 0.61808510625 0.3289224953125 0.6191489359375 0.31001890312499997 0.629787234375 0.313799621875 0.6606382984375 0.31852552031250003 0.67074468125 0.39035916875 0.6675531921875 0.5415879015625 0.67074468125 0.583175803125 0.627659575 0.5841209828125 0.620212765625 0.4073724 0.6175531921874999 0.40075614374999996 0.618617021875 0.352551984375 0.64308510625 0.3431001890625 0.6377659578125 0.338374290625 0.61808510625
7 0.317580340625 0.6845744687499999 0.30434782656250003 0.6882978718749999 0.29773156875 0.6877659578124999 0.29206049218749996 0.6962765953125001 0.27788279843749997 0.7 0.275047259375 0.7085106390625 0.2665406421875 0.7101063828124999 0.25897920625 0.7164893609375 0.2495274109375 0.715957446875 0.2457466921875 0.7218085109375 0.2315689984375 0.725 0.2211720234375 0.72074468125 0.2136105859375 0.6925531921875 0.2098298671875 0.6909574468749999 0.161625709375 0.7132978718749999 0.168241965625 0.750531915625 0.1672967859375 0.7638297875 0.1729678640625 0.7718085109375 0.1994328921875 0.7739361703125 0.4508506609375 0.7787234046875 0.459357278125 0.7734042546875 0.5028355390625 0.725531915625 0.5311909265625 0.6914893609375 0.530245746875 0.6856382984375 0.388468809375 0.6851063828124999 0.3553875234375 0.6824468078125 0.317580340625 0.6845744687499999
7 0 0.9718085109375 0.0094517953125 0.975 0.018903592187500002 0.9734042546874999 0.032136106250000004 0.9781914890625 0.039697542187500004 0.972340425 0.044423440625 0.972340425 0.048204159375 0.977127659375 0.055765595312500006 0.9792553187499999 0.0614366734375 0.9781914890625 0.0850661625 0.981382978125 0.09924385625 0.984042553125 0.1039697546875 0.9872340421875 0.147448015625 0.9920212765624999 0.2069943296875 0.9962765953125 0.2438563328125 0.9962765953125 0.25897920625 0.990957446875 0.2807183359375 0.9781914890625 0.2911153125 0.96808510625 0.44801512343749994 0.7872340421875 0.44517958437500005 0.7808510640625 0.3553875234375 0.779787234375 0.299621928125 0.7760638296875 0.2013232515625 0.775 0.17958412031249998 0.7712765953125 0.161625709375 0.772340425 0.07844990625 0.8164893609374999 0.0576559546875 0.8234042546874999 0.051984876562500004 0.8281914890625 0.02457466875 0.8388297874999999 0.0207939515625 0.8462765953125 0.0047258984375 0.852659575 0 0.8515957453125 0 0.9718085109375
8 0.2277882796875 0.6579787234375 0.2353497171875 0.6638297875 0.2419659734375 0.663297871875 0.25141776875 0.6531914890625 0.25141776875 0.6393617015624999 0.2438563328125 0.63191489375 0.2315689984375 0.6292553187500001 0.2192816640625 0.6329787234375 0.2173913046875 0.64308510625 0.2277882796875 0.6579787234375
8 0.010396975 0.740957446875 0.0094517953125 0.7601063828125 0.019848771874999997 0.7829787234375 0.0349716453125 0.7888297875 0.0434782609375 0.78457446875 0.055765595312500006 0.770212765625 0.05954631406250001 0.75 0.0500945171875 0.7361702125 0.0415879015625 0.731382978125 0.0311909265625 0.731382978125 0.0170132328125 0.7356382984375001 0.010396975 0.740957446875
8 0.3752362953125 0.6260638296875001 0.366729678125 0.6175531921874999 0.3553875234375 0.6228723406250001 0.352551984375 0.640957446875 0.3553875234375 0.6414893609375001 0.3714555765625 0.6335106390624999 0.3752362953125 0.6260638296875001
8 0.4149338375 0.9861702125 0.42816635156249994 0.988297871875 0.43289225 0.984042553125 0.434782609375 0.975 0.431001890625 0.9691489359375 0.41871455625 0.96808510625 0.4120982984375 0.974468084375 0.41115311875 0.9829787234375 0.4149338375 0.9861702125
7 0.6284443453125 1 0.6313799625 0.9648936171875 0.4782608703125 0.9638297874999999 0.46691871406249996 0.9643617015625001 0.4612476375 0.9691489359375 0.4452026375 1 0.6284443453125 1
1 0 0.46333878906250003 0.0028355390625 0.46382978750000003 0.008506615625 0.46702127656250003 0.0151228734375 0.46595744687499996 0.036862003125 0.47872340468749996 0.0538752359375 0.522872340625 0.05293005625 0.531382978125 0.018903592187500002 0.5361702125 0.022684309375 0.556382978125 0.028355387500000002 0.5606382984375 0.06332703281249999 0.5643617015625 0.0841209828125 0.5601063828124999 0.10018903593749999 0.5558510640625001 0.1039697546875 0.552127659375 0.125708884375 0.5489361703125 0.1748582234375 0.5335106390625 0.1871455578125 0.534042553125 0.2013232515625 0.525 0.1852551984375 0.44574468125 0.189981096875 0.4388297875 0.30623818593749996 0.42074468125 0.3194707 0.41648936093750005 0.327977315625 0.40531914843749994 0.3270321359375 0.40212765937499995 0.29395085 0.4 0.27599243906250004 0.40531914843749994 0.20037807187499998 0.41595744687499997 0.1587901703125 0.4127659578125 0.0113421546875 0.43191489375 0.00378071875 0.43510638281249997 0 0.435562309375 0 0.46333878906250003
7 0.4461247640625 0.10106382968750001 0.4603024578125 0.10425531875 0.46691871406249996 0.1085106390625 0.46786389375 0.1191489359375 0.46408317656250003 0.1218085109375 0.40831757968750004 0.12925531875000001 0.3147448015625 0.1377659578125 0.3071833640625 0.1425531921875 0.24291115312499997 0.13989361718749999 0.22873345937499998 0.136702128125 0.22495274062499998 0.13989361718749999 0.23062381875 0.18191489375 0.24291115312499997 0.18457446875 0.262759925 0.19574468125 0.2731569 0.195212765625 0.360113421875 0.1765957453125 0.5170132328125 0.1627659578125 0.5245746687499999 0.1579787234375 0.5189035921875 0.149468084375 0.4546313796875 0.088297871875 0.44706994375000003 0.0898936171875 0.443289225 0.093617021875 0.44801512343749994 0.097340425 0.4461247640625 0.10106382968750001
7 0.4688090734375 0.1218085109375 0.46786389375 0.10425531875 0.451795840625 0.0962765953125 0.451795840625 0.08936170156249999 0.4338374296875 0.0861702125 0.35822306249999997 0.02074468125 0.3374291109375 0.0218085109375 0.3431001890625 0.0324468078125 0.3591682421875 0.0425531921875 0.3610586015625 0.051595745312499997 0.352551984375 0.0574468078125 0.2381852546875 0.0627659578125 0.086956521875 0.0627659578125 0.07088846875 0.06542553125 0.0718336484375 0.07659574531249999 0.07844990625 0.0829787234375 0.0756143671875 0.084042553125 0.0756143671875 0.0941489359375 0.07939508437500001 0.09680851093750001 0.076559546875 0.10691489375 0.0850661625 0.1377659578125 0.08884688125 0.14202127656250002 0.11342155000000001 0.147340425 0.1209829875 0.1531914890625 0.1313799625 0.15425531875 0.143667296875 0.1446808515625 0.15973535 0.140957446875 0.1833648390625 0.14202127656250002 0.18431001875 0.1393617015625 0.20037807187499998 0.131382978125 0.25141776875 0.1393617015625 0.2551984875 0.1414893609375 0.275047259375 0.1425531921875 0.28449905468750003 0.140957446875 0.3109640828125 0.14627659531249998 0.321361059375 0.15053191562499998 0.3232514171875 0.1468085109375 0.317580340625 0.1468085109375 0.317580340625 0.14308510624999998 0.33459357343749996 0.1372340421875 0.36767485781250003 0.1324468078125 0.4508506609375 0.1265957453125 0.4688090734375 0.1218085109375
7 0 0 0 0.0486037234375 0.005671078125 0.051595745312499997 0.028355387500000002 0.056382978125000004 0.033081285937499996 0.05957446875 0.2240075609375 0.062234042187500005 0.3194707 0.05957446875 0.3553875234375 0.056914893749999994 0.360113421875 0.0537234046875 0.360113421875 0.0441489359375 0.31001890312499997 0.0106382984375 0.2981366453125 0 0 0
8 0 0.068735225 0.00378071875 0.07393617031250001 0.019848771874999997 0.0824468078125 0.039697542187500004 0.086702128125 0.0463138 0.0861702125 0.049149339062500005 0.079787234375 0.0453686203125 0.062234042187500005 0.00378071875 0.050531915625 0 0.05106382968749999 0 0.068735225