7 0.0552094515625 0 0.13068100625 0.307428909375 0.1371753265625 0.3166345625 0.45376970156249996 0.3162774875 0.48614016718749997 0.313633471875 0.47421546875000004 0.2342688828125 0.4533247734375 0.232834553125 0.449569734375 0.2300948046875 0.4295641328125 0.232419809375 0.42580909531250005 0.22968006093749999 0.4210383015625 0.23066646875000002 0.41349089375 0.2273256828125 0.40481726093750003 0.17957345156249999 0.3939814578125 0.146759021875 0.40863915312500004 0.1240167171875 0.4363414875 0.116477653125 0.437450571875 0.1074047171875 0.43199067031249994 0.09340355312500001 0.432186659375 0.0821753171875 0.41148262031250005 0.0700474296875 0.428702275 0.06392990937500001 0.43067778749999996 0.059685665624999995 0.41534184375 0.012351984375 0.40854276718750004 0 0.0552094515625 0
7 0.47246565625 0.49791486406249996 0.4735654078125 0.48937660625 0.46638198124999997 0.46518338281249993 0.4817661140625 0.4552899390625 0.49029194687500005 0.4570432796875 0.49418697656250005 0.45176285937499994 0.514276571875 0.44462575312499997 0.5073358 0.40653090468749997 0.5017359078125 0.4005499078125 0.5075131234375 0.3963720234375 0.5058735921874999 0.3813678625 0.48688527031250006 0.325412975 0.4812853796875 0.3194319796875 0.250294634375 0.31753938593750003 0.23409073593750002 0.31993075000000004 0.15519608125 0.3190884765625 0.13805108906250002 0.3209285734375 0.137435121875 0.3562173171875 0.14192593125 0.3712712453125 0.1485229125 0.3745954421875 0.1512677953125 0.380740540625 0.15165265 0.4131586109375 0.156841896875 0.442665434375 0.2136466796875 0.6741733578125 0.2345280453125 0.676142365625 0.2706908796875 0.6740993859375 0.446920921875 0.6541773390625 0.4907711578125 0.647454975 0.512640278125 0.6473018609375 0.5488404453125 0.6431201703125 0.547303575 0.622234553125 0.5549443109375 0.620228559375 0.55695715625 0.6138456031249999 0.5519638984374999 0.57311054375 0.5388632640625 0.5611153734375 0.5426929640625 0.5595776984375 0.5398883515625 0.5568545390625 0.5199480796875 0.5554368000000001 0.5028030890624999 0.5572768953125 0.4895437953125 0.55437125 0.4870471671875 0.53400371875 0.478717325 0.5210221421875 0.47618336406250006 0.5027933234375 0.47246565625 0.49791486406249996
7 0.6087698125000001 1 0.6009367171875 0.9809792281249999 0.59930651875 0.965440390625 0.6089321 0.9586554749999999 0.6097253921875 0.9132078531250001 0.606334334375 0.8896156640624999 0.5951998796875 0.8739109296875001 0.5918461546875 0.8481800296875001 0.5785308640625 0.8484824515625 0.5791266421875 0.8688168031249999 0.5762287015625 0.8714404234375 0.5705261484374999 0.8713408843750001 0.5647115984375 0.8776574796875 0.5571081953125 0.8775247625 0.5514709718749999 0.8736824796875 0.54526596875 0.8479018109375 0.5340568515624999 0.836474496875 0.5352405984375 0.823124140625 0.529734034375 0.811796365625 0.5234092296874999 0.7384127734375 0.5291864453125 0.7342348875 0.5530684109374999 0.72769881875 0.5691043171875 0.73493165625 0.570185403125 0.72746275625 0.5750121953125 0.7232682828125 0.564475040625 0.673344159375 0.5545056671874999 0.6453584203125 0.5412090421875 0.6445914859374999 0.4983652296875 0.648122371875 0.45260480937500003 0.6553462328124999 0.34596115625 0.66471641875 0.26496966093749996 0.675069203125 0.22405469843749998 0.6770292343750001 0.21360001562500003 0.676846746875 0.20984497812499997 0.6741069984375 0.20601527812499998 0.6756446734375 0.21610445312499998 0.7512333359375 0.2338530328125 0.8237466484375 0.2440355375 0.8939885328124999 0.24945810625 0.910128409375 0.2491221234375 0.9293768124999999 0.26416875 0.9932855093749999 0.2653893203125 0.99598101875 0.49563660781249996 1 0.6087698125000001 1
7 0.09754981874999999 0.190255303125 0.06625110468749999 0.185965096875 0.0585730375 0.19010980156249999 0.0500005421875 0.19102985 0.0386327671875 0.1886920609375 0.0053769453125 0.1875915953125 0.005159440625 0.20005238281249998 0.004749159375 0.223557421875 0.0187174453125 0.2947777609375 0.035580928125 0.3635317390625 0.041152821875 0.37111676718750003 0.106722853125 0.3727961375 0.12194832656250001 0.3719922171875 0.1353289484375 0.36794705156249996 0.12652465468750002 0.327680309375 0.1304663515625 0.31972649999999997 0.1287988203125 0.3063263734375 0.09754981874999999 0.190255303125
7 0.053002857812500005 0.4547587796875 0.07789753125 0.553604028125 0.084363853125 0.5644137140625001 0.167134871875 0.5610449203125001 0.1814659203125 0.5570163421875 0.1379655703125 0.38029441249999996 0.0723302078125 0.3823577875 0.0447118703125 0.385084753125 0.0399037453125 0.388209871875 0.0414966140625 0.405887421875 0.048792034375 0.4236645109375 0.053002857812500005 0.4547587796875
7 0.20037652968750003 0.7263561265625 0.20711350468749998 0.721660153125 0.20177493124999998 0.7007081765625001 0.196137709375 0.6968658921875 0.19434885156249998 0.690416578125 0.197489446875 0.67389133125 0.20806545468749998 0.6671230078125 0.20465573125 0.644600175 0.18417720312500002 0.5650862812499999 0.17570736874999998 0.560124871875 0.0871964640625 0.5655328390625 0.0776268796875 0.5691096859375 0.0834492359375 0.61681215 0.0890397953125 0.623327821875 0.09674433593750001 0.67213281875 0.10679770468750001 0.6953064578125 0.11468890312499999 0.733417896875 0.1631792734375 0.7331946171875 0.20037652968750003 0.7263561265625
7 0.1136358171875 0.7392827640624999 0.11237740781250001 0.7569105453125 0.13191484375 0.8358731718750001 0.1430664390625 0.905062290625 0.15037119375000002 0.9223047 0.18465184375000002 0.9191591875 0.2438022171875 0.90735548125 0.22569118281249997 0.8011408687499999 0.212564071875 0.7361959953125 0.2079332703125 0.729162234375 0.135514271875 0.738594971875 0.127938865625 0.7368582203125 0.1136358171875 0.7392827640624999
7 0.1586435140625 0.9930480828125001 0.15894165625 0.99412296875 0.26108550625000004 0.9959058953125 0.24555374218749998 0.91594350625 0.157862603125 0.928853553125 0.1473425921875 0.9324138124999999 0.1586435140625 0.9930480828125001
7 0.12287722968749999 0.8089733796875 0.1191315234375 0.8056989531250001 0.09156918281250001 0.8052178515625 0.09122386875 0.8250009328125 0.1096242203125 0.9146405296875001 0.116267865625 0.9152913359375001 0.14201335312500002 0.9109271578125 0.14130558124999998 0.8970089421875 0.12287722968749999 0.8089733796875
7 0.041983634375 0.6503181765625 0.050993248437500006 0.678822003125 0.059565745312499994 0.6779019546875 0.06710381875 0.6817774187500001 0.0689300078125 0.6860880203125 0.0974707734375 0.6849816796875 0.0871482765625 0.6227599640625 0.07478493593749999 0.5685252390625 0.07103922812499999 0.5652508140625 0.051993385937500004 0.56705773125 0.0470826015625 0.5760643046875 0.04787436875 0.5851704203125 0.043998003125000004 0.589381484375 0.03352465625 0.590268353125 0.0296669578125 0.5934100609375 0.0367850546875 0.6213460296875 0.02619038125 0.6291837124999999 0.0166674578125 0.6300871703125 0.0108249125 0.6380078015625 0.017328565625 0.6466787765625 0.0334111390625 0.651238225 0.041983634375 0.6503181765625
7 0.0745657078125 0.7444840421875 0.0896403328125 0.8067887062500001 0.1200912828125 0.8051808656249999 0.1126573921875 0.7408702078125 0.097424109375 0.68765506875 0.06794225000000001 0.6882101421875 0.06600406875 0.690315675 0.0745657078125 0.7444840421875
7 0.0719896546875 0.565267403125 0.0548633296875 0.56603814375 0.0461601734375 0.57444368125 0.062454353124999994 0.6758130125 0.06796091562499999 0.6871407875 0.09648301718749999 0.6871038015625001 0.098439865625 0.6839289125 0.0757166953125 0.569611184375 0.0719896546875 0.565267403125
7 0.041585370312499995 0.5642018531249999 0.049170109375 0.5654039281250001 0.0739278390625 0.563161871875 0.0770124359375 0.5498446921875 0.0493318140625 0.44720692968750003 0.046517868750000003 0.4450184484375 0.024658081249999998 0.44463688437500004 0.0208843765625 0.44296649062500004 0.0160949171875 0.44502225468749995 0.015982923437499998 0.4514383890625 0.041585370312499995 0.5642018531249999
7 0.025788878124999998 0.32538711875000004 0.021186075 0.3167493234375 0.0145424296875 0.31609851875 0.0031169609375 0.3170660109375 0.0018544828125 0.38939335 0.0027998171875 0.3897015828125 0.0063681984375 0.40313489062499996 0.0025104984375 0.40627659843749997 0.0015600734375 0.40626000937500006 0.0014854109375 0.41053743281250005 0.0043366875 0.41058720156249995 0.012750524999999999 0.41875667656250004 0.016150915625 0.4418141875 0.044635684375 0.44391591249999995 0.046741857812499996 0.432186178125 0.03515161875 0.3881269234375 0.0294957296875 0.3853539953125 0.029710384375 0.37305640156250003 0.0345651734375 0.36725789375 0.025788878124999998 0.32538711875000004
7 0.008651368750000001 0 0.007465982812499999 0.067910734375 0.0616233515625 0.06982386093750001 0.067353903125 0.06831936562499999 0.050408953125 0 0.008651368750000001 0
7 0.0216308140625 0.073404515625 0.007403903125 0.0714672125 0.0056729390625 0.17063413593750001 0.026575884374999997 0.1713667015625 0.0427704515625 0.169510015625 0.035792346875 0.133553878125 0.025412326562499997 0.1290939671875 0.0189273390625 0.1193536359375 0.0209681828125 0.1113666484375 0.0181542375 0.1091781671875 0.02868358125 0.10508323125 0.033650365625 0.0928685875 0.0216308140625 0.073404515625
8 0.5089861875 0.36644665 0.5145300828125 0.3756357125 0.5211083984375 0.3800292640625 0.5439559453125 0.37828870625 0.5536468578125 0.367761046875 0.560729146875 0.34328199062500003 0.5560983453125 0.336248228125 0.5438174765625 0.33175513749999996 0.532384371875 0.3331600953125 0.524706303125 0.33730479999999996 0.5111576921875 0.3509741703125 0.5089861875 0.36644665
2 1 0.21733020937499997 0.896652396875 0.2159701890625 0.867039878125 0.2240107546875 0.8678036468749999 0.23472089999999998 0.8742793015625001 0.244995909375 0.8841553484375 0.27832842812499997 0.891133453125 0.314284565625 0.9766997515625 0.314173609375 1 0.31261641875 1 0.21733020937499997
2 0.75720744375 0.30713331093749996 0.761819578125 0.315236428125 0.85213800625 0.31520842031249996 0.8711838484375001 0.31340150312500004 0.8706067359375 0.291997796875 0.850789315625 0.22907550781250002 0.7514130859375 0.257826815625 0.75720744375 0.30713331093749996
2 0.8838568875 0.6222258640625 0.8865868375 0.629226446875 0.8932211499999999 0.6304119296875 0.949305590625 0.630856046875 0.9531819562500001 0.6266449828125 0.94579320625 0.614214671875 0.8896542921874999 0.5624248859375001 0.8823308734375 0.5462518296875001 0.875761890625 0.5413236015625 0.796941896875 0.53620390625 0.8045344453125001 0.5914250390625 0.8125656359375 0.6215163109375 0.8163393390625 0.6231867046875 0.8145318171874999 0.6178067453125 0.8222098843750001 0.6136620390624999 0.8383017890625 0.6176868109375 0.8838568875 0.6222258640625
2 0.9414159171875 0.53819086875 0.9308679078125 0.5433551609375 0.90522508125 0.5418378828125 0.9051597515625 0.545580628125 0.9286217406249999 0.5631050656250001 0.9408652796875 0.5697368671875 0.9522486125 0.5711833484375 0.9520557296875 0.5822335359374999 0.96790498125 0.6001599328125 0.9887676796875 0.6031982953125 0.9886556859375 0.60961443125 0.9762908203125 0.6099334421875 0.9771945828125 0.612623421875 0.9866708390625 0.614393353125 0.9846299953125 0.6223803421875 0.9894567859375 0.6181858671875 0.9970228593750001 0.620457296875 0.9980168375 0.6179787234375 0.9995014140625 0.5329274140625 0.9976123515624999 0.5322188531250001 0.9958048296875001 0.52683889375 0.99873076875 0.5226112390625001 0.9654938718749999 0.520426565625 0.943596753125 0.5221837125000001 0.9416492375000001 0.5248239234375001 0.9378475359375 0.5247575640625 0.9415279109375 0.5317747359375 0.93672911875 0.534365175 0.9414159171875 0.53819086875
2 0.9678118437500001 0.9322944546875 0.9576464781249999 0.9155369515625 0.9165650484375 0.8725674484375 0.9078058953125 0.884181053125 0.900230490625 0.8824443015625001 0.8982923078124999 0.884549834375 0.9018606890624999 0.8979831421875 0.9246335718750001 0.9005200062500001 0.928351278125 0.9053984671875 0.9434274265625 0.91314939375 0.9471358015625 0.9185625328125001 0.959388671875 0.92465965625 0.96301305 0.93488489375 0.9678118437500001 0.9322944546875
2 0.99538103125 0.7689839375 0.9305818265625 0.777610446875 0.9247672796874999 0.7839270421875 0.917591659375 0.813752878125 0.9213000359375 0.819166015625 0.9181781046875 0.8346219046875 0.9282221421875001 0.858330221875 0.954199425 0.8951528312500001 0.9803633656249999 0.921281884375 0.9923932296875 0.940154996875 0.99538103125 0.7689839375