5 0.15234375 0.27734375 0.0890625 0.2125
5 0.18515625 0.0515625 0.084375 0.0765625
8 0.16171875 0.11484375 0.0671875 0.04375
8 0.125 0.4234375 0.0703125 0.034375
8 0.55390625 0.51328125 0.0296875 0.0203125
8 0.47734375 0.41328125 0.171875 0.1234375
7 0.46875 0.26171875 0.2453125 0.16875
7 0.46796875 0.08359375 0.2359375 0.153125
7 0.7078125 0.125 0.1609375 0.0953125
7 0.70703125 0.28984375 0.1578125 0.103125
7 0.72109375 0.4625 0.1671875 0.1171875
7 0.753125 0.921875 0.1765625 0.140625
5 0.57421875 0.91953125 0.06875 0.1578125
5 0.56015625 0.4375 0.0359375 0.1125
2 0.44140625 0.5296875 0.1546875 0.0515625
1 0.4453125 0.94453125 0.171875 0.1109375