5 0 0.7375543875 0.0190289875 0.7244036859375 0.0201300609375 0.7197024062499999 0 0.7077801921875 0 0.7375543875
5 0.2224458640625 0.5066333296875001 0.21292295781249998 0.5110405124999999 0.1965742171875 0.52310888125 0.17563851875 0.5323838859375 0.1697851765625 0.5390257578125001 0.161308240625 0.5403096453125 0.039858543749999996 0.6108509265625 0.0369226890625 0.6144348609375 0.0395830203125 0.6187408546875 0.0861862828125 0.652493109375 0.144534996875 0.618192765625 0.24325095000000002 0.5547571546875 0.26059055625 0.541143478125 0.259838478125 0.53585085 0.24708684375 0.5253994578125 0.24455508906249998 0.517411496875 0.23365660625 0.5075514546875 0.2224458640625 0.5066333296875001
5 0.3094531015625 0.5101983265625 0.3195627703125 0.5158177296875001 0.35972796093750004 0.49246840937499997 0.44031549375 0.43840583437499997 0.43893991562499995 0.42413860937500003 0.42642706874999997 0.40684928124999997 0.419069571875 0.40290589531250004 0.415344903125 0.402249190625 0.3800054546875 0.4215539375 0.2862438203125 0.47726300781250003 0.284243725 0.4808796203125 0.29317884843750003 0.4933042828125 0.3094531015625 0.5101983265625
1 0.2986892953125 0.33550573125 0.32883360625 0.384482325 0.33910858906249997 0.38536777187500004 0.3436771765625 0.38868712968749997 0.3502642265625 0.38786388125000004 0.3576400921875 0.391281271875 0.36338322500000003 0.3877953703125 0.37657569375 0.385622878125 0.40802516093749996 0.37039538437499997 0.41426423124999995 0.3527076125 0.424722896875 0.34833310625 0.4248331046875 0.3451771375 0.445750434375 0.3364281265625 0.44283396406250003 0.31262763437499996 0.43731125156250006 0.30980159375 0.43566015 0.303424296875 0.430155803125 0.30007226249999996 0.43136708593749995 0.2922150109375 0.4268719703125 0.286791671875 0.44489018125 0.28057460624999997 0.4768713078125 0.2769516828125 0.49294452812499995 0.2727732421875 0.51476088125 0.2651089 0.5224306359375 0.26011036875000004 0.530889203125 0.25935247499999997 0.54052231875 0.2517893203125 0.5509075109375 0.24951879687499998 0.5533117062499999 0.23433029218749998 0.5329086843749999 0.22835143593749999 0.5188722968749999 0.22786127500000003 0.507514609375 0.2311511125 0.49171691093750003 0.227439625 0.483166503125 0.23082749374999997 0.448414834375 0.2333003953125 0.4069659078125 0.23975251718749999 0.397424634375 0.24468569375000002 0.39091105625 0.24340496093750003 0.39520412031249996 0.254614246875 0.3882129703125 0.2670093890625 0.3520847078125 0.282073496875 0.34907538125 0.2877614125 0.3320480328125 0.2924331703125 0.319846428125 0.293060353125 0.302488453125 0.307200025 0.29604834687500003 0.3038153109375 0.28936945625 0.3072685359375 0.2986892953125 0.33550573125
5 0.4791418421875 0.3997372984375 0.48765551562500004 0.3974014203125 0.5700594640625 0.3449821875 0.5686104125 0.33281894218749997 0.5563547203125 0.30816567968749997 0.5526851546875 0.305930990625 0.543254090625 0.307708196875 0.45237320625 0.3614113203125 0.4513088703125 0.3650606078125 0.4673075984375 0.38984457968749997 0.47268336875 0.39687858125000003 0.4791418421875 0.3997372984375
5 0.6459733515625 0.6393898359375 0.6422670515625 0.6382071359375 0.6195516765625 0.644786809375 0.6073500703125 0.6454139921875 0.59292795 0.65596973125 0.5655878671875 0.6876664625 0.5817702796875001 0.7071904828125 0.5864674437499999 0.706827875 0.59033905625 0.70327661875 0.6459733515625 0.6393898359375
5 0.45857662499999996 0.8008428734375 0.447768965625 0.8152112859375 0.46952919531250004 0.8359833609375 0.4751437515625 0.8361794250000001 0.53830085625 0.771502071875 0.5482094921875 0.7560489921875 0.552925025 0.7551603890624999 0.553016865625 0.7525304125 0.54916361875 0.7555556734375 0.529310625 0.7606553953125 0.5196775125 0.768218546875 0.48949443125 0.7740108078125 0.45857662499999996 0.8008428734375
5 0.30631627968749997 0.9756355421875 0.334737034375 0.9934803890625 0.34336091562500004 0.9879885390625001 0.43908794375 0.8759979859374999 0.3639690375 0.9076061531249999 0.33385841250000003 0.9381528640625 0.30648159375 0.9709015859375001 0.30631627968749997 0.9756355421875
7 0.6899774187500001 0.023181756249999998 0.6450058734375 0.0231912265625 0.602034421875 0.0195840828125 0.53168716875 0.02186723125 0.41242226562499995 0.05667351875 0.407504684375 0.06334806875 0.41467850000000006 0.07255140624999999 0.4220543640625 0.075968796875 0.4492097484375 0.07639044687499999 0.473466015625 0.079344040625 0.4791540421875 0.077436125 0.48564925312499996 0.07924285156250001 0.49319043125000006 0.07792628593749999 0.491429121875 0.0747049609375 0.494309871875 0.07269901250000001 0.518602875 0.074600615625 0.5729871171875 0.073339934375 0.6983257796875 0.025579834375 0.6899774187500001 0.023181756249999998
7 0.523042884375 0.08160193906249999 0.46871374687499995 0.081284634375 0.41548568125 0.07626605 0.3593401296875 0.07430540468749999 0.1959476 0.1117838125 0.1797458015625 0.11964421875 0.178681465625 0.1232935078125 0.18323168437499998 0.1271388609375 0.22148760312500002 0.13163460625 0.22688173906250003 0.1381426140625 0.2308635625 0.13143538593749998 0.24306516875 0.1308082015625 0.25240439375 0.131660971875 0.2606609125 0.136689025 0.3084581046875 0.13625159375 0.346732390625 0.14022134375 0.378566571875 0.14080638125 0.5111892578125 0.099093646875 0.53781298125 0.087910725 0.5370425359375 0.083144090625 0.523042884375 0.08160193906249999
7 0.0753795734375 0.1570773234375 0.0109951046875 0.17641385468749998 0.007302854687500001 0.282146090625 0.0157246859375 0.2824401875 0.069926265625 0.259581028125 0.2017601359375 0.2136276546875 0.244585659375 0.19458432812499998 0.273979925 0.1845514296875 0.2854661890625 0.17757962656249998 0.2856498703125 0.172319675 0.2810629171875 0.16952631093749998 0.10719538749999999 0.15818835625 0.0753795734375 0.1570773234375
7 0.7230821203125 0.3898236 0.7238893015625 0.39353824375 0.7153756296875 0.3958741234375 0.69526548125 0.408337775 0.69403583125 0.41672102187500004 0.698549315625 0.421618365625 0.717595125 0.41280400000000006 0.738181828125 0.41352290468749997 0.7502181203125 0.41762967812499996 0.7987122859375 0.4240628609375 0.8146385593750001 0.42409238125000004 0.8543455625 0.38703450781250004 0.861263240625 0.376743346875 0.8520525921875001 0.3722086109375 0.782035965625 0.365023846875 0.764274909375 0.36387698125 0.7230821203125 0.3898236
7 0.6180526046875 0.49990939531249995 0.68617934375 0.5075547984375001 0.7087110390625 0.5062350765625 0.715132775 0.5101457859375 0.72551796875 0.5078752609375 0.789463884375 0.44743854531249994 0.7821247578125 0.442969165625 0.6925122921875 0.4335201890625 0.67280624375 0.43441195 0.5977597921875 0.49077456875000003 0.5974475328125 0.4997164859375 0.6010987296875 0.5024771718750001 0.6180526046875 0.49990939531249995
7 0.5597406265625 0.5331577484375 0.5451715625 0.547921446875 0.5250063109374999 0.5619630843750001 0.5084555187500001 0.5798174 0.49792338125 0.5862958859375 0.49588655 0.5909644875 0.481519534375 0.5999422390625 0.4794092296875 0.6067148203125 0.49608758281250004 0.6120369703125 0.5408387109375 0.6183394437499999 0.5677185734375 0.6266510234375 0.5993874406249999 0.6319700171875 0.6838659734375 0.5469717593750001 0.6840129187499999 0.5427637984375 0.5825294734375001 0.5244740921875 0.5722361234375 0.524114640625 0.5597406265625 0.5331577484375
7 0.42622813437499996 0.8149857 0.5503034609374999 0.6960855421875001 0.5494962796875 0.6923708984375 0.5365609640625 0.6871794578125 0.4342336015625 0.6662271 0.42410556406250005 0.6611336921875 0.40546385156250003 0.6583761609375001 0.34105974687499996 0.705104325 0.3260324953125 0.7061594703125 0.32524368125 0.7019188328125 0.32144554062499997 0.703366109375 0.322710909375 0.720789303125 0.3160687546875 0.7231905375000001 0.3053529359375 0.734928975 0.3006925078125 0.7342395921875 0.296875996875 0.7362128640625001 0.27546272968749996 0.7591637421875 0.2542698765625 0.77580268125 0.2559760828125 0.7806019921875 0.2958463640625 0.7925270249999999 0.3914397328125 0.8185105921875 0.41285198437500004 0.82241814375 0.41659502187499997 0.8225488546875 0.42622813437499996 0.8149857
7 0 0.9386102921875 0.02142403125 0.9509410609375 0.028616215625000004 0.9596184031250001 0.02373536875 0.9652409625 0.012285840624999999 0.9711607765625001 0.0013929875 0.98289303125 0.2485470109375 0.991523840625 0.26721644375000003 0.96847714375 0.3361901515625 0.8982099078125 0.3450895578125 0.8848281296874999 0.35853918125 0.87529170625 0.3607229578125 0.8664151421874999 0.3431639515625 0.8594823296874999 0.24289178749999998 0.8333353734375001 0.23072691875 0.8329105671875 0.1992601015625 0.8218056265625 0.1908566359375 0.820985534375 0.12999351718750002 0.8736303546874999 0.1140856109375 0.8730748374999999 0.090362021875 0.8548673843750001 0.0792431203125 0.8513192843749999 0.0387840390625 0.8830845281249999 0 0.9169565499999999 0 0.9386102921875
7 0.6444770109375 1 0.66150169375 0.9727664296875 0.6607312484375 0.9679997953124999 0.6441631046875 0.9595216750000001 0.572679059375 0.9406996624999999 0.5467900609375 0.9308427765625 0.5077065578125 0.97687524375 0.500036803125 0.9818737750000001 0.493852834375 0.9979835625 0.488432165625 0.9999008140625 0.4912724796875 1 0.6444770109375 1
7 0.756532765625 0.8270468296875 0.7380563671875 0.8195553437499999 0.6842231703125 0.8050361687500001 0.6545176609375 0.797152553125 0.64596725 0.800540421875 0.623434540625 0.8287185765625 0.622223259375 0.836575825 0.601819221875 0.8574554031250001 0.5977088203124999 0.8678445968749999 0.5920207937499999 0.8697525109375001 0.5842040921875 0.87895900625 0.5751761109375 0.89602275 0.6112482515625 0.9093950578125 0.6382015890625 0.9156026546874999 0.644623325 0.9195133640625001 0.645375403125 0.92480599375 0.669741878125 0.9246036156249999 0.6929889140625 0.9296285140625 0.6977779187500001 0.9266359296875001 0.74737620625 0.8477925390625 0.756532765625 0.8270468296875
7 0.6885937734375001 0.7067077484375 0.6632354171875 0.735313865625 0.673693065625 0.757797790625 0.6751053796875001 0.771013025 0.7605523421875 0.79242918125 0.7811757796875 0.7920960921875 0.830627121875 0.7174606640625 0.8289025499999999 0.7131873484375 0.8066096421875001 0.7076691328125 0.7349970203125 0.6925290875 0.7263731359375 0.6980209375 0.70673954375 0.723667146875 0.6956573796875001 0.71906705625 0.6885937734375001 0.7067077484375
7 0.7627789546875 0.6213500390625 0.7553296171875 0.6200366296875 0.7415493671875 0.6390409671875 0.744557678125 0.6602114828125 0.7508324703125 0.668330153125 0.756336815625 0.6716821890625 0.784244278125 0.6773964671875 0.8476738546875 0.68540448125 0.8882074234375 0.624676825 0.8893084968749999 0.6199755453125 0.8828500234375 0.617116828125 0.7979530890625 0.6067792484375001 0.7745764609375 0.63229475 0.7634391921875 0.6292726453124999 0.7627789546875 0.6213500390625
7 0.8251758468749999 0.76624750625 0.8123680921875 0.78423253125 0.823632921875 0.8104311015624999 0.8411735609375001 0.817889909375 0.903483696875 0.8311251953125 0.927503209375 0.7871998640625 0.93005435 0.7678033984375 0.8705698609375 0.7541401484375 0.861340846875 0.7501314078125 0.8531761671875 0.7424733781249999 0.8400928890625 0.7683483296875 0.8306250890625 0.771177528125 0.8251758468749999 0.76624750625
7 0.8032839890625001 0.8297326921874999 0.7969898125 0.8489984484375 0.7812829390625 0.869515415625 0.7865852359375001 0.8786533984375 0.7777960390625 0.8888792046875 0.7764378125 0.9009444156249999 0.8590958640625 0.92173654375 0.8648941000000001 0.9166726578125 0.8911892328125001 0.8612407859375001 0.8915198609375 0.8517728734375 0.8879054 0.8479601984375 0.82194406875 0.8319642249999999 0.8145682046875 0.8285468343750001 0.8121099218750001 0.81845489375 0.8032839890625001 0.8297326921874999
7 0.8230002015625001 1 0.8376999453125 0.971019859375 0.8430399968750001 0.9522474203125 0.76889561875 0.9291194140625001 0.754895965625 0.9275772625 0.754712284375 0.9328372140625 0.7470057921875 0.9388877359375 0.7457761421875 0.9472709828125 0.738014546875 0.9548994890625 0.7299590609375 0.9709439218749999 0.7063935671875 1 0.8230002015625001 1
7 0.8621612031250001 1 0.8731118515625 0.9764695640625 0.869515759375 0.9721308921875 0.8620664203124999 0.9708174828124999 0.8425073203125001 0.9675012796875 0.83777341875 0.968915878125 0.8220323687500001 1 0.8621612031250001 1
8 0.6963094828124999 0.9418571124999999 0.693997128125 0.954415640625 0.69845550625 0.9608909703125 0.704125165625 0.9595090484375 0.7101989265624999 0.946555234375 0.7094101125 0.9423145953125 0.7048047875 0.940047228125 0.700162728125 0.93883185 0.6963094828124999 0.9418571124999999
8 0.7523478765625 0.866398434375 0.7571185125000001 0.863931846875 0.7573573 0.8570939093750001 0.75091719375 0.8537091953125 0.7433943843749999 0.8544997671875001 0.7403299515625 0.8617656671875 0.7430453890625001 0.864493675 0.7523478765625 0.866398434375
8 0.8053044874999999 0.771873221875 0.7996715625 0.772203153125 0.797524521875 0.780027725 0.8002215906249999 0.7832817296875 0.81233135625 0.785284521875 0.8144049234375 0.7795639296875 0.8053044874999999 0.771873221875
8 0.7216606546875 0.618334246875 0.7232382828125 0.626815525 0.729604915625 0.63230421875 0.73529294375 0.6303963015625 0.7392380296875001 0.6247410640625 0.7394217109375 0.6194811125 0.7348898609375001 0.6151097640625001 0.7265047640625 0.613763678125 0.7216606546875 0.618334246875
8 0.6463376656250001 0.7094452265625 0.6416772374999999 0.70875584375 0.6369066 0.7112224312500001 0.634722821875 0.7200989953125 0.639126096875 0.7281523109375 0.648410215625 0.7305830640625001 0.65426355625 0.7239411921875 0.6554564703125 0.7166099375 0.6537135296875001 0.712862615625 0.6463376656250001 0.7094452265625
8 0.5296749390625 0.830710784375 0.5303168078125 0.8391593859375 0.540371371875 0.8463567734374999 0.5478941828125 0.845566203125 0.552719925 0.8415216296875 0.5531240234375 0.8299497359375 0.5457848953125 0.8254803546874999 0.5373997984375001 0.8241342671874999 0.5296749390625 0.830710784375
8 0.223447978125 0.6925710453125 0.2150445140625 0.691750953125 0.20744822968749999 0.6946455046875 0.20040197656249997 0.7086186328124999 0.21485981562499998 0.7238693375 0.2278318671875 0.7280087859375 0.24122638593749998 0.7200503484375 0.2444193953125 0.7091024828125 0.237282315625 0.6988471546875 0.223447978125 0.6925710453125
8 0.3612658015625 0.5825769703125 0.3729530984375 0.5966776515625 0.38590678437500003 0.601343096875 0.39550316093750004 0.5948319343749999 0.3968246515625 0.5838187125000001 0.3933020328125 0.5773760609374999 0.3803850859375 0.571658625 0.3672477203125 0.57225313125 0.3612658015625 0.5825769703125
8 0.548111484375 0.43690378750000003 0.55115653125 0.4570223140625 0.558477290625 0.46201769062500003 0.5670460703125 0.45810382499999996 0.573138196875 0.444624015625 0.5697074171875001 0.43555138906249996 0.562331553125 0.4321339984375 0.5539097203125001 0.4318399015625 0.548111484375 0.43690378750000003
8 0.6676529265625 0.36734914218750003 0.66895503125 0.38372034843749997 0.6762206875000001 0.39029370937499996 0.6828812109375 0.3873664796875 0.687872265625 0.3785879484375 0.6872855015625 0.3685613640625 0.6836526734375 0.365274684375 0.67247866875 0.36330456718750004 0.6676529265625 0.36734914218750003
8 0.14561966875000001 0.077374853125 0.156188540625 0.0698443765625 0.152171 0.0507451640625 0.1370161875 0.0286238453125 0.117640765625 0.0200476921875 0.105494265625 0.019096890624999998 0.09887047812500001 0.020972128125 0.0940080015625 0.02606869375 0.0946131328125 0.035569284374999996 0.12246447499999999 0.06971998125 0.133491534375 0.07589805625 0.14561966875000001 0.077374853125
1 0.5385048718750001 0.22907349687499998 0.5503574828125 0.2384402203125 0.5407794734375 0.24442538906250003 0.539623296875 0.250704653125 0.523494971875 0.25646107812499996 0.505329815625 0.26688610625 0.4911464828125 0.27060390624999997 0.48632074062499997 0.27464848124999997 0.4788346671875 0.2743870609375 0.47494468437500004 0.27846431250000003 0.489843359375 0.28109113125 0.4988703265625 0.29088581874999997 0.500613265625 0.294633140625 0.4883014515625 0.29841629531249997 0.490943415625 0.303248284375 0.4758977953125 0.3048294265625 0.46098075312500003 0.30272860156250003 0.45810000312500004 0.30473455 0.445916765625 0.30483573750000004 0.44852199375 0.31071971875000004 0.46633815468749995 0.3102885984375 0.47110879062500005 0.3078220109375 0.48134703749999996 0.309759446875 0.48609930625000003 0.3078188546875 0.5020439484375 0.3073223796875 0.509750440625 0.30127185624999997 0.5211081281250001 0.29798201875 0.52597060625 0.2928854546875 0.5447959984375 0.2903830328125 0.55877728125 0.2924511796875 0.5604834859375 0.2972504921875 0.5538045953124999 0.300703715625 0.56191416875 0.30993973124999996 0.566611334375 0.30957712187499997 0.60259366875 0.2718625453125 0.603089609375 0.257660675 0.5915676234375 0.23882603750000003 0.5984669328125001 0.22906087031250003 0.627750990625 0.2221839453125 0.6437140015625 0.221161475 0.679805528125 0.20714935625000003 0.7010902203125 0.18788044375 0.699567696875 0.17782118125 0.6856598859374999 0.173649053125 0.6285418390624999 0.17270772031249998 0.6058264640625 0.17928739375 0.576670984375 0.18248235625 0.5736983921875 0.1871182796875 0.5521024578125 0.1884706796875 0.5157170421874999 0.21089872031249998 0.503497065625 0.2120518984375 0.49676307187499996 0.2170831078125 0.480818428125 0.2175795828125 0.476891709375 0.222708825 0.4795704109375 0.226488821875 0.48887289687499996 0.22839358281250002 0.49456092656250006 0.226485665625 0.5076615546875 0.22694315 0.51318426875 0.22976919218749997 0.517000778125 0.22779591875 0.53199129375 0.2277927640625 0.5385048718750001 0.22907349687499998
1 0.10948022187499999 0.38788170312500003 0.121937965625 0.40674901874999997 0.11986439687499999 0.4124696109375 0.1094975734375 0.41421414062500006 0.111203778125 0.419013453125 0.11867148281249999 0.4198008671875 0.126286134375 0.4163803203125 0.148579040625 0.421898534375 0.173440440625 0.43435271875000003 0.1921739921875 0.43448027187499993 0.21397197656250003 0.427341925 0.220724340625 0.4217847203125 0.25685260312499997 0.4067206125 0.296999425 0.3838972859375 0.3049079671875 0.3720608171875 0.305128384375 0.3657488765625 0.2929461625 0.3389916328125 0.28468964375 0.333963578125 0.2841579828125 0.3223590078125 0.2777178796875 0.3189742953125 0.27347991875 0.30618702343750004 0.2848559734375 0.30237119218749997 0.2961218203125 0.30171133125 0.31991990000000003 0.290956371875 0.33496552031250004 0.28937523125000003 0.3597911984375 0.27602297343750004 0.3853873234375 0.26743735156250004 0.394341834375 0.2524775890625 0.39358975625000003 0.247184959375 0.3880486734375 0.24488491406250001 0.3769114046875 0.24186280937500002 0.31412369687499997 0.242303396875 0.2191344453125 0.2526788515625 0.215354671875 0.2536001328125 0.2171710859375 0.25524347187499996 0.202987753125 0.258961271875 0.20164789375 0.2705004875 0.181739796875 0.2771781953125 0.15441909843749999 0.2814905015625 0.14867596562500002 0.2849764015625 0.15462013125000001 0.3025629859375 0.1448217046875 0.31486009375 0.13728052500000001 0.31617666093749996 0.1343263015625 0.320286590625 0.12201448749999999 0.32406974375 0.0818492984375 0.34741906562499997 0.08863738125000001 0.3676683015625 0.10948022187499999 0.38788170312500003
1 0.0622708109375 0.3714872890625 0.054950051562500005 0.3664919140625 0.055115364062500005 0.3617579578125 0.062876959375 0.35412944999999996 0.090546653125 0.3398232359375 0.0955928125 0.32946671875 0.10873017656249999 0.3288722140625 0.1108037453125 0.3231516203125 0.124931975 0.32101180625 0.1365100796875 0.31141002812499996 0.14126234843750002 0.3094694328125 0.14496865 0.310652134375 0.1497943890625 0.306607559375 0.149978071875 0.30134760781250003 0.1411347875 0.28629296875 0.13456610468750002 0.286590221875 0.1151172125 0.2801180484375 0.07486119687500001 0.2792389140625 0.027907925 0.282339 0.0071565890625000005 0.2863345703125 0.00015305 0.4868897109375 0.029588643749999997 0.4756733234375 0.058377778125 0.45613983593749996 0.066891453125 0.4538039578125 0.0908364765625 0.43884103750000003 0.1063413 0.42411001718749997 0.10395649062500001 0.4119140953125 0.0947642125 0.40685336406249994 0.0758296265625 0.3856533265625 0.06292493125000001 0.3795850515625 0.0622708109375 0.3714872890625
1 0.32925410624999996 0.9090270640625 0.34048321718749996 0.90941919375 0.3744460703125 0.9027056531250001 0.3792718109375 0.8986610796875001 0.409675309375 0.886556878125 0.428868065625 0.8735345515624999 0.4373817390625 0.8711986734374999 0.4534192390625 0.8412137921875 0.446447475 0.8262245078125 0.43189779531249994 0.8136037796875 0.42041153124999997 0.820575584375 0.3848894171875 0.81828185 0.3515694484375 0.806585559375 0.28557138125 0.7916415781249999 0.2798466171875 0.7946014828125 0.2815344546875 0.799926790625 0.2748555625 0.8033800140625 0.266488834375 0.8015079328124999 0.25428722812500004 0.8021351156250001 0.22250713437499997 0.8268305234375 0.2308003921875 0.8308065875 0.26712968593749997 0.8368149640625001 0.2688909953125 0.8400362906250001 0.3283387484375 0.8547515296875 0.363530234375 0.866513175 0.36039233125000003 0.87588305625 0.3459151078125 0.8880167796875 0.32925410624999996 0.9090270640625
1 0.5568701109374999 0.74950515 0.5685033203125001 0.7383253859375001 0.57758640625 0.71968365625 0.5705044328125 0.70785034375 0.5532760531250001 0.6914496171875 0.5448542187500001 0.6911555203125 0.5494044390624999 0.6950008750000001 0.54736760625 0.6996694765625 0.47266913437499997 0.77289661875 0.486687153125 0.773912775 0.5196958796875 0.7676925515625 0.5568701109374999 0.74950515
1 0.48080215937500004 0.6473144828125 0.48157260625 0.6520811171875 0.4901597515625 0.64764125625 0.4875912609375 0.6407052859375 0.4923251609375 0.6392906890625001 0.5595345109375 0.6463774203125 0.603570296875 0.646335275 0.6414047640625 0.6360704765625 0.6517348515625 0.6353779390625001 0.6707806625 0.6265635734375 0.684487440625 0.60966321875 0.6847445953125 0.602299284375 0.6775156765625 0.594673934375 0.6618832921875 0.5862284890625 0.6562319999999999 0.5870844140625 0.6425619578124999 0.60293278125 0.6368555609375 0.6053666921875 0.626029534375 0.6202611 0.614469796875 0.629336884375 0.604158078125 0.629503428125 0.6012222234375 0.6330873625 0.572250425 0.631022371875 0.5173896265625 0.6191004953125 0.5089494250000001 0.6193323937499999 0.48195935468749995 0.6141767859375 0.4827849046875 0.6173654359375 0.4732803671875 0.6212466203125 0.464546275 0.6298944421875 0.46144510624999996 0.6382123328125 0.4707659640625 0.639591096875 0.48080215937500004 0.6473144828125
1 0.724563840625 0.508368578125 0.7086008296874999 0.509391046875 0.671207196875 0.507031959375 0.6124380484375 0.4997133296875 0.5980342984375 0.509743071875 0.5939422671875 0.5196062703125001 0.6040519359375 0.5252256734375 0.6356657 0.532122653125 0.7026729984375 0.5449953328125 0.7120489578125 0.5447961109375 0.7413513859374999 0.5373931890625 0.7605074046875 0.525422853125 0.7656270359375 0.5129623578125 0.764012671875 0.5055330687499999 0.75671028125 0.5000116984375 0.7437565953124999 0.49534625156249995 0.724563840625 0.508368578125
1 0.6824996125 0.7739044203125001 0.6712888718750001 0.7729862953125 0.666499865625 0.7759788796875 0.652701246875 0.7955092125000001 0.6591413515625 0.7988939265624999 0.71299291875 0.81288710625 0.7402034078125 0.811730771875 0.7591573781250001 0.8055463812499999 0.77266210625 0.794431971875 0.6824996125 0.7739044203125001
1 0.804739140625 0.6807453484375 0.7498232390624999 0.67040145625 0.73314386875 0.6919377375 0.8168478890624999 0.709606571875 0.8271412390625 0.7099660234375 0.8320220859375 0.7043434640624999 0.8323894484375 0.693823559375 0.8288117250000001 0.6889588921875001 0.8242431390625 0.6856395359375 0.804739140625 0.6807453484375
1 0.612678934375 0.9220842984375001 0.600624275 0.9185035203125 0.59216570625 0.9192614125 0.5876705906249999 0.9138380734375 0.58302853125 0.912622696875 0.56343269375 0.9103584859374999 0.547670715625 0.9324534390625001 0.6348055125000001 0.9591949 0.6413558265625 0.9594236421875 0.6433926578125 0.954755040625 0.633834034375 0.9333557828125001 0.612678934375 0.9220842984375001