8 0.490737784375 0.9200025374999999 0.485210909375 0.9259581359375 0.48401451093750003 0.9371800406249999 0.48763052656249994 0.9463946890624999 0.4968509265625 0.9507621453124999 0.5066695250000001 0.9495186515625 0.5079434296875001 0.9394051515624999 0.4999194296875 0.9238157921875001 0.490737784375 0.9200025374999999
8 0.5723620453125 0.8123798875 0.567859659375 0.8188207593750001 0.5684022109375 0.826579590625 0.5749754328125001 0.835587453125 0.581122365625 0.8384990890624999 0.59401443125 0.8387114125 0.59927003125 0.8288763984375 0.5843846375 0.8143237453125 0.5723620453125 0.8123798875
8 0.6687335828125 0.7031690937499999 0.6766969734375 0.703726065625 0.6824951234375 0.70164988125 0.6845997500000001 0.6892506453125 0.67085510625 0.6768458703125 0.6627367015625001 0.6740720921875 0.6558365562499999 0.674554596875 0.650425940625 0.6821728031250001 0.6520704875 0.6915253124999999 0.6575417140625001 0.6989394953125 0.6687335828125 0.7031690937499999
8 0.8340022578124999 0.5451444828125 0.8429513828124999 0.5456325234375 0.850643496875 0.542310078125 0.8551846375000001 0.536423409375 0.8546420859375001 0.5286645765625 0.8394466640625 0.50967830625 0.824389359375 0.5068328296875 0.8159440312499999 0.5135494203125 0.8152126765625001 0.53142175 0.8207614109374999 0.5399443390625 0.8340022578124999 0.5451444828125
8 0.3274605390625 0.639041109375 0.3326604890625 0.6425758781249999 0.3395993890625 0.642647575 0.343309809375 0.63904664375 0.33946127187499997 0.6265067796875 0.3332368296875 0.6224867390625 0.327150509375 0.634607490625 0.3274605390625 0.639041109375
8 0.3935068046875 0.5352923374999999 0.3895638640625 0.53556805625 0.3841144953125 0.5426320578125 0.3837100640625 0.551014021875 0.3910365 0.556627740625 0.39892238281250003 0.55607630625 0.40156955937500005 0.5514359 0.3988230171875 0.5404897125 0.3935068046875 0.5352923374999999
8 0.4571722078125 0.411661215625 0.46434362812499996 0.4150581265625 0.47329275312499997 0.4155461671875 0.477678878125 0.40744268906250003 0.4732321421875 0.40051377656250003 0.463064759375 0.3967694515625 0.45461943125 0.4034860421875 0.4571722078125 0.411661215625
8 0.5207601015625001 0.28692168906250004 0.513976215625 0.28906680156250003 0.5085268484375 0.296130803125 0.5120266046874999 0.3036828484375 0.5202225140625 0.30756503125 0.529132884375 0.3074988703125 0.534582253125 0.300434865625 0.5330927203125 0.2932991671875 0.5207601015625001 0.28692168906250004
8 0.6242374859375001 0.13767324375 0.6183230749999999 0.13808681875 0.6100327609375 0.1470202171875 0.61274055 0.1574122015625 0.6208977078125 0.1607401828125 0.634698 0.159775171875 0.64090058125 0.1493170265625 0.6353518484375 0.14079443593750002 0.6242374859375001 0.13767324375
8 0.389860059375 0.1290014625 0.383076175 0.131146575 0.380545259375 0.1374495875 0.380894040625 0.1424374078125 0.3870797265625 0.145903246875 0.39500436250000004 0.14590601406249998 0.398637275 0.1411966796875 0.398094725 0.133437846875 0.389860059375 0.1290014625
8 0.331455221875 0.27119974375 0.33605697343749996 0.2803454640625 0.3460305875 0.281318778125 0.348832778125 0.27889518125 0.3482514734375 0.2705821484375 0.3420270328125 0.2665621046875 0.3370983578125 0.2669067515625 0.331455221875 0.27119974375
8 0.306017865625 0.3748934234375 0.29845890937499997 0.3659544890625 0.2925832515625 0.36692226875 0.2901298421875 0.3743336859375 0.2955235625 0.380639465625 0.303448196875 0.3806422328125 0.306017865625 0.3748934234375
8 0.2666421 0.46341131718749995 0.2632973578125 0.458076084375 0.258252421875 0.4567581234375 0.25284180625 0.464376328125 0.26024575 0.4710984515625 0.2651744265625 0.47075380468750005 0.2666421 0.46341131718749995
8 0.26854905156250003 0.09404520625 0.2646061109375 0.09432092343750001 0.2609732 0.0990302578125 0.26037499999999997 0.10464120937500002 0.266444425 0.1064444421875 0.2714118546875 0.10665399843750001 0.2750060140625 0.1013904609375 0.27363274375 0.0959173671875 0.26854905156250003 0.09404520625
7 0.12372643750000001 0.2328188984375 0.1325881296875 0.17539418906249998 0.1292433859375 0.1700589546875 0.1172983046875 0.1692234984375 0.1133553625 0.169499215625 0.1116164140625 0.1729622890625 0.100938265625 0.2327416671875 0.11098938750000001 0.234823384375 0.121871228125 0.23461936562500002 0.12372643750000001 0.2328188984375
7 0.1715266234375 0.34976941250000004 0.16818188125 0.344434178125 0.10963596718749999 0.3429589859375 0.101866346875 0.34517302656250004 0.0916870328125 0.3837548609375 0.09234584375 0.39317630000000003 0.0975457953125 0.39671106875 0.1333035390625 0.39810902812500004 0.1543915140625 0.402203534375 0.15821819374999999 0.4002652125 0.16565592812500002 0.3791393640625 0.1594314875 0.375119321875 0.15869516875 0.3645894796875 0.1715266234375 0.34976941250000004
7 0.1246714125 0.331326275 0.171310996875 0.3325202140625 0.18062579843749998 0.3240720890625 0.1857651390625 0.31257446718750004 0.1829967390625 0.28715009375 0.186995328125 0.2735045921875 0.18285861875 0.2710092984375 0.121200484375 0.2675240859375 0.11638806875 0.2695313390625 0.10567116875 0.32875651562499997 0.1246714125 0.331326275
7 0.13827001875 0.1716553984375 0.13338009687500002 0.1725542484375 0.1296696765625 0.17615517812499998 0.12347702187500001 0.243417671875 0.1853676765625 0.2502280984375 0.19033510625 0.250437653125 0.19605575 0.2472530671875 0.19953364843750002 0.24032692187500002 0.198044115625 0.23319122343749998 0.211507559375 0.18491223437499998 0.2043361359375 0.18151532343750001 0.1544293171875 0.176094553125 0.13827001875 0.1716553984375
7 0.15343861875 0.14776130781250002 0.1874574140625 0.152622340625 0.221204934375 0.1536039578125 0.241834834375 0.08031970468750001 0.236634884375 0.076784934375 0.16283789843750002 0.06969325625 0.1462284453125 0.1438101953125 0.15343861875 0.14776130781250002
7 0.1803267515625 0.0506491265625 0.2431256375 0.05628221875 0.25218605781250003 0.030030693749999997 0.2537842375 0.015996134375000002 0.1704930859375 0.02182041875 0.165114434375 0.045586840625 0.1672796734375 0.04821999375 0.1803267515625 0.0506491265625
7 0.40237155781249995 0.0529434296875 0.409443615625 0.04075375 0.415912509375 0.0057728453125 0.41273697656249997 0.0048810765625 0.2724598125 0.0146902109375 0.2618764640625 0.0694507515625 0.2768562609375 0.07118782343749999 0.316230021875 0.0818004328125 0.3531672671875 0.085900475 0.36613684062499996 0.08722120312500001 0.369924765625 0.08472867656250001 0.3727050984375 0.0678268921875 0.37977715624999997 0.055637209374999996 0.3902714609375 0.049891165625 0.40237155781249995 0.0529434296875
7 0.22312571874999998 0.19523805624999999 0.232539884375 0.202376521875 0.30732260624999996 0.2093992734375 0.32415761249999997 0.2093358796875 0.353753534375 0.12261568125 0.3462720828125 0.114785153125 0.25942801875 0.10526434062500001 0.250982690625 0.11198093125 0.23135541874999999 0.1712722671875 0.2265817578125 0.1738337234375 0.2232201203125 0.182422475 0.22312571874999998 0.19523805624999999
7 0.31447016250000004 0.2974485015625 0.326216515625 0.2671107734375 0.308193053125 0.2501784453125 0.3074438296875 0.23946405468749998 0.288094803125 0.231906475 0.2436204578125 0.2333456875 0.217642559375 0.2301500296875 0.21026047499999997 0.23790609218749997 0.195290603125 0.29297336875 0.1955837375 0.3113309734375 0.2734011703125 0.31925533906250003 0.2823115421875 0.3191891765625 0.294290415625 0.2921766609375 0.29910283125000003 0.2901694078125 0.305133503125 0.2914184375 0.31447016250000004 0.2974485015625
7 0.17398499375 0.37076016875 0.1664697546875 0.39077761093749996 0.16668538125000001 0.4080268109375 0.1678261296875 0.4101746890625 0.213441225 0.41088335625 0.24210505468750002 0.4099928109375 0.2468399625 0.40687715312500006 0.25414454062499997 0.398012684375 0.2691531640625 0.3434996125 0.22121781562499998 0.3379409828125 0.185653840625 0.33931403437499996 0.174001890625 0.3568361828125 0.17398499375 0.37076016875
7 0.1438733453125 0.492601896875 0.215078803125 0.4909641984375 0.22416108281249997 0.47919086093749996 0.229029146875 0.4638138234375 0.2267864015625 0.46007226562500003 0.2381670765625 0.438670703125 0.2377407875 0.43257447656250003 0.1949278828125 0.4294422125 0.1594414140625 0.43192366875 0.1419575234375 0.4793699703125 0.1438733453125 0.492601896875
7 0.2105286875 0.6667097046875 0.26493789218749997 0.6656896046874999 0.278660678125 0.6636161890625 0.2980216375 0.6288476078125 0.3109693515625 0.6156901484375 0.31133502968750004 0.6067539828124999 0.2857059140625 0.6085461453125001 0.219274115625 0.6076223890625 0.197132825 0.659292753125 0.1975203609375 0.664834775 0.2105286875 0.6667097046875
7 0.3411684359375 0.5517611734375001 0.35539501875 0.5568923875 0.3567295359375 0.561811278125 0.3626827 0.5619519046875 0.36975475625 0.5497622234375 0.3697328984375 0.5352840343749999 0.3684758875 0.5314735484375 0.35728401718749997 0.52724395 0.3592336296875 0.5126279046875 0.3540336796875 0.5090931359375 0.2958753 0.513159965625 0.2625153171875 0.5177203703125 0.23540659531250002 0.5691811812500001 0.23341822968749998 0.5832430234375 0.243508103125 0.5858789453125001 0.3207054796875 0.584936075 0.3263098625 0.5800888828125 0.3411684359375 0.5517611734375001
7 0.36748719531249996 0.40400979843749996 0.337798878125 0.4044150703125 0.3098882640625 0.401911475 0.303181884375 0.40516499218749996 0.271980171875 0.48308688125000004 0.276233140625 0.4872447828125 0.29708859374999996 0.48801407656249995 0.3556345078125 0.48948926718749997 0.36636133593750003 0.48706843906249997 0.38954897499999996 0.4503615359375 0.39569094531250004 0.424871 0.40481197968749993 0.41365186249999997 0.40044274843750005 0.40783135625 0.36748719531249996 0.40400979843749996
7 0.3994301921875 0.3650199234375 0.4026974265625 0.3692467546875 0.4117628125 0.3713974015625 0.42465487656249995 0.371609725 0.432346990625 0.368287278125 0.45676978124999995 0.320912671875 0.4615046890625 0.31779701562499996 0.4796185640625 0.3360222953125 0.484547240625 0.33567764843750003 0.50647786875 0.2951602578125 0.4969861953125 0.28691338593750004 0.488790284375 0.283031203125 0.47881667187500004 0.28205788906249996 0.48573371249999997 0.2676513984375 0.4834134609375 0.2628014359375 0.47624203906250007 0.2594045265625 0.41525961093749997 0.25141676562500004 0.3705139890625 0.2489765640625 0.36139295625 0.2601956984375 0.3221722046875 0.350930403125 0.342778240625 0.36229846875 0.3762932375 0.35995487187499997 0.3994301921875 0.3650199234375
7 0.438848725 0.0787952203125 0.4323748671875 0.08537395 0.3987197453125 0.17070725625 0.38857918593749996 0.20984329375000002 0.39082193125 0.2135848515625 0.400950559375 0.21677497343750002 0.48862534531249996 0.224010046875 0.5054991046875 0.22450085625 0.5092482765625 0.2214541265625 0.5639864125 0.1118131515625 0.56794625 0.0976134484375 0.5655484890625 0.0916550828125 0.5544341265625 0.08853388906250001 0.438848725 0.0787952203125
7 0.6813653562499999 0.4305126578125 0.7255902859375001 0.4396722171875 0.737302846875 0.43718245937500005 0.7758627812500001 0.43615682187499993 0.823361915625 0.3788148796875 0.8283293453124999 0.379024434375 0.8563780796874999 0.3976688265625 0.8634719937499999 0.3999573328125 0.8682456546875 0.3973958765625 0.9146040390625 0.337906053125 0.9150859765625 0.3306324953125 0.8758066187500001 0.30720430468750004 0.8994980546875 0.277702028125 0.8942205968750001 0.2730588546875 0.775484221875 0.2607559625 0.7527735578125 0.2617871328125 0.7129953671875 0.2595564859375 0.6831013484375 0.2995169078125 0.60673765 0.42570671562499995 0.6108743578125 0.4282020109375 0.6596404265625 0.4314749015625 0.6813653562499999 0.4305126578125
7 0.5149777906249999 0.600867578125 0.5355232156249999 0.5972032515625 0.6266759000000001 0.59751218125 0.6513580343750001 0.5963431515625001 0.6551847140625 0.5944048265624999 0.6905281 0.5473804046875 0.6973507390625 0.54578949375 0.7174748375 0.5644311171874999 0.7256707484375 0.5683133015624999 0.7341160765625 0.5615967125 0.766928546875 0.5208753015625 0.7644532796875 0.51380853125 0.7361332703125 0.49128472343749996 0.746993253125 0.47660251562499995 0.743687265625 0.4718214828125 0.6651553703124999 0.46784546093749996 0.6185932921874999 0.4677599265625 0.5976215781249999 0.465328025 0.586778490625 0.4660862484375 0.5820048296875 0.468647703125 0.5158810546875 0.5712880703125001 0.5065106046875 0.593105978125 0.5149777906249999 0.600867578125
7 0.42035016406250003 0.735017471875 0.482645253125 0.7334459359375 0.5223846890625 0.7351223796874999 0.5411911671875 0.734921128125 0.54600358125 0.732913875 0.5798405421874999 0.6926777375000001 0.5897366468749999 0.6925426453125 0.5933139093750001 0.70120309375 0.606111571875 0.7142309984375 0.6393890859375 0.6801600140625 0.63037935 0.6646395828125 0.6319245296875 0.6584055 0.6216408890625 0.65299856875 0.6160534015625 0.643921778125 0.6049390375 0.640800584375 0.5734342640625 0.6435605234375 0.5672873328125 0.6406488859375 0.5604646921875001 0.642239796875 0.4861082609375 0.6413132703125 0.47534268125 0.643179896875 0.4687525625 0.648096021875 0.41132353281249995 0.7334210265625 0.42035016406250003 0.735017471875
7 0.522050796875 0.8153410796875 0.5455872187499999 0.783621996875 0.5214983203125 0.750777903125 0.4949997296875 0.7543016 0.397256928125 0.7589087937500001 0.3889278609375 0.7672879906250001 0.351596109375 0.8283742578125001 0.3520999046875 0.8355788859375 0.371969625 0.836417109375 0.379778 0.8347572703124999 0.45113847187499995 0.83533638125 0.46687148125 0.8336793109375 0.49877572499999995 0.7941352328125 0.5078798625000001 0.7968400828125 0.522050796875 0.8153410796875
7 0.32873539375 0.85559079375 0.32589444843750004 0.8574601875000001 0.290650428125 0.9200712046874999 0.3076404484375 0.9222246203125 0.3610639203125 0.9212734484375 0.3946176703125 0.9194840531249999 0.4029467359375 0.91110485625 0.41170209375000005 0.9088218875 0.43442469062500005 0.8654645562500001 0.4329351578125 0.85832885625 0.376050684375 0.8522821875 0.3603951828125 0.8550476625 0.32873539375 0.85559079375
5 0.46415777968749994 0.56822196875 0.45402915312500003 0.5650318453125001 0.4149196984375 0.6290269828125 0.4136457921875 0.6391404828125 0.42770046562499997 0.6559788734375 0.4307351796875 0.6568804890625 0.44107446875 0.6489176375000001 0.480300184375 0.58658510625 0.46415777968749994 0.56822196875
5 0.807610953125 0.7201896265625 0.8036680125 0.72046534375 0.795222684375 0.7271819328125 0.7123195531250001 0.8165159093750001 0.745512590625 0.852064853125 0.7505575265625 0.8533828124999999 0.765631725 0.8423043031249999 0.805693125 0.8060882078124999 0.805460603125 0.80276299375 0.8272024281249999 0.787876765625 0.8566920140625 0.756298309375 0.8188803312499999 0.7255276281249999 0.807610953125 0.7201896265625
5 1 0.59064403125 0.9552139015625001 0.564514146875 0.9474055265624999 0.5661739859375 0.903246171875 0.600448990625 0.8904922265625 0.6163774625 0.82320088125 0.6739895875 0.820941240625 0.684172015625 0.8252329625 0.68888411875 0.8556019499999999 0.7123784718749999 0.8688815515625 0.7181328171875 0.8738489812499999 0.7183423734375001 0.8842657796875001 0.7114879265625 1 0.6176996375 1 0.59064403125
5 0.468035146875 0.5245116859375 0.48551206875 0.5477937171875 0.49051825156250006 0.548557475 0.4951368984375 0.543779209375 0.5468840375 0.4621929953125 0.5319211359375 0.4465319375 0.5208067749999999 0.44341074375 0.468035146875 0.5245116859375
5 0.54438195 0.4122458640625 0.5457552203125 0.41771895625 0.5636365750000001 0.432619021875 0.5667100406250001 0.43407484218750003 0.5751166140625 0.42680405 0.6366992484375 0.330050353125 0.6373362015625 0.3249936046875 0.6086892671874999 0.3119601640625 0.603876853125 0.31396741875 0.582273146875 0.344994440625 0.5826219296875 0.34998226093749996 0.54438195 0.4122458640625
5 0.7357636859375 0.14602502343749998 0.7370763453125 0.136465728125 0.7075599375 0.125163825 0.6790004374999999 0.1700431359375 0.66688344375 0.18091485624999998 0.6273308046875 0.25273775625 0.627989615625 0.2621591953125 0.6424874734375 0.271169825 0.6555345531250001 0.27359895624999997 0.7357636859375 0.14602502343749998
5 0.49167932187499996 0 0.4776143609375 0.038214434375 0.508654090625 0.028804067187499997 0.5142972265625 0.0245110765625 0.5233504828125 0 0.49167932187499996 0
5 0.35930818124999997 0.3862036296875 0.35982887343750003 0.3794842734375 0.354822690625 0.37872051562500003 0.348443234375 0.3724836640625 0.342567578125 0.37345144218750004 0.325466259375 0.39803759375 0.325660028125 0.40080860625000003 0.3377213703125 0.40330666718749997 0.3525074 0.4022727265625 0.35930818124999997 0.3862036296875
1 0.18737990625 0.1515139375 0.1513896421875 0.1467907625 0.1481611609375 0.143118134375 0.144295728125 0.14450225781249998 0.13387892968749998 0.1513567046875 0.12953155624999999 0.16001438437499999 0.13011286093750002 0.1683274171875 0.1381537578125 0.16999279375 0.1799809265625 0.1731939859375 0.18737990625 0.1515139375
1 0.4497305671875 0.0785911984375 0.4597816859375 0.0806729171875 0.5464707375 0.0879769203125 0.5715791609374999 0.0929041140625 0.592640315625 0.054118259375 0.596466996875 0.0521799359375 0.6084895859375 0.0541237953125 0.6288631031249999 0.062166646874999995 0.6267366171875 0.060087696875 0.6358964046875 0.0494227625 0.6389867671875 0.0369545953125 0.63193160625 0.0352202921875 0.627312959375 0.03999855625 0.6214373 0.0409663359375 0.6058374468750001 0.030362028125000003 0.5881329656250001 0.03215695625 0.546112028125 0.026184753124999998 0.5135440124999999 0.02790521875 0.48652472968750005 0.038148271875 0.4647054 0.05192609687500001 0.4474878203125 0.0748496421875 0.4497305671875 0.0785911984375
1 0.49083430000000006 0.2555995765625 0.5036438953125 0.2263013203125 0.41088541718749994 0.21719408593749998 0.388097246875 0.2171168515625 0.38079266875 0.22598132031249998 0.376987846875 0.24239783125 0.37236919999999996 0.247176096875 0.47111959531250003 0.2569781625 0.48602188437500005 0.257606828125 0.49083430000000006 0.2555995765625
1 0.8504289265624999 0.1992671875 0.8287089609375 0.22863160468750002 0.7823237562500001 0.2452410671875 0.762359634375 0.257218425 0.7636166453125 0.2610289109375 0.774614746875 0.262487496875 0.8642610046874999 0.2695847125 0.88496144375 0.26813719687500004 0.940363353125 0.196319834375 0.94718599375 0.19472892343749998 0.9318574140625 0.1880040328125 0.89567338125 0.180509846875 0.8710687546875 0.18278728125000002 0.8504289265624999 0.1992671875
1 0.7505049406250001 0.4418284 0.7002711984375 0.44589799843750005 0.6560899859375 0.4656948140625 0.6711472890625 0.468540290625 0.7168398921875 0.4703573625 0.7316259203125 0.469323421875 0.7505049406250001 0.4418284
1 0.5163172703125001 0.6341886421875 0.522154175 0.6326666609375 0.5549547125000001 0.6342714093749999 0.605227209375 0.6307560140625 0.6236242921875 0.6105345515625 0.6297493656250001 0.5989680015625 0.5998672796875 0.5966022625 0.5146677625 0.596433959375 0.507883875 0.5985790718749999 0.4961156640625 0.6144386140625 0.5009499374999999 0.6269095484375 0.5163172703125001 0.6341886421875
1 0.46386264062500004 0.6489948703125 0.44733766406250003 0.65349188125 0.4274510484375 0.6665776453125 0.41639729687499993 0.6784888421875 0.42099905 0.6876345625 0.43329291718749996 0.6934578375 0.4380278234375 0.69034218125 0.46057851093749996 0.6586920265625 0.46386264062500004 0.6489948703125
1 0.47006321562500003 0.7376672296875 0.45409768437500003 0.7359990875 0.4145520140625 0.7370936546875 0.40312762187500006 0.7295388421875 0.38175147656249997 0.73548890625 0.3542115015625 0.7524513171875 0.342365784375 0.7672024546875 0.34200010625 0.77613861875 0.34644684375 0.7830675328125001 0.35271003749999996 0.7876417765625 0.36173666875 0.789238221875 0.3736042453125 0.7889652703125 0.39138126875 0.7598765734375 0.40305507812499997 0.7568326109375 0.45939700156249996 0.7551204499999999 0.47006321562500003 0.7376672296875
1 0.779391259375 0.9399155953125 0.719106396875 0.9419034765625 0.6610086296875 0.9610026953125 0.622741828125 0.9803859375 0.609618871875 0.9935556515625 0.9130062703125 0.9723407375 0.9119497859375001 0.9657316671875 0.9415993500000001 0.9647721921875 0.9473974999999999 0.9626960109375 0.9481119609374999 0.958747665625 0.9420037812500001 0.9563902296875 0.8329916015625001 0.955659421875 0.8315408234375001 0.9490779234375 0.8423232984375 0.9332873109375001 0.8392110796875001 0.931277290625 0.779391259375 0.9399155953125
1 1 0.7849526499999999 0.9775161203125 0.77012595 0.916788071875 0.779941590625 0.874362703125 0.78235135 0.8331605546875 0.816419565625 0.8251415171875 0.829232378125 0.8154391796875 0.83213848125 0.8069938515624999 0.83885506875 0.8156935593749999 0.8499418828125 0.8027845984375 0.8636535453124999 0.7720161437499999 0.8769433281250001 0.7559949640625 0.8886449703125001 0.74237154375 0.9063049765625 0.72737485 0.9184918906249999 0.7266822484375 0.9369184234375 0.7487559609375001 0.940944 0.800014190625 0.9373596765625001 0.8380703296875 0.9291294109375 0.8720285125 0.918958053125 0.8747144421874999 0.9148718484374999 0.90528913125 0.8988110546874999 0.9164809999999999 0.9030406515625 0.9408143515624999 0.8968838015625 0.9588288609375001 0.8995224890625 1 0.8989319703125 1 0.885392096875 0.990544296875 0.8856095734375 0.96752360625 0.882207128125 0.9663053484375 0.8789508453125 1 0.8470513546875 1 0.7849526499999999
1 1 0.6716655328125001 0.992536678125 0.6732867171875 0.9432717734375 0.6912113718749999 0.9023190421875 0.714680815625 0.8658518015625001 0.7456333749999999 0.8579877781249999 0.760662996875 0.863924046875 0.7747276078125 0.8711729765625 0.7792329234375 0.88118534375 0.780760440625 0.9225862218750001 0.777865409375 0.979293821875 0.7672170796875 1 0.7618179171875 1 0.6716655328125001
2 0.7778571671875001 0.1247034609375 0.7822651515625 0.1310781703125 0.7713276609374999 0.1446519734375 0.76804353125 0.1543491296875 0.8626572171875001 0.16165590000000002 0.9023579015625 0.16277814375 0.926957565625 0.13209853437500002 0.928425240625 0.124756046875 0.7618310234375001 0.10800292812500001 0.7469674875 0.10792846250000002 0.7403773703125001 0.1128445875 0.734462959375 0.1132581640625 0.7778571671875001 0.1247034609375
2 0.5619911109375 0 0.5587109609375001 0.008039471874999999 0.56485789375 0.0109511109375 0.582407359375 0.006939371875 0.6394468468750001 0.0152028484375 0.6619249890625001 0.0108464625 0.6748558078125 0.011612989062499999 0.6815234328125 0.007805270312499999 0.6846984625 0 0.5619911109375 0