1 0.3997412296875 0.50921456875 0.373472959375 0.526997896875 0.3583150578125 0.5453304484375 0.35453364062500003 0.5692900015625 0.3625715671875 0.588104153125 0.36567424375 0.5896387890625 0.4219350640625 0.586690284375 0.535047403125 0.572841859375 0.5379726703125 0.5709913109375 0.5489325328125 0.49177808437500004 0.474262628125 0.48946815 0.42837363437500003 0.49809630781249997 0.3997412296875 0.50921456875
1 0.29954825625 0.71191119375 0.300198759375 0.7243235390625 0.30457221093750003 0.7308833 0.3142054953125 0.741693384375 0.326675340625 0.748960325 0.331787334375 0.7503896578125 0.33621925468749997 0.73884245 0.340354159375 0.683182534375 0.339940203125 0.6752837703125001 0.33689666093750004 0.674877528125 0.32797301874999996 0.677608184375 0.3115443453125 0.6909156109375 0.29954825625 0.71191119375
1 0.29778281406249996 0.9281191046874999 0.30738653125000004 0.9383649890625 0.3124985234375 0.9397943234374999 0.31279354062500003 0.92620093125 0.3034263703125 0.9204686265625 0.3016825046875 0.9064163421875 0.3094832171875 0.9014815453124999 0.324493278125 0.8803280078125001 0.34148375 0.8777403328125001 0.3465957421875 0.879169665625 0.3636453515625 0.8777103875 0.481189609375 0.852314753125 0.48511953593749996 0.8504115531249999 0.48089392656249996 0.8466727781250001 0.4824301484375 0.8375403140625 0.42114604218749996 0.840752078125 0.36122141406249997 0.850681559375 0.33838040625 0.8569703296875 0.3129689515625 0.8718800171875 0.296983803125 0.8936504062499999 0.29293627031249997 0.9125321828124999 0.29778281406249996 0.9281191046874999
1 0.25356989375 0.6996113937499999 0.24662599687500003 0.70167255 0.24585788593750002 0.70623878125 0.240923303125 0.7081946328125001 0.192965859375 0.7157997 0.1936459296875 0.728776240625 0.20747525625000002 0.7427609015625001 0.24175188281249999 0.743227528125 0.27067997187500004 0.737751240625 0.2732786546875 0.6912237890624999 0.265093553125 0.6888240156250001 0.2561107734375 0.690426278125 0.25138316875 0.6963315125 0.25356989375 0.6996113937499999
1 0.22585876875 0.8628673390625 0.21013906875 0.8704801390625001 0.20003335781249998 0.8698782625 0.190312034375 0.8766109546875 0.19007615312499998 0.891332740625 0.1981429828125 0.8914757218749999 0.24692767343750002 0.8804328187499999 0.24772535312500002 0.876430784375 0.24051533906250003 0.8734141640624999 0.23983526875 0.860437621875 0.23487111875000002 0.8618292750000001 0.226715584375 0.8599937000000001 0.22585876875 0.8628673390625
1 0.11873548281249999 0.6065405312500001 0.12039064375 0.6189002234375 0.12443884218750001 0.6192538140625 0.14453199218749999 0.6182007765625 0.149879865625 0.6049083234375 0.1659543859375 0.60406589375 0.178867090625 0.60056043125 0.1778321984375 0.5808135203125 0.16311715625 0.5883736671875 0.141073828125 0.590660403125 0.124319903125 0.5977616578125 0.11873548281249999 0.6065405312500001
1 0.1488423109375 0.5082199468749999 0.1474821671875 0.48226686250000006 0.12978271875 0.4905491640625 0.122218553125 0.4999975390625 0.12068233125000001 0.509130003125 0.123785009375 0.5106646390625 0.1488423109375 0.5082199468749999
1 0.1719750046875 0.3921609546875 0.177146134375 0.3947186828125 0.178446475 0.40030800624999996 0.18562691874999998 0.40276043125000005 0.1881967 0.374904146875 0.1979180234375 0.36817145625 0.213254 0.3724594546875 0.23822259531249998 0.36832217031250003 0.2554791828125 0.3708122734375 0.282604934375 0.3693906734375 0.2865644265625 0.36805167031249997 0.2872438328125 0.361792846875 0.2798564109375 0.355391040625 0.2394335640625 0.35298353437499996 0.1569629453125 0.355608396875 0.14212963125 0.360911753125 0.12655777343750002 0.371345540625 0.12109162656250001 0.382381203125 0.1256720546875 0.39289034843750004 0.1719750046875 0.3921609546875
1 0.48690703593749995 0 0.4522988640625 0.0018137375000000001 0.4610967265625 0.0075758796875 0.5155854421875 0.028481625 0.5773426421875001 0.034297020312499996 0.5932988890625001 0.031197799999999998 0.6296143984375 0.032123320312499995 0.6377995015625 0.0345230921875 0.6467822812499999 0.03292083125 0.650948753125 0.0355312109375 0.654908246875 0.0341922078125 0.6610521203124999 0 0.48690703593749995 0
7 0.334661721875 0.13244319843750002 0.3329467578125 0.09971974375 0.337467384375 0.0898651296875 0.33652119687500004 0.07181080937499999 0.323142790625 0.06643015937499999 0.3226327375 0.05669775312500001 0.32422809375 0.048693684375000004 0.33711123125000003 0.0446240265625 0.3398590890625 0.03938829375 0.341794378125 0.0076050328125 0.17594555781250001 0.0162968 0.1740019 0.046383259375 0.17675308750000002 0.13732435625 0.218358 0.14306439531249998 0.2455428890625 0.1427711890625 0.302631621875 0.15562021406249998 0.325886584375 0.1572302078125 0.3297573734375 0.1541986140625 0.326506853125 0.1498429890625 0.3313231625 0.1456303484375 0.334661721875 0.13244319843750002
7 0.12243845 0.023626965625 0.1193062046875 0.0215281328125 0.10177386875000001 0.0201839734375 0.091057521875 0.02074559375 0.087157165625 0.0232129921875 0.08570965 0.034038046875 0.08925918125 0.1402124765625 0.09348478906249999 0.1439512515625 0.1288547796875 0.14605781874999998 0.13987644375 0.14491445 0.1672091734375 0.1474422328125 0.174123503125 0.1448168796875 0.1721397609375 0.030074184375 0.12243845 0.023626965625
7 0.069162703125 0.045088684375 0.077997640625 0.040665434375 0.08310896718750001 0.0228594015625 0.0868953703125 0.0209637234375 0.043180396875 0.023254728125 0.0434253296875 0.0345568328125 0.0480353265625 0.045630175 0.069162703125 0.045088684375
7 0.0675713390625 0.16850495000000001 0.071471696875 0.1660375515625 0.08949639375 0.1639614234375 0.13488339062500002 0.16497727499999998 0.1368040015625 0.163179378125 0.1325783921875 0.1594406015625 0.1393153109375 0.15343006406249998 0.1379854015625 0.14727654375000002 0.10855465156249999 0.14316147343750002 0.0889339296875 0.13400630468750002 0.0845275828125 0.0307055140625 0.0812770625 0.0263498890625 0.07601789375 0.0413349359375 0.0541815453125 0.047571054687499996 0.0480648953125 0.046194373437500005 0.0432190171875 0.0498428171875 0.0469748625 0.1407312640625 0.0521170890625 0.161960159375 0.0614842578125 0.167692465625 0.0675713390625 0.16850495000000001
7 0.04413696875 0.1058036703125 0.041563856249999996 0.037483125 0.0384020421875 0.0348200921875 0.0171859625 0.0336689921875 0.014231126562499998 0.03495534375 0.0178384640625 0.103787434375 0.0189909625 0.1065557703125 0.025107612499999998 0.1079324515625 0.0432210140625 0.10754891562499999 0.04413696875 0.1058036703125
7 0.08359471406249999 0.397358515625 0.08146979062500001 0.47214849531249997 0.08605021874999999 0.48265763906250003 0.14736389375 0.48001007187500006 0.15161773750000002 0.44584231250000006 0.1561383625 0.435987696875 0.17596539687499999 0.4298568828125 0.177589659375 0.4031816453125 0.172034140625 0.39328935 0.13172956875 0.3931386359375 0.08752463906249999 0.39545531718750004 0.08359471406249999 0.397358515625
7 0.0957319828125 0.1868302609375 0.08985121406249999 0.1707317921875 0.0732148953125 0.1608544703125 0.066536446875 0.1487580359375 0.06588594375 0.13634569218749998 0.0569623015625 0.13907635000000002 0.04656090625 0.1328324984375 0.04322168125 0.1267842828125 0.022035170312499998 0.126197378125 0.0191099015625 0.1280479265625 0.018844453125 0.142205515625 0.021476034375 0.192419090625 0.0257312125 0.1967220625 0.032704678125 0.1952251046875 0.0600669765625 0.1983170828125 0.08624720625 0.1980765296875 0.09416619375 0.1953985265625 0.0957319828125 0.1868302609375
7 0.1448828171875 0.5095589484375 0.08661268125 0.5126127578124999 0.083687415625 0.5144633062499999 0.0817681375 0.554731934375 0.0858472359375 0.5941204546875001 0.113918509375 0.59151780625 0.1300817328125 0.5923679703125 0.16710621875 0.5875988624999999 0.1730158890625 0.5850261625 0.173606590625 0.5770747453125 0.14633233125 0.5564399921875001 0.148133334375 0.513914575 0.1448828171875 0.5095589484375
7 0.097343990625 0.65971034375 0.09548251875 0.662636634375 0.0843721484375 0.662087409375 0.082776790625 0.670091478125 0.08587946875 0.671626115625 0.10198355625 0.6713478828125 0.097343990625 0.65971034375
7 0.119506925 0.6981511296875 0.1422007546875 0.7082767390625 0.1460984484375 0.6288678765625 0.1425818125 0.619434475 0.0824502078125 0.625414575 0.0788179625 0.690665846875 0.0792023515625 0.6980004140625 0.08431434374999999 0.699429746875 0.1107108515625 0.6969148703125 0.119506925 0.6981511296875
7 0.0792943859375 0.7958698375 0.13833263125 0.788249796875 0.1405475921875 0.75362314375 0.1624430796875 0.7485154203125 0.169268703125 0.744197475 0.1695341515625 0.7300398859375 0.159369303125 0.728309615625 0.164126475 0.7229685781249999 0.14273298437499998 0.7184322921875 0.081626290625 0.7250292421875 0.0792943859375 0.7958698375
7 0.0767837421875 0.8248545171874999 0.075042540625 0.8877436953125001 0.15500118125 0.87563278125 0.1552370609375 0.8609109953124999 0.1430333296875 0.8587218296874999 0.13558677187499998 0.8511916296875001 0.13573328125 0.8155418843750001 0.0767837421875 0.8248545171874999
7 0.26332944375 0.9435026593750001 0.2692686828125 0.9414941562499999 0.282417934375 0.9425022750000001 0.294237278125 0.937356871875 0.28572692499999996 0.9287509281249999 0.2686181796875 0.9290818125 0.2573008328125 0.9245832046875 0.257033384375 0.8810346953125 0.1401981 0.9007357031250001 0.135739275 0.9886601781250001 0.13816254687500001 0.9964536390625 0.21203410625000002 0.9835302421875 0.24982670312500002 0.9741949046875 0.2527815390625 0.972908553125 0.2494127453125 0.9662961390625 0.26332944375 0.9435026593750001
7 0.22464313749999998 0.7435584125 0.2105779328125 0.7442955390625 0.143472859375 0.7517725953125 0.13786153437499998 0.8369287375000001 0.1408761734375 0.856006146875 0.179053159375 0.8540053765625 0.192881815625 0.84875466875 0.214038759375 0.8487773750000001 0.22999500624999997 0.84567815625 0.24001134687499998 0.8253520734375 0.250737328125 0.8185667296875 0.262645375 0.815113921875 0.26622048125000003 0.8064403515624999 0.2983990875 0.8053196890625 0.3092137734375 0.8002269375 0.308415428125 0.7849936078125 0.2953253125 0.7851138843750001 0.2814079484375 0.788671996875 0.26701749375 0.7832029515625 0.26772580156250003 0.7582729593749999 0.26453441875 0.755045728125 0.2672822765625 0.749809996875 0.26089951093749997 0.7433555375 0.2378515265625 0.7456949265625 0.22464313749999998 0.7435584125
7 0.150622403125 0.7151900906249999 0.1587188 0.7158972703125001 0.1959206953125 0.7145133484375 0.227892325 0.7094433046875 0.2408050296875 0.7059378421875 0.245562203125 0.70059680625 0.258119421875 0.6710856093750001 0.2650041828125 0.6678960578125 0.2602167765625 0.65343753125 0.2748135453125 0.6436205937499999 0.2764680390625 0.6367449203125 0.269375634375 0.616749721875 0.2687547 0.604901575 0.2716503984375 0.6024868296875 0.26039218750000004 0.59911661875 0.2290999640625 0.5979278375 0.1829152890625 0.600914021875 0.1539872015625 0.6063903093749999 0.15008684375 0.6088577046875 0.146570875 0.6186596703125 0.14716490625 0.706885084375 0.150622403125 0.7151900906249999
7 0.25580643125 0.4347245453125 0.1792750546875 0.4353409015625 0.1612207859375 0.4368528328125 0.156374909375 0.4405012765625 0.149049953125 0.5314046953125 0.15055793906249998 0.5601787671875 0.15676329375 0.563248040625 0.18580965625 0.56002854375 0.189946559375 0.5620747265625 0.19381734687500002 0.5590431312499999 0.2319056265625 0.5553497671875001 0.24868912031249998 0.5488127109375001 0.2591194171875 0.5363853953125 0.2587645984375 0.529615025 0.2644081546875 0.5219645468749999 0.268426784375 0.5217539390625 0.279093628125 0.5138402015625 0.272622159375 0.50569315 0.2721786328125 0.49723018750000003 0.287691353125 0.48566800624999995 0.2878680984375 0.46981782499999997 0.2836720578125 0.46664324687500003 0.282135171875 0.4565403453125 0.27705274687500003 0.455675209375 0.2746886109375 0.44901014375 0.26195265 0.4366654234375 0.25580643125 0.4347245453125
7 0.341507325 0.7051862343749999 0.3379026515625 0.7132956078125 0.3402667875 0.7199606734375 0.33220195625 0.7775237890625 0.333384690625 0.8000916890624999 0.3517346390625 0.8042217328125 0.36884338437499997 0.803890846875 0.37767832343749996 0.7994675984375 0.4147915140625 0.796391084375 0.4356823421875 0.7913360140625 0.449747546875 0.7905988875000001 0.4566618765625 0.7879735343750001 0.5565953953125 0.7725527921875 0.5937617281249999 0.5974863796875 0.59367235625 0.576558421875 0.5903035625 0.5699460078125 0.52907859375 0.5742861640625 0.4790527 0.580868140625 0.42486033125 0.5848397375000001 0.42093040625 0.5867429359375 0.381660059375 0.5871037671875 0.3656446765625 0.5890745921875 0.354770853125 0.5930389468749999 0.3495116859375 0.6080239921875 0.33955648125 0.68718456875 0.341507325 0.7051862343749999
7 0.511365309375 1 0.52929689375 0.9052367703125 0.5394899796875 0.8690605078125 0.542562421875 0.8507955812500001 0.5402278546875 0.8446947125 0.5311268 0.844040184375 0.49818008125 0.849727078125 0.47208855625 0.851660225 0.46029878281250003 0.8573698234375 0.43432552968750004 0.861559759375 0.3826155703125 0.8744532125 0.34757083125 0.8785528171875001 0.333446490625 0.8781615468749999 0.3226613734375 0.8838184968749999 0.30681387656250003 1 0.511365309375 1
1 0.29026046875 0.43857635625 0.27787999375 0.452237371875 0.27279757031249996 0.45137223593750003 0.2679221234375 0.4544564828125 0.27312282187500003 0.45757840937500005 0.290290703125 0.45837591875 0.29026046875 0.43857635625
1 0.28748171093749997 0.40477715937500003 0.2382830625 0.4079212984375 0.201790809375 0.422845959375 0.193281121875 0.43347538124999996 0.20341640156250002 0.43464145312499997 0.29005349062499997 0.4346269734375 0.29389471093749997 0.43103118125 0.2946621546875 0.4072295828125 0.28748171093749997 0.40477715937500003
1 0.25557388125 0.5456231609375 0.24481833125 0.5518443078125 0.22895079062499998 0.55663611875 0.1978655453125 0.559396721875 0.1910399203125 0.5637146671875 0.1817029875 0.577781925 0.190833609375 0.57900065 0.2074994953125 0.5894421703125 0.23297075312499999 0.5948962437499999 0.26222409375 0.5956261281249999 0.2801600859375 0.5918574078125001 0.28370495625 0.563384275 0.2819899921875 0.5306608203125001 0.262015115625 0.5339706484375 0.25557388125 0.5456231609375
2 1 0.7068432515625 0.9653713828124999 0.7103959609375 0.9296472390625 0.720754390625 0.9524008734375 0.7512437609375 0.9646046046875 0.753432925 0.977546878125 0.750491659375 0.985879821875 0.7557124203125001 0.9979652796874999 0.7556447953125 1 0.7552080125 1 0.7068432515625
2 1 0.9365772281250001 0.9973805718750001 0.9367145062500001 0.9384901703124999 0.947155534375 0.9103893281250001 0.949193984375 0.8786838140625 0.95934180625 0.8686372390624999 0.9598683250000001 0.8505540703125 0.9800514234375 0.8315542828125 0.9827444015625 0.83017733125 0.9833823125000001 1 0.9744822843750001 1 0.9365772281250001
2 0.67562699375 0.17963488125 0.7271602078125 0.1825916109375 0.7411662765625 0.1807260890625 0.7527195046874999 0.17050290937499998 0.7468683031250001 0.1549686390625 0.7519500609375 0.136598409375 0.7497042 0.132190134375 0.6941523546874999 0.1294440109375 0.6889812265625 0.1268862828125 0.67787085625 0.126337059375 0.6547045984375 0.12641965625 0.640846371875 0.131106165625 0.6243874640625 0.124614028125 0.5870672953125 0.123741159375 0.5490972890625 0.12969131250000002 0.520287475 0.137424390625 0.518278825 0.15676505937500002 0.5214117375 0.17809925937499999 0.6081671 0.18034156875000001 0.67562699375 0.17963488125