7 0.43385416718750003 0.41018518593750003 0.4390625 0.41111111093749997 0.44739583281249995 0.396296296875 0.45416666718750004 0.371296296875 0.45885416718750005 0.3703703703125 0.4625 0.3648148140625 0.4859375 0.31759259218749997 0.4916666671875 0.3 0.4828125 0.12592592656249998 0.4791666671875 0.12129629687500001 0.4703125 0.12592592656249998 0.4265625 0.16944444375 0.421875 0.177777778125 0.421875 0.19444444375 0.43072916718750004 0.40555555625000006 0.43385416718750003 0.41018518593750003
7 0.4890625 0.275 0.4890625 0.296296296875 0.48645833281249995 0.3138888890625 0.490625 0.3111111109375 0.5296875 0.2379629625 0.5260416671875 0.1611111109375 0.5260416671875 0.07962962968750001 0.5239583328124999 0.07685185156249999 0.515625 0.08148148125 0.48020833281249997 0.11388888906250001 0.47447916718750005 0.1231481484375 0.4817708328125 0.12592592656249998 0.48333333281249996 0.13888888906250002 0.4890625 0.275
7 0.53125 0.196296296875 0.5322916671875 0.23611111093749998 0.5442708328125 0.222222221875 0.5708333328124999 0.177777778125 0.5692708328125 0.1490740734375 0.571875 0.1175925921875 0.5723958328125 0.052777778124999994 0.5703125 0.048148148437499996 0.565625 0.048148148437499996 0.5328125 0.072222221875 0.53125 0.075 0.5333333328125 0.08055555625000001 0.5338541671875 0.09444444375 0.53125 0.196296296875
7 0.571875 0.15092592656249998 0.5760416671875 0.18148148125000002 0.5984375 0.1574074078125 0.6098958328124999 0.13333333281249998 0.6052083328125 0.11574074062499999 0.6026041671875 0.028703703125 0.5973958328125 0.025 0.5708333328124999 0.040740740625 0.5682291671875 0.04444444375 0.5723958328125 0.048148148437499996 0.5734375 0.061111110937500004 0.571875 0.15092592656249998
7 0.625 0.1166666671875 0.6307291671875 0.00555555625 0.6229166671875 0.0083333328125 0.6052083328125 0.0231481484375 0.60625 0.1203703703125 0.6088541671875001 0.134259259375 0.6119791671875 0.1361111109375 0.625 0.1166666671875
7 0.9869791671874999 0.45370370312499997 0.9916666671875 0.5101851859375001 0.9994791671875 0.525 0.9994791671875 0.175 0.9921875 0.1703703703125 0.9901041671874999 0.16388888906250001 0.9817708328125001 0.165740740625 0.9677083328125 0.2768518515625 0.9651041671874999 0.322222221875 0.9598958328125 0.3611111109375 0.9661458328125001 0.4018518515625 0.9869791671874999 0.45370370312499997
7 0.9588541671874999 0.3601851859375 0.9630208328125001 0.3490740734375 0.9635416671874999 0.322222221875 0.9697916671875 0.25 0.9765625 0.2101851859375 0.9833333328125 0.15 0.959375 0.1111111109375 0.946875 0.1074074078125 0.94375 0.1175925921875 0.9364583328125 0.196296296875 0.9364583328125 0.27777777812500004 0.9421875 0.3 0.9463541671875 0.30648148124999997 0.9588541671874999 0.3601851859375
7 0.8994791671875 0.21203703749999997 0.9078125 0.22407407343750002 0.9114583328125001 0.22314814843750003 0.9151041671875 0.15 0.9255208328125001 0.05648148125 0.9119791671874999 0.0379629625 0.9 0.037037037499999995 0.8895833328125 0.0870370375 0.8869791671874999 0.15925925937500002 0.8942708328125001 0.177777778125 0.8947916671874999 0.190740740625 0.8994791671875 0.21203703749999997
7 0.93125 0.24907407343750002 0.9359375 0.23611111093749998 0.9364583328125 0.1851851859375 0.9447916671875 0.1101851859375 0.9484375 0.10555555624999999 0.9510416671874999 0.10648148125000001 0.9546875 0.1148148140625 0.9588541671874999 0.1148148140625 0.9625 0.12222222187500001 0.9671875 0.1231481484375 0.9703125 0.10092592656249999 0.934375 0.0638888890625 0.9276041671874999 0.061111110937500004 0.9239583328125001 0.075 0.9151041671875 0.16388888906250001 0.9135416671875 0.2101851859375 0.915625 0.221296296875 0.9260416671874999 0.23333333281250002 0.93125 0.24907407343750002
7 0.8984375 0.051851851562499995 0.8989583328125 0.040740740625 0.903125 0.0351851859375 0.9083333328125001 0.039814814062499995 0.9098958328125001 0.030555556249999997 0.9083333328125001 0.0240740734375 0.8885416671874999 0.0074074078125 0.8854166671874999 0.0101851859375 0.8760416671875 0.0981481484375 0.8765625 0.1268518515625 0.8885416671874999 0.1324074078125 0.890625 0.0888888890625 0.8984375 0.051851851562499995
7 0 0.9361111109375001 0.0052083328125 0.9324074078125 0.0838541671875 0.8259259265625 0.10364583281249999 0.7981481484375 0.1057291671875 0.7916666671875 0.06770833281250001 0.43148148124999997 0.0645833328125 0.42222222187499997 0.058333332812500006 0.42222222187499997 0.0369791671875 0.43518518593750005 0.0328125 0.44166666718750003 0.0171875 0.447222221875 0 0.4583333328125 0 0.9361111109375001
8 0.5171875 0.33703703749999997 0.51875 0.33148148125 0.5166666671875 0.322222221875 0.5098958328125 0.31851851875000003 0.5005208328124999 0.31944444375000003 0.4895833328125 0.328703703125 0.4890625 0.33703703749999997 0.4921875 0.3416666671875 0.5119791671875 0.3398148140625 0.5171875 0.33703703749999997
8 0.5807291671875 0.26851851875 0.5796875 0.2611111109375 0.5723958328125 0.25555555625 0.5635416671875 0.25740740781250004 0.5552083328124999 0.2638888890625 0.5541666671875001 0.271296296875 0.5604166671875 0.275 0.5765625 0.2740740734375 0.5807291671875 0.26851851875
8 0.6015625 0.21296296250000002 0.6015625 0.20740740781250003 0.5953125 0.2009259265625 0.5869791671875 0.2018518515625 0.5796875 0.20833333281250002 0.5791666671875 0.21296296250000002 0.5828125 0.2166666671875 0.5953125 0.2166666671875 0.6015625 0.21296296250000002
8 0.6223958328125 0.175 0.6223958328125 0.16944444375 0.6171875 0.16388888906250001 0.6104166671875 0.16388888906250001 0.6026041671875 0.16944444375 0.6015625 0.1740740734375 0.6052083328125 0.177777778125 0.6203125 0.177777778125 0.6223958328125 0.175
8 0.6333333328124999 0.1425925921875 0.6296875 0.13703703750000001 0.6213541671875 0.13888888906250002 0.6203125 0.1453703703125 0.6255208328124999 0.15 0.6307291671875 0.15 0.6333333328124999 0.1425925921875
1 0.6963541671875 0.6555555562500001 0.6984375 0.665740740625 0.6921875 0.7009259265625001 0.6822916671875 0.8574074078124999 0.6854166671875 0.8611111109375 0.6901041671875 0.8574074078124999 0.6947916671875001 0.759259259375 0.6989583328125 0.74351851875 0.7005208328125 0.7212962968750001 0.8026041671874999 0.7490740734375 0.8067708328125001 0.759259259375 0.83125 0.9111111109375001 0.8380208328125001 0.9148148140625001 0.8390625 0.9064814812499999 0.8182291671874999 0.7814814812499999 0.8255208328125001 0.7768518515625 0.828125 0.7824074078125001 0.83125 0.7824074078125001 0.8265625 0.746296296875 0.828125 0.728703703125 0.821875 0.6925925921875 0.8229166671874999 0.6870370375 0.8338541671874999 0.66944444375 0.8411458328125001 0.6453703703125 0.8479166671874999 0.5935185187500001 0.8552083328125001 0.5648148140625 0.8567708328125001 0.5305555562500001 0.8609375 0.51944444375 0.8666666671875 0.4861111109375 0.8619791671874999 0.48333333281249996 0.85625 0.4861111109375 0.8526041671875 0.48055555625 0.846875 0.48518518593750004 0.8442708328125 0.4981481484375 0.8369791671875 0.50555555625 0.8260416671874999 0.503703703125 0.8213541671875 0.5351851859375001 0.8213541671875 0.5759259265625001 0.8166666671874999 0.5861111109375 0.8114583328125 0.5833333328125 0.8052083328125 0.5638888890625 0.7989583328125 0.5601851859375 0.7963541671875001 0.5518518515624999 0.7890625 0.547222221875 0.76875 0.5398148140625 0.7411458328125 0.5379629625 0.7119791671875 0.527777778125 0.6932291671875 0.5314814812499999 0.6864583328125 0.5398148140625 0.6807291671875 0.5638888890625 0.6765625 0.5990740734375 0.6765625 0.6175925921875 0.6807291671875 0.6370370375000001 0.6854166671875 0.646296296875 0.6963541671875 0.6555555562500001
1 0.7203125 0.521296296875 0.7473958328125 0.5240740734375 0.7552083328125 0.5333333328125 0.7932291671875 0.5379629625 0.7979166671875 0.5453703703125 0.8114583328125 0.5453703703125 0.8286458328125 0.4583333328125 0.8520833328125 0.38148148125 0.853125 0.3620370375 0.8557291671874999 0.353703703125 0.8619791671874999 0.3518518515625 0.8614583328125001 0.32685185156249996 0.8677083328125 0.275 0.8609375 0.2518518515625 0.8645833328125001 0.23611111093749998 0.8536458328125001 0.23611111093749998 0.8484375 0.24259259218749998 0.8447916671875 0.25648148125 0.8380208328125001 0.30740740781250003 0.8338541671874999 0.3138888890625 0.8302083328125001 0.34722222187499996 0.8223958328125001 0.372222221875 0.8239583328125001 0.375 0.8223958328125001 0.397222221875 0.8177083328125001 0.4148148140625 0.8177083328125001 0.42592592656250006 0.8151041671874999 0.43518518593750005 0.8166666671874999 0.44166666718750003 0.8140625 0.4509259265625 0.8104166671874999 0.44444444375 0.7911458328125 0.4370370375 0.7213541671875 0.42222222187499997 0.7083333328125 0.42870370312499995 0.7046875 0.434259259375 0.696875 0.4703703703125 0.6958333328124999 0.49444444374999996 0.6989583328125 0.50555555625 0.7072916671875 0.515740740625 0.7203125 0.521296296875
1 0.7973958328124999 0.4388888890625 0.8067708328125001 0.4453703703125 0.8161458328125001 0.44259259218749997 0.81875 0.41203703750000004 0.8223958328125001 0.396296296875 0.8213541671875 0.3768518515625 0.8140625 0.3703703703125 0.7479166671875 0.3546296296875 0.7322916671875 0.35648148125 0.7260416671875001 0.372222221875 0.7234375 0.3888888890625 0.7213541671875 0.41851851875 0.7234375 0.42222222187499997 0.7552083328125 0.4268518515625 0.7973958328124999 0.4388888890625
1 0.7390625 0.3518518515625 0.7484375 0.352777778125 0.784375 0.3611111109375 0.7932291671875 0.3574074078125 0.803125 0.36296296250000004 0.8104166671874999 0.3490740734375 0.8119791671875 0.3324074078125 0.8229166671874999 0.302777778125 0.8375 0.18148148125000002 0.8260416671874999 0.1888888890625 0.8067708328125001 0.296296296875 0.7901041671875 0.29814814843750004 0.7328125 0.2898148140625 0.721875 0.29722222187499997 0.7145833328125 0.3166666671875 0.7145833328125 0.33888888906250003 0.7177083328125 0.3453703703125 0.7322916671875 0.35555555625 0.7390625 0.3518518515625
1 0.7125 0.29351851875 0.7348958328124999 0.2888888890625 0.7708333328125 0.29351851875 0.7739583328124999 0.28796296250000003 0.7833333328125 0.2953703703125 0.7911458328125 0.27870370312500004 0.796875 0.24351851875000002 0.80625 0.1703703703125 0.80625 0.1361111109375 0.8020833328125001 0.134259259375 0.7901041671875 0.15 0.778125 0.2166666671875 0.778125 0.2379629625 0.7739583328124999 0.25 0.7645833328125 0.24444444375000002 0.7328125 0.2388888890625 0.7114583328124999 0.2398148140625 0.7041666671875 0.24722222187499998 0.7015625 0.25740740781250004 0.7026041671875001 0.2768518515625 0.7078125 0.2888888890625 0.7125 0.29351851875
1 0.3328125 0.1916666671875 0.3317708328125 0.197222221875 0.33541666718749996 0.2046296296875 0.3333333328125 0.2148148140625 0.334375 0.22407407343750002 0.3317708328125 0.23148148124999998 0.3385416671875 0.23240740781250002 0.3453125 0.22777777812500002 0.3651041671875 0.23055555625 0.3671875 0.25648148125 0.3645833328125 0.259259259375 0.3692708328125 0.2648148140625 0.3708333328125 0.2629629625 0.3697916671875 0.25 0.371875 0.2416666671875 0.3885416671875 0.2296296296875 0.3921875 0.23055555625 0.3958333328125 0.2638888890625 0.3963541671875 0.29444444375 0.4 0.321296296875 0.40208333281249997 0.321296296875 0.403125 0.30740740781250003 0.3984375 0.25648148125 0.39791666718749996 0.19444444375 0.3994791671875 0.1879629625 0.3895833328125 0.18055555625 0.35885416718749996 0.1768518515625 0.3552083328125 0.1518518515625 0.35208333281250004 0.0916666671875 0.3453125 0.0759259265625 0.3255208328125 0.0824074078125 0.3213541671875 0.0898148140625 0.3223958328125 0.15 0.3171875 0.1574074078125 0.3182291671875 0.18148148125000002 0.3328125 0.1916666671875
1 0.3005208328125 0.26944444375 0.2911458328125 0.372222221875 0.2947916671875 0.372222221875 0.29739583281250004 0.340740740625 0.340625 0.35 0.3421875 0.35925925937500003 0.3427083328125 0.33888888906250003 0.3401041671875 0.3351851859375 0.3421875 0.3296296296875 0.340625 0.322222221875 0.3421875 0.31759259218749997 0.3380208328125 0.2898148140625 0.3380208328125 0.26851851875 0.3614583328125 0.25648148125 0.3651041671875 0.25 0.3692708328125 0.25 0.3692708328125 0.2416666671875 0.365625 0.234259259375 0.3609375 0.23240740781250002 0.3380208328125 0.234259259375 0.3296875 0.23055555625 0.3239583328125 0.23518518593749999 0.31875 0.21574074062499998 0.31875 0.2046296296875 0.3213541671875 0.2009259265625 0.3223958328125 0.1916666671875 0.3166666671875 0.184259259375 0.31302083281250004 0.1546296296875 0.3046875 0.134259259375 0.2984375 0.13333333281249998 0.2890625 0.1379629625 0.278125 0.1490740734375 0.2791666671875 0.190740740625 0.2864583328125 0.23611111093749998 0.290625 0.25555555625 0.3005208328125 0.26944444375