1 0.337326478125 0.2260152828125 0.35904834218750004 0.22263918437500002 0.3621433140625 0.22471468749999998 0.366785065625 0.21831773906250002 0.37455102500000004 0.21455418593750003 0.321673353125 0.17424959375 0.29609632812500003 0.16104495624999998 0.2936445921875 0.1712431125 0.297966140625 0.177729740625 0.2883317859375 0.1838289140625 0.268449078125 0.18431149687499998 0.24631788124999998 0.17987708593750001 0.18182334375 0.1838165265625 0.1681013421875 0.18789222187500002 0.15359133281249998 0.1959251953125 0.152249221875 0.20830290312500002 0.1697386671875 0.21913426406249997 0.2069938703125 0.22725146718749997 0.24795662499999999 0.2301395328125 0.337326478125 0.2260152828125
1 0.30798909375 0.29300561875 0.3179743046875 0.29360116875000003 0.3466937078125 0.2876206421875 0.44080267656250005 0.2821291734375 0.45253933125 0.278157525 0.4601591015625 0.2716045046875 0.4352531328125 0.2522110140625 0.37866790781250004 0.217135559375 0.3783886421875 0.2308001859375 0.367954584375 0.2406334828125 0.3339113046875 0.23682335625 0.26243881406249997 0.24056907187499998 0.2429069609375 0.2477463765625 0.22871856875000002 0.2619161796875 0.229945146875 0.26632730625 0.2392885390625 0.27366960156250003 0.2514637625 0.2780663578125 0.290675075 0.2855216203125 0.30798909375 0.29300561875
1 0.560721425 0.40507187812499995 0.54778743125 0.40519029531250006 0.544312365625 0.395862175 0.574178865625 0.376954734375 0.6037544046875001 0.371488765625 0.606615475 0.3691011203125 0.6004547671875 0.36550800781250004 0.5854769515625 0.364614684375 0.589067553125 0.357153971875 0.5828191312500001 0.3518871796875 0.49210149843749995 0.2923075109375 0.4597247828125 0.3202973203125 0.4506751875 0.337554365625 0.37905650625 0.33851061250000003 0.309832503125 0.347173321875 0.2954102078125 0.35687997656250003 0.2854556515625 0.37586272656249997 0.295325328125 0.3932471078125 0.33228956875 0.41480578125 0.3764934859375 0.42255881874999995 0.56107228125 0.4117666015625 0.560721425 0.40507187812499995
1 0.4923481578125 0.46795431406250004 0.43398508593749996 0.474928975 0.4143655203125 0.48043259843749997 0.3960602453125 0.4920210296875 0.3868059828125 0.5053728203125 0.3882664640625 0.51424709375 0.405843625 0.5267521359375 0.43629630312499995 0.538022975 0.4864270234375 0.544905975 0.51419264375 0.5428914140625001 0.6169044031250001 0.5274388531249999 0.6336336625000001 0.5237649796875 0.6481144343749999 0.5151741125 0.6609022359375001 0.512266228125 0.6830919093750001 0.517816428125 0.7300984203125 0.5220660328125 0.75386410625 0.5197016734375 0.7525205781250001 0.5130589734375001 0.7156747078125 0.5127522812499999 0.702448334375 0.5072917609375 0.7344157171875 0.4714914421875 0.71569969375 0.45624895624999995 0.7273486328125001 0.450603628125 0.7181514296875 0.4460508015625 0.7051297234375 0.4444955359375 0.7078153640625 0.438760528125 0.7046326781250001 0.4350113453125 0.6220903359375 0.37947863593750003 0.6090101531250001 0.37680758281250004 0.5883979140625 0.38236323125 0.5778585984375 0.3901881109375 0.5639041109375 0.40882106250000005 0.54478300625 0.442829284375 0.542587103125 0.45790901093749997 0.53348563125 0.4646795390625 0.513282015625 0.46853549531249994 0.4923481578125 0.46795431406250004
1 1 0.52788376875 0.9802827953125 0.5285343296875 0.9080222953125 0.536237325 0.9033513078125001 0.5420763796875 0.891585415625 0.5454901328124999 0.8868559515625 0.5502134 0.8708269859375 0.5482563140625001 0.791350378125 0.4942412140625 0.7708829109375 0.4835659234375 0.7575702421875 0.49545212968749996 0.753600965625 0.51468063125 0.75383486875 0.5191437796875 0.7728725109375 0.5405230953125 0.75824555 0.54632449375 0.733193390625 0.524141534375 0.7220400796875001 0.5202506484375 0.690157575 0.5196838359375 0.6240285453125 0.5304220468749999 0.5850233171875 0.545892446875 0.5767617281249999 0.5591922140625 0.5772880125000001 0.5692342984375001 0.587274640625 0.5888502531250001 0.6193047515625001 0.611226940625 0.6577572921875 0.6231973749999999 0.7068076249999999 0.6284587187499999 0.74341959375 0.6243022625 0.8567876203125 0.603256396875 0.8870342156250001 0.591601575 1 0.5933550453125 1 0.58516360625 0.9742725296874999 0.5847919046875 0.9559073625 0.5762441421875 1 0.5494760640624999 1 0.52788376875
1 0.329727075 0.8977246203125 0.3578143125 0.9018468890625 0.37766778125 0.9008064140625001 0.4554165140625 0.8838649796875 0.51713628125 0.8649664578125 0.5567847453125 0.86176971875 0.6347966203125 0.8498493281249999 0.63357004375 0.8454382031250001 0.5959654015625 0.84964668125 0.57961481875 0.8415527656249999 0.6015691703125 0.8236194093749999 0.6360203624999999 0.8162196406250001 0.640837540625 0.8131700531250001 0.6596106234375 0.8105079203125 0.65356686875 0.80914638125 0.6367791328125 0.81170446875 0.6339180640625 0.8140921125 0.5865621156249999 0.8221681921874999 0.538388921875 0.8336436578124999 0.5208716546875001 0.8412748078125001 0.518302965625 0.849241390625 0.49643491093750003 0.8498280203125 0.4867699 0.8363488953125 0.4670027265625 0.8200426468750001 0.46977608281250005 0.8159813187499999 0.460228021875 0.80473376875 0.4550015140625 0.7999728453125 0.44904547343749995 0.8002849890625001 0.44685546093750006 0.7964837796875 0.429192003125 0.801325465625 0.3805217640625 0.8033167375 0.3420706390625 0.810366709375 0.313050621875 0.8264326562500001 0.2993578578125 0.8310662437499999 0.2864252828125 0.8502050671875001 0.2875655640625 0.8719629171875001 0.3053181515625 0.8878153203125001 0.329727075 0.8977246203125
1 0.38979286874999997 1 0.4010604625 0.98629146875 0.48047292500000005 0.9631091578125 0.48420971562500004 0.9584379140625 0.48015130624999997 0.9569723281250001 0.45953906718750004 0.9625279765625001 0.3694118625 0.9901878046875 0.361936865625 0.9805098875 0.3510759328125 0.9821979359374999 0.2951367796875 0.997436953125 0.29343694375 1 0.38979286874999997 1
1 0.2681618296875 1 0.25417260625 0.9755284796874999 0.2490630484375 0.9729991312499999 0.18594127656249998 0.984139165625 0.1751972953125 0.9880587890625 0.160862715625 0.9994391234375 0.1604993296875 1 0.2681618296875 1
1 0.357775153125 0.768146153125 0.30661826875 0.703696065625 0.303523296875 0.7016205624999999 0.291640453125 0.7028027421874999 0.2513501703125 0.712746228125 0.22343977812500002 0.7309917265625 0.2189734578125 0.7407360359374999 0.2290185609375 0.7614677796875 0.2546540609375 0.7757882046875 0.29386537343749997 0.7832434671875 0.357775153125 0.768146153125
1 0.24503760625 0.630282025 0.24465751249999998 0.6230294062499999 0.2059974703125 0.5691129046875 0.1871366734375 0.5701013578125 0.17843651562500001 0.575032721875 0.1681018671875 0.5867628546875 0.16311067968749998 0.6054854859375001 0.1756659953125 0.617134859375 0.198089571875 0.6271482078124999 0.2203084828125 0.6332563015625 0.24503760625 0.630282025
1 0.1415265 0.4975286171875 0.1335266359375 0.49682901875 0.1122141015625 0.508015628125 0.1066381546875 0.5155803875 0.1071352015625 0.5250645781250001 0.13072687656249998 0.538373265625 0.17291620937500002 0.5456724562499999 0.1737042171875 0.5417151765625 0.1415265 0.4975286171875
1 0.1282109953125 0.471374009375 0.1776692421875 0.46542545625000004 0.160558471875 0.44282630625 0.1096689828125 0.44045847812499994 0.0969089984375 0.42490385 0.0869237875 0.42430830156250005 0.0664577375 0.43265341875 0.055976899999999996 0.441594084375 0.0565616578125 0.45275195625000003 0.064970853125 0.4612620640625 0.07615340312499999 0.46571084375 0.10829905 0.4712986984375 0.1282109953125 0.471374009375
1 0.065131215625 0.6542555906249999 0.06501426406250001 0.6520240171875 0.052021796875000005 0.6510266453125 0.0253365625 0.6546628640625001 0.011409896875 0.654833303125 0.0073807265624999995 0.6539256109375 0.007877771875 0.6634098015625 0.0327238484375 0.6626671 0.065131215625 0.6542555906249999
1 0.011140728125 0.7256707265625 0.013196246875000001 0.726905625 0.0331081921875 0.7269809359375 0.017368771875 0.692561971875 0.0092998 0.69054371875 0.011140728125 0.7256707265625
1 0.062804934375 0.780807759375 0.0633590390625 0.77238733125 0.0821028828125 0.7691673046874999 0.1059855234375 0.7690345187500001 0.125692803125 0.765204575 0.1282030171875 0.7561222062499999 0.11532608281250001 0.7383360031249999 0.053021556250000004 0.746076653125 0.033198740625 0.766695428125 0.0290248 0.782018675 0.043770128125 0.79746925625 0.056938025 0.8018139890624999 0.0728792765625 0.8020973953125001 0.074689196875 0.798645984375 0.062804934375 0.780807759375
1 0.12716320625 0.907221690625 0.12354194999999998 0.8951041046875 0.1279497953125 0.88424400625 0.1744884984375 0.8795673125000001 0.1951007390625 0.8740116640625001 0.180675609375 0.84567750625 0.1776098734375 0.844159896875 0.163741684375 0.8454461234374999 0.1044736546875 0.8541464890625001 0.0891756359375 0.8661367421874999 0.0846800765625 0.8753231578125 0.085557215625 0.8920599656249999 0.0908714390625 0.8984945703125 0.10821469531250001 0.9065364640625001 0.12716320625 0.907221690625
8 0.31816905 0.16436358125 0.32441746875 0.169630375 0.3313954234375 0.1698241015625 0.345349909375 0.15119114843749998 0.333028496875 0.144004925 0.324445290625 0.1511678609375 0.31816905 0.16436358125
8 0.22639884999999998 0.08469974375 0.237522925 0.0880327375 0.24417925937499999 0.0820896359375 0.24295268124999997 0.07767850937500001 0.2327920421875 0.07373559843750001 0.22785791249999998 0.0745536109375 0.22639884999999998 0.08469974375
8 0.9105574953125 0.47065162968749996 0.9067608109374999 0.45518668125 0.8990811484375 0.441603509375 0.8879278359375 0.437712621875 0.8790522515625 0.4392966234375 0.86933018125 0.4437221171875 0.8666445406250001 0.449457125 0.86977016875 0.4711109265625 0.881186621875 0.48002285625 0.8971571109375001 0.48086415625 0.904981546875 0.478216390625 0.9105574953125 0.47065162968749996
7 0.7850392312500001 0.430797415625 0.8927157749999999 0.434105140625 0.9344372999999999 0.432478034375 0.9361595062499999 0.42735294531249995 0.9309622328125 0.423149915625 0.8415004156249999 0.368539265625 0.8271351796875 0.3603413015625 0.8069308546875 0.3546870546875 0.762842471875 0.33014518593750003 0.74573311875 0.3265664421875 0.6847707046875 0.321929384375 0.6269909765625 0.3210415109375 0.627488021875 0.3305257015625 0.6458239515625 0.3385155703125 0.64500670625 0.34191495625 0.656364684375 0.3497110984375 0.6705252546875 0.35400380781249996 0.6810659875 0.365199334375 0.7850392312500001 0.430797415625
7 0.650813721875 0.3007725328125 0.6607696953125 0.3008101875 0.6734113093749999 0.29511283593750004 0.687484165625 0.297731865625 0.6943744046875 0.29625191093750003 0.6951331734374999 0.2917367390625 0.6376429906250001 0.2583869875 0.6281826453125 0.24881311718750002 0.6158904703125 0.2421847859375 0.60278105 0.238955840625 0.565875284375 0.21851295468749998 0.44958487812500003 0.2027898671875 0.440592340625 0.20214229375 0.4367093625 0.20402407031249997 0.43694326562499997 0.20848721874999998 0.443162446875 0.2131961171875 0.5543767875000001 0.28400896875 0.56847888125 0.287185890625 0.6344923765625 0.293236509375 0.64479920625 0.29996888906249997 0.650813721875 0.3007725328125
7 0.503189246875 0.19998058125 0.5131744578124999 0.2005761296875 0.516064765625 0.198746378125 0.5499283625 0.142147925 0.5149494703124999 0.120485203125 0.507883803125 0.11861779374999999 0.49273197812499997 0.133397515625 0.453551321875 0.145520553125 0.4405296140625 0.1439652890625 0.43737616562500004 0.1407739984375 0.43346394843749997 0.14209788125 0.4221352078125 0.13485963125 0.4019601203125 0.129763278125 0.3327639375 0.11996347656249999 0.314603434375 0.11532096875 0.3036547890625 0.1153353375 0.30289601875 0.119850509375 0.3089397734375 0.121212046875 0.32365586562500004 0.13610473437499998 0.3306922953125 0.1374142484375 0.33504308125 0.1444587703125 0.3947817546875 0.182725515625 0.503189246875 0.19998058125
7 0.3588031015625 0.0660127875 0.3392127734375 0.07207430468750001 0.34531500312499996 0.07455163125 0.34963655312499997 0.081038259375 0.37544606406250003 0.079685640625 0.383328975 0.0781536625 0.3861023296875 0.0740923359375 0.3778100875 0.067813803125 0.3588031015625 0.0660127875
7 0.33956362812499996 0.078769028125 0.29982603281250003 0.06127168281249999 0.24744682343750002 0.049471685937499996 0.1973453421875 0.0431465796875 0.195535421875 0.0465979890625 0.1997400203125 0.05085304375000001 0.22341941250000003 0.065835409375 0.23147916875000002 0.0866712 0.383302571875 0.1156365796875 0.3860759265625 0.1115752546875 0.33956362812499996 0.078769028125
7 0.2462390625 0.0126128734375 0.2377511578125 0.0164142609375 0.22194112187499998 0.013886275 0.14294085781250002 0.018026503125000003 0.1668341875 0.030759953125 0.25833699375 0.04834153125 0.278307415625 0.0495326296875 0.2770223625 0.0440057171875 0.2565841328125 0.033888321875 0.2649334359375 0.0222622359375 0.2797650625 0.020366090625 0.2805530703125 0.0164088125 0.269506728125 0.0113934671875 0.2462390625 0.0126128734375
7 0.026449914062500003 0.315033 0.0135451609375 0.31570930937499997 0.013779064062499999 0.3201724578125 0.0541320734375 0.36840597656249996 0.1101018828125 0.37274525937499997 0.14391125625 0.37209223593749996 0.115120890625 0.335560115625 0.09947060156250001 0.3218352390625 0.026449914062500003 0.315033
7 0.1765553640625 0.40618468906249994 0.17202915000000002 0.39579280625 0.16043726875 0.38353351406249997 0.06969464843749999 0.380457171875 0.07535972656249999 0.39358649843750004 0.1043547578125 0.4340238765625 0.112676240625 0.4408603015625 0.155595103125 0.443086425 0.20829451250000003 0.4420028453125 0.208060609375 0.43753969687499994 0.1765553640625 0.40618468906249994
7 0.2485348234375 0.54506600625 0.2871321375 0.5408055046875 0.283715546875 0.532593171875 0.2573198609375 0.5037675140625 0.2676259796875 0.5009896890625 0.29200495625 0.5008308921875 0.2978440453125 0.498287175 0.29112781718749997 0.484094084375 0.26639869374999997 0.4870683609375 0.24777180156249998 0.4925199625 0.2256976640625 0.47018093125 0.1738739765625 0.4689809140625 0.132210928125 0.4717238078125 0.1285326125 0.4775108390625 0.1320369171875 0.48739685312500003 0.163134246875 0.52996175625 0.16044860625 0.5356967640625 0.17697461718750002 0.5471380421875 0.1840110453125 0.5484475546875001 0.2485348234375 0.54506600625
7 0.3873714265625 0.649115640625 0.38713752343749996 0.6446524921875 0.353442265625 0.609496278125 0.3531498859375 0.6039173421874999 0.3688279953125 0.5991797046875 0.3676014171875 0.5947685796875 0.360272609375 0.58788013125 0.34853595625 0.591851778125 0.3375288328125 0.590750359375 0.3132354453125 0.5640522265625 0.27846263437499996 0.5653151656250001 0.2574410640625 0.5630603062499999 0.2157780140625 0.5658032000000001 0.2041583125 0.5720064218750001 0.20439221562499998 0.5764695703125 0.2145820921875 0.5809703734375 0.24681828593750002 0.626272721875 0.27736009687499996 0.658237646875 0.3131255796875 0.6569226828125 0.3873714265625 0.649115640625
7 0.4190520984375 0.6838180109375 0.36042588750000004 0.685771628125 0.34171127968750004 0.6895495484375 0.3149090953125 0.6909541921875 0.3051577890625 0.6948217921875 0.30766941875 0.7047598296875 0.3924046078125 0.8021345578125001 0.4261555078125 0.8003657484375 0.512955253125 0.785187675 0.5116994375 0.78021865625 0.4190520984375 0.6838180109375
7 0.0029908 0.570160825 0.0318118015625 0.569290775 0.03464363125 0.5663452343750001 0.0044512609375 0.522054628125 0.000472359375 0.522106121875 0.0029908 0.570160825
7 0.0444605 0.658695453125 0.065101978125 0.653697696875 0.06875105468750001 0.6473527734375 0.0825607703125 0.644950759375 0.04976905625 0.5890484328125 0.004106075 0.5914415281250001 0.0074774359375000005 0.6557709515625 0.0116730390625 0.6598543453125 0.0444605 0.658695453125
7 0.12408188125 0.696479615625 0.1389427453125 0.6951413640624999 0.1404895234375 0.6866689140625 0.12951163906250002 0.6861253875 0.10989207187500001 0.6916290125 0.0937447390625 0.6684199468750001 0.013396660937499999 0.6737496609375 0.00954291875 0.67618933125 0.0120837875 0.6866852625 0.0448170265625 0.7414718015624999 0.065780121875 0.7426108734375 0.13202610312500002 0.7341042359375 0.11438904999999999 0.7014630015625001 0.12408188125 0.696479615625
7 0.10937854531249999 0.8527705828125001 0.197258678125 0.8392141656250001 0.178512 0.8043933796875 0.1851098578125 0.7973344921875001 0.20376598750000002 0.7924407828125 0.20335665625 0.7846302734374999 0.18942999062500002 0.7848007124999999 0.1757372265625 0.7894343015625 0.165488875 0.783817709375 0.162801815625 0.7705323125 0.1524365109375 0.7626841453125001 0.13056845781249998 0.763270775 0.1089927828125 0.769436340625 0.0801467734375 0.7698292437500001 0.0624540796875 0.7741130359375 0.07174041406250001 0.79935995 0.09752352187499999 0.8354902484375 0.1011155390625 0.8470499437499999 0.10937854531249999 0.8527705828125001
7 0.2695583375 0.965211909375 0.2485924078125 0.926032021875 0.233964028125 0.9128130140625 0.23445965625 0.9032768000000001 0.21691031718749998 0.872309246875 0.1940788265625 0.87350579375 0.1458471578125 0.8838654703125 0.12999361874999998 0.8852557453125 0.12219842031249999 0.8884614046875001 0.1613861640625 0.9714403968750001 0.1741169078125 0.9864371328124999 0.2480119 0.97193536875 0.2695583375 0.965211909375
2 0.70499770625 0.6319101265625 0.668852128125 0.625972475 0.6598888296875 0.6258827953125 0.6491740859374999 0.6303603125 0.638984209375 0.6258595078125 0.6370573390625001 0.62707934375 0.6265765 0.6360200078125 0.6276583046875001 0.6566620734375 0.6584311828125 0.655049334375 0.6751604437500001 0.6513754609375 0.71694044375 0.6508641421875 0.7195676078125001 0.644013346875 0.70499770625 0.6319101265625
2 0.5972626859375 0.6274866140625 0.596474678125 0.63144389375 0.5838915390625 0.6382570328125 0.5956003734374999 0.6527478984374999 0.6079802625 0.661049909375 0.612797440625 0.6580003234375 0.61615271875 0.62705605625 0.5972626859375 0.6274866140625
2 0.5032354921875 0.42878334687499997 0.48992140624999997 0.42164914531250003 0.46101692187500004 0.4209262625 0.42233189375 0.423513084375 0.3937782671875 0.429484925 0.40119478906249995 0.43804705468750005 0.410362753125 0.44204198906250003 0.427150490625 0.4394839046875 0.4600549046875 0.44055658593749997 0.5066520828125001 0.436995678125 0.5032354921875 0.42878334687499997
2 0.2463862796875 0.31413571406249996 0.2897422953125 0.30570983749999997 0.3058004984375 0.3082248171875 0.30801975000000004 0.31258391875 0.3182388640625 0.31764261562499996 0.32921674843750004 0.31818614218749997 0.3321070546875 0.316356390625 0.3208660296875 0.310791821875 0.323697859375 0.30784628281250004 0.312193690625 0.297260671875 0.2880186734375 0.2918145203125 0.2483409703125 0.2944533671875 0.22767025468750002 0.2988932296875 0.22454604531250003 0.29625983125 0.2006926421875 0.296950509375 0.19861958125 0.29538087812499997 0.18685369062499999 0.29879463125 0.177365525 0.3076832734375 0.187001296875 0.3206045046875 0.19689879375 0.3195263734375 0.22095686093750003 0.32274094999999997 0.227642434375 0.317355740625 0.2455105578125 0.3164193125 0.2463862796875 0.31413571406249996