7 0.580431053125 0.12856314687499998 0.60098573125 0.0888125984375 0.5988151625 0.07111986406250001 0.576137278125 0.0538114625 0.567850846875 0.05544058281250001 0.5634623453125001 0.05942132812499999 0.5630813406249999 0.0673205515625 0.5568351765624999 0.071431196875 0.5464769 0.0968229359375 0.528938684375 0.0996238453125 0.507392971875 0.0985062734375 0.49812045468750005 0.0860337046875 0.47509808593749997 0.0771468109375 0.379971415625 0.0649045234375 0.3510315796875 0.0648288390625 0.33026861093750004 0.0615571796875 0.323839840625 0.0630564 0.33468279375 0.0979872171875 0.3527945140625 0.143431365625 0.35672896718749997 0.14630527499999998 0.5400057125 0.1644547984375 0.5534999125 0.157213128125 0.560111290625 0.15832533124999998 0.580431053125 0.12856314687499998
7 0.6881261390625 0.34723784687500003 0.6905474140625001 0.34182014843749997 0.69701270625 0.3408432125 0.70325886875 0.3367325671875 0.7404594546875 0.29476834687500003 0.7537710453125 0.2849152515625 0.7576117203125 0.27310023437500003 0.7575909859375 0.2594558796875 0.7517416171875 0.2425452296875 0.7210122171875 0.21687758906250001 0.7133989640625 0.21478576562499999 0.7050394890625 0.21537031718750002 0.6969356640625 0.2196108625 0.69120080625 0.2310334953125 0.6849546453124999 0.23514414062500003 0.6667847171875 0.2689547046875 0.6342391265625 0.270705675 0.6265528296875 0.2675692828125 0.609979965625 0.27082752499999996 0.5986879109375 0.2695177875 0.5983226937499999 0.2642949390625 0.6175724859375 0.259274990625 0.6192475375 0.2565336671875 0.5983177484375 0.2375285109375 0.44456518593750005 0.227811228125 0.39872379062499996 0.2262932234375 0.3886162203125 0.2285745296875 0.38805260625 0.233862328125 0.424474446875 0.314239978125 0.44905146093750004 0.358707190625 0.6771835140625 0.36427302968749997 0.6929371125 0.3626465921875 0.695321865625 0.35670660781249997 0.6881261390625 0.34723784687500003
7 1 0.500812 0.9815932390625 0.48626759062499997 0.9519229703125 0.4757462078125 0.9530709312500001 0.47881496874999996 0.9495382156250001 0.4816861921875 0.9364615453124999 0.48155092499999996 0.91278673125 0.49002933281249994 0.9101463265625 0.49231332187500004 0.9171229234375 0.49864837343749996 0.9089825781249999 0.5023666359375001 0.9006073156250001 0.5160732578125 0.8933592796875001 0.519204284375 0.8876244203124999 0.530626915625 0.8778820671875 0.538131071875 0.873785740625 0.5462900953125 0.8702165031250001 0.5486390343750001 0.8377804765624999 0.5519568593749999 0.8260501625 0.544379703125 0.81466433125 0.528381040625 0.8163393843750001 0.5256397171875 0.7786126546875 0.47999266562500004 0.7456653234374999 0.47599850468750005 0.6659842890625 0.47107357031249997 0.6452213203125 0.4678019125 0.6087777984375 0.4672012578125 0.5449599265625 0.4622167421875 0.5325929546875 0.4588828140625 0.5223758187499999 0.4595972671875 0.51627574375 0.4657970515625 0.5200483218749999 0.4797038921875 0.56419298125 0.56374021875 0.6157367078125 0.6735010875 0.64346543125 0.7229962984375 0.7527594796875 0.724275971875 0.9047432125 0.722045653125 0.9521866156250001 0.7197777640624999 0.9576135125 0.7172989249999999 0.9599982656250001 0.711358940625 0.9567735140625 0.705286371875 0.9350402453125 0.67479095 0.91185105625 0.6501705624999999 0.927275959375 0.6438435609375001 0.93935075625 0.642999209375 0.9629890484375 0.633998515625 1 0.613965021875 1 0.500812
7 0.42966168125 0.788856265625 0.4237392671875 0.7709010468749999 0.44955896875 0.7397045906249999 0.4587011890625 0.73696595 0.4654586546875 0.7401672921875 0.4716317734375 0.735012078125 0.4702074265625 0.71464296875 0.4576529 0.6819311906250001 0.453791490625 0.6801018515624999 0.44029729218749997 0.687343521875 0.433706646875 0.6998756765625 0.40254393281249995 0.6947070421875 0.4035981171875 0.683086875 0.3976757046875 0.6651316578124999 0.3510880875 0.6662900265625 0.2572762 0.67284999375 0.2539991375 0.6793772109375 0.2673719796875 0.8038785390625 0.27041412343750004 0.80733968125 0.28074082499999997 0.808192084375 0.32900349375000004 0.8042923906249999 0.42724040468749996 0.7942739640625 0.42966168125 0.788856265625
7 0.3910494875 0.583720171875 0.3996646140625 0.5867916140625 0.40558207968750004 0.57798040625 0.4034322453125 0.5739320265625001 0.4108994109375 0.5739347109375 0.4170725296875 0.568779496875 0.411202428125 0.5382244921875 0.404972053125 0.529213065625 0.399508634375 0.5311696218749999 0.3925892921875 0.5390012093750001 0.38960440625000003 0.5497067078125 0.380754359375 0.5566236265625 0.3696083921875 0.557403028125 0.36281440468750004 0.5536794015625001 0.35716343125 0.52625810625 0.238434990625 0.52353879375 0.2329350515625 0.5249730640625 0.24300515156250002 0.6155908265625001 0.246229903125 0.6216633953125 0.2837118234375 0.6237659515625 0.37963702499999996 0.620732078125 0.381092946875 0.6148570453125 0.3728015703125 0.5897197390625 0.3910494875 0.583720171875
7 0.3614166890625 0.480299721875 0.3686647234375 0.477168696875 0.3742742296875 0.47730128125000004 0.37824025781250004 0.453931046875 0.376252296875 0.4388497359375 0.3685087453125 0.42154670312500003 0.36118766406249997 0.4236331578125 0.3557815015625 0.4397563546875 0.3375701078125 0.44627820781249994 0.332706825 0.44346925 0.32867859374999997 0.4259064140625 0.3238153125 0.42309745625 0.2311671703125 0.4196041109375 0.21541357187500002 0.4212305484375 0.22143470937499998 0.48064111875000004 0.22628220312499997 0.49657214843749997 0.3402934484375 0.498571640625 0.34568382343750004 0.49557051718749995 0.3427670328125 0.48055415625000003 0.3583015 0.47579400937500005 0.3614166890625 0.480299721875
7 0.4538440375 1 0.4516279671875 0.9962060312500001 0.4494731859375 0.9653912265625 0.4527137265625 0.9583417234375 0.4656077890625 0.955865565625 0.468994415625 0.9509052015625 0.49678629062499996 0.947912128125 0.5086834265625 0.971222778125 0.51911969375 0.973642034375 0.5336888078124999 0.9684245546874999 0.5459620015625 0.9570695546874999 0.544902871875 0.9419232953125001 0.53046995 0.8956970609375 0.520049471875 0.88015573125 0.5082668484374999 0.8851783640625 0.497778271875 0.8953588921875 0.45989461406250004 0.8875112015625 0.46595816718750005 0.8807891328125 0.46426238125 0.8698861015625001 0.4631874640625 0.8678619125000001 0.45661260625000005 0.86727199375 0.45123801874999997 0.8571510468750001 0.4463747359375 0.8543420890625001 0.28583312968749996 0.8676676062500001 0.2805888421875 0.872757871875 0.2800252296875 0.8780456687499999 0.2976124140625 1 0.4538440375 1
7 0.1745254421875 0.8108958390625001 0.2552971828125 0.804722890625 0.2647680953125 0.8066848125 0.255919 0.7201803796874999 0.22140618124999997 0.720494396875 0.169428190625 0.7246538890625 0.1745254421875 0.8108958390625001
7 0.2784547953125 0.8555874203125 0.2825146015625 0.8469061140624999 0.2793056375 0.8277114734375 0.180886115625 0.835118475 0.1764610921875 0.838576934375 0.18432905 0.93774610625 0.236307040625 0.9335866109375001 0.28249291875 0.9266831109375 0.2763829515625 0.8793500390625001 0.285723565625 0.8661007515625 0.2784547953125 0.8555874203125
7 0.2918475046875 1 0.2937425546875 0.9941254875000001 0.2896047609375 0.9749957984375 0.23101538906250002 0.9780430890625 0.1875429609375 0.983707171875 0.1879284203125 1 0.2918475046875 1
7 0.27105762499999997 0.6430201734375001 0.2714386296875 0.63512095 0.25382737031249997 0.6368772890625001 0.2385278203125 0.631649071875 0.24459137343749998 0.624927003125 0.2372495609375 0.6133691046874999 0.17465269375 0.612497915625 0.1616855875 0.6139295031249999 0.1663603671875 0.6807819625 0.2493184625 0.6791796765625 0.25423405468750004 0.66938885 0.2513172640625 0.6543724890625 0.2582000828125 0.6460186140624999 0.26566725 0.6460212984375 0.27105762499999997 0.6430201734375001
1 0.5271552171875 0.5012501546875 0.5264247828124999 0.4908044578125 0.5147467781249999 0.47062751562500005 0.51612965625 0.4637079125 0.521483509375 0.4601845015625 0.576722775 0.46261986093749996 0.581293884375 0.4612505390625 0.6245679187500001 0.4660971046875 0.63285435 0.464467984375 0.5875459421875 0.3904849703125 0.5839036625 0.39178934062500004 0.5842323578124999 0.396489903125 0.5796247265625001 0.3973369390625 0.577057365625 0.40066549843750005 0.5721417734375 0.4104563265625 0.5719890296875 0.42161982968749995 0.554770378125 0.42899072968749996 0.49789258125 0.42981897968749994 0.4320551765625 0.435997296875 0.41001889374999995 0.4412120953125 0.37374219062499997 0.45634493750000005 0.368988471875 0.45510283281249997 0.3666925515625 0.448965315625 0.3587713359375 0.45581728593750004 0.36097842812500003 0.4740323046875 0.37236425781250004 0.49003096875 0.39850181406249996 0.5034235734375 0.42981061406250004 0.5106813453125 0.4948287546875 0.506134834375 0.5271552171875 0.5012501546875
1 0.421053396875 0.62570854375 0.44032392187499997 0.6343329515625 0.48481895937499997 0.643292846875 0.5899594234375 0.6385649015625 0.5953863203124999 0.6360860625 0.5917598296875 0.6242683609374999 0.5505477484375 0.542126321875 0.5152521859375 0.544594428125 0.4644952 0.5528672515624999 0.446174240625 0.5578222484375 0.41186476406250005 0.5743920453125 0.4000663515625 0.5925367484375 0.40194474687500004 0.606051203125 0.4092500390625 0.6170868203125 0.421053396875 0.62570854375
1 0.5813581859375 0.8092140953125 0.5750597140625 0.8259245265624999 0.5744072703125 0.8432898281250001 0.581295034375 0.86170238125 0.5977632796875 0.8836437109374999 0.6173990218750001 0.89749096875 0.628873684375 0.9014121296875001 0.6436096203125 0.91192814375 0.6723145374999999 0.921992190625 0.735532271875 0.9317422203125 0.7634702328125 0.9308382843749999 0.81623096875 0.9245247015625001 0.9030297390625 0.9111073984375 0.9149219296875 0.9076516218749999 0.91659698125 0.9049102984375 0.9140819296875 0.8956390703125001 0.81351941875 0.738921415625 0.8077638265625 0.7366996921875 0.7836872734375 0.7394329671875 0.70067686875 0.7536350374999999 0.6710273328125 0.7567580125 0.6381372578125 0.766930490625 0.6272834640625 0.7718881734374999 0.60708905625 0.790095140625 0.592519940625 0.795312621875 0.5813581859375 0.8092140953125
1 0.3326457734375 0.8029880203124999 0.3271458328125 0.804422290625 0.326472653125 0.808143234375 0.3570352328125 0.81807738125 0.3814039578125 0.8195223875 0.41822848593749995 0.8122238171875 0.4143828640625 0.7972724062500001 0.3326457734375 0.8029880203124999
1 0.371460159375 0.6239280546875 0.3489856171875 0.622875434375 0.3341608484375 0.624436921875 0.3140187484375 0.630044103125 0.2972474890625 0.64381299375 0.2896914921875 0.6558878109374999 0.29238915312499997 0.6677704624999999 0.326046184375 0.668565965625 0.3808106671875 0.664211621875 0.371460159375 0.6239280546875
1 0.285644628125 0.9317111078125 0.2826755265625 0.9292945328125001 0.25484713124999997 0.9317653234375 0.23641660625 0.9351534656249999 0.23210114843750002 0.94017878125 0.2289336515625 0.9482728546875 0.2329253609375 0.9653134031249999 0.2458036359375 0.9759593171875001 0.28852984375 0.9729716093749999 0.285644628125 0.9317111078125
2 0.813383971875 0.20307058437499997 0.8174279890625 0.207511346875 0.8160816328125 0.21495323437499997 0.8327117515625 0.225861634375 0.830217434375 0.2302347625 0.8434974484375 0.2466258109375 0.9579568453125 0.3084255765625 0.9635663515624999 0.30855815937500003 0.9862740140625 0.28624887656250003 0.9800030156249999 0.19656942500000002 0.9509969859374999 0.1955471 0.9300356203125 0.2027860859375 0.9017324421874999 0.1984671734375 0.8929712296875 0.1933065921875 0.858385365625 0.1925760390625 0.8528123828125 0.192965740625 0.8483873609374999 0.1964242 0.8277339578125 0.19471939375 0.8207050515625 0.20098412968749998 0.813383971875 0.20307058437499997
2 0.92342329375 0.2950952375 0.9168484359375 0.29450531875 0.8720770124999999 0.268245075 0.8703289171874999 0.269941828125 0.930222228125 0.32558529062499997 0.9340836359375 0.3274146296875 0.9452661250000001 0.3271575140625 0.953077775 0.3187386890625 0.9498165000000001 0.31214383749999997 0.92342329375 0.2950952375
2 0.7239773203125 0.09910638125 0.71989678125 0.094143334375 0.7076393750000001 0.0923762609375 0.7026665265625 0.0880004484375 0.6895898546875 0.08786518125000001 0.68813393125 0.093740215625 0.7352585328125001 0.1403046171875 0.755019628125 0.1425966578125 0.77780213125 0.1347054859375 0.7704968390625 0.12366987031250001 0.7392768703125 0.10433459687499999 0.7239773203125 0.09910638125
2 0.8166096734374999 0.11572180000000001 0.8215094781250001 0.11905304218749999 0.8365898968750001 0.121147546875 0.8786794484374999 0.1224030703125 0.8841428671875 0.1204465140625 0.8944488343750001 0.1076545609375 0.8956856249999999 0.09864581875 0.8736651312499999 0.0907385453125 0.8763055359375 0.08845455468749999 0.86914633125 0.079508078125 0.8569254484375 0.07826329062500001 0.8494948015625001 0.0787828921875 0.84321211875 0.082371253125 0.835671909375 0.081324 0.8278030031249999 0.0755761828125 0.8165109484374999 0.0742664453125 0.8133592406249999 0.0692384484375 0.802030665625 0.067406425 0.7842733187500001 0.067073625 0.776952240625 0.0691600796875 0.74600865625 0.06712515625 0.73070910625 0.061896942187500005 0.6916616984374999 0.0641025625 0.680536465625 0.0785263203125 0.7127375765624999 0.0851968578125 0.789402146875 0.12707143125 0.7959404828125 0.127139065625 0.801367378125 0.124660225 0.8036425671874999 0.1171533859375 0.8166096734374999 0.11572180000000001
8 0.3832595203125 0.5123619984375 0.37943463125 0.5110549453125001 0.3730058609375 0.5125541671875 0.3640462515625 0.51790423125 0.35902109375 0.52612820625 0.36403046250000004 0.531026303125 0.372536025 0.532530890625 0.378891753125 0.5299871 0.3839534328125 0.5222854109374999 0.3832595203125 0.5123619984375