7 0.54453125 0.24375 0.0796875 0.109375
7 0.371875 0.471875 0.234375 0.2015625
7 0.35785528437499997 0 0.3568503234375 0.0033659656250000004 0.3332148953125 0.0065289234375000005 0.331149421875 0.0086214953125 0.32991539375 0.0135086640625 0.3414167921875 0.0179628578125 0.3492185859375 0.0183717328125 0.35162665 0.0284016171875 0.34657551249999996 0.05014508125 0.352139296875 0.0559387125 0.5053645125 0.0617680875 0.53281456875 0.0604556609375 0.5407516046875 0.001449528125 0.5130929609375 0 0.35785528437499997 0
8 0.1813406609375 0.6280035765624999 0.197833203125 0.6305185296875 0.2058362890625 0.6270865203125 0.21312295468750003 0.6186651249999999 0.21103120625 0.60259956875 0.205553690625 0.5951598453125 0.191728015625 0.5977365 0.178903840625 0.6185223921875 0.1813406609375 0.6280035765624999
8 0.24074159687500002 0.42754095156250005 0.2533619984375 0.42930276875000006 0.2579242828125 0.4168871625 0.25637641875 0.40910317812499997 0.24599402656249997 0.4019566046875 0.23426257968750003 0.401891990625 0.2281811875 0.40597491406249997 0.22955651562499998 0.417051084375 0.24074159687500002 0.42754095156250005
3 0.822025859375 1 0.8173320609375001 0.8638097625000001 0.49791863437500006 0.8382667406250001 0.49175097343749996 0.8439957578125 0.48250968906249997 0.9270324984375 0.2530962125 0.9195211249999999 0.24928158437499998 0.9176705953125 0.243003859375 0.8881807515625001 0.23316535 0.88931575 0.23049848125 0.8842241453125 0.21779181250000001 0.8841084203125 0.21397718281250003 0.8822578906249999 0.1913744921875 0.8843745609375 0.1971083328125 0.9055828328125 0.1918296265625 0.9130090515625 0.1923735109375 0.9212906249999999 0.1785141203125 0.9618296281250001 0.168644228125 0.983320553125 0.48690704218749997 1 0.822025859375 1
7 0 0.5970163656249999 0.1043867015625 0.603613021875 0.10929157812500001 0.6033198703125 0.1114145625 0.6001299046875 0.172514584375 0.348587296875 0.21094695937500002 0.156379234375 0.2103168078125 0.1497437546875 0.20277381874999997 0.144396603125 0.017952184375 0.14435894375 0 0.4869070265625 0 0.5970163656249999
7 0.0255177171875 0 0.018065018750000002 0.14220594375 0.0765960734375 0.14493656562499999 0.1127081234375 0.1462789140625 0.127624046875 0.141558578125 0.13832275624999998 0.1426694796875 0.1483338015625 0.1382422953125 0.203979090625 0.14005813125 0.209945459375 0.13816999531250002 0.24642553125000002 0 0.0255177171875 0
7 0.3226039234375 0.2089983171875 0.31603615937499996 0.20370227500000002 0.3059363640625 0.228482378125 0.3065377609375 0.23566655625 0.29704184218749996 0.24892400937499998 0.28432773125 0.30492876406249997 0.281315790625 0.3064215296875 0.2751406875 0.368271021875 0.3977888828125 0.3791003796875 0.4368266046875 0.3805960546875 0.460375765625 0.379079190625 0.4836661203125 0.3825006046875 0.4890023375 0.37397699218749997 0.49459983906250005 0.3418082734375 0.5099595046875 0.23532334531250002 0.5091305421875 0.21382192187500002 0.504139396875 0.21576116562499997 0.48652785 0.21593859375000002 0.3226039234375 0.2089983171875
7 0.351846775 0.09883934062500001 0.3414331453125 0.110948290625 0.34022043125 0.1714072375 0.3337652109375 0.18262323125 0.3285702921875 0.207110184375 0.33525308125 0.21021143593749997 0.46894505937500003 0.215567321875 0.5090155171874999 0.2160167125 0.510077009375 0.214421728125 0.5238550937500001 0.13811516562499998 0.529972684375 0.0773630671875 0.40594668125 0.07416436562499999 0.35600895625 0.075398671875 0.351846775 0.09883934062500001
7 0.202751953125 0.7419176375000001 0.197760809375 0.7438568796875 0.20028389687499998 0.7516919734374999 0.1933660984375 0.7903939531249999 0.44184696562500003 0.8072677140625 0.4631804421875 0.6427741734375 0.4671750484375 0.5852120421875 0.4585418109375 0.5820085703125 0.2305118953125 0.5667568015625 0.20890078124999997 0.6619100125 0.2068566234375 0.7195743640625001 0.202751953125 0.7419176375000001
7 0.53237275625 0.7966062421875 0.54558564375 0.656446325 0.540795790625 0.6545446859374999 0.465674775 0.6511579656250001 0.456749015625 0.6908551203125 0.44569283125 0.789862721875 0.45340835625000003 0.7919176890624999 0.53237275625 0.7966062421875
7 0.48519662031250005 0.5212323718749999 0.555441515625 0.5243635453125 0.5586259921875001 0.519578596875 0.5672741125 0.41054111249999997 0.5654099328125 0.4087928015625 0.4912353859375 0.40600588593750003 0.48589668750000004 0.4332363265625 0.4814107484375 0.51883314375 0.48519662031250005 0.5212323718749999
7 0.5718939109375001 0.3970281109375 0.575263325 0.29541684687499997 0.5060799234375 0.2906906875 0.48977627031250004 0.37786898281250003 0.491321653125 0.40435979375000003 0.5683643609375 0.40839743124999994 0.5718939109375001 0.3970281109375
8 0.248283115625 0.2276617171875 0.25657127968750004 0.23744955937499998 0.267212478125 0.23965785468749998 0.2724624265625 0.2327803328125 0.270428190625 0.21561738125000002 0.260963509375 0.20961931250000002 0.2492033078125 0.2101033953125 0.24515863124999998 0.21264244687499997 0.244813559375 0.21922681718749998 0.248283115625 0.2276617171875
8 0.29554505937500003 0.07222989375 0.3043508328125 0.07214118124999999 0.3059586890625 0.06012094375 0.3024891328125 0.05168604375 0.294859875 0.047984984375 0.2820669375 0.0495153515625 0.27965639375 0.058192295312499996 0.285936596875 0.0689753140625 0.29554505937500003 0.07222989375
7 0.4229186140625 0.5713383640624999 0.4178987125 0.5738263046875 0.41763990937499995 0.5787645828125 0.424351453125 0.5813171390625 0.4594882796875 0.5826083765625001 0.469154253125 0.5847655625 0.4719361453125 0.587662378125 0.46450073906249995 0.6362409125 0.4667362671875 0.6495629828125 0.547679871875 0.6538050578125 0.5571044046875 0.5299527390625001 0.55429375625 0.527604621875 0.48307363593749997 0.5244223375 0.480004184375 0.5270124984375 0.47704479375000003 0.56482151875 0.46842940000000005 0.5737234828125 0.4229186140625 0.5713383640624999
1 0.3580456734375 0.07385479843750001 0.37465323906250003 0.0741749609375 0.40411125625000005 0.0718673578125 0.40758329375 0.061595432812499996 0.4048301578125 0.058149918749999994 0.35999860156249996 0.055250190624999994 0.3480946203125 0.058477762499999995 0.3455115390625 0.07044689062500001 0.3580456734375 0.07385479843750001
1 0.3340051796875 0.10340634687500001 0.33908259375 0.0998210109375 0.3424708421875 0.0724883515625 0.34124177499999997 0.039961868750000004 0.33610685 0.0446446 0.32445423125 0.099054371875 0.3251994078125 0.103495059375 0.3340051796875 0.10340634687500001
5 0 0.7068605265625 0.004067510937499999 0.707846228125 0.0361923953125 0.71063023125 0.062078234375 0.6085483890625001 0.0554242015625 0.6048984374999999 0.002790853125 0.6015898375 0 0.6095880124999999 0 0.7068605265625