7 1 0.2339467640625 0.9595082625 0.2997036328125 0.9488220875 0.32483741718750003 0.905645415625 0.39141277812499997 0.90441010625 0.403475909375 0.8918658562499999 0.417643490625 0.8956924656249999 0.43324774687499995 0.9130275125 0.43815402499999995 1 0.4399647015625 1 0.2339467640625
7 1 0.45001975156249996 0.9917081078125 0.45103663281250006 0.9528398609375 0.446905415625 0.9220666703125 0.44867011406249996 0.913901321875 0.446801203125 0.8831482156250001 0.44741532812499996 0.8790002703124999 0.45022023281249995 0.849442490625 0.49976946250000004 0.8432255953125001 0.5036891796875 0.839921334375 0.5168671203125 0.832680003125 0.5207689531249999 0.793701484375 0.5816629765625 0.774920253125 0.6009008437500001 0.7674278812499999 0.6191848375 0.7054197703125 0.7078744968749999 0.69770648125 0.7388147890625001 0.68227971875 0.7419982843749999 0.6821065 0.7519219734375 0.677930940625 0.7563089171875 0.6686608265625 0.7590244140625 0.6643722984375 0.7698833296875 0.6339607921875 0.8096348093750001 0.6202013171874999 0.8347149500000001 0.6211253328125 0.84048569375 0.6282562046875 0.8429120109375001 0.6969434999999999 0.8412336437500001 0.73191484375 0.8337876078124999 0.8170432906249999 0.8295189140625 0.9864565015625001 0.8106084906250001 0.9947431640625 0.8055273203125 1 0.5043634484374999 1 0.45001975156249996
7 0.99134863125 1 0.9924223812499999 0.9384849531249999 0.9692824921875 0.9138918125 0.9935498359375 0.8738931078125001 0.9941928437499999 0.83705518125 0.7540507265625 0.85719245625 0.6730200140625 0.8615326765625 0.6227122859375 0.8669846296875001 0.6144465203125 0.8708685812500001 0.5370811343749999 1 0.99134863125 1
7 0.336422840625 0.7716399515625 0.3611799671875 0.7622892421875 0.380614090625 0.7643548499999999 0.3886991046875 0.770826053125 0.397898928125 0.7721375593750001 0.40521054999999995 0.7642087203125 0.41491245625 0.736755909375 0.3909084546875 0.70296014375 0.37456771718750004 0.69979760625 0.386479159375 0.6631759765624999 0.3813971546875 0.6607854234375 0.36089843125 0.661003078125 0.18033694375 0.67281336875 0.1341875703125 0.7922793109375 0.135101546875 0.7986253421875 0.286918628125 0.7897660859375 0.3280466171875 0.781852053125 0.333218996875 0.7790650296875 0.336422840625 0.7716399515625
7 0.3880056765625 0.6344295390625 0.3945639890625 0.6109500890625 0.408946234375 0.608899284375 0.41726220625000005 0.6021389015625 0.42958554062500004 0.600627621875 0.448738496875 0.6188012484375001 0.45384058437499997 0.6200412296875 0.46002735625 0.617847371875 0.4749618921875 0.58415581875 0.47726179999999996 0.5698094218749999 0.46312055625 0.558053353125 0.45716474375000005 0.547015625 0.4408742140625 0.5409766546875 0.43569179374999994 0.544338965625 0.4203353234375 0.54349545625 0.42876175468750005 0.5304069218749999 0.4387548703125 0.48627080625 0.43370299062499995 0.48215439375 0.39169115 0.48199653593749997 0.2215447125 0.48420577343750004 0.1754457328125 0.659492375 0.17632958125 0.667564265625 0.18242597968750002 0.6705479859375 0.321909684375 0.663775296875 0.37222745625 0.6577480578125 0.3880056765625 0.6344295390625
7 0.45820889062500003 0.4284887515625 0.46908585625 0.39242452656250004 0.48559730312499993 0.385807196875 0.491733865625 0.386489771875 0.4977398875 0.3946510703125 0.5251184421875 0.41124189062500005 0.5364073 0.41028801406250004 0.5481078671875 0.3857473984375 0.5503977359375 0.3719762875 0.5598285171875 0.360056209375 0.5610136171875 0.350869509375 0.5183187609375 0.3311340328125 0.5131965890625 0.331044625 0.50682906875 0.3435936359375 0.4905084140625 0.33928052656249996 0.5107659531250001 0.2941726546875 0.5251783234375 0.290395990625 0.5160889562500001 0.28275633437500003 0.520708859375 0.25291297031250004 0.51562685625 0.2505224171875 0.47776296093750004 0.247559653125 0.44405704999999995 0.24121669843750002 0.37238682968750003 0.2376638421875 0.2926215515625 0.228215071875 0.277245 0.22852213593749998 0.2171355 0.44327103437500004 0.21580981562499998 0.46051174375 0.21782855781250002 0.46227336562500004 0.28645560312499996 0.46404671718749996 0.43500859218750004 0.46606425781249994 0.440201053125 0.4621266609375 0.45820889062500003 0.4284887515625
7 0.329245234375 0 0.28153352656249997 0.21766322031250002 0.302936184375 0.2243668828125 0.32650821093750004 0.224202871875 0.3397856890625 0.226736478125 0.34587204374999997 0.23029548593750002 0.3734715140625 0.23423000625 0.5321383015625 0.243905084375 0.5404944421875 0.23484355625000003 0.5596271296875 0.19547066562499998 0.57386860625 0.1427767796875 0.59433720625 0.14428498437499998 0.5932123546875 0.1500199671875 0.5992685843750001 0.15530483281250002 0.6105373593750001 0.1555015296875 0.6349932375 0.1634094109375 0.65037983125 0.1625270609375 0.6759904984375 0.1042770109375 0.6750966078125 0.09678040624999999 0.68040956875 0.085939371875 0.6723145125000001 0.0800434578125 0.6293485296875 0.07584071406250001 0.6201185828125 0.076255065625 0.6169649453125 0.0808037109375 0.5985652984375001 0.078180696875 0.6157495359375 0.0330191796875 0.6281130359375 0.029206754687499996 0.621162915625 0.016425284374999998 0.6253409828125001 0.01189451875 0.6268513359375001 0.002138034375 0.5043634296875 0 0.329245234375 0
8 0.6220668484375 0.0233466015625 0.61253565 0.04101954375 0.61345966875 0.046790290624999994 0.6196163140625 0.0463222921875 0.6279021609375001 0.041287767187500005 0.6301920296875 0.027516659375000002 0.627178978125 0.024011296874999997 0.6220668484375 0.0233466015625
8 0.5128851125 0.2901814125 0.5210303781250001 0.293200896875 0.5313148859375 0.29107856718749997 0.5325501953125 0.279015434375 0.5265341328125 0.271429421875 0.5183888671875 0.2684099390625 0.5128851125 0.2901814125
8 0.4608704859375 0.45212913749999994 0.44858731875 0.45133927187499995 0.4390561203125 0.469012215625 0.44602632499999995 0.48064311406250004 0.45924355156249996 0.4866284375 0.46749927343750003 0.483319771875 0.47065291093750006 0.478771125 0.4678908984375 0.460883603125 0.4608704859375 0.45212913749999994
8 0.973048484375 0.8155536078125 0.9628141843750001 0.81479950625 0.9504105171875 0.820913075 0.9320108703125 0.8182900625 0.9155797578125 0.820305103125 0.9399251765625 0.8345411328125 0.9521882609375 0.8364815703125 0.9716926750000001 0.8345201765624999 0.973048484375 0.8155536078125
1 1 0.0361150265625 0.9815628890625 0.034225321875 0.9641374687500001 0.0344966203125 0.9045495812500001 0.043239357812500004 0.8859591421875 0.05154678593749999 0.8413963499999999 0.0801174828125 0.8153436640624999 0.10498304375 0.8037635968749999 0.122620225 0.7961908921874999 0.14550650781250002 0.7957490578125 0.17081910625000002 0.800549896875 0.189317678125 0.8134959984375 0.21083573437499997 0.8255984171874999 0.22198075468749998 0.85093814375 0.23796052343750002 0.9039476359374999 0.2538478125 0.9775863921875001 0.2620387203125 0.9827587703124999 0.25925169531250003 1 0.2328532640625 1 0.0361150265625
1 0.6263267296875 0.48379026875 0.6259250625 0.5068017234375 0.6429387765625 0.5301171640625 0.6723561578125 0.5473190328124999 0.7387435421874999 0.5599870625000001 0.7663630953125 0.5627710109375 0.799165071875 0.5621926484374999 0.87802604375 0.4473259203125 0.8811395140625 0.4450784203125 0.9016181546875 0.4460113375 0.9037172312499999 0.44317066875 0.8792814375000001 0.434112215625 0.8846948171875001 0.41751831875 0.8100115421874999 0.4104601 0.7638718390625 0.41195657656250007 0.7382007374999999 0.41496125624999997 0.7073170906249999 0.42305410312499997 0.70210454375 0.428142271875 0.68564330625 0.43188317343750005 0.6628848390625001 0.444146078125 0.64209490625 0.46104703750000003 0.6263267296875 0.48379026875
1 0.4686548046875 0.6519502015625 0.4775031703125 0.67339673125 0.498755203125 0.688729690625 0.5343693968750001 0.7031624171875 0.5763209875 0.7067719921875 0.5876299296874999 0.7046675453125 0.6100670640625 0.710813803125 0.697194171875 0.709457303125 0.70444554375 0.7049801828125 0.7306689390625001 0.6703347546875 0.7716862843750001 0.6100517812499999 0.7770494546875 0.5963343171875 0.7647662875 0.5955444515625 0.751549059375 0.589559128125 0.7567816890625 0.5833203859375 0.7343043890625001 0.5794752734374999 0.675871478125 0.58075716875 0.6052156484375 0.5777974828125 0.567261378125 0.580012296875 0.5425645 0.5859112890625 0.5167728984375 0.5958194046874999 0.4940043890625 0.6086575953125 0.4783868375 0.62277153125 0.469910196875 0.638736496875 0.4686548046875 0.6519502015625
1 0.504118928125 0.8511034953125 0.5276307046875 0.8543912046875001 0.6014200859375001 0.8539528171875 0.664081275 0.845263725 0.685594390625 0.8456392375 0.6395149390625 0.84368399375 0.630224740625 0.8475500640625 0.6230537015625 0.8474248937500001 0.613944253125 0.8409358093750001 0.658175484375 0.7726524718750001 0.6582658593749999 0.7674748953125 0.6357684765625 0.7647803546875 0.58861438125 0.7656836609375001 0.51147053125 0.782176421875 0.4732652203125 0.7987733953125 0.46389468906250003 0.80724175625 0.459606159375 0.8181006703125 0.46143411093750003 0.830792734375 0.46949904218749994 0.8384145078125 0.504118928125 0.8511034953125
2 0.9045696640625 0.0420887859375 0.901566653125 0.0380081359375 0.8913524374999999 0.0361034609375 0.8361735781249999 0.027083848437500002 0.8269235453125001 0.028648773437500004 0.7938707140625 0.10230638593750001 0.7926856140625 0.1114930859375 0.796753225 0.11329047031249999 0.8069975671874999 0.1134692875 0.8237299296874999 0.09419565625000001 0.853870309375 0.06997690625 0.9045696640625 0.0420887859375
2 0.662047803125 0.38865696562499996 0.7605517203125001 0.3830104484375 0.9013469890625 0.3974376421875 0.9399893 0.3447093046875 0.7595910499999999 0.3284399171875 0.6860305640625 0.330148315625 0.662047803125 0.38865696562499996
2 0.6021556796875001 0.5312467703125 0.6065894203125 0.5225771453125 0.673767153125 0.562881128125 0.7966718609375001 0.5687093921875 0.6805023140625 0.5528705640625 0.6464566828125 0.53017856875 0.6255921734375 0.504033696875 0.6157705984375 0.502941521875 0.6072678109375 0.5202871390625 0.6021556796875001 0.5312467703125
2 0.7023163718750001 0.7125391125 0.590857290625 0.708752109375 0.5173035406250001 0.7063173 0.5933653062500001 0.7529913421875001 0.6720814749999999 0.7534445984375 0.7023163718750001 0.7125391125