7 0.608920865625 0.6398315953125 0.63192706875 0.650661678125 0.6442079390625 0.6461685875 0.6566288 0.6496956671875 0.6697481015625 0.6387698515625 0.707933115625 0.647730465625 0.78693043125 0.6527696515625 0.813542346875 0.6523051390625 0.7558261828124999 0.6137343578125 0.7444210765625 0.6139334359374999 0.6672499484375 0.6045836453125 0.6215548578125001 0.6011025296875 0.6139701203125 0.602304603125 0.6208470859374999 0.6150207453125 0.6152191953124999 0.6193977078125 0.608920865625 0.6398315953125
7 0.7557421875 0.6089222578125 0.7509527281249999 0.60686649375 0.7140992625 0.56525735 0.6870860359375001 0.5427307109374999 0.5708914609375 0.5308530328125001 0.5461337328125 0.5286109765625 0.5376172343750001 0.530898996875 0.5454259609375 0.5425291921875 0.5446061953125 0.5500312734375 0.529931359375 0.5807733500000001 0.5472536734375 0.5927723265625 0.55863078125 0.590969215625 0.567240609375 0.5940279765625001 0.5757757734375 0.5928093125 0.5834071765625 0.594280628125 0.60135326875 0.5875492875 0.61862891875 0.5968748749999999 0.6424735546875 0.6012722328125 0.6491172 0.600621428125 0.672011409375 0.605035375 0.712926371875 0.60699540625 0.7177251640625 0.6095858468750001 0.7463312609375 0.614434934375 0.7558075171875 0.6126650031249999 0.7557421875 0.6089222578125
7 0.44519110937499995 0.46458751718749997 0.42091868750000005 0.49014871250000003 0.4210586796875 0.49816888125 0.44509930468750003 0.513794475 0.5163532234375 0.5109462109375 0.5193258265625 0.5178472546874999 0.537467909375 0.5223441515625 0.6098029125 0.5269647859375 0.6877938078125 0.5288124953125 0.6905890859375 0.5255546578125 0.6818765984375 0.51661444375 0.604563953125 0.444690746875 0.5892638171875 0.4396094046875 0.42770080468750005 0.4429643375 0.4211038203125 0.446288534375 0.43262092343749997 0.4525055921875 0.44519110937499995 0.46458751718749997
7 0.5853874515624999 0.43539833906250003 0.5484966546875001 0.3916504828125 0.45370303593749994 0.2986382875 0.2456904984375 0.30975693125000003 0.242010121875 0.316774103125 0.278760928125 0.352501790625 0.27708406406249997 0.36536724062500003 0.27428878437500004 0.368625078125 0.2676544703125 0.36981056093750003 0.25386472968749996 0.396793303125 0.295283665625 0.42762594218750005 0.302933734375 0.4301666125 0.307667196875 0.42901430781250005 0.31693813125000003 0.4154814625 0.3350148828125 0.4162356140625 0.33968301562500003 0.4113405640625 0.337693503125 0.406294303125 0.35284898125 0.40308813906249996 0.3643940796875 0.41090923124999995 0.3731625640625 0.42305751562499994 0.4067447765625 0.440655921875 0.5807006546875 0.439224034375 0.5853874515624999 0.43539833906250003
7 0.1427910265625 0.2425585828125 0.1370138109375 0.23838069687500002 0.1473284984375 0.23017804375 0.1529937203125 0.2279397921875 0.1568140890625 0.22894278906249999 0.1877410125 0.257819203125 0.18883143125 0.26582278125 0.23701534062500001 0.30295542656249996 0.24370565156250001 0.30497800937499997 0.4460249703125 0.29449358281250004 0.446798071875 0.28431811093750003 0.437107159375 0.2737904515625 0.43408789218750005 0.26421601875 0.40404606249999997 0.23158026875 0.3768181796875 0.19675604062500002 0.369922546875 0.1829705421875 0.3622538125 0.1793605140625 0.33314374375 0.1456388203125 0.3107706484375 0.1166131 0.3097268953125 0.11128291093750001 0.25539245625 0.0485852640625 0.2392258890625 0.0483326125 0.1140870296875 0.06870150781249999 0.0211133171875 0.0799515046875 0.012634148437500001 0.084378234375 0.0243379078125 0.10128885000000001 0.0368614296875 0.1106973875 0.043533075 0.11165061406250001 0.0409057859375 0.12453265468750001 0.06801234218749999 0.1524060703125 0.0814116296875 0.1575205921875 0.0824927140625 0.16498949375 0.03367721875 0.20060622499999997 0.029065084375 0.2087093421875 0.063812375 0.23858875156249998 0.080016275 0.240980115625 0.0744350484375 0.2480304671875 0.0918133609375 0.2632375125 0.10424355468749999 0.26729926875 0.1295130671875 0.24439487343750002 0.1427910265625 0.2425585828125
7 0.504363428125 1 0.5468790015625 0.9992578875 0.549557171875 0.9970717765625 0.5630271828125 0.9989760203125 0.7202637796875 0.9962314453125 0.7273054171875 0.9950388515625 0.7243888109375 0.991345875 0.6948416234375 0.9870480562499999 0.662452490625 0.9833346828125 0.6244074687500001 0.9823942390625 0.576867525 0.9821543703125 0.571202303125 0.9843926203125 0.546500571875 0.9853586312499999 0.47318714375 0.9791505515625 0.46904706875 1 0.504363428125 1
7 0.2862784328125 0.9465787203125 0.279438796875 0.9360012890625 0.2517924609375 0.9316702906250001 0.21833157500000003 0.9210226968749999 0.1028354421875 0.8946921250000001 0.070483640625 0.8931174640625 0.006643014062499999 0.8849414250000001 0.0074216140625 0.9295474234375 0.06274176718749999 0.9397837499999999 0.1265976046875 0.94883111875 0.32930890156250003 0.9608031640625001 0.3454661375 0.9605211390624999 0.35205378593750003 0.9566622640625001 0.3443663875 0.95198288125 0.332951946875 0.9516472796875 0.3262243046875 0.947485984375 0.296705115625 0.9447922 0.2862784328125 0.9465787203125
7 0.2382251828125 0.9169315671874999 0.2444861828125 0.894358965625 0.195902484375 0.8887889078125 0.1825871953125 0.8884864859375 0.178822821875 0.89069155625 0.17151806875 0.9079339687499999 0.17920546875 0.9126133515625 0.27942013125 0.934931934375 0.292838084375 0.9411158125 0.350068940625 0.9518833421874999 0.35393597187500003 0.9555597296875 0.351168690625 0.9604215999999999 0.34079800625 0.9654161890624999 0.4254792078125 0.9692864812499999 0.5376107609375 0.9662595359375 0.5375174328125001 0.9609127562499999 0.5203537734375 0.9580033046875001 0.511706615625 0.9528058328125001 0.47456535625 0.949175409375 0.3581841265625 0.9266041734374999 0.3333984 0.922758084375 0.2601409671875 0.9197580703125 0.2382251828125 0.9169315671874999
7 0.5302873390625 0.982432590625 0.5378907453124999 0.982299871875 0.5511220406249999 0.9777901921875 0.5692454546875 0.9812177328124999 0.6186582515625 0.9798203875 0.64151513125 0.9820956234375 0.649081203125 0.9798241937500001 0.642334896875 0.97459354375 0.5575230328125 0.9632377609375 0.5422975578125 0.9624338421875 0.5404247062499999 0.9640710546875001 0.49279137031250003 0.9675767015625001 0.44921185 0.967267703125 0.42833981718749997 0.9697713890624999 0.3446370390625 0.967488540625 0.3400995671875 0.97986908125 0.34585811718750004 0.982977609375 0.369684084375 0.9863056125 0.3772874890625 0.9861728937500001 0.3819649546875 0.981812521875 0.41525784843749997 0.9828359140625 0.42280525625000004 0.9794951296875001 0.42464077656250004 0.97571920625 0.43319460625 0.9755698984375 0.43989425156250006 0.9781271578125 0.4617167078125 0.9756068843750001 0.5140927750000001 0.980575903125 0.519757996875 0.9783376531249999 0.5302873390625 0.982432590625
8 0.032426618750000004 0.128959384375 0.03908893125 0.129377934375 0.041912209374999995 0.12772413124999998 0.039731371875 0.1117169734375 0.0262574234375 0.1023250265625 0.021449299999999998 0.0991999078125 0.0187473484375 0.107804525 0.020862854687499998 0.1200689375 0.032426618750000004 0.128959384375
8 0.24627846718750002 0.3434416390625 0.2407252390625 0.352096025 0.24011079531249999 0.3713610203125 0.2506961359375 0.3786640234375 0.26207324375 0.3768609125 0.2741674578125 0.36167426406250003 0.2739341375 0.348307315625 0.26238903593749996 0.340486225 0.25856866875 0.339483228125 0.24627846718750002 0.3434416390625
8 0.40694076562500003 0.45188415937500004 0.41181422031250003 0.4587520234375 0.4203960484375 0.46020675000000005 0.432648921875 0.45410962499999996 0.41817788125 0.4420608796875 0.40962405156250004 0.4422101875 0.40694076562500003 0.45188415937500004
8 0.33980872500000003 0.9087403296875 0.35208959375000004 0.9042472390625 0.36418380625 0.889060590625 0.364928909375 0.8772810874999999 0.3591050296875 0.8704298140625 0.34579907187500003 0.8706620703124999 0.3374039 0.8799009015625 0.33214932343750003 0.9056649796875 0.33980872500000003 0.9087403296875
8 0.0999748328125 0.8942072171875 0.102863440625 0.8962961593750001 0.1343208125 0.9010954765625 0.13417148750000002 0.8925406296875 0.12452723750000001 0.8846863578124999 0.1074475765625 0.8865890078125 0.0999748328125 0.8942072171875
1 0.5562211968749999 0.7252563203125 0.4734315109375 0.720818171875 0.4078708125 0.7230322203124999 0.391769575 0.7265223125 0.388145196875 0.7367475515625 0.36573629531249996 0.76013685625 0.35875819062500003 0.7960929937500001 0.3512947796875 0.8042458796874999 0.3427876140625 0.8070685781250001 0.348555496875 0.810711784375 0.427870128125 0.83393001875 0.44208918124999996 0.8315424609375001 0.44773573750000006 0.8282348562499999 0.457919765625 0.8125467093750001 0.4683915890625 0.7588798421875 0.4682142640625 0.7487209609375001 0.4604802 0.7413681875 0.4661174234375 0.7375259046875 0.511821846875 0.7415416984375 0.5821906703125 0.74245276875 0.59817058125 0.7320118625 0.5562211968749999 0.7252563203125
1 0.260321528125 0.7122366812500001 0.267766275 0.7030144390624999 0.26854870937499997 0.693373646875 0.2559691890625 0.6807570421875 0.2767758890625 0.6745106125 0.2910976046875 0.6780045125 0.30818659843749996 0.676636540625 0.31489557343749996 0.679728478125 0.38422064375 0.6753093609375 0.40411425 0.67121823125 0.4209699234375 0.6564833125 0.4180159859375 0.650651625 0.386493284375 0.6421095609374999 0.3112230078125 0.6327265921875 0.3074586375 0.6349316625 0.29887680781250003 0.6334769359375 0.18870210625 0.6396787703125 0.1640377046875 0.6427834921875 0.1498653171875 0.647844440625 0.0670289671875 0.6407328999999999 0.0469393703125 0.63359579375 0.044134759375 0.636318953125 0.0470420328125 0.6394772515625 0.08051225 0.650659525 0.0872772234375 0.65695953125 0.095831053125 0.6568102234375 0.11305070625 0.66292774375 0.118865253125 0.6692443406249999 0.11812015000000001 0.6810238453124999 0.0933546140625 0.7328008453125 0.227179484375 0.774321871875 0.23668374062500003 0.774155975 0.24595467499999998 0.7606231296875 0.260321528125 0.7122366812500001
1 0.23341724843749997 0.5870187046875001 0.23903580624999998 0.5821070640625 0.2415977640625 0.56548228125 0.2232596921875 0.5497571484375 0.18878305312500002 0.535383396875 0.10480962187500001 0.5175948906250001 0.0003207625 0.5227399390625 0.0030948734375 0.6816686359374999 0.047833799999999996 0.6303711375 0.0486255671875 0.6212650234375 0.042801687500000005 0.6144137484375001 0.0464727296875 0.6068618984375 0.06827651875 0.6032722671874999 0.093062246875 0.6071183578125 0.126336475 0.6070723953125 0.1833060125 0.6028689421875 0.2183130984375 0.593165596875 0.23341724843749997 0.5870187046875001
1 0 0.47483319062499996 0.0174436078125 0.4688448328125 0.026686545312499997 0.453707953125 0.023676609374999998 0.4446681984375 0 0.43138495781249997 0 0.47483319062499996
1 0.2514227625 0.0390274203125 0.23980300156249998 0.026928906250000002 0.2406414328125 0.020496181250000002 0.26807311562499997 0.0125295875 0.287081625 0.01219779375 0.3200294734375 0.0030652328124999998 0.088405171875 0.007108250000000001 0.0895237671875 0.02313395 0.0829081203125 0.025388790625 0.0600512421875 0.0231135546875 0.06013523750000001 0.027925656250000003 0.0897384234375 0.035431540625 0.09380144375 0.0503361640625 0.10832847968749999 0.065592978125 0.11500945781250001 0.06708088281249999 0.2496432390625 0.0460114125 0.2514227625 0.0390274203125
1 0.4395152203125 0.084949609375 0.412893971875 0.08487944375 0.39107151562500003 0.0873997203125 0.31152508437500004 0.10536827343749999 0.31448835625 0.111734640625 0.3268438890625 0.11151897343749999 0.327924975 0.118987875 0.3347086125 0.1263572375 0.3789601609375 0.15607074999999998 0.380991671875 0.1635230609375 0.36396800625000003 0.168633778125 0.36787237031250003 0.17444887656250002 0.39249010625 0.16867076406249998 0.41624141249999996 0.1677213421875 0.47213919843749996 0.1565836671875 0.4919768078125 0.14928446875 0.5116837578125 0.13449978125 0.5151868078125 0.1173237296875 0.5054399 0.1035880015625 0.4814739390625 0.0922398296875 0.4395152203125 0.084949609375
1 0.5845429249999999 0.22361611718750002 0.561611384375 0.217063459375 0.5282904921875 0.21443603281249998 0.507371796875 0.21426632968749998 0.4116308015625 0.2303781953125 0.41554449687500006 0.236727971875 0.42787203281249997 0.2349082703125 0.43555009843750003 0.23905297656250002 0.4355967640625 0.241726365625 0.45195932031249997 0.2532072546875 0.43689250468749996 0.261492859375 0.43695783437499996 0.2652356046875 0.47005626093749997 0.3095844984375 0.4725808890625 0.2908210015625 0.46576924999999997 0.2818476046875 0.4685738625 0.279124446875 0.484684434375 0.27616903125 0.49896881562499995 0.27752421875 0.5530124140625 0.2690931140625 0.57759281875 0.26117629062500003 0.5982408609375 0.24584033437500002 0.5980355390625001 0.23407741875000002 0.5845429249999999 0.22361611718750002
1 0.6603855515625 0.3747219125 0.6611493203125 0.36401176562500004 0.6572356234375001 0.3576619890625 0.64189815625 0.350441934375 0.6018402890625 0.343118534375 0.5629008390625 0.345402746875 0.5126309453125 0.3521634609375 0.5301119203125 0.37325196250000003 0.5581129046875 0.3979007203125 0.587576096875 0.39738643906250004 0.6292921609375 0.39077503281250003 0.65101195625 0.38237329999999997 0.6603855515625 0.3747219125
1 0.7054210578125 0.4493483703125 0.6815204265625 0.4417429453125 0.6681771359375 0.43983648906250006 0.6510508109375001 0.43906574843749996 0.60643680625 0.443053534375 0.6576959812500001 0.4929686796875 0.685211659375 0.48981418750000005 0.698442953125 0.48530450781249995 0.7135097703125 0.477018903125 0.7171901453125 0.4700017328125 0.71506530625 0.4572026421875 0.7054210578125 0.4493483703125
1 0.268735365625 0.7040672046875 0.27261173125 0.70827826875 0.2748765625 0.729097528125 0.2893382703125 0.7406115953125 0.2818561921875 0.7476951265625 0.255225609375 0.747090284375 0.2524303296875 0.7503481203125 0.2895809234375 0.754513221875 0.3009673640625 0.7532447890625 0.339208375 0.7654134703125 0.35438718593749996 0.763544 0.36852224218749996 0.756344340625 0.38619768125 0.7341073406249999 0.405549984375 0.6990048921875001 0.40527933125000004 0.6834992328125 0.409919465625 0.6770001484375 0.4317792546875 0.676618584375 0.43943865468750004 0.679693934375 0.4556145546875 0.6804812640625 0.505987109375 0.6796020078125 0.53346545625 0.67430880625 0.5542161609375 0.6648543078125 0.5578032078125 0.65249035625 0.547180534375 0.643048640625 0.5194315359375 0.632836184375 0.4689003234375 0.6246259171874999 0.43848670624999997 0.6251567890625 0.435663428125 0.626810590625 0.390965428125 0.6259862765624999 0.38538420156250003 0.6330366265625 0.3710904859375 0.6311467609375 0.368313871875 0.635473953125 0.37311266249999997 0.63806439375 0.385468196875 0.6378487265625 0.4188730828125 0.6452882546875001 0.425619390625 0.6505189062500001 0.42483695624999995 0.6601596984375 0.3984583609375 0.673991159375 0.38803167968749996 0.67577768125 0.344349434375 0.67867951875 0.33868421249999997 0.68091776875 0.30918368749999997 0.6792933390625 0.2949459703125 0.680611540625 0.2920573625 0.6785226 0.27148398125 0.6981359781250001 0.268735365625 0.7040672046875
2 0 0.396011103125 0.0029150484375 0.39903428281250003 0.01436681875 0.40150859531250005 0.018047193750000003 0.3944914234375 0.0494392375 0.39554799531249996 0.0788464328125 0.3918256453125 0.03858324375 0.3727393328125 0.006268775 0.373303384375 0 0.3761776734375 0 0.396011103125
2 0.196422265625 0.4828356546875 0.1327344203125 0.48341248906249995 0.1251870125 0.48675327343749997 0.12633342812499998 0.49796492031249995 0.137906525 0.507390046875 0.1789988125 0.5195089578125 0.1838349359375 0.5242381109375 0.1894441609375 0.51879179375 0.212170378125 0.5135815375 0.216941171875 0.5145679453125 0.22545767187500002 0.5122799265625 0.2815887765625 0.5145091984375 0.28336830156250004 0.50752520625 0.275615571875 0.4991030765625 0.2593650078125 0.4940383234375 0.257408159375 0.49086343593750004 0.23351686093750001 0.4837926875 0.2134645953125 0.47879429531250006 0.196422265625 0.4828356546875
2 0.3473469890625 0.5780771234375 0.34066601093750004 0.57658921875 0.339631590625 0.57179370625 0.331925525 0.5660449671875 0.321424178125 0.563554065625 0.2567859078125 0.5641474890625 0.2520711109375 0.56636915 0.2512420125 0.573336553125 0.2675392390625 0.5810746953125 0.305630925 0.5846885281249999 0.30749444375 0.5825166375 0.3445797078125 0.58293899375 0.3473469890625 0.5780771234375