7 0.33699463125 0.21075081093749998 0.342100803125 0.22091436562500003 0.3609790234375 0.22822731875 0.36824218750000004 0.23527287343749997 0.3741065828125 0.23459334062499998 0.393760009375 0.244684528125 0.40518551093750005 0.2476627 0.42247540624999996 0.2499613375 0.4341662859375 0.24914442656250002 0.453271971875 0.253204453125 0.466892375 0.25252246875 0.4716403640625 0.253944090625 0.47973757343749995 0.24906224843749997 0.49610061875 0.2507512703125 0.502002925 0.249529584375 0.5422954671875 0.2556159453125 0.5465715375 0.2499220984375 0.5291209 0.1806011578125 0.5256030515625 0.1754519171875 0.5159554296875 0.174777290625 0.50958120625 0.1688835078125 0.49703929843749994 0.1680064921875 0.4965294703125 0.1614331765625 0.506215003125 0.16156565 0.5082582609374999 0.1600741125 0.5060084625 0.1506550984375 0.5101708 0.14658771406249999 0.5094335046875 0.14326732656250002 0.503135103125 0.136289234375 0.4925227203125 0.13554714375000002 0.486885790625 0.1329737515625 0.48749236875 0.12429927968750001 0.4829339375 0.1201668859375 0.48983891718750006 0.11847050781249999 0.501340240625 0.12036436875 0.5046685328125 0.12822438281249998 0.5162835890624999 0.12849178125 0.5172692796875 0.114395765625 0.511615365625 0.09820105 0.49169656249999993 0.09190494375 0.466764390625 0.0879822953125 0.46213013593749996 0.084934209375 0.3932359296875 0.0719445765625 0.3895664359375 0.068963953125 0.36760437343749996 0.06415938437499999 0.3486882421875 0.0573885859375 0.32939299843750003 0.05603932968749999 0.3234148703125 0.058345325 0.3204068515625 0.059769401562500005 0.32049965625 0.0723064140625 0.32590911875 0.078132734375 0.3256777078125 0.109170459375 0.3360717234375 0.1823563953125 0.3350481234375 0.1969945625 0.33699463125 0.21075081093749998
7 0.3887869765625 0.496036865625 0.4012151515625 0.49854034374999995 0.44188680468749997 0.4992051625 0.5206940109375 0.509074340625 0.5958696359375 0.51542074375 0.600221528125 0.5086425875 0.6011313953124999 0.49563088281249995 0.5822440765625 0.4191270109375 0.5747155359375 0.4158765375 0.5697021703125 0.4182499953125 0.553945703125 0.40788650468750004 0.5591865359375 0.4022601203125 0.556389 0.3868099453125 0.559472840625 0.3843015625 0.5722043046875 0.38246780625 0.5724696828125 0.3786727265625 0.56138538125 0.3708151671875 0.55833945 0.3727813953125 0.545911275 0.3702779171875 0.5501115249999999 0.36566837812499997 0.539537053125 0.364384134375 0.53405176875 0.359642121875 0.551834509375 0.354892753125 0.5461975812500001 0.352319359375 0.5520240656250001 0.35218198125 0.5542947890625001 0.3474375171875 0.564321521875 0.34269060156250003 0.5599147343750001 0.3363895890625 0.560255934375 0.3315102 0.556434796875 0.33069819375 0.5604834015625 0.3282572734375 0.556965553125 0.3231080328125 0.540716240625 0.31979255 0.5272095718750001 0.318848071875 0.5280605984375 0.32054199687499996 0.5251663140625 0.320339609375 0.5205699687500001 0.31674936875 0.4929330671875 0.3099135609375 0.48313380156249996 0.31140755000000003 0.4189117609375 0.3009238484375 0.409226228125 0.300791375 0.4029448109375 0.3074346046875 0.396191475 0.306962365625 0.3943377734375 0.30574313124999997 0.3974974375 0.302150440625 0.3901584515625 0.2961891953125 0.384369878125 0.29578441875 0.382288709375 0.297818109375 0.3758007546875 0.2935507890625 0.36711789375000003 0.29294362500000004 0.365925665625 0.2961290890625 0.3582833890625 0.294505078125 0.35118885624999996 0.29891222968750003 0.348387375 0.3112468546875 0.36295676875 0.42177152656250005 0.365539878125 0.48188074687500004 0.37161081406249996 0.4921117640625 0.383773609375 0.49841032343749997 0.3887869765625 0.496036865625
7 0.31345697499999997 0.6444043953125 0.305738878125 0.64386469375 0.30503949375 0.6400021515625001 0.309012275 0.6386455375 0.3137602640625 0.640067159375 0.3129850578125 0.6372889265625 0.30411264375 0.6393925328125001 0.3035269921875 0.6339035281250001 0.312175884375 0.607268046875 0.309378346875 0.5918178734375 0.29524811406249996 0.5859265437500001 0.29615798125000004 0.5729148390625001 0.30599515781250003 0.57087869375 0.30221193281250003 0.5695245328125 0.306222625 0.5676257671875 0.3036695390625 0.5625439890624999 0.2981084328125 0.5588862875 0.2865691984375 0.55753458125 0.28286179375 0.5550961109375 0.27724579375 0.5383592421875 0.2672020765625 0.529484834375 0.25396078437499997 0.5247452765625 0.22709908906249998 0.5206877015625 0.18364688125 0.5181940328125 0.174547 0.523550565625 0.1741678890625 0.5289721093749999 0.1793929484375 0.6344849203125 0.18869937187500002 0.6400389375 0.21081307656249998 0.6426748890625 0.31241639062500004 0.645421240625 0.31345697499999997 0.6444043953125
7 0.0988991484375 0.9121550421875 0.0902921125 0.91046356875 0.0852029234375 0.9139213375 0.077409003125 0.91446594375 0.07528992343749999 0.9170417890625 0.069990253125 0.9373738046875 0.0686123671875 0.9710553875000001 0.11105405937499999 0.9740232000000001 0.11245677031250001 0.9539634875 0.11841791406249999 0.9380361703125001 0.1331168140625 0.9357951859375 0.1579182671875 0.927722975 0.162742078125 0.9280602874999999 0.16083348125000002 0.9137618859375 0.14647578125 0.9111234828124999 0.1347469921875 0.912482546875 0.1145248984375 0.910523675 0.0988991484375 0.9121550421875
7 0.19516487968750001 0.935775565625 0.19264970312500002 0.9301516328125 0.1897933296875 0.929407090625 0.182774615625 0.9327299328124999 0.1421029625 0.9320651140624999 0.117604796875 0.935800090625 0.11380064375000001 0.9486094062499999 0.112438671875 0.9741200203125 0.1948456890625 0.97988248125 0.19516487968750001 0.935775565625
7 0.3552774828125 0.9475165343749999 0.353217240625 0.9353867499999999 0.3468809296875 0.9289508124999999 0.3473358625 0.922444959375 0.32900538125 0.9211631671875 0.3211735515625 0.9222499281250001 0.3248809546875 0.9246883984375 0.3209081734375 0.926045009375 0.3268104796875 0.9248233234375001 0.3315205578125 0.9267871 0.3301766828125 0.9321411812499999 0.304979134375 0.9320136124999999 0.30096844218749996 0.933912378125 0.29745059375 0.9287631390625 0.293364078125 0.9317462140625 0.27959203125 0.9345968171875001 0.2359123546875 0.9353560734374999 0.219246021875 0.9380042874999999 0.21357118281249998 0.9359730484375 0.19983704687499998 0.9382814953124999 0.195729603125 0.9554280484375001 0.196071446875 0.9799681937500001 0.3496572765625 0.9907079609375 0.3493882171875 0.9901443421874999 0.352661615625 0.9849251859375 0.345170984375 0.981132559375 0.3454363625 0.977337478125 0.3491437671875 0.9797759453125 0.351187025 0.9782844078125 0.3464390359375 0.9768627859375 0.347007703125 0.9687304703124999 0.353099565625 0.9647980125 0.3552774828125 0.9475165343749999
7 0.3134441390625 0 0.3161386671875 0.0098936515625 0.360403990625 0.0146234 0.3650003359375 0.018213640625 0.3937157328125 0.0234904484375 0.40495167812500005 0.029179390625000003 0.41367244843749995 0.0292444015625 0.42969429375 0.0358128125 0.44119561718750006 0.0377066734375 0.445829871875 0.0407547578125 0.45536376093750003 0.04305585 0.4631576796875 0.0425112421875 0.49075666875 0.0498892046875 0.4966968875 0.048125364062499995 0.4950915796875 0.029489728124999996 0.48753357187499996 0 0.3134441390625 0
7 0.2577506859375 0.345769321875 0.263842546875 0.3418368625 0.2686493734375 0.3285528546875 0.2792617578125 0.3292949453125 0.28762434375 0.3206180234375 0.28297310468750003 0.30394861562500003 0.2744039796875 0.3017149875 0.2759753203125 0.2931079796875 0.272116271875 0.292838128125 0.2704900359375 0.28836596875 0.2638883453125 0.28572511093749997 0.2641537234375 0.28193003125 0.26808859375 0.28111557343750004 0.2633785171875 0.279151796875 0.2619418375 0.2719688640625 0.2649877671875 0.27000263593749996 0.26973575625 0.2714242578125 0.271930659375 0.26776410156249997 0.2651773234375 0.2672918625 0.2525046984375 0.25441998906249996 0.2384123765625 0.2479865046875 0.22479197499999998 0.2486684890625 0.1990466859375 0.242509759375 0.1729601984375 0.24123041875 0.16694415625 0.2440785703125 0.165996378125 0.2576324296875 0.1684278453125 0.3199102671875 0.172152234375 0.33597005625 0.179680775 0.33922053124999996 0.21622800312499998 0.343410578125 0.2577506859375 0.345769321875
7 0.198143184375 0.4772577 0.20374220156249997 0.480373246875 0.2364682921875 0.4837512890625 0.26637591875 0.48584263437499997 0.275210421875 0.48428118124999997 0.29828889062499997 0.4869845953125 0.3010524609375 0.47519212499999997 0.2977241671875 0.4673321125 0.2980483828125 0.4488314015625 0.2928663875 0.43975215624999997 0.2871157265625 0.438805225 0.28259520625 0.434130675 0.28350507343750003 0.4211189703125 0.2933043390625 0.41962497968749995 0.292604953125 0.4157624375 0.2840737390625 0.41298665625000003 0.2845286734375 0.4064808015625 0.28853936562500004 0.4045820359375 0.2827128828125 0.4047194140625 0.284907784375 0.40105925937500003 0.275807903125 0.4064157921875 0.2721004984375 0.4039773234375 0.264554971875 0.387105528125 0.254435434375 0.3793154296875 0.2382240328125 0.37545779218750003 0.18323259218750002 0.37161241562499997 0.1763655234375 0.3727666390625 0.17420853125 0.375884640625 0.17191688125 0.39479258125 0.17253255625 0.45530903125 0.17784526875 0.4763831359375 0.19046299687499998 0.47617584375 0.198143184375 0.4772577
7 0.1879372046875 0.6786668234375 0.1926851921875 0.6800884453125 0.187010353125 0.67805720625 0.1874273765625 0.6720935078125 0.1896981 0.66734904375 0.19961109999999999 0.6642285921875 0.20267795781250003 0.648098884375 0.1980816140625 0.6445086437499999 0.18561552812499998 0.6425473203125 0.17627119687499998 0.637535459375 0.1732501359375 0.5975534125 0.1308006015625 0.5945850515625 0.1124322109375 0.5938454140625 0.1091588125 0.59906456875 0.109450271875 0.67808173125 0.11412243749999999 0.6805876609375 0.150821309375 0.6826090921875 0.1838127796875 0.682192053125 0.1879372046875 0.6786668234375
7 0.181055884375 0.5136544109375001 0.1825893125 0.50558955625 0.18756476875 0.503758253125 0.19227484687500002 0.5057220296875 0.195282865625 0.5042979546875 0.1948488609375 0.49664033124999996 0.184350209375 0.494271778125 0.180377428125 0.495628390625 0.16810089687500002 0.49095629374999994 0.11310945624999999 0.4871109171875 0.11072499843750001 0.49348184375 0.1115851234375 0.564366690625 0.11629520156249999 0.5663304671875 0.17043561406250002 0.5684819171875 0.1736711015625 0.563804915625 0.172920765625 0.51907840625 0.181055884375 0.5136544109375001
7 0.17002526874999999 0.3941155015625 0.16732053593750001 0.391202340625 0.1547407171875 0.3908674796875 0.147212175 0.38761700625 0.14323939375 0.3889736171875 0.1277652890625 0.38843636875 0.1143344421875 0.38640758124999997 0.1103237484375 0.3883063484375 0.10979299218750001 0.395896509375 0.1132271328125 0.45769965625 0.16617531562500001 0.4630365703125 0.1698827203125 0.46547503749999997 0.17208156562500002 0.43403008437499996 0.17002526874999999 0.3941155015625
7 0.194699946875 0.34626363437499996 0.1911062765625 0.3421987015625 0.17474323125 0.34050968125000003 0.16736633437499998 0.3350905890625 0.1647034578125 0.303850475 0.11194482812499999 0.295802790625 0.1089917046875 0.3103060328125 0.112105571875 0.3628250921875 0.16883698125 0.369516165625 0.1798284765625 0.3648367125 0.1875465734375 0.3653764140625 0.195757515625 0.358868109375 0.194699946875 0.34626363437499996
7 0.10821134375000001 0.21055208125 0.10586479687499999 0.216380853125 0.108940753125 0.2694420671875 0.1645936671875 0.27769214062500003 0.16520418750000002 0.241232871875 0.1841033359375 0.2343823484375 0.1829699453125 0.22286218125 0.10821134375000001 0.21055208125
7 0.291632615625 0.0691982234375 0.2963426921875 0.071162 0.3004671203125 0.06763677031250001 0.29910626093750003 0.0593695296875 0.285789146875 0.055714278125 0.2663801703125 0.055991487500000006 0.261219103125 0.032748764062500005 0.17251982500000002 0.0118365625 0.15994000625 0.0115017 0.164128425 0.09024655625 0.26919075000000003 0.11284778124999999 0.271596134375 0.09231337656250001 0.267248184375 0.071306734375 0.27704745000000003 0.06981274531250001 0.288586684375 0.071164453125 0.291632615625 0.0691982234375
7 0.270657453125 0.1750581578125 0.2651721703125 0.1703161453125 0.2657787484375 0.1616416765625 0.2707921140625 0.1592682171875 0.2733452 0.1643499953125 0.27983315625 0.16861731562499999 0.2903318078125 0.17098586875 0.28802317187500004 0.1762724859375 0.2971230546875 0.17091595312500002 0.305350978125 0.1780289703125 0.309551228125 0.17341943124999998 0.3055235515625 0.16169687500000002 0.28533936875 0.15919585 0.27735589374999997 0.16245122812499999 0.27256999375 0.1615717609375 0.2745034609375 0.1339218875 0.2707581453125 0.13202557343750002 0.1962270109375 0.1164625453125 0.167435790625 0.112270046875 0.16503040625 0.13280445000000002 0.168085434375 0.20002914062500002 0.2561611515625 0.21599449062499998 0.27734800625 0.21802082500000003 0.279508940625 0.1871180265625 0.2763702046875 0.1765472421875 0.270657453125 0.1750581578125
2 1 0.3456531515625 0.9735362562500001 0.34134138593749996 0.9619591109375 0.340531834375 0.9520461109375 0.3436522875 0.9443280140624999 0.3431125859375 0.936837384375 0.33931995625 0.9231790703125 0.340544096875 0.915991728125 0.332414234375 0.8753958953125001 0.33066510781249997 0.85757524375 0.33595663125 0.85437766875 0.340091478125 0.853922734375 0.3465973296875 0.8617336390625001 0.35967404531249997 0.8664437171875001 0.361637821875 0.8623192906250001 0.36516305 0.8641729921874999 0.3663822859375 0.8684490625000001 0.3606884390625 0.8724218453124999 0.359331825 0.8761292484375 0.3617702953125 0.8810667921875 0.36048114375 0.8903732124999999 0.3660351609375 0.8915445140625 0.377013175 0.908097115625 0.375991425 0.9108776703125001 0.37782027500000004 0.9339940500000001 0.3799815359375 0.9616688625 0.38627519062500004 0.991538578125 0.3889086890625 0.9972134171875 0.390939928125 1 0.3910185609375 1 0.3456531515625
2 0.838589965625 0.1499400265625 0.8479722093750001 0.154409734375 0.8662647781249999 0.15623368124999998 0.8821349796875 0.1649707078125 0.9111536656249999 0.1659102828125 0.9196469703125001 0.1692282203125 0.9523351484375 0.173148415625 0.9704381625 0.1776831328125 0.9744109453125 0.176326521875 0.9888065546875 0.1784227703125 0.9912289234375 0.1715096890625 0.9866325796875 0.16791945 0.983721309375 0.15409573906250001 0.9752280046875 0.150777803125 0.9803551046875001 0.14677788125 0.9683818640625 0.13776855 0.9223765703125 0.13019310312500001 0.9011138921875 0.129251078125 0.889688390625 0.1262729078125 0.884675025 0.128646365625 0.8808538875 0.127834359375 0.8747620265625 0.13176681875000001 0.8640738203125 0.1321090375 0.8623717624999999 0.12872118593749998 0.8654556031249999 0.1262128015625 0.8618619328125 0.12214787187500001 0.83484859375 0.1202589140625 0.8279436140625 0.12195529218750001 0.8184097265625001 0.11965420156249999 0.8101608734375001 0.1267046609375 0.811749196875 0.1317189765625 0.8225681203124999 0.143371615625 0.8283187812499999 0.1443185484375 0.8315921796874999 0.1390993921875 0.83792849375 0.1455353296875 0.838589965625 0.1499400265625
2 0.589553940625 0.8968876781249999 0.580946903125 0.8951962046874999 0.5717711999999999 0.9016370468750001 0.5649041312499999 0.9027912718750001 0.5593809359375 0.8985914140625001 0.5445303921875 0.9030010171875 0.540747165625 0.9016468578125 0.5347690375 0.903952853125 0.537397946875 0.907950321875 0.537242359375 0.9379037374999999 0.5458114843749999 0.9401373656249999 0.558391303125 0.9404722265625001 0.5627980921875 0.9467732390625001 0.59711250625 0.9551655953125 0.6464670203125 0.9564375765625 0.6593122171875 0.952977359375 0.6766021125 0.955275996875 0.689295665625 0.9539843937500001 0.691469640625 0.964487715625 0.6920762171875 0.9558132468749999 0.6958215328125 0.957709559375 0.695594065625 0.9609624859375 0.6978268796875 0.9567601765625 0.711788484375 0.951198803125 0.76125673125 0.9508443218749999 0.767386503125 0.9463697078125 0.7616397859374999 0.9176379796875 0.76209471875 0.9111321265625 0.7661812343750001 0.9081490515624999 0.7595416328125 0.9060503484375 0.7574434796875 0.89446271875 0.7457146906250001 0.8958217828124999 0.73321069375 0.8944026125000001 0.7174332984375 0.8982025984374999 0.6836666234375001 0.8958414031249999 0.655347321875 0.8987643734375 0.649596659375 0.8978174421875 0.6386430765625 0.9019547421875 0.6186484484375 0.89674294375 0.589553940625 0.8968876781249999
1 0.452373625 0.5849281109375 0.48788026875 0.5901350046875 0.55861119375 0.59072255 0.5600688015624999 0.58374200625 0.547138684375 0.5190956140625 0.5485204687499999 0.5131993796875001 0.453388128125 0.5010990234375 0.38006620468749996 0.49597185625 0.373519409375 0.506410165625 0.37260954218750003 0.519421871875 0.3770712265625 0.5388020515624999 0.3823290453125 0.5467969890625 0.39967383437500004 0.56217479375 0.4154682140625 0.5719961296875 0.452373625 0.5849281109375
1 0.35696165468749996 0.4104561984375 0.357378678125 0.40449250000000003 0.355887103125 0.3842304015625 0.350974428125 0.343571275 0.3501992234375 0.34079304062500004 0.34630226406250003 0.34106534375 0.3322269265625 0.34825318125 0.3228616671875 0.3574047953125 0.3185267578125 0.377804275 0.326186015625 0.39304960625 0.3408260765625 0.40551425312499995 0.353915725 0.4124224296875 0.35696165468749996 0.4104561984375
1 0.31248826875 0.6721217328125 0.3154583796875 0.6712398109375 0.3160270453125 0.6631074953125 0.3133432421875 0.6460308578125 0.2959775234375 0.644816528125 0.221463371875 0.642874825 0.21452048124999998 0.64511335625 0.2192684703125 0.6465349812500001 0.23205482812499997 0.6577803906249999 0.261317965625 0.6690883609375 0.2795726234375 0.6714544625000001 0.31248826875 0.6721217328125
1 0.187912334375 0.7206150984375 0.22379808906249998 0.720400446875 0.2633533359375 0.7231664203125 0.2877756796875 0.7205157546875001 0.290973253125 0.7163809078125001 0.2974612109375 0.7206482265624999 0.299032553125 0.71204121875 0.3038184515625 0.7129206875 0.3108750765625 0.709055690625 0.3043112953125 0.70587268125 0.292468771875 0.708858209375 0.28397546875 0.705540271875 0.2835584453125 0.7115039703125 0.2910869875 0.71475444375 0.286073621875 0.7171279015625001 0.26674046875 0.7163208015625 0.2630330640625 0.7138823328125 0.25527705625 0.7138847859374999 0.25465349375 0.7089379328125001 0.24820344687499998 0.7041284578125 0.2346209546875 0.704268290625 0.2149845125 0.7077984234375 0.2113150203125 0.7048178015625 0.209306034375 0.6780908171875 0.20916197187500002 0.680151003125 0.203436596875 0.6788424562500001 0.20021373437499998 0.6833389203125 0.1498186375 0.6830837828125 0.1461282171875 0.6942666375 0.1531260015625 0.705107271875 0.1688824703125 0.7154707625000001 0.187912334375 0.7206150984375
1 0.2587845953125 0.5250825906250001 0.276508496875 0.5350388515625 0.27879620625 0.543915709375 0.28246570000000004 0.5468963328124999 0.303349265625 0.5532599031250001 0.2996418625 0.550821434375 0.30357673281249997 0.5500069765625 0.3059991015625 0.5430938953125 0.30184465 0.4915916828125 0.29913991875 0.488678521875 0.272164490625 0.4862474109375 0.24202939843750002 0.4874089921875 0.221748465625 0.50015575 0.21287604999999998 0.502259359375 0.2179064015625 0.5135072218750001 0.21656252812500001 0.518861303125 0.22316421718749999 0.5215021609375 0.2587845953125 0.5250825906250001
1 0.42110029843749996 0.0755274578125 0.46354983125000004 0.07849581875 0.45980845937500003 0.04881470625 0.4563664328125 0.04258115625 0.42390572187500003 0.0354080359375 0.397309403125 0.0275553796875 0.391748296875 0.0238976765625 0.35932549687500004 0.0161824 0.32466988125 0.012669432812500001 0.31923949218750003 0.021006590625 0.31982514218749997 0.0264955953125 0.3331213296875 0.044314321875 0.3460593328125 0.053391115625 0.358449596875 0.05643675 0.37725199531250003 0.06483401093749999 0.42110029843749996 0.0755274578125
8 0.61872458125 0.4935922875 0.6132013859375001 0.4893924296875 0.6074507234375 0.4884454984375 0.606806234375 0.49766212187500003 0.59995615 0.51243766875 0.590970003125 0.5161677390625 0.5773496 0.5168497234375 0.5785588125000001 0.5272855812499999 0.584044096875 0.53202759375 0.5973233 0.5362249984374999 0.60909 0.5343237796875 0.61571261875 0.5228011593749999 0.6186657421875 0.5082979171875001 0.61872458125 0.4935922875
8 0.565074590625 0.2348717953125 0.5693506625 0.2291779484375 0.572379609375 0.213590396875 0.5667636078125 0.1968535265625 0.5571159859375 0.1961789 0.5481298375 0.1999089703125 0.5495665171875 0.20709190312499998 0.5413176640625 0.2141423609375 0.5410143749999999 0.21847959687500002 0.5448145859375 0.233455078125 0.5590964625 0.23717779062500002 0.565074590625 0.2348717953125
8 0.2969189359375 0.40952643593750004 0.313206159375 0.412299765625 0.31647955781250003 0.407080609375 0.31496705625 0.4009819859375 0.29956877187500003 0.399360428125 0.29656075312499997 0.40078450156249995 0.2969189359375 0.40952643593750004
8 0.3734014234375 0.9378877765625001 0.3645499359375 0.92582790625 0.3559049890625 0.9246785875000001 0.3488483640625 0.928543584375 0.3552225890625 0.9344373671874999 0.357169096875 0.9481936140625 0.36358123125 0.95354524375 0.36936980468749997 0.95395001875 0.3746106359375 0.9483236343750001 0.3734014234375 0.9378877765625001