5 0.2631284921875 0 0.45251396718750003 0.2246520875 0.5072625703125 0.284294234375 0.5100558656249999 0.284294234375 0.532402234375 0.2495029828125 0.586592178125 0.1510934390625 0.586592178125 0.1332007953125 0.5821229046874999 0.1242544734375 0.48918419375 0 0.2631284921875 0
5 0.791061453125 0.4085487078125 0.7530726249999999 0.3598409546875 0.711173184375 0.407554671875 0.7061452515625 0.41848906562500005 0.6944134078124999 0.42644135156249996 0.69050279375 0.43538767343749996 0.67765363125 0.44831013906250006 0.6720670390625 0.458250496875 0.6720670390625 0.46918489062499996 0.7966480453125 0.632206759375 0.8452513968750001 0.6908548703124999 0.9044692734374999 0.6411530812499999 0.9245810062500001 0.61928429375 0.922905028125 0.6043737578124999 0.9072625703125 0.577534790625 0.791061453125 0.4085487078125
5 1 0.745863946875 0.9402234640625 0.79025845 0.9357541906250001 0.8021868781249999 0.9357541906250001 0.8081510937499999 0.9391061453124999 0.8141153078125001 1 0.886156465625 1 0.745863946875
5 0 0.8652154875000001 0.15307262500000002 0.9483101390625001 0.167597765625 0.9522862828124999 0.17877095 0.9343936375 0.175977653125 0.9284294234375 0.1279329609375 0.8996023859375001 0.1156424578125 0.8956262421875 0.0625698328125 0.8628230609375 0.0022346375 0.8320079515625001 0 0.829423459375 0 0.8652154875000001
7 0.7233395406249999 1 0.721787709375 0.9900596421875001 0.719553071875 0.942345925 0.6480446921875 0.8817097421875 0.6491620109375 0.8737574546875001 0.656983240625 0.8687872765625 0.6854748609375 0.8359840953125 0.689944134375 0.8280318093749999 0.689944134375 0.821073559375 0.6636871515625 0.7922465203125 0.633519553125 0.7693836984375 0.6251396640625 0.770377734375 0.6022346375 0.7833001984375 0.565363128125 0.8111332015625001 0.5614525140625 0.8111332015625001 0.5519553078125 0.8011928421875 0.5446927374999999 0.8031809140625 0.5402234640625 0.8330019875 0.5418994406250001 0.8508946328125001 0.539410365625 1 0.7233395406249999 1
8 0.6636871515625 0.2634194828125 0.664245809375 0.23956262499999997 0.646368715625 0.21570576562500002 0.6279329609375 0.2216699796875 0.6033519546874999 0.2504970171875 0.589385475 0.2723658046875 0.5826815640625 0.2892644140625 0.5832402234375 0.30417495 0.586592178125 0.31510934375 0.60111731875 0.3310139171875 0.61173184375 0.33001988125000004 0.63072625625 0.3180914515625 0.6486033515625 0.3001988078125 0.6575419 0.28528827031250004 0.6636871515625 0.2634194828125
8 0.9368715078125 0.652087475 0.9033519546875001 0.6769383703125 0.8966480453125 0.6908548703124999 0.8966480453125 0.700795228125 0.9072625703125 0.7127236578125 0.94581005625 0.708747515625 0.9642458093749999 0.6948310140625 0.9681564249999999 0.67793240625 0.967597765625 0.6620278328125 0.955865921875 0.6461232609375 0.9368715078125 0.652087475
1 0.9549186296875 0 0.9642458093749999 0.0119284296875 0.9620111734375 0.0258449296875 0.9424581 0.059642146875 0.934636871875 0.08349900625 0.9251396640625 0.125248509375 0.924022346875 0.1620278328125 0.9301675984375001 0.186878728125 0.9413407828125001 0.21272365781250002 0.9977653625 0.317097415625 1 0.3194616078125 1 0 0.9549186296875 0
1 0.5393496625 1 0.5424580999999999 0.8459244531250001 0.5385474859375 0.834990059375 0.512290503125 0.821073559375 0.5061452515625 0.8121272359375 0.4474860328125 0.7654075546875 0.42849162031250004 0.7544731609374999 0.41787709531250006 0.766401590625 0.3955307265625 0.7813121265625 0.3860335203125 0.7962226640625001 0.37765363125 0.854870775 0.37877095 0.8687872765625 0.39050279374999997 0.8817097421875 0.42625698281249996 0.9065606359375 0.46424580937500004 0.9234592453125 0.468715084375 0.980119284375 0.4726256984375 0.9920477140624999 0.47370448749999994 1 0.5393496625 1
2 0.432402234375 0.958250496875 0.433519553125 0.9135188859375001 0.375977653125 0.8717693843750001 0.3625698328125 0.956262425 0.42737430156249995 0.9950298203125 0.432402234375 0.958250496875
8 0.2044692734375 0.9662027828124999 0.2044692734375 0.9741550703125 0.21229050312500003 0.9831013921875 0.23072625625 0.9870775343749999 0.24357541875000002 0.9721669984375 0.24357541875000002 0.9681908546875 0.2256983234375 0.956262425 0.21284916250000002 0.9552683890625 0.2044692734375 0.9662027828124999
7 0.3532960890625 1 0.353631284375 0.991053678125 0.3715083796875 0.8856858843750001 0.400558659375 0.6699801187500001 0.3944134078125 0.661033796875 0.3083798875 0.588469184375 0.31117318437499997 0.5765407546875 0.3301675984375 0.5367793234375 0.344134078125 0.49801192812500006 0.341899440625 0.491053678125 0.3301675984375 0.4771371765625 0.28826815625 0.43538767343749996 0.24636871562499998 0.4015904578125 0.2379888265625 0.39860835 0.20893854687500002 0.4274353875 0.17988826875 0.4701789265625 0.1731843578125 0.47614314062499996 0.10391061406249999 0.41848906562500005 0.0955307265625 0.41650099375 0.091061453125 0.42544731562500004 0.075977653125 0.4900596421875 0.0726256984375 0.4940357859375 0.055865921875 0.563618290625 0.031843575 0.6461232609375 0.020670390625 0.6988071578125 0.008379887499999999 0.733598409375 0.0027932953125 0.7584493046875 0.0033519546875 0.76441351875 0 0.7718687875 0 0.826945203125 0.241899440625 0.9681908546875 0.28826815625 0.9900596421875001 0.30363128437500003 1 0.3532960890625 1