1 0.2549828703125 0.40810348437500005 0.3670190390625 0.5274028109375 0.3881640359375 0.551998540625 0.38792451250000004 0.556568928125 0.3763789484375 0.562838259375 0.3631588015625 0.5621454203125 0.35792442812499997 0.5647354359375 0.2642167640625 0.5626887640625 0.250906796875 0.5637098203125 0.24872322656249998 0.566459721875 0.233529090625 0.5645176953125 0.2293415921875 0.5665897078125 0.22431680156249997 0.5651806359375 0.208913084375 0.567237696875 0.16715889374999998 0.5661951890625 0.1578268421875 0.5691433203125 0.1466705046875 0.5679857734375 0.14646092187499998 0.5719848625 0.1564805625 0.5753743078125 0.16868377343750002 0.5760138515625 0.1738882078125 0.5739951343749999 0.235053971875 0.5743363578125 0.2433092078125 0.5724775265625001 0.36282945624999996 0.568429703125 0.3881918921875 0.5903821203125 0.40724418125 0.5965364171875 0.5445891578125 0.6220661203125 0.5768017109375 0.6300558515625 0.6254947984375 0.63489921875 0.6551056578125001 0.6341595875 0.6819351765625 0.6281183859375 0.7075092796875 0.6071168359375 0.7153763328125 0.59320744375 0.7109813328125 0.560323665625 0.6972233 0.5504367593749999 0.6985995203125 0.5436344734375 0.6265510515625 0.45908425937499997 0.632414175 0.444496978125 0.6302615859375 0.427198140625 0.592757903125 0.3645087046875 0.5399403234375 0.30216243593750003 0.52923309375 0.2924354125 0.51335136875 0.28415581093750003 0.481078934375 0.2773086765625 0.4554160515625 0.28054668125000004 0.4418965 0.2855668265625 0.425595609375 0.28528539999999997 0.41689230781250003 0.2762362671875 0.40280492968750004 0.272633640625 0.25666474687499996 0.2787235796875 0.1972334453125 0.2842019296875 0.20097183749999997 0.29069939218749996 0.213145109375 0.2919102328125 0.26638498125 0.2878260078125 0.2846898 0.288785321875 0.2914191140625 0.2965852671875 0.27469905781250004 0.30430201874999996 0.2644698328125 0.3049116625 0.2611795078125 0.3093221640625 0.2467627828125 0.31200381875 0.23728102812500002 0.31780844375 0.2218473703125 0.32043680625 0.21649323437499998 0.3253120140625 0.20312338593749998 0.32747566875 0.196722375 0.3328688796875 0.1677392234375 0.341088684375 0.1540400296875 0.3495366203125 0.1342991109375 0.35652218593749996 0.11488753593750001 0.3572234703125 0.11067009531250001 0.3598667828125 0.0850072140625 0.3631047875 0.062574778125 0.3630748875 0.032754335937500004 0.36781360625000004 0.006198715625 0.36862848593750003 0.005544365625 0.3811142375 0.11928357812499998 0.3706298109375 0.128166521875 0.3762511515625 0.14350931718749999 0.3948141265625 0.146649940625 0.3932601171875 0.1450651796875 0.3845840515625 0.190049815625 0.38235865625 0.1945057375 0.3946223984375 0.20341862187499998 0.39967244218750003 0.2459801625 0.4047673359375 0.2549828703125 0.40810348437500005
1 0.8146703609375001 0.7221505984375 0.8219995265625 0.6990471375 0.8166464328125 0.68444490625 0.7956211984375 0.6575639843750001 0.737897546875 0.6110008875 0.7136707671875 0.6062940109375 0.6787346703125 0.630814990625 0.6344975046875 0.6382353671875001 0.6162226265624999 0.6367047546875 0.5396799609375 0.6962816125 0.5095002328125 0.7078759125 0.445074084375 0.7113738890625 0.429969771875 0.7077179703125 0.42820536562499995 0.70246969375 0.4258122125 0.7092186828125 0.41974054687500006 0.7083276125 0.41037855468749995 0.71184704375 0.34400835625 0.7135245375 0.3437987734375 0.7175236265625 0.3586635625 0.7257499328125 0.41683840468750005 0.724788675 0.4327800078125 0.73192568125 0.4384923875 0.7396723328125 0.445491165625 0.7423305921875001 0.45616845625 0.7526289125 0.5289065984375 0.8045618250000001 0.5527441546875 0.8166955796875 0.550380940625 0.822873271875 0.538057965625 0.824518921875 0.5379382046875001 0.826804115625 0.5508290062500001 0.8337812359375001 0.63233345625 0.8351883656249999 0.643160446875 0.84263019375 0.643818096875 0.8495390703125001 0.6514745234375 0.8591062046875001 0.6652924375 0.867850515625 0.686258834375 0.8763965953125 0.7533754578125 0.899391521875 0.8808494546875 0.93815273125 0.920090728125 0.9482294234375 0.9443773906249999 0.951793703125 0.9698306890625 0.9525547859374999 0.9771588140624999 0.948928765625 0.9775255843749999 0.9419303593749999 0.9754852734374999 0.9224891546875 0.9590057812499999 0.9061580796875001 0.93337388125 0.889347346875 0.927901025 0.877030309375 0.89826126875 0.8588638 0.868292165625 0.8469815703125001 0.8296497031250001 0.8254789109375 0.768514921875 0.805088946875 0.7540094171875 0.7900070593749999 0.8146703609375001 0.7221505984375
1 0.8638435375 0.6983757515625 0.8770038031249999 0.7002111875 0.8809517796874999 0.7027095625 0.8794258578124999 0.7123683375 0.8888776703125 0.7071350125 0.8981199015625 0.705900775 0.9304821578125001 0.7110340140625 0.9453469468750001 0.7192603203125 0.9460345359375 0.7255978984375 0.9168108203124999 0.7578655296875 0.8942885609375001 0.759549525 0.8839096359375 0.7630156609375 0.8462830640625001 0.7610437359375 0.8440096703125001 0.76550753125 0.8509186296875001 0.7698796875 0.880260021875 0.7742817421875 0.8800504390624999 0.7782808296875 0.8661716015625001 0.79015655625 0.8600999359375001 0.7892654859375 0.8548356203124999 0.7924268 0.8384449109375 0.7938592703125 0.7947766140625 0.790424975 0.7864914375 0.79285510625 0.759901440625 0.79432591875 0.7606489109375 0.7995209015625 0.7706685515625 0.80291034375 0.8165803 0.802452140625 0.8541469906250001 0.8055666625000001 0.8664699640625001 0.8039210109375 0.8805563015625 0.8270010781250001 0.9153406093750001 0.8442914671875 0.9215020968750001 0.8434686421875 0.9305347453125 0.84623349375 0.9518593828125 0.86740143125 0.9553881921875 0.8778979828125 0.9317292374999999 0.8818138765624999 0.938787896875 0.883329540625 0.9525459312500001 0.8932164484375 0.964150334375 0.905281959375 0.9791443390625 0.9110426640625 0.9898209140625 0.7073214953125 0.9734628640625 0.708130728125 0.9609901875 0.712632871875 0.919774928125 0.701306990625 0.8540634203125 0.6904159203125 0.8329473234375 0.6847263328125 0.8207141703125 0.6846580875 0.8202950031249999 0.6926562640625 0.8463460703125 0.7014688203125 0.8534646109375 0.7018418859375 0.8638435375 0.6983757515625
7 0.7799163874999999 1 0.4761168765625 0.7805991359375 0.45539000312500005 0.7674826703125001 0.396826978125 0.7563933656249999 0.368412696875 0.753758503125 0.355043890625 0.736444715625 0.35941103281250003 0.7309449140625001 0.34424683749999996 0.728431590625 0.3039896734375 0.6988241625 0.2998919953125 0.6991822796875 0.2702222984375 0.6815870671875001 0.2462949203125 0.6711672078124999 0.259456228125 0.653525203125 0.2597256921875 0.6483835171875 0.2548805453125 0.643546653125 0.25224786718750003 0.65486603125 0.2340617671875 0.6710989625 0.210911803125 0.665302784375 0.2027463859375 0.6654477203125 0.13075050625 0.7160969859375 0.115436609375 0.7164401546875 0.00512969375 0.7003476 0 0.7003189828124999 0 0.7249131015625 0.0712273015625 0.762244109375 0.06671045625000001 0.7706004046875 0.012929571875 0.8239228796875 0.01227088125 0.83649144375 0.0675425375 0.8714686875 0.128258153125 0.8998568265625 0.16429891875 0.912630125 0.18254385625 0.9147320375 0.26246563125 0.8685082218750001 0.372620759375 0.9264121484375 0.4141343828125 0.951502484375 0.43213979687500004 0.9581747828125 0.550970371875 0.9867442609375001 0.6005034 1 0.7799163874999999 1
5 0.751795140625 0.2485312515625 0.75257255 0.2531549328125 0.8765393421875001 0.43666780625 0.8955905890625001 0.4622995421875 0.9006453203125 0.46313731718750006 0.9598391796874999 0.42327447500000004 0.9604379890624999 0.41184850781250004 0.84230438125 0.21431965156250002 0.8325242640624999 0.20635981874999998 0.7980672156249999 0.22174002656249997 0.7560125796875 0.2458879390625 0.751795140625 0.2485312515625
5 0.9724831640625 0.571164059375 0.9951829812499999 0.6050071515625 0.9985714953124999 0.5403504609375 0.96988146875 0.5624346984375 0.9724831640625 0.571164059375
8 0.9423365031250001 0.5237547421875 0.9626751890625 0.5248206468750001 0.9772416156249999 0.5192824984375 0.9870826562499999 0.50662229375 0.9898051562499999 0.4935890234375 0.9792176874999999 0.48157680625 0.9607032875 0.4846165796875 0.934082309375 0.5061361328125 0.9423365031250001 0.5237547421875
8 0.7065173515625001 0.1396049921875 0.6920108046875 0.14400054375 0.6855499125 0.150536353125 0.7014305953125 0.1782933953125 0.7115400578125 0.17996894375 0.7207822890625 0.17873470625000001 0.7547303484375 0.1730665703125 0.76621603125 0.1679398359375 0.7691481140625 0.1509074765625 0.7635255562500001 0.14144693125000002 0.7546426109375 0.1358255875 0.732210175 0.1357956890625 0.7065173515625001 0.1396049921875
2 0.6734375640625 0.128705475 0.766639365625 0.0820319015625 0.758563771875 0.0804629421875 0.7318540140625001 0.08421895 0.725542825 0.0878982671875 0.707148184375 0.088652846875 0.671136315625 0.0947856890625 0.65136545625 0.1023425546875 0.6401492375 0.10232760625 0.5875969546875 0.11274940781250001 0.434486890625 0.1350872265625 0.43134626562499995 0.1366412359375 0.4331106703125 0.1418895109375 0.4762978359375 0.193419459375 0.4802458109375 0.19591783125 0.5027081875 0.1953764328125 0.6309926609375001 0.17975770625 0.6341332859375 0.17820369687499998 0.6066182609374999 0.1389524421875 0.60694760625 0.132668159375 0.6152926640625 0.12909543437499998 0.65638920625 0.1232290671875 0.6734375640625 0.128705475
2 0.9300176953125 0.4474906328125 0.9005854390625 0.4642799125 0.90381484375 0.48048944843749997 0.9005544562500001 0.48432865156249993 0.8944229109374999 0.48458017656249996 0.8578432140625001 0.48209025 0.8328999453125 0.45213965468749995 0.812890603125 0.4447894671875 0.7740375140625 0.4467633359375 0.6610080984375 0.44370405156250003 0.6568505390625 0.44520476562500005 0.686668896875 0.47942092656249996 0.6955817828125 0.48447097031249997 0.8522495546875 0.4915358453125 0.904262909375 0.4913974125 0.937644184375 0.45762906875000003 0.953137721875 0.45385810937500004 0.96635786875 0.4545509484375 0.9757797437500001 0.44988892031249994 0.9362091234375001 0.44609650937499995 0.9300176953125 0.4474906328125
2 0.9799258406250001 0.6626400421875001 0.84311875 0.64630440625 0.8328296453125 0.648056646875 0.8481424984375 0.66719091875 0.8560683906250001 0.67161636875 0.9909000171875 0.6867309796875001 0.9916799453125 0.6718490593750001 0.9888986078125 0.6665474890625 0.9799258406250001 0.6626400421875001