7 0.5976523375 0.34184706249999997 0.636452828125 0.3434047765625 0.6433612703125 0.34049046562499996 0.640934753125 0.315389328125 0.6546248875 0.3022992453125 0.6525981171875 0.3000996453125 0.5144774375 0.304186784375 0.5025995734375 0.3071878359375 0.4936058640625 0.3045510984375 0.41759351406249995 0.3354913484375 0.41567399531250004 0.3394360640625 0.53596325625 0.339012640625 0.5726394796875 0.3327850109375 0.586817109375 0.3476236359375 0.590792646875 0.34755424218750003 0.5976523375 0.34184706249999997
7 0.7091422781250001 0.2929664765625 0.7349832734375 0.2925154203125 0.7420087125 0.2963040015625 0.7647315546875 0.2880849515625 0.7675572078124999 0.2790957203125 0.764000309375 0.2461918921875 0.7834977484375 0.224060534375 0.7715418859375001 0.2225929921875 0.6602853343749999 0.227887446875 0.5967352328125 0.23234918593749998 0.5191153609375 0.28510852343750004 0.502336325 0.2921063328125 0.49254373124999995 0.300658428125 0.49659726875 0.30505762812500004 0.6982778 0.2970673265625 0.7091422781250001 0.2929664765625
7 0.939137378125 0 0.824654675 0.0758336375 0.8090157734375 0.0911927125 0.78633193125 0.1016460578125 0.7854550453125 0.10836629687499999 0.855134203125 0.113296228125 0.9098075937500001 0.11290064531249999 0.94762395 0.11503428125 0.993450271875 0.12040291562500001 0.99134863125 0 0.939137378125 0
7 0.5389875703125 0.68314635 0.5428363593750001 0.6758154921874999 0.6203105921875001 0.6716694546875 0.6162668046875 0.6678288265625001 0.5843357546875 0.6611225109375 0.4392968828125 0.6675653828125 0.43639323125 0.6720860203125001 0.45142824531250003 0.6790872609374999 0.51940238125 0.700250540625 0.5939144609375 0.6972736937499999 0.5888865390625 0.694008990625 0.5709576203125 0.6920869640625 0.5389875703125 0.68314635
7 1 0.666309678125 0.97510781875 0.66435895625 0.9685991250000001 0.6901748046875 0.859953728125 0.6741914 0.81928246875 0.6793712734375 0.7586750203125 0.68154666875 0.668348540625 0.6898282546875001 0.6544926578125 0.6934225765625001 0.6525536390625 0.69625014375 0.6935271484375 0.7083860671875 0.7614037859375 0.72396360625 0.765359821875 0.7227770640625 0.77637055 0.727054825 0.80627483125 0.7315615421875 0.8452215734375 0.7414978671875 0.8641346265625 0.742843971875 0.8861170812499999 0.7491651984375001 0.8918171390625 0.7339796078124999 0.9949763671875 0.7204453265625 1 0.7226920531250001 1 0.666309678125
7 1 0.7194844625 0.93442741875 0.725972165625 0.8570896843750001 0.7379382421875 0.8551994171875 0.74355868125 0.8692015468750001 0.748342971875 0.976901809375 0.7671365953125 1 0.7705231390625 1 0.7194844625
8 0.8690930765625 0.6282148375000001 0.8630030218750001 0.6210574624999999 0.8560165796874999 0.619503178125 0.8460972359375001 0.6207938093750001 0.8372985265624999 0.6293285578125001 0.8374837749999999 0.639941465625 0.84364208125 0.651008859375 0.8576539609375 0.6563517234375 0.8645819031249999 0.6545545625 0.86749530625 0.6505924984375 0.8690930765625 0.6282148375000001
8 0.9935640375 0.12692054531250002 0.980743884375 0.1328947328125 0.9798377484374999 0.1379392484375 0.9878863250000001 0.143386203125 0.9938554796875 0.1436172578125 0.9935640375 0.12692054531250002
7 0.672304578125 0.6886417140625001 0.706077146875 0.6869347234375 0.7695687484375 0.679121540625 0.7864940328125 0.6805023421875 0.822215371875 0.67652635625 0.8199351046875 0.6598038296875 0.7791078453125 0.6560465171875001 0.7701823859375 0.6573198015624999 0.770423696875 0.6711445109375 0.7655542109375 0.6769566359375 0.6858582109375 0.66773159375 0.6272580328124999 0.6709894421875 0.6053633265625 0.66969538125 0.6014267875 0.671999071875 0.5298866109375 0.6743653000000001 0.5209514015625001 0.67508000625 0.5210976515625 0.6834586203125 0.6098751109375 0.700347565625 0.6347612203125 0.7021481546875 0.6515987546875001 0.6985017890624999 0.6535377734375001 0.6956742203124999 0.672304578125 0.6886417140625001
1 0.661015359375 0.1557966875 0.680922296875 0.15712544374999998 0.6908221421875 0.154717665625 0.70245625625 0.1377522625 0.74053525 0.0979754875 0.769445646875 0.10249955468750001 0.7784783562500001 0.1073705859375 0.7842954125 0.098887884375 0.76630799375 0.0936144125 0.6786024203125 0.0811767109375 0.633877621875 0.0819573859375 0.6120706640625 0.0856904921875 0.5844564015625 0.0984648765625 0.576641825 0.1064237015625 0.5729685359375 0.12380889218749999 0.5831218781249999 0.13592404062500002 0.60218118125 0.14564875625 0.661015359375 0.1557966875
1 0.70225198125 0 0.7281400296875 0.014380200000000001 0.774034209375 0.0236365109375 0.7989495703125 0.027112821875 0.8118603171875 0.026328720312499998 0.833803771875 0.03041565 0.837886559375 0.036490571875 0.8252390609375 0.0523561765625 0.8215267734375 0.067507071875 0.8236412921875 0.0747338390625 0.9268876562499999 0.009234814062500001 0.9379188921875 0 0.8956964421875 0 0.8811104765625 0.0066813921875 0.8535839624999999 0.024482942187500002 0.8456621359375 0.0262974515625 0.8276649671874999 0.0204654046875 0.8266028328124999 0.016572734375000002 0.8523136265625 0 0.70225198125 0
1 1 0.5456238078125 0.9243112453125001 0.5451155859375 0.9221674765625 0.5362130953124999 0.9072104609375 0.5336804500000001 0.9041410578125 0.528705328125 0.8972813671875001 0.5344125078124999 0.8634210484375 0.53109233125 0.870650628125 0.489619059375 0.8614424203125 0.4746936921875 0.8454525187499999 0.4699440984375 0.8522732109375 0.46200262187499996 0.8592011515625 0.46020546093750003 0.85807076875 0.452402771875 0.8192995281250001 0.45252078281249997 0.8013316078124999 0.4483644578125 0.7376742578125 0.44668188124999997 0.7167441859375 0.44369474999999997 0.6312701281249999 0.4451867046875 0.63034449375 0.4491140734375 0.6473770265625001 0.4566391890625 0.6801849625 0.45662526875 0.707097840625 0.46062545625 0.7588188296875 0.4619576421875 0.76386625 0.4663394921875 0.757065059375 0.4753981171875 0.747175575 0.53535638125 0.7513753609375 0.5481341937499999 0.7654359921875 0.556269928125 0.8083095203124999 0.5633439890624999 0.833166378125 0.5634688546875 0.85292706875 0.5564189984375 0.861686778125 0.54564995625 0.8826461 0.5503128078125 1 0.5511316125 1 0.5456238078125
1 0.9878601249999999 0.4266700296875 0.998851840625 0.4298585703125 0.998050775 0.3839654984375 0.9542721937499999 0.38199801875 0.9304384703125 0.3835315265625 0.8818843828125 0.39276020625 0.8690613859375 0.398571475 0.8711564031249999 0.40468109375 0.8862499187499999 0.41503377812500003 0.9012556843749999 0.4203592953125 0.9201979874999999 0.42338112031249997 0.9650105343750001 0.42762761562499996 0.9878601249999999 0.4266700296875
1 1 0.78530196875 0.97330651875 0.78899038125 0.912601571875 0.785580034375 0.90559563125 0.782908603125 0.8211057078125 0.7838246359375 0.7943000812500001 0.7859687625 0.7854038703125 0.7889177671875001 0.74564849375 0.7896117 0.74177045625 0.795266834375 0.752742184375 0.7973103 0.758832240625 0.8044676734375 0.778758678125 0.8069135781250001 0.80953984375 0.8047000578124999 0.8443452984375 0.805210015625 0.8553170265625001 0.8072534812500001 0.9000418218749999 0.8064728062500001 0.9011527062500001 0.813158346875 0.89533565 0.82164105 0.8965830328125 0.836146628125 0.9042422203125 0.8762425281249999 0.9177769640625 0.9112071703125 0.9369630156250001 0.9281933499999999 0.9858388484375 0.9373976171875 0.986764484375 0.9334702484375 0.980771928125 0.9318986171875 0.9895901390624999 0.9244810187500001 0.9845427156250001 0.9200991671875001 0.9416301875 0.9107908109375 0.9395254218750001 0.9041226171875 0.949366765625 0.8983633921875 1 0.8956300234375 1 0.78530196875
1 1 0.7856001125 0.9892184203125 0.7892713812500001 0.9280262796875001 0.786428284375 0.9214685312500001 0.78095530625 0.9234173015625 0.7786863140625 0.9491315453125001 0.77097379375 0.953029084375 0.7664358078125 0.9480401625000001 0.7654054015625 0.9005969593750001 0.781319621875 0.8578989296874999 0.784299896875 0.848875971875 0.7799874390625 0.852763759375 0.7748908765625 0.848778471875 0.7744016968749999 0.822937478125 0.774852753125 0.7452974953125 0.7695030328125 0.6568320359375 0.7704884578125 0.6548735171875 0.772198878125 0.6270740046875 0.7743603515624999 0.6241215999999999 0.7760881203125 0.62621661875 0.7821977390625 0.6521161125 0.7850981265625 0.7232080953125 0.7855334453125 0.73775591875 0.7931019328125 0.74180945625 0.7975011328125 0.738905803125 0.8020217703125001 0.7422384546874999 0.8220783921875 0.7573222187499999 0.8318725015625 0.7565818328125 0.8464127796875 0.7741506140625 0.8846594718749999 0.7832320734375 0.8923233765624999 0.8041816453124999 0.8964276546875001 0.8568965171875 0.8977424890625001 0.8746791859374999 0.8912859031249999 0.88034999375 0.8744245906250001 0.8853096671875 0.8737792750000001 0.8973045296875 0.8774811140625 0.903248334375 0.8762598765625 0.8990778 0.8651577859374999 0.8831268984375 0.8626424890625 0.8811001296875001 0.8604428890625 0.8722618093750001 0.8097514296874999 0.8841006734375 0.8045160828125001 0.9199195109374999 0.8061258406249999 0.9268377015624999 0.8037701046875 0.968571096875 0.8024829015625 0.9784611906249999 0.7995165484375 1 0.799422121875 1 0.7856001125
1 1 0.895803353125 0.974184625 0.8962539625 0.94046080625 0.9007538234375 0.939496171875 0.90244689375 0.9405875546875 0.9080152874999999 0.9605724921875 0.9138126359375001 0.9577175875 0.9211261453124999 0.9628332578125001 0.929418015625 0.9947935578125 0.9378000562500001 1 0.9382569765625 1 0.895803353125
7 0.6122473859374999 0.209728646875 0.614283903125 0.21248682031250002 0.69686405625 0.2160740765625 0.7893050546875 0.2150192578125 0.8121253968750001 0.2123859515625 0.838716525 0.19795319218750002 0.8435689484375001 0.1911635625 0.8544431781249999 0.1876212859375 0.8632321375 0.178527965625 0.9462211796875 0.148583425 0.9531686203125 0.1479034125 0.9935466859375 0.1259264171875 0.9934427124999999 0.11996985625 0.9645784859375001 0.118090803125 0.960563946875 0.1159259015625 0.8909725406250001 0.116023134375 0.8302773437500001 0.11317136406249999 0.81034115625 0.110166884375 0.8053229843749999 0.10746075625 0.7844611609375 0.1083836453125 0.7499384578125 0.12407233749999999 0.6230533625 0.20227635156249998 0.6122473859374999 0.209728646875