7 0.4171875 0.17265625 0.3375 0.3453125
7 0.78359375 0.4140625 0.1953125 0.44375
7 0.93984375 0.6515625 0.1203125 0.35625
7 0.55234375 0.903125 0.1015625 0.19375
7 0.38125 0.82265625 0.1328125 0.2546875
7 0.146875 0.7265625 0.1953125 0.29375
1 0.5578125 0.4796875 0.21875 0.3203125
1 0.3046875 0.24296875 0.2484375 0.2625
1 0.75625 0.62578125 0.1828125 0.259375
1 0.28125 0.7734375 0.0796875 0.153125
7 0.15859375 0.94296875 0.1328125 0.1140625
7 0.3203125 0.96953125 0.1 0.0609375
2 0.2625 0.3765625 0.109375 0.175
2 0.45234375 0.52421875 0.0875 0.140625
2 0.61171875 0.65703125 0.090625 0.10625