7 0.9713541671874999 0 0.9666666671874999 0.05 0.9640625 0.1120370375 0.9567708328125001 0.1851851859375 0.9703125 0.20648148125 0.9994791671875 0.23611111093749998 0.9994791671875 0 0.9713541671874999 0
7 0.825 0 0.8239583328125001 0.009259259374999999 0.8244791671874999 0.04351851875 0.8276041671875 0.0509259265625 0.8786458328125001 0.1203703703125 0.8786458328125001 0.13055555624999998 0.8291666671875 0.15 0.83125 0.1620370375 0.85 0.1925925921875 0.8572916671874999 0.20277777812500003 0.8619791671874999 0.20277777812500003 0.921875 0.1833333328125 0.9359375 0.1990740734375 0.9447916671875 0.196296296875 0.9505208328125001 0.1120370375 0.9536458328125 0 0.825 0
7 0.7552083328125 0 0.7682291671875 0.013888889062500001 0.7630208328125 0.0240740734375 0.728125 0.037037037499999995 0.7260416671875001 0.040740740625 0.7270833328124999 0.045370370312500005 0.75 0.0675925921875 0.7744791671875 0.055555556250000006 0.8083333328125001 0.045370370312500005 0.8109375 0.040740740625 0.8119791671875 0.0129629625 0.8104166671874999 0 0.7552083328125 0
7 0 0.9990740734375001 0.0661458328125 0.9990740734375001 0.078125 0.9351851859375 0.0822916671875 0.8990740734375 0.055208332812500004 0.7740740734375 0.0479166671875 0.7509259265625 0.0208333328125 0.63148148125 0.0203125 0.622222221875 0.0015625 0.546296296875 0 0.546296296875 0 0.9990740734375001
7 0 0.5601851859375 0.003125 0.5611111109375 0.0046875 0.5740740734374999 0.0114583328125 0.578703703125 0.015625 0.6074074078125 0.0432291671875 0.6944444437499999 0.0921875 0.8861111109375001 0.09427083281250001 0.8898148140625001 0.0984375 0.8898148140625001 0.10729166718750001 0.8851851859375 0.125 0.8379629625 0.1421875 0.777777778125 0.14791666718750002 0.7703703703125 0.23541666718749998 0.7324074078125 0.2427083328125 0.6768518515624999 0.2401041671875 0.665740740625 0.23697916718749998 0.66851851875 0.2322916671875 0.6638888890625 0.23020833281250003 0.6453703703125 0.2234375 0.6361111109375 0.22395833281250002 0.6296296296875 0.2182291671875 0.6018518515625 0.21875 0.5944444437499999 0.21458333281250003 0.5925925921874999 0.20729166718749997 0.5768518515625 0.21197916718749998 0.5638888890625 0.1890625 0.5629629625 0.1822916671875 0.5583333328125 0.1838541671875 0.5481481484375 0.1921875 0.5398148140625 0.1953125 0.5074074078125 0.19583333281249998 0.46944444374999994 0.1729166671875 0.353703703125 0.1640625 0.29814814843750004 0.128125 0.127777778125 0.11927083281249999 0.12592592656249998 0.1145833328125 0.1324074078125 0.1109375 0.13888888906250002 0.1119791671875 0.1416666671875 0.103125 0.15370370312499998 0.0239583328125 0.3 0.0223958328125 0.30740740781250003 0.013020832812499999 0.322222221875 0.0135416671875 0.325 0.008854167187500001 0.328703703125 0.0046875 0.3379629625 0 0.35648148125 0 0.5601851859375
7 0.1994791671875 0 0.1421875 0.0990740734375 0.1380208328125 0.10648148125000001 0.140625 0.127777778125 0.1859375 0.3203703703125 0.2130208328125 0.447222221875 0.21510416718749997 0.45 0.22291666718749997 0.447222221875 0.2286458328125 0.43148148124999997 0.23541666718749998 0.42314814843750004 0.2953125 0.4 0.3020833328125 0.3611111109375 0.3026041671875 0.34444444375 0.3 0.3453703703125 0.2645833328125 0.2666666671875 0.25 0.1611111109375 0.2203125 0.025 0.2166666671875 0 0.1994791671875 0
7 0.2416666671875 0 0.2786458328125 0.20370370312500002 0.2786458328125 0.24722222187499998 0.3270833328125 0.22870370312500002 0.33645833281250004 0.221296296875 0.3192708328125 0.147222221875 0.3109375 0.1425925921875 0.30416666718749996 0.14351851875 0.2994791671875 0.13055555624999998 0.29635416718749996 0.08333333281250001 0.28854166718749996 0.030555556249999997 0.28177083281250004 0 0.2416666671875 0
8 0.8052083328125 0.07685185156249999 0.809375 0.071296296875 0.8104166671874999 0.0638888890625 0.7984375 0.0490740734375 0.775 0.0546296296875 0.7666666671875 0.0675925921875 0.765625 0.075 0.7692708328125 0.08518518593749999 0.7802083328125 0.0861111109375 0.8052083328125 0.07685185156249999
8 0.9119791671874999 0.2638888890625 0.9255208328125001 0.259259259375 0.9385416671875 0.24907407343750002 0.946875 0.2379629625 0.9505208328125001 0.22407407343750002 0.9369791671875 0.21296296250000002 0.915625 0.2138888890625 0.903125 0.21944444375 0.8947916671874999 0.23518518593749999 0.8942708328125001 0.24444444375000002 0.8979166671875 0.259259259375 0.9041666671874999 0.2638888890625 0.9119791671874999 0.2638888890625
8 0.9635416671874999 0.447222221875 0.9994791671875 0.43981481406249995 0.9994791671875 0.3851851859375 0.9635416671874999 0.3851851859375 0.9473958328125001 0.3953703703125 0.9385416671875 0.41111111093749997 0.9375 0.41944444374999995 0.9401041671874999 0.43055555625 0.9479166671874999 0.44351851875000003 0.9635416671874999 0.447222221875
8 0.1135416671875 0.9472222218749999 0.1385416671875 0.93148148125 0.1614583328125 0.9111111109375001 0.1729166671875 0.8796296296874999 0.171875 0.8648148140625 0.1682291671875 0.8574074078124999 0.1588541671875 0.852777778125 0.14375 0.852777778125 0.1208333328125 0.8611111109375 0.11614583281249999 0.865740740625 0.1078125 0.8861111109375001 0.0927083328125 0.89444444375 0.08541666718749999 0.9148148140625001 0.084375 0.93148148125 0.09375 0.946296296875 0.09895833281250001 0.95 0.1135416671875 0.9472222218749999
8 0.30625 0.2824074078125 0.31197916718749996 0.26944444375 0.3125 0.259259259375 0.3010416671875 0.2546296296875 0.290625 0.259259259375 0.2822916671875 0.271296296875 0.28177083281250004 0.2870370375 0.2875 0.29907407343750003 0.2942708328125 0.296296296875 0.30625 0.2824074078125
1 0.2921875 0.9583333328125001 0.2791666671875 0.952777778125 0.25625 0.9351851859375 0.246875 0.9370370375 0.2265625 0.9546296296874999 0.2166666671875 0.9731481484375 0.21197916718749998 0.9888888890624999 0.2104166671875 0.9990740734375001 0.315625 0.9990740734375001 0.3072916671875 0.9796296296874999 0.2921875 0.9583333328125001
1 0.3473958328125 0.43518518593750005 0.3526041671875 0.44166666718750003 0.3536458328125 0.45277777812500003 0.35104166718749996 0.4546296296875 0.3515625 0.46666666718750005 0.41197916718750005 0.7361111109375 0.415625 0.7370370375 0.4171875 0.7333333328125 0.4203125 0.7074074078125 0.43125 0.7074074078125 0.4302083328125 0.7481481484375 0.43177083281249995 0.75555555625 0.4369791671875 0.7518518515625 0.4427083328125 0.7361111109375 0.4484375 0.7324074078125 0.46510416718750003 0.728703703125 0.475 0.7212962968750001 0.49791666718750005 0.7138888890625 0.5609375 0.6833333328125 0.5677083328125 0.6888888890625 0.56875 0.6953703703125 0.5744791671875 0.6944444437499999 0.5682291671875 0.6453703703125 0.5588541671875 0.6231481484375 0.5578125 0.6138888890625 0.5739583328125 0.597222221875 0.58125 0.5833333328125 0.5869791671875 0.5601851859375 0.5875 0.5351851859375001 0.5838541671875 0.509259259375 0.5729166671875 0.4620370375 0.5640625 0.4379629625 0.5536458328125 0.4296296296875 0.5317708328124999 0.4296296296875 0.4635416671875 0.45370370312499997 0.43385416718750003 0.4731481484375 0.42291666718750004 0.4879629625 0.42083333281249996 0.50648148125 0.41770833281249997 0.5120370375000001 0.4109375 0.50555555625 0.40729166718750004 0.477777778125 0.40625 0.4388888890625 0.4088541671875 0.434259259375 0.40208333281249997 0.4166666671875 0.390625 0.3648148140625 0.3875 0.3611111109375 0.3807291671875 0.3351851859375 0.3776041671875 0.33055555625 0.3739583328125 0.3129629625 0.3645833328125 0.296296296875 0.346875 0.2759259265625 0.3411458328125 0.2768518515625 0.3380208328125 0.28148148125 0.3333333328125 0.3083333328125 0.3328125 0.34629629687499996 0.3375 0.3583333328125 0.3479166671875 0.42870370312499995 0.3473958328125 0.43518518593750005
1 0.4078125 0.2731481484375 0.43125 0.372222221875 0.43333333281249997 0.3731481484375 0.43645833281249996 0.3851851859375 0.4380208328125 0.4046296296875 0.44322916718750005 0.41018518593750003 0.446875 0.42222222187499997 0.4625 0.4379629625 0.4739583328125 0.4370370375 0.478125 0.43518518593750005 0.48020833281249997 0.4240740734375 0.49791666718750005 0.4138888890625 0.5109375 0.4138888890625 0.5125 0.41111111093749997 0.5270833328125 0.4138888890625 0.5369791671875 0.409259259375 0.5557291671875 0.40833333281249995 0.5651041671875 0.41203703750000004 0.5682291671875 0.4175925921875 0.5739583328125 0.4388888890625 0.5744791671875 0.45555555625000005 0.5786458328124999 0.4620370375 0.578125 0.46666666718750005 0.5807291671875 0.46666666718750005 0.5807291671875 0.45 0.5796875 0.44166666718750003 0.5760416671875 0.43518518593750005 0.5723958328125 0.396296296875 0.5875 0.3759259265625 0.5911458328125 0.352777778125 0.5838541671875 0.2925925921875 0.5765625 0.26944444375 0.5677083328125 0.2648148140625 0.5479166671875 0.2648148140625 0.4869791671875 0.290740740625 0.4703125 0.3009259265625 0.4635416671875 0.3138888890625 0.4614583328125 0.3240740734375 0.4546875 0.3231481484375 0.44739583281249995 0.3083333328125 0.44895833281249997 0.28055555625 0.44739583281249995 0.26203703749999996 0.42604166718750003 0.165740740625 0.41197916718750005 0.13888888906250002 0.4067708328125 0.13703703750000001 0.4010416671875 0.12870370312499999 0.396875 0.134259259375 0.3958333328125 0.14351851875 0.3958333328125 0.1898148140625 0.4 0.225 0.40625 0.25 0.4078125 0.2731481484375
1 0.625625 0.7828620374999999 0.6072916671875 0.7132120375000001 0.5722916671875 0.6954287031249999 0.46229166718750003 0.735440740625 0.42729166718749995 0.7665611109375 0.418125 0.7976814812499999 0.39729166718750003 0.7665611109375 0.398125 0.7235851859375 0.3772916671875 0.612440740625 0.32979166718749997 0.527971296875 0.30062500000000003 0.5338990734375 0.2814583328125 0.5872481484375001 0.2864583328125 0.699875 0.3022916671875 0.8169462968750001 0.353125 0.9990740734375001 0.6331249999999999 0.9990740734375001 0.6481250000000001 0.9221629625000001 0.625625 0.7828620374999999
2 0.9260416671874999 0.8175925921875 0.9244791671874999 0.8120370375 0.9192708328125001 0.8138888890624999 0.9145833328125 0.8388888890624999 0.9072916671875 0.9990740734375001 0.915625 0.9990740734375001 0.9166666671874999 0.990740740625 0.9260416671874999 0.8175925921875