1 0 0.5174603921875 0.014006003125 0.7177555546875001 0.116149609375 0.680124878125 0.12893109062500002 0.6739271828125 0.13863623593750002 0.6642318609375 0.15250467343750002 0.66007973125 0.16655765312499998 0.6585666578125 0.169560171875 0.6610086640625 0.3300206375 0.66092641875 0.3329862484375 0.6628406140624999 0.3414032734375 0.66172164375 0.3449760359375 0.6588198484375 0.3572979953125 0.659549390625 0.39999026875 0.6491385625 0.42833430000000006 0.6360183109374999 0.45789263281250003 0.61326608125 0.4678358484375 0.593476653125 0.46820126406250007 0.57170500625 0.45092065156250005 0.5405594406249999 0.42198242500000005 0.518184940625 0.39562410625 0.5057074953125 0.3725266640625 0.4993667390625 0.32966646875 0.493877534375 0.297618665625 0.49452735625 0.1385404234375 0.5008776578125 0.068312434375 0.5089708328125 0.056966707812499996 0.5087034187499999 0.0519748125 0.5048093453125 0.039542128125 0.5024963687499999 0.031494184375 0.5088934546874999 0.014586320312500001 0.5100757671875 0 0.5145428890625 0 0.5174603921875
1 0.10504585 1 0.11707573125 0.9903397515625001 0.124036715625 0.9818971046874999 0.12874996562500002 0.9683077078125001 0.1361907546875 0.9667266124999999 0.1949456734375 0.9700435640625 0.22100872656249998 0.9782985171874999 0.2657106640625 0.983128540625 0.30805414375 0.98122838125 0.3233417140625 0.9838721171874999 0.35253463125 0.9828915359374999 0.383991903125 0.973796725 0.4022986140625 0.9656214921874999 0.42355064843749995 0.9455716671875001 0.43673811875 0.9451799 0.4402001578125 0.940694671875 0.4369761890625 0.9350857953125 0.43159859218749996 0.93917458125 0.4231815671875 0.94029355 0.41785749843750003 0.931649171875 0.423124371875 0.9259769515625 0.40986308437499996 0.92531309375 0.4010400703125 0.9206261328125 0.40037572343749994 0.911125521875 0.4048139953125 0.9071024203125001 0.4042234640625 0.8986574328125 0.400207803125 0.8952254890625 0.4047568 0.892785821875 0.418920503125 0.892856184375 0.42906854687499996 0.8894946015625 0.4259922125 0.8859969718749999 0.4153643625 0.8824970015625 0.4121403953125 0.8768881265624999 0.406504440625 0.87728223125 0.4001672296875 0.8676479125000001 0.368025321875 0.8534533265625001 0.34800421406250004 0.8506101984375001 0.3056035390625 0.8381937578124999 0.2753974796875 0.8381844015625 0.2430544109375 0.8346117312500001 0.1076235703125 0.8281702015624999 0.085042840625 0.8292188093749999 0.054340353125 0.8356088749999999 0.05185455 0.8405562312500001 0.0566286609375 0.8683331984375 0.098456184375 1 0.10504585 1
1 0.64182720625 0.4089324171875 0.6398212078125 0.4207413265625 0.6459369703125 0.42720877343749997 0.722317628125 0.4261108578125 0.7476425171875001 0.4238095765625 0.772454359375 0.44116869531249997 0.779422675 0.48682557343750005 0.7883361265625 0.47930718125 0.8020735546875001 0.459782828125 0.8028449609375 0.44381711093750004 0.7952731578125001 0.430025984375 0.7783080984375 0.41689169687499994 0.7549892046875 0.40738406875 0.718851925 0.4035463234375 0.64182720625 0.4089324171875
1 0.73909985625 0.5851158765625 0.734071053125 0.5806939921875001 0.693421684375 0.579823725 0.6898120140625 0.5821977078125 0.6891310453124999 0.5859580734375001 0.6931097984375 0.58886220625 0.6869035984375 0.5946001125 0.6925229328125 0.6074669828125 0.7001482640625001 0.6085249453125 0.7346449640625 0.6023999546875001 0.737315309375 0.6000916546874999 0.7515159203125 0.6006898296875 0.7565982531250001 0.5923785500000001 0.76129488125 0.5920501296875 0.7662867765625 0.595944203125 0.772529884375 0.590734109375 0.7714060171875 0.5881607343749999 0.7502979515625 0.58327204375 0.73909985625 0.5851158765625
1 0.6617669171875 0.6265902156250001 0.6639777421875 0.6312091515625 0.683888125 0.6324688453125 0.7044425703125 0.6294403609375 0.7439680703125 0.6277372531250001 0.7545221046874999 0.6301815984375 0.7879355109375 0.6490608078125 0.78897260625 0.6908892984375 0.7931728078125 0.6969603015625 0.799563546875 0.6938614546874999 0.815548709375 0.67948385 0.8210536515625 0.6637175234375 0.8123210750000001 0.6468252109375 0.7971977578125 0.6330317437499999 0.7471717515625 0.6195573421875 0.66793620625 0.6203244984375 0.6617669171875 0.6265902156250001
1 0.7515951109375 0.7773050078125 0.6794681828125 0.7717407640625 0.6820683765625 0.7954266046875 0.72568335625 0.7982110640625 0.7688185296875 0.794133975 0.7929457359375001 0.7882036953125 0.791895684375 0.7866859453124999 0.7843072609374999 0.78615579375 0.7797582640625 0.7885954625 0.7702542828125 0.7876688671875 0.766017171875 0.7810700515625 0.7515951109375 0.7773050078125
1 0.8075689578125 0.7813468218749999 0.8102393031249999 0.7790385234375 0.8163347765625 0.771717184375 0.8192801015625 0.759842590625 0.817454978125 0.7472407953125 0.81231545 0.7412354750000001 0.8122083921875 0.7667018031249999 0.8046402562500001 0.7799604390625 0.8075689578125 0.7813468218749999
2 0.2778317125 0.7245101796875 0.27020638125 0.7234522171875 0.27212560625000004 0.750898425 0.276694890625 0.76224754375 0.34025716093749997 0.7668195109375 0.3496135109375 0.765634859375 0.3643105515625 0.759833609375 0.3682523953125 0.7622099312499999 0.3823791921875 0.7617524812500001 0.392215346875 0.76742938125 0.41404129218749997 0.7690855171875 0.41606757656250004 0.7710653953125 0.42542392656250005 0.76988074375 0.42742992500000004 0.7580718359375 0.42077716093750006 0.7304262375 0.3989881265625 0.7292979125 0.390238928125 0.725666575 0.3734417859375 0.7284323234375 0.3012410421875 0.72181245625 0.2778317125 0.7245101796875
7 0.6385330875 0.42931768124999997 0.5971658421875 0.43167996875 0.5972599453125 0.446524378125 0.6026947390624999 0.45675219218749996 0.577611584375 0.47600912968750003 0.5746828828125 0.474622746875 0.5710732109375 0.47699672968750007 0.558898884375 0.47837843593749996 0.5369086859375 0.48787202812499997 0.531567996875 0.49248862656250003 0.5301728171875 0.5265313078125 0.536419590625 0.548370978125 0.54354849375 0.555828365625 0.552941753125 0.555171525 0.57192943125 0.5432359250000001 0.619560071875 0.5494523328125 0.623612640625 0.5534120890625001 0.6189898265625 0.5547961328125 0.6212578484375 0.5737316671875 0.673548209375 0.57909184375 0.736962846875 0.5815525640625 0.7661188578125 0.58004416875 0.7735227390625 0.5779352609374999 0.7811480703125 0.5789932234374999 0.7815706812500001 0.5715381765624999 0.7731187078125 0.4506693046875 0.771182859375 0.43648407499999997 0.7660064234374999 0.4299509421875 0.7552309421875 0.4243397265625 0.7447876328125 0.42347881718749997 0.6431189921875 0.427405825 0.6385330875 0.42931768124999997
7 0.776938578125 0.640282721875 0.7306532546875 0.6398065609375 0.6934659234375 0.6344510624999999 0.626330890625 0.632780890625 0.6227950359375 0.636210496875 0.6233855671875 0.6446554843750001 0.6299811359375 0.657984484375 0.59123070625 0.6707716359375 0.558780578125 0.69266529375 0.5596331328125 0.731854725 0.5676109234375 0.75145178125 0.7648397765625 0.7912298421874999 0.767547028125 0.7894493546875 0.7808083156250001 0.7901132125 0.784491803125 0.788794853125 0.78340484375 0.786749290625 0.7918587765625 0.786158134375 0.795246996875 0.7806172796874999 0.7894155046875 0.6972230374999999 0.7808435140625 0.6421312328125001 0.776938578125 0.640282721875
7 0.643784796875 0.8553860468750001 0.63319385625 0.8524138890625 0.6154204812499999 0.8547175109375 0.603155715625 0.8683045671875 0.590427765625 0.861769096875 0.5861574140625 0.8816922328125001 0.589881475 0.9079514468750001 0.591907759375 0.9099313265625 0.5956281546875 0.909140778125 0.5970639078125 0.9026756703125001 0.6536449078125 0.9019014953125 0.6569629781249999 0.922354784375 0.776519384375 0.9447573515625001 0.8012002140625001 0.9467442484375 0.804400228125 0.9115145734375 0.8005378249999999 0.8157836093749999 0.7889706484375 0.8123493249999999 0.6509968078124999 0.7965385546875 0.647571678125 0.8015515953125 0.6509426140625 0.8497582187500001 0.643784796875 0.8553860468750001