7 0.036256474999999996 1 0.0402750484375 0.995027625 0.05009823125 0.99226519375 0.0854616890625 0.9071823203125 0.0933202359375 0.8906077343750001 0.0982318265625 0.887845303125 0.12868369375 0.8232044203125 0.135559921875 0.801104971875 0.1571709234375 0.7640883984375 0.160117878125 0.7524861875 0.1660117875 0.7480662984374999 0.19253438125 0.6740331484375 0.1915520625 0.6685082875 0.1827111984375 0.6624309390625001 0.1758349703125 0.6613259671875 0.13261296718749999 0.6574585640625 0.034381139062499996 0.6535911609375 0.0294695484375 0.6535911609375 0.025540275 0.6574585640625 0 0.6549819015625 0 1 0.036256474999999996 1
7 0 0.6515359109375 0.11689587500000001 0.6530386734375 0.160117878125 0.6541436468749999 0.1660117875 0.656353590625 0.17190569687499999 0.6546961328124999 0.276031434375 0.487845303125 0.26915520625 0.48563535937499996 0.26915520625 0.48121547031249995 0.2907662078125 0.4640883984375 0.3673870328125 0.34198895 0.3703339875 0.3292817671875 0.3673870328125 0.320994475 0.3634577609375 0.31988950312500003 0.23673870312499998 0.3254143640625 0.17485265156250002 0.3314917125 0.046168959375 0.33480662968749997 0.0294695484375 0.3386740328125 0.0225933203125 0.33812154687499996 0.01375245625 0.34254143593749997 0.006876228125 0.3530386734375 0 0.3597912828125 0 0.6515359109375
7 0.2043222 0.13480662968749998 0.1296660125 0.2187845296875 0.1198428296875 0.21823204375 0.1021611 0.19889502812499998 0.07760314375 0.180110496875 0.070726915625 0.179005525 0.0677799609375 0.18066298281249998 0.0157170921875 0.2375690609375 0.071709234375 0.2861878453125 0.0383104125 0.3254143640625 0.03732809375 0.330386740625 0.044204321875 0.332596684375 0.10805500937500001 0.3320441984375 0.364440078125 0.3165745859375 0.379174853125 0.3187845296875 0.4106090375 0.2729281765625 0.46070726874999995 0.1839779 0.494106090625 0.11767955781249999 0.493123771875 0.1071823203125 0.2043222 0.13480662968749998
7 0.2156802546875 0 0.17976424375 0.033149171875 0.1817288796875 0.0403314921875 0.2141453828125 0.08121547031250001 0.2141453828125 0.085635359375 0.199410609375 0.10165745781249999 0.199410609375 0.1055248625 0.20726915468749998 0.10994475156250001 0.26719057031250004 0.10773480625000001 0.4970530453125 0.08397790000000001 0.530451865625 0.036464089062499996 0.5513176609375 0 0.291791871875 0 0.28913850625 0.0039779 0.27498919375 0.014585635937499999 0.267128684375 0.018121546875 0.26915520625 0.0204419890625 0.262278978125 0.03425414375 0.250491159375 0.032596684375000004 0.2288801578125 0.0022099453125000003 0.225933203125 0 0.2156802546875 0
7 0.646168959375 1 0.659135559375 0.9303867406249999 0.6660117875 0.8729281765625 0.53732809375 0.8646408843750001 0.468565815625 0.8563535906249999 0.43811394843749996 0.8552486187499999 0.4312377203125 0.8624309390624999 0.402750490625 0.9464088390625 0.3998035359375 0.9491712703124999 0.391944990625 0.9480662984375 0.3565815328125 0.9348066296875001 0.34675835 0.9348066296875001 0.319711853125 1 0.646168959375 1
7 0.7033398828124999 0.6585635359374999 0.6905697453124999 0.65524861875 0.6198428296875 0.656353590625 0.5019646359375 0.6524861875 0.493123771875 0.66077348125 0.49115913593749994 0.6823204421875 0.4774066796875 0.7071823203125 0.47642436093749996 0.7215469609375 0.46365422343749996 0.7259668515625 0.4332023578125 0.7110497234375 0.42730844843750004 0.7110497234375 0.40962671874999995 0.7558011046875001 0.40962671874999995 0.7690607734375 0.4567779953125 0.7911602203125 0.44891945 0.8033149171874999 0.43713163125000004 0.8519337015625 0.53929273125 0.861878453125 0.6650294703124999 0.8690607734375 0.7013752453125 0.6872928171875 0.7082514734375 0.680110496875 0.7170923375 0.6834254140625 0.7141453828125 0.677900553125 0.7062868375 0.677900553125 0.7033398828124999 0.6756906078125 0.7033398828124999 0.6585635359374999
7 0.5412573671875001 0.4994475140625 0.52652259375 0.5508287296875001 0.5127701375 0.5530386734375 0.49803536406250004 0.5392265187499999 0.482318271875 0.5320441984375 0.466601178125 0.5734806625 0.467583496875 0.579005525 0.494106090625 0.596132596875 0.5 0.5955801109375 0.51178781875 0.6 0.50098231875 0.635359115625 0.5039292734374999 0.6475138125 0.616895875 0.6546961328124999 0.711198428125 0.6546961328124999 0.73084479375 0.5187845296875 0.7318271125 0.4850828734375 0.7092337921875 0.48287292812500004 0.5530451859375 0.4861878453125 0.55009823125 0.4944751375 0.53929273125 0.496132596875 0.5412573671875001 0.4994475140625
7 0.5540275046875001 0.404972375 0.5402750484375 0.3900552484375 0.5343811390625001 0.38895027656250003 0.5225933203124999 0.4259668515625 0.5432220046875 0.45082872968750004 0.557956778125 0.4546961328125 0.5550098234374999 0.47127071875000004 0.558939096875 0.47624309374999996 0.5667976421875001 0.4795580109375 0.57563850625 0.477900553125 0.6552062875 0.47845303906250003 0.7220039296875 0.4767955796875 0.7328094296875001 0.47458563593749997 0.7544204328124999 0.3685082875 0.7544204328124999 0.33922651875 0.5893909625 0.3535911609375 0.5736738703125 0.398895028125 0.5540275046875001 0.404972375
1 0.711198428125 0.6585635359374999 0.7131630640625 0.66022099375 0.7475442046875 0.65801105 0.763261296875 0.6546961328124999 0.76915520625 0.64972375625 0.7730844796875 0.6033149171875001 0.75540275 0.595027625 0.725933203125 0.5939226515625 0.7210216109375 0.596132596875 0.711198428125 0.6585635359374999
1 0.6944990171875001 0.7287292812499999 0.6954813359375 0.735359115625 0.7033398828124999 0.7342541437500001 0.7092337921875 0.7314917125 0.7131630640625 0.724861878125 0.7200392921875001 0.68674033125 0.71807465625 0.677900553125 0.7072691546875001 0.6745856359375 0.7033398828124999 0.677348065625 0.6944990171875001 0.7287292812499999
8 0.36051080625 0.84475138125 0.3683693515625 0.8475138125000001 0.37328094375 0.8464088390625 0.3811394890625 0.8364640890624999 0.3821218078125 0.8215469609375001 0.37131630625 0.8143646406249999 0.352652259375 0.8138121546875 0.34675835 0.8232044203125 0.3497053046875 0.835359115625 0.36051080625 0.84475138125
8 0.43713163125000004 0.6337016578125 0.4440078578125 0.6441988953125 0.454813359375 0.6464088390625 0.46267190625000004 0.6364640890625 0.46365422343749996 0.6243093921875 0.455795678125 0.6154696125 0.442043221875 0.6138121546875001 0.43713163125000004 0.6154696125 0.43516699374999995 0.619889503125 0.43713163125000004 0.6337016578125
8 0.49803536406250004 0.493370165625 0.504911590625 0.49668508281249996 0.5108055015625 0.496132596875 0.5157170921875001 0.488397790625 0.5157170921875001 0.47845303906250003 0.505893909375 0.469613259375 0.49607072656250006 0.4679558015625 0.48919449843749996 0.4734806625 0.49115913593749994 0.4839779 0.49803536406250004 0.493370165625
8 0.53929273125 0.38287292812499996 0.55206286875 0.3823204421875 0.556974459375 0.379005525 0.557956778125 0.3734806625 0.5550098234374999 0.366850828125 0.5481335953124999 0.36408839843749996 0.5353634578124999 0.3679558015625 0.533398821875 0.3784530390625 0.53929273125 0.38287292812499996
8 0.0294695484375 0.10331491718750001 0.046168959375 0.11767955781249999 0.0736738703125 0.127624309375 0.0943025546875 0.12872928125 0.097249509375 0.1270718234375 0.096267190625 0.10773480625000001 0.07956777968749999 0.0911602203125 0.0599214140625 0.0845303875 0.045186640625 0.0850828734375 0.032416503125 0.0900552484375 0.028487229687499997 0.093370165625 0.0294695484375 0.10331491718750001
8 0.2594302546875 0 0.263261296875 0.0215469609375 0.2652259328125 0.025966851562499997 0.270137525 0.0265193375 0.2917485265625 0.0033149171875 0.289565596875 0 0.2594302546875 0
5 0.48624754374999996 0.3320441984375 0.48919449843749996 0.317127071875 0.481335953125 0.3110497234375 0.43713163125000004 0.4099447515625 0.43811394843749996 0.4149171265625 0.44990176875000004 0.414364640625 0.48624754374999996 0.3320441984375
5 0.37131630625 0.5745856359375 0.38408644375 0.5740331484375 0.429273084375 0.46519337031249997 0.42730844843750004 0.456906078125 0.42239685624999995 0.4546961328125 0.41944990156250006 0.4546961328125 0.41453831093750004 0.46187845312500003 0.3703339875 0.5662983421875001 0.37131630625 0.5745856359375
5 0.2848722984375 0.772375690625 0.2907662078125 0.7767955796875 0.2986247546875 0.7779005531250001 0.302554028125 0.7734806625 0.36051080625 0.6364640890625 0.3614931234375 0.6160221 0.3555992140625 0.622099446875 0.3487229859375 0.6215469609375 0.3438113953125 0.627624309375 0.2858546171875 0.7591160218749999 0.2848722984375 0.772375690625
5 0.20664622187499998 1 0.2603143421875 0.87624309375 0.2779960703125 0.8259668515625 0.26915520625 0.8320441984375 0.25834970468749996 0.8320441984375 0.2534381140625 0.837016575 0.180553075 1 0.20664622187499998 1
2 0.1051080546875 0.8977900546875001 0.14636542187499998 0.9016574578125001 0.1758349703125 0.9011049718749999 0.1954813359375 0.8651933703125 0.2092337921875 0.8309392265625 0.1954813359375 0.82872928125 0.1571709234375 0.8143646406249999 0.1434184671875 0.8138121546875 0.10314341875 0.895027625 0.1051080546875 0.8977900546875001
2 0.17779960781249998 0.6585635359374999 0.197445971875 0.6585635359374999 0.2062868375 0.6640883984375 0.186640471875 0.7110497234375 0.2524557953125 0.7165745859375 0.2573673875 0.714364640625 0.261296659375 0.7154696125 0.287819253125 0.664640884375 0.2956778 0.6386740328125 0.2524557953125 0.61823204375 0.2033398828125 0.6176795578125 0.1935167 0.6254143640625001 0.1758349703125 0.6558011046875001 0.17779960781249998 0.6585635359374999
2 0.2416502953125 0.548618784375 0.24459725 0.5519337015625 0.2524557953125 0.5524861875 0.3104125734375 0.5530386734375 0.338899803125 0.5491712703125 0.365422396875 0.4834254140625 0.321218075 0.4524861875 0.313359528125 0.45082872968750004 0.30746561875 0.451381215625 0.302554028125 0.45524861874999994 0.2416502953125 0.548618784375
2 0.37328094375 0.332596684375 0.327111984375 0.417127071875 0.3850687625 0.4176795578125 0.39882121875 0.41657458593749996 0.40176817343750004 0.414364640625 0.4263261296875 0.3546961328125 0.4106090375 0.35193370156250003 0.38605108125 0.324861878125 0.3811394890625 0.324861878125 0.37328094375 0.332596684375