8 0.90035159375 0.37830510156249997 0.8991386468749999 0.366460059375 0.8860227281249999 0.3644287671875 0.870954203125 0.36582190468750003 0.861013696875 0.37277611093749996 0.8571479249999999 0.3818845140625 0.857345128125 0.3931822265625 0.8665361171875 0.40093260781250006 0.879583015625 0.3990096984375 0.886555175 0.39493259531249997 0.90035159375 0.37830510156249997
8 0.7941022265625 0.574539578125 0.7789942609375 0.5736731734375 0.7741028890625 0.5816693625 0.774359253125 0.596356390625 0.781538475 0.6041418859375 0.797681903125 0.6066853890624999 0.8076618515625 0.6019907265625 0.8074646484375 0.5906930140625 0.7941022265625 0.574539578125
8 0.7561838843750001 0.765625928125 0.7490539625 0.7606648609375 0.7420029203125 0.7602228796875 0.7371016874999999 0.7676541828125 0.737397490625 0.7846007546875 0.7415196234375 0.7901793796875001 0.7506711734375 0.7956702171875001 0.75972411875 0.7955121968750001 0.767692303125 0.7908526499999999 0.7676134218749999 0.7863335640625 0.7561838843750001 0.765625928125
8 0.6992722359375 0.9061886046875 0.6871819203125 0.9052695265624999 0.68331615 0.914377928125 0.6855053984375 0.9245107546875 0.6936707828124999 0.931148921875 0.7007218234375 0.9315909031249999 0.71072149375 0.9280260124999999 0.709488828125 0.9150511968749999 0.6992722359375 0.9061886046875
8 0.63496451875 0.99772035 0.6384653890624999 0.9965291265625 0.6404179937500001 0.9931046968749999 0.6391458875 0.9778703406249999 0.6349251546875 0.96664285625 0.6308523218750001 0.963888659375 0.62683865 0.9645237765625 0.6209216734375 0.9714077515625 0.6192057109375 0.9883894375000001 0.6301733390625001 0.9978039796875 0.63496451875 0.99772035
7 0.5043634499999999 1 0.604200678125 0.998257334375 0.6392249203125 0.9247535265625 0.6390671578125 0.9157153546875 0.548527828125 0.9167306671875 0.450000596875 0.9212757546875 0.43298917656249997 0.9842941078124999 0.43098536875000004 1 0.5043634499999999 1
7 0.6345506203125 0.8875413 0.6391954921874999 0.8654229703125 0.6566801984375 0.8295191296875 0.6652598578125 0.802246596875 0.6731787421875 0.7947626203125 0.6720545375 0.7880015499999999 0.523183853125 0.790600096875 0.4839642765625 0.7918497359375001 0.47999990625000005 0.79530928125 0.45547386718749994 0.8889719234375001 0.4547144875 0.903111625 0.4688362890625 0.9051253578124999 0.6266908984375 0.898414590625 0.6345506203125 0.8875413
7 0.7269345484375 0.7039801171875 0.73682575625 0.6942014828125 0.7376245765625 0.6823213265625 0.7521705140625 0.6509892453125 0.7510167296875 0.6425335171875 0.681561503125 0.640920575 0.5980732140625 0.6423778687499999 0.5810126437500001 0.64493589375 0.5437653921875001 0.6438908718749999 0.52063994375 0.6448595874999999 0.5156992687499999 0.650031346875 0.48091704843749994 0.7902077515625 0.6659797984375 0.7858473546875 0.6811567843749999 0.790667959375 0.6871427812500001 0.787738184375 0.7269345484375 0.7039801171875
7 0.7378712296875001 0.63880756875 0.7626733531250001 0.5609617265625 0.7843097703125 0.5323311703125 0.7791521765625 0.5250754453125 0.7798129546875 0.5052868875 0.7981162015625001 0.4586326625 0.8091316140625 0.4556150984375 0.8060055046875 0.449454028125 0.6943229109375 0.4497082828125 0.681206990625 0.44767699062500005 0.63994606875 0.44726708750000005 0.5494067390625 0.4482823984375 0.5434404625 0.452341946875 0.53416058125 0.49714349375 0.515314725 0.6280008031250001 0.5175039734375 0.63813363125 0.544712115625 0.640484 0.7107419687500001 0.6409762859375 0.7378712296875001 0.63880756875
7 0.734311728125 0.43488383124999996 0.76458681875 0.44000595468750003 0.7666577453125 0.443360153125 0.7786889015625 0.44088991718750004 0.7867655453125 0.44244411093749997 0.79976314375 0.43769677656250006 0.8168434343750001 0.43626852187500004 0.9219983265625 0.1773317328125 0.9179353546875 0.1751424203125 0.8957763484375001 0.173834034375 0.62500648125 0.167824240625 0.6210322500000001 0.1707189015625 0.608961653125 0.17092959375 0.6070189078125 0.17491890937500001 0.5733214515625 0.3195968421875 0.5531246078125001 0.4307007125 0.5662503875 0.43329688906249997 0.734311728125 0.43488383124999996
7 0.5835086140625 0.2691288796875 0.6049874234375 0.173824253125 0.6304896125 0.1360852953125 0.6320872546875 0.11232497968749999 0.5434610890625 0.10765632031250001 0.45087055156250005 0.10644720468749999 0.44333621562500003 0.1359617234375 0.428642071875 0.2740923171875 0.43572269375 0.2762289546875 0.480987428125 0.27543885625 0.5746134281249999 0.278325071875 0.5805994250000001 0.2753952953125 0.5835086140625 0.2691288796875
7 0.410989440625 0.41566489687499997 0.5488940125 0.4189083421875 0.578696121875 0.281644153125 0.5766547734375 0.2799846125 0.47497185000000003 0.2766739734375 0.4266894671875 0.2775167453125 0.410989440625 0.41566489687499997
7 0.39905658593750004 0.5390557890625 0.5217841703125 0.5374786296875 0.5267248453125 0.53230686875 0.5479177109375 0.4206205578125 0.519713546875 0.41885263124999994 0.41106832187500003 0.4201839828125 0.39905658593750004 0.5390557890625
7 0.4382958828125 0.5389359234375 0.396068515625 0.5408031203125 0.39003306718749997 0.598544365625 0.393859246875 0.6448123203125 0.396906475 0.6464543046875 0.42911445156249994 0.647022228125 0.5115574171875 0.6433229484375 0.5238353765625 0.53970305625 0.4382958828125 0.5389359234375
7 0.3774591515625 0.7428535859375 0.4890234234375 0.7358207046875 0.51362834375 0.646677146875 0.39190664062499997 0.6482367515624999 0.3878535296875 0.646612325 0.3868969453125 0.649454309375 0.3774591515625 0.7428535859375
1 1 0.766938425 0.9977141234375001 0.7681906953125 0.98988398125 0.78075864375 0.9640366890625 0.7987266015625 0.9522914765625 0.817578521875 0.951423634375 0.8255044796875 0.9719357000000001 0.8477487531250001 0.998187259375 0.8529411078125 1 0.8530111984375001 1 0.766938425
1 1 0.8773378562499999 0.9805349296875001 0.8792418906250001 0.918475846875 0.897841928125 0.8786645125 0.9228343234375 0.8738224406249999 0.9336549406250001 0.85691963125 0.9452511375 0.85011509375 0.9589312984375 0.8513181781249999 0.970211453125 0.8687041328125 0.9862946578124999 0.9070361484375 0.9918412062499999 0.9130418656250001 0.9900412015625 0.927143946875 0.990925165625 0.9622512515625001 0.9846617875 0.9713239187499999 0.9856335390625001 0.995366509375 0.9795632953125001 1 0.9793143828125 1 0.8773378562499999