7 0.2134011140625 0.2875973890625 0.2205599328125 0.3066726 0.2382831875 0.3106667328125 0.2511509828125 0.3245776375 0.251848346875 0.33827610468749997 0.2593286578125 0.33893307031250003 0.3118554375 0.387751959375 0.3229794546875 0.39426288125000003 0.5753090359375 0.42393431875000004 0.5875070234375 0.42256804687500005 0.5913160703125 0.41894976093749997 0.5895079937500001 0.41523343125 0.5765483437500001 0.40658488281249994 0.5646442921875 0.3911116140625 0.5656723343750001 0.3858656 0.6187969015625 0.34678679843750004 0.631068371875 0.34121064218749997 0.6517379703125 0.3373602640625 0.6536930140625 0.332656825 0.6406323234375 0.3297968703125 0.64922334375 0.3204717015625 0.6493427546875 0.31363063750000003 0.6365851859375 0.29340490625000004 0.5875275890625 0.26043845 0.5661330718750001 0.2521690671875 0.5445181015625 0.2565293390625 0.542498759375 0.264916428125 0.5368632671875 0.2658708515625 0.5130176890625 0.29072163125 0.504298071875 0.3074141 0.4986442078125 0.309420996875 0.47431253125 0.3084698890625 0.4462820359375 0.3048222390625 0.436130946875 0.296222715625 0.43998591875 0.289973253125 0.42879760312500004 0.28714598125 0.4066506078125 0.2683355453125 0.3908180984375 0.2633216234375 0.26762720624999997 0.2390626890625 0.221827528125 0.23405208437499997 0.170530140625 0.22210237031250002 0.1611498984375 0.22299142968750002 0.16178296406249998 0.2403735453125 0.1552021 0.24183786562499998 0.16456396874999998 0.2420012765625 0.1877390078125 0.255565696875 0.193245903125 0.261978571875 0.1921903046875 0.26880329375 0.2134011140625 0.2875973890625
7 0.269318065625 0.0885429578125 0.26155300625 0.104199296875 0.251236578125 0.1050720140625 0.211109134375 0.09700204375 0.177856490625 0.0706282140625 0.063284178125 0.035465403125 0.048277629687500004 0.03678265 0.008177934375 0.027123009375 0.007681231249999999 0.0555791421875 0.0711304453125 0.1224576921875 0.2818268953125 0.176669425 0.2911979515625 0.1763066015625 0.29509885156250004 0.1674259609375 0.349600509375 0.10310419062500001 0.341533059375 0.08243393125000001 0.31375975624999997 0.0640516828125 0.29690839062499996 0.063757540625 0.286527665625 0.06831390937500001 0.269318065625 0.0885429578125
7 0.8220927859374999 0.610374946875 0.8175312609375001 0.603452178125 0.8100876937500001 0.6006902703125 0.8101611765625 0.5964803843750001 0.8036813515624999 0.5921561109375 0.7766329703125 0.585893625 0.7579276 0.5845143296875001 0.7383595296875 0.5789088078125 0.7336510374999999 0.5804058078125001 0.7224810921875 0.576526065625 0.7187087875 0.57803940625 0.7140462234375 0.5769052296875 0.671293928125 0.558261521875 0.5611178015625 0.5394937203125 0.53401430625 0.536388646875 0.5302420015625 0.5379019890625 0.5217152781250001 0.5435435109375 0.5225687953125 0.5482959734375 0.6497142390625 0.667901603125 0.7251588609375 0.7450195125 0.8771863765625 0.8876944890624999 0.9296304859375001 0.9412495015625 0.93520168125 0.9439787265625 0.9492628578125 0.9431713734375 0.9916025375 0.9318033078125 0.992547909375 0.9312934140625 0.9971682046874999 0.6665968921875 0.9962412031250001 0.6660543140625 0.9878338921875001 0.664854771875 0.9399965 0.669283728125 0.91837234375 0.6741702359375 0.8987859031250001 0.6696171875 0.885798696875 0.6625473453125 0.8692045234375 0.64751860625 0.8619538500000001 0.6337057500000001 0.8470391562499999 0.6297606421874999 0.8220927859374999 0.610374946875
7 0 0.9720189546875 0.03297389375 0.9671835828124999 0.0781680625 0.9532333625 0.0950561703125 0.9514225625 0.0988468453125 0.9488567484375 0.0989387 0.9435943921875 0.033444546874999995 0.7792684390625 0.02225623125 0.7764411671875 0 0.778257246875 0 0.9720189546875
2 0.7270922015625 0.3123557796875 0.79670916875 0.3477866859375 0.8125784203125 0.35069566406249997 0.8209030625 0.35663132656249996 0.82560236875 0.3556605609375 0.8559736984375 0.3325028765625 0.8627199031250001 0.3215663171875 0.84054535 0.3043345875 0.8340104140625 0.3031677265625 0.8229047656249999 0.295604334375 0.7967374578124999 0.2925156015625 0.7855766984375 0.2881096234375 0.7856593671875001 0.283373503125 0.770753859375 0.27890215937499996 0.731562603125 0.27084852812500004 0.7015954343749999 0.2708518453125 0.680099875 0.26837105625 0.6764561671875 0.2625171 0.6633954765625 0.25965714375000004 0.6606604 0.2553982359375 0.647544596875 0.25569569531249997 0.6482970734375 0.2662367484375 0.6548136421875 0.268456078125 0.6593659781250001 0.275905084375 0.716170265625 0.2942676734375 0.7235403484375 0.30123946562500004 0.7207042312499999 0.30276915 0.7270922015625 0.3123557796875
2 0.5805164703125001 0.1792510921875 0.5907318578125 0.18416696562499998 0.5945133484375 0.1821273875 0.593641459375 0.178427396875 0.6022784078125001 0.1664710484375 0.5901814609375 0.16204872812499999 0.5679977234375 0.14534323437500002 0.49716900468749997 0.12568305625 0.49061569531250004 0.12556866718749998 0.47648103593749996 0.1305859046875 0.46818394999999996 0.1230715359375 0.45791344843750004 0.12131307499999999 0.45427892812500004 0.1149328828125 0.45052499375000005 0.115393753125 0.438189225 0.124653559375 0.44935917031250006 0.128533303125 0.5233631375 0.18088545625000002 0.545831625 0.18127764531249999 0.5504390765625 0.18556923593750002 0.5644726953125 0.1863405890625 0.5805164703125001 0.1792510921875
2 0.40920457499999996 0.7658243078125 0.4316730625 0.766216496875 0.4579873390625 0.7608854593750001 0.46087856875 0.7561983624999999 0.4351889046875 0.7257453765624999 0.43328897499999997 0.727291403125 0.41925535625 0.72652005 0.28497645625 0.7473376234375 0.2839208578125 0.7541623468750001 0.29943187656250003 0.7775945140625 0.3209825484375 0.7769178906249999 0.353886875 0.7695962984375 0.3697561265625 0.7725052765625 0.40920457499999996 0.7658243078125
2 0.478830728125 0.8007289796875 0.48640289374999995 0.7961235875 0.469863834375 0.7779374359375 0.46051115 0.7772477875 0.385955321875 0.810162146875 0.4018062015625 0.8141235984374999 0.42987344062500005 0.8156663046875 0.43750990468750006 0.807377265625 0.442190840625 0.8074589718749999 0.4535444953125 0.8008140015625 0.478830728125 0.8007289796875
2 0.21816252343750003 0.44402010000000003 0.2095806875 0.45281903593750006 0.197401071875 0.45313283593750003 0.18810349843750002 0.4492857734375 0.1637901953125 0.4472821953125 0.1496647203125 0.45177319843749997 0.1272054171875 0.4508547734375 0.00047473593750000005 0.46843892968749995 0.00008840000000000001 0.4905721484375 0.0094012796875 0.49354215 0.046876315625 0.49261709218750005 0.059129415625 0.4880934078125 0.080230365625 0.48635614218749995 0.14344135625 0.486406703125 0.22388913906250002 0.49149569531250004 0.2223933703125 0.46988735156250006 0.2339950328125 0.449034021875 0.232205328125 0.44426521875 0.21816252343750003 0.44402010000000003
1 0 0.5549526953125 0.0277293125 0.5701894828125 0.04731575625 0.574742534375 0.06603949375 0.5750693578125 0.0977871828125 0.5803610781249999 0.1212194140625 0.5791909015625001 0.169855209375 0.5826718234375 0.20827561874999997 0.58123686875 0.224245909375 0.5783572578125 0.2364071546875 0.579095928125 0.25425900625 0.5757227609375 0.289824925 0.5768699625 0.33980106875 0.5572128562499999 0.340865853125 0.5498619 0.35512910937500003 0.5374773625 0.3705122625 0.514584453125 0.36417940312499997 0.5018404109375 0.2998312421875 0.43281212968749994 0.2972431328125 0.4201334515625 0.2822549546875 0.420398228125 0.278556134375 0.417701684375 0.27868473125 0.41033438593750005 0.26747804375 0.4085595859375 0.23101194687499998 0.458983475 0.22437597031249998 0.46360520781250003 0.223118290625 0.4820071125 0.2294603328125 0.4942249203125 0.2125814125 0.49550948593750005 0.1995207203125 0.49264953125 0.18639573125 0.49347322499999996 0.1611921671875 0.488822128125 0.11064725625 0.4874134671875 0.0637644234375 0.49080629218749994 0.0130082453125 0.50150105 0 0.5145083765625 0 0.5334974171875 0.0057384703125 0.542433040625 0.0056558015625 0.5471691609375 0 0.549281340625 0 0.5549526953125
1 0.11189209062500001 0.7379996734375001 0.14170310625 0.7469423625 0.15851773125 0.749341446875 0.1791230296875 0.7491747171875 0.185639596875 0.7513940484375 0.20999882812499998 0.7507664484375 0.216598065625 0.748249659375 0.253100171875 0.7494132015625 0.3647911734375 0.7350445 0.4051849953125 0.7278536375 0.44093462499999997 0.7184761265625 0.44276107187499997 0.7211399859375 0.451186753125 0.72128705625 0.45687735937499996 0.7171752203125 0.473691984375 0.7195743046875 0.49991440468750004 0.719505621875 0.5120389078125 0.7223492359375 0.5485410140625 0.7235127796875 0.593386134375 0.7295595140625 0.606538678125 0.7271571109375 0.604748975 0.7223883078125 0.5973145921875 0.7191001640625 0.5757822921875 0.7187243171875 0.49508723281250006 0.6741513109375 0.5075515984375001 0.65752420625 0.38344435468750004 0.5248117078125001 0.3509985703125 0.5595138937499999 0.3480430421875 0.567884640625 0.3414254359375 0.5714539015625 0.3279513984375 0.5922745500000001 0.33779018125000004 0.618766084375 0.2728809734375 0.635530553125 0.2674200046875 0.6264865000000001 0.249687565625 0.6230186015625 0.2319000125 0.62270811875 0.181208134375 0.6297192296875 0.13155348125 0.6309580875 0.100521528125 0.6383123625 0.065487634375 0.6603358703125 0.060705660937499996 0.66604275625 0.054822159375 0.6812055421875 0.055473596874999996 0.6975351875 0.064605828125 0.710854490625 0.07936436875 0.7237456046874999 0.11189209062500001 0.7379996734375001
1 0.77587291875 1 0.720585225 0.9533924812500001 0.7160237031250001 0.9464697125000001 0.7320582921875001 0.9399064484374999 0.7321317765625001 0.9356965640625001 0.7162165968750001 0.9354187625 0.70222890625 0.9320162328125001 0.672867978125 0.8972879984375 0.649775609375 0.87898745625 0.6536030265624999 0.8743167 0.6461410875 0.8726072640625 0.6330069140625 0.8739571937499999 0.5549635312500001 0.8920715921875001 0.531402703125 0.9006090671875 0.4994529359375 0.9068945296875001 0.45317561250000005 0.929248178125 0.43510330937499997 0.9452510000000001 0.41877478437500004 0.968653803125 0.4128178 0.9880264734375 0.41483688281250003 0.9985896359374999 0.495636584375 1 0.77587291875 1
1 0.9057820265625001 1 0.7534542734375 0.8407910796875001 0.733133725 0.8246445046875 0.7207428421875 0.8370617250000001 0.7205223921874999 0.8496913796875001 0.7100865515625 0.8574051609375 0.6884440265625 0.863344140625 0.6930331046875 0.8686882031250001 0.7014128609375 0.8714664531249999 0.7342437046875 0.8683547453125 0.886336878125 1 0.9057820265625001 1
8 0.160929446875 0.2356210828125 0.1485844921875 0.245407125 0.1475380796875 0.2517056125 0.1502272296875 0.2585956984375 0.1641506234375 0.2656818796875 0.1821494421875 0.25388894375 0.169281646875 0.2399780390625 0.160929446875 0.2356210828125
8 0.343189778125 0.41672428593750005 0.33663646875 0.416609896875 0.32053758125 0.426856809375 0.3156637515625 0.43782604999999997 0.3220425359375 0.447938915625 0.3416381640625 0.45196573124999995 0.35870998125 0.4396302171875 0.36067421093749996 0.43440054375 0.343189778125 0.41672428593750005
5 0.38922754843749996 0.4617451390625 0.380921275 0.454757003125 0.37619441249999996 0.4573064765625 0.3618484875 0.47442713281250004 0.3626468921875 0.482337009375 0.49218754843749996 0.6256722671875 0.5096627953125 0.6438747625000001 0.516197734375 0.645041621875 0.5438064296875 0.6192037359375 0.38922754843749996 0.4617451390625
5 0.2940586984375 0.3879677125 0.3015757515625 0.3865197359375 0.3036042765625 0.3776064125 0.281530765625 0.35458609218750003 0.2742433515625 0.342878178125 0.21074870625000003 0.278602359375 0.19410860624999998 0.2662047984375 0.19037304375 0.265613196875 0.1884547421875 0.26821169375 0.179735125 0.2849041625 0.18151564375 0.2901992015625 0.26692764687500004 0.386441346875 0.2817504859375 0.3956488125 0.2846233453125 0.39201418593750004 0.2911858390625 0.39160233906249997 0.2940586984375 0.3879677125