5 0.88125 0.05234375 0.2375 0.1046875
1 0.11875 0.09765625 0.2375 0.1953125
7 0.54375 0.46484375 0.1640625 0.2609375
7 0.83671875 0.3734375 0.215625 0.2984375
7 0.303125 0.53671875 0.1359375 0.2359375
5 0.52890625 0.14921875 0.2125 0.14375
5 0.23203125 0.26328125 0.1890625 0.128125
7 0.84765625 0.625 0.13125 0.175
7 0.6609375 0.66484375 0.109375 0.1625
7 0.4921875 0.7015625 0.0953125 0.1515625
2 0.21640625 0.1453125 0.1 0.1203125
1 0.39921875 0.509375 0.059375 0.15
8 0.7015625 0.10390625 0.034375 0.06875
8 0.13984375 0.31875 0.040625 0.0453125
8 0.3875 0.2046875 0.0375 0.0515625
5 0.66875 0.50625 0.084375 0.05
2 0.45546875 0.0546875 0.071875 0.1
5 0.43671875 0.565625 0.059375 0.0375
1 0.36171875 0.04765625 0.1765625 0.0953125
4 0.46875 0.87109375 0.028125 0.19375
1 0.7390625 0.65234375 0.021875 0.1125
7 0.55859375 0.7671875 0.028125 0.121875
1 0.63359375 0.428125 0.028125 0.11875
4 0.49296875 0.88828125 0.01875 0.1625
8 0.3953125 0.57578125 0.0171875 0.015625
1 0.48046875 0.00546875 0.09375 0.0109375