7 0.262145453125 0.6499912546875 0.255120690625 0.657612775 0.25039865156249996 0.6754752296875 0.19470329687500001 0.9074527453125001 0.19517393125 0.9165323734375 0.199726321875 0.9199668234375 0.24017415468749997 0.924749828125 0.6196686812500001 0.9616829296875 0.6536206765625 0.9639949218750001 0.660255703125 0.9638100046875 0.662254825 0.9617841953124999 0.6453224859375 0.56247845 0.6407422546875 0.5595751859375 0.4923071171875 0.5203699828125 0.43514775156249996 0.5093847140625 0.4305953609375 0.505950265625 0.41382814999999995 0.5008103734375 0.390398075 0.49638658593749996 0.3344609765625 0.480138925 0.3081992453125 0.4755667375 0.2981201234375 0.4872893453125 0.29137112656249997 0.5077087953125 0.2805351359375 0.569992996875 0.26948167343749996 0.6003071125 0.2645064734375 0.641060028125 0.262145453125 0.6499912546875
7 0.574823584375 0.26423114999999997 0.521801653125 0.24653833125000002 0.512279296875 0.24763721875 0.5077825812500001 0.24314039843750002 0.5011753921875 0.24279412968749997 0.46020125 0.22999386875 0.4593965578125 0.22728847343749997 0.4427407 0.2200238375 0.42219795156249995 0.214686078125 0.3962981203125 0.2032084734375 0.3839441109375 0.20415896249999999 0.37808593749999997 0.2075804625 0.366561840625 0.2288149484375 0.3612830375 0.257301121875 0.3379538453125 0.32319174375 0.33653409375 0.350282225 0.3296206828125 0.355779003125 0.3240104375 0.37252961875 0.302816940625 0.4518482875 0.5634046578125 0.518236953125 0.575702990625 0.5183488359374999 0.592553715625 0.5218951703125 0.6101256187499999 0.5297404578125 0.618648415625 0.5296544734374999 0.6221734078125001 0.5346330140625 0.6504342578125 0.5371793921875 0.6544325015625 0.5331277734375 0.65457169375 0.53047184375 0.6386370140625 0.5275061625 0.6380550265625 0.520551278125 0.6425700609375 0.3982795828125 0.6437088140625 0.3946107484375 0.6543420859375 0.390374209375 0.6590641234375 0.37251175625 0.6558453531249999 0.36169017187499997 0.645768846875 0.355302990625 0.648097990625 0.31086025781250004 0.6530493890625 0.3066812203125 0.6586570187499999 0.3080403921875 0.6591859453125 0.29794786093750003 0.6306214906250001 0.2831347390625 0.5802363453125 0.269308621875 0.574823584375 0.26423114999999997
7 0.641665434375 0.1265832921875 0.63439274375 0.120875696875 0.5519738265624999 0.0861955484375 0.42166997500000003 0.0261021265625 0.4157282875 0.031117184375000002 0.41061651250000003 0.0564162421875 0.39743948906250004 0.18142985 0.4006582609375 0.1922514375 0.43033363125 0.20392690937500002 0.44307475937499996 0.21364960625 0.6501925156249999 0.288954215625 0.663295540625 0.291771496875 0.669153715625 0.28834999687499996 0.6714590578124999 0.28048114218750003 0.641665434375 0.1265832921875
7 0.41999577187500003 0 0.41792489374999997 0.007263284375 0.41797795156250006 0.024310701562500002 0.492068940625 0.05535853281250001 0.6121292578124999 0.112251890625 0.6214289078124999 0.11540248906249999 0.62453894375 0.11023902968749999 0.6175551046875001 0.0267804234375 0.612376071875 0.0052032078125 0.5130929515625 0 0.41999577187500003 0
7 0.090669259375 0.21968247968750002 0.1667593671875 0.2487045015625 0.1900780921875 0.255253034375 0.20229291093750001 0.256958475 0.20629115156250002 0.25290685625 0.239256671875 0.1656828125 0.10981319062499999 0.10723241562500001 0.06841100624999999 0.17483909687500002 0.0568312328125 0.1971359546875 0.0564693359375 0.204041371875 0.090669259375 0.21968247968750002
7 0.10008026249999999 0.2207083359375 0.05147153125 0.209105896875 0.01124505 0.2723387140625 0.008014946875 0.3339727359375 0.0684961890625 0.3538122359375 0.146919478125 0.374434215625 0.1516110625 0.3752127375 0.1546097453125 0.3721740203125 0.1745479 0.33486850625 0.2051524015625 0.2565756890625 0.19776835625 0.2529928390625 0.193021096875 0.253276690625 0.16131876875 0.2441582140625 0.10008026249999999 0.2207083359375
7 0 0.4915327875 0.059479204687499995 0.5078066859375 0.0848248875 0.511798221875 0.09265434375 0.506882096875 0.0940714796875 0.49790140312500003 0.11550766875 0.46813142343749997 0.1117347484375 0.44982376718749995 0.1137338703125 0.4477979578125 0.12411659687500001 0.44834209375 0.1287272828125 0.4326043828125 0.1347524859375 0.4259957671875 0.146334875 0.38558912031250003 0.14025661250000002 0.3751503203125 0.0796557703125 0.357592953125 0.05342187968749999 0.35248957812500004 0.02191441875 0.3396528015625 0.0079108109375 0.3359597640625 0 0.4869070328125 0 0.4915327875
7 0 0.6836477140625 0.000099678125 0.6836634125 0.01869898125 0.6899646078125 0.023641109375 0.6859624546875 0.027388806249999998 0.6866915078125 0.0408841859375 0.6639623968749999 0.0944281421875 0.5272155609375 0.09220893125 0.515381071875 0.064891965625 0.5128841609375 0 0.4970056734375 0 0.6836477140625
7 0 0.7874313890625 0.032690215625000005 0.6938937265625 0.0281656625 0.6899280906249999 0 0.68564903125 0 0.7874313890625
8 0.06900322812500001 0.68727449375 0.07935811875 0.6883498140625 0.1000705109375 0.6723906687500001 0.1054302140625 0.660420728125 0.096214078125 0.6556765718750001 0.089634725 0.6547991171875001 0.081916621875 0.6575904984375 0.07208804375 0.6645324328125 0.0667005046875 0.677033559375 0.06900322812500001 0.68727449375
8 0.1729401828125 0.5100244093749999 0.183879675 0.49994482656250006 0.1833255265625 0.49245875625 0.1701946609375 0.4901726625 0.1576179453125 0.49537263749999993 0.149343075 0.5087877375 0.1517849921875 0.5163727421875 0.1602799515625 0.51681794375 0.1729401828125 0.5100244093749999
8 0.21432499531250002 0.3705097625 0.2203780375 0.363369959375 0.21693655937499998 0.3567978609375 0.2046103875 0.35721716406250004 0.1968087703125 0.36160210312499996 0.1895613 0.3734731109375 0.19100365625 0.38207101718750003 0.19952645156249998 0.38198503437500003 0.21432499531250002 0.3705097625
8 0.249069546875 0.2673996078125 0.2551225890625 0.26025980625 0.251597596875 0.255281265625 0.24121487031250002 0.2547371296875 0.2314976453125 0.25955432031250003 0.22536108906250002 0.2682876796875 0.2268034453125 0.2768855875 0.23341063437499998 0.27723185625 0.249069546875 0.2673996078125
8 0.2659890359375 0.179334628125 0.25449539374999997 0.181928140625 0.2514410359375 0.1860292265625 0.253938628125 0.192551859375 0.2651817265625 0.19473901875 0.2730668578125 0.1887605234375 0.27331740312499997 0.18397985 0.2659890359375 0.179334628125
8 0.7139826234375 0.137297659375 0.6960740453125001 0.153936390625 0.6934903203125 0.16711710468750002 0.706649021875 0.16887201406250002 0.7133397265625 0.16762472343749998 0.749293459375 0.14980111875 0.7582338296875 0.14174734687499999 0.7576518437499999 0.13479246250000002 0.7512951984375 0.1296655203125 0.733305721875 0.129788021875 0.7139826234375 0.137297659375
8 0.6849135140625 0.34883215624999997 0.67267085625 0.3476579015625 0.6621489375 0.3497696953125 0.6614225265625 0.3816903171875 0.68266123125 0.373748428125 0.6955163296875 0.36323659375 0.6940739734375 0.35463868593750003 0.6849135140625 0.34883215624999997
8 0.6688839015625 0.6185756734375001 0.6504490109375001 0.6271971484375001 0.6497782765625 0.6580553984375 0.6624915671875 0.6683092828125 0.6792866156249999 0.6729179859375 0.699108184375 0.6739567906249999 0.712795815625 0.6656191671875 0.7151568328125 0.6566879390625 0.71274275625 0.64857175 0.694811571875 0.629522090625 0.6773510203125 0.619552059375 0.6688839015625 0.6185756734375001