7 1 0.483262990625 0.9936352328125 0.486039553125 0.9917802515625 0.49889557812499996 0.9915780765625 0.6614149453125 0.9925223593749999 0.6985489078125 0.99601225625 0.7090732890625 1 0.70960461875 1 0.483262990625
7 0.6951436109375 0.44719634218750004 0.694394275 0.4364803234375 0.691929340625 0.4327368984375 0.5958828953124999 0.41400049375 0.5783433078125 0.41522698125 0.5867159796875 0.5507151640625 0.58856468125 0.55352273125 0.625823746875 0.5822436328125 0.656994875 0.5869165656249999 0.691931528125 0.5981788171875 0.7006332015625001 0.5965913890625 0.6951436109375 0.44719634218750004
7 0.49959755 0.4784913046875 0.498349384375 0.5157785765625 0.500334328125 0.5205345125 0.506360421875 0.527944703125 0.5355434671875 0.5356934984375 0.5425976640625 0.5420528515624999 0.5743169046875 0.54668745625 0.5785624203124999 0.5522642624999999 0.588360315625 0.5506001796875 0.57971201875 0.4190470609375 0.5914979984375 0.41430711562500006 0.536144953125 0.4025146234375 0.5275145421875 0.3972444375 0.50161703125 0.3970974734375 0.4979164890625 0.3993141359375 0.4992107984375 0.41782362500000003 0.49701520937500004 0.4258087328125 0.49959755 0.4784913046875
7 0.4186508765625 0.3921306140625 0.4251569609375 0.39852829375 0.431631646875 0.48324394374999996 0.42888480781249994 0.499099175 0.430869753125 0.5038551109375 0.4384039390625 0.5092019515625 0.4529273390625 0.512102165625 0.45600850781249996 0.5167814453124999 0.47279247968749993 0.52050253125 0.4858109265625 0.5176342984375 0.498073759375 0.5197136390625 0.49805273124999994 0.401262503125 0.421735184375 0.38897809687499996 0.4140616140625 0.38951468437500003 0.414402221875 0.39438560312500004 0.4186508765625 0.3921306140625
7 0.4324218015625 0.3921466046875 0.3787130921875 0.380239128125 0.3549399078125 0.3789646703125 0.3563086171875 0.3827847484375 0.3650102890625 0.381197321875 0.367955215625 0.3839282328125 0.3699706046875 0.48363991406249995 0.412509565625 0.501223190625 0.430117275 0.5009708875000001 0.4263213046875 0.39942582187500003 0.4324218015625 0.3921466046875
7 0.3713393140625 0.48745999375000004 0.3806572203125 0.486808421875 0.372438678125 0.47955154218749996 0.36979763593750004 0.4023993953125 0.37268385937500004 0.3806607328125 0.327537440625 0.373049259375 0.31773954375 0.3747133421875 0.3238673453125 0.4702216671875 0.3713393140625 0.48745999375000004
7 0.579763490625 0.6324539437500001 0.5777072859375 0.6345556218749999 0.5814508296875001 0.6959675187500001 0.5797352328125001 0.7029401156249999 0.5797782375 0.766568675 0.582802890625 0.9122202984375001 0.585654578125 0.9766314015625 0.60506041875 0.9938744093749999 0.9259988140625 0.9714322093750001 0.924596321875 0.7747619015625 0.8387659218750001 0.736711125 0.8260262390625 0.7278124984375001 0.6839540765625001 0.6731366390625 0.6627883484375 0.6618903781250001 0.6488130578125 0.6589518375 0.6276473296875 0.647705575 0.6137401625 0.64574121875 0.5919582 0.6335591015625 0.579763490625 0.6324539437500001
7 1 0.7949430484375 0.9913203375 0.7916329421875 0.9744713828125 0.7791058750000001 0.96268854375 0.776014021875 0.9556993296874999 0.77846065 0.953915609375 0.7844590625000001 0.95506111875 0.832347371875 0.9514874000000001 0.8600077921875 0.9518835703124999 0.8971800812499999 0.9483055015625 0.9698723749999999 1 0.9662575421874999 1 0.7949430484375
7 0.2773365171875 0.4979490984375 0.24719662968749997 0.48439352968750005 0.25250069218750004 0.5838752453125 0.25701241406249997 0.60901238125 0.2584366859375 0.64513383125 0.259529771875 0.6528889718750001 0.2641871546875 0.6564790859375 0.26424899687500003 0.6731168624999999 0.2806179609375 0.686656440625 0.28129917656250003 0.6963982765625001 0.31403396093749997 0.7313092296875 0.317598259375 0.7271442015625 0.32218752031250003 0.72976013125 0.325132446875 0.7324910421874999 0.3269780078125 0.7431304078125 0.331087278125 0.7467588484375 0.343761978125 0.74685149375 0.34068394999999996 0.7343404171875 0.3256940671875 0.5278518125 0.2773365171875 0.4979490984375
7 0.25425301562499997 0.6561948015625 0.2578854359375 0.65300395625 0.25085949687500003 0.57615843125 0.2491721546875 0.51264485625 0.2466422390625 0.5000954515625 0.248701584375 0.4901619765625 0.256235771875 0.49550881718750006 0.2671980140625 0.4947422625 0.20123589218750002 0.45726005625 0.19520665937499998 0.4576816609375 0.20815917343749998 0.6192811625 0.2428107828125 0.6579738671875 0.2561666984375 0.6678083484374999 0.25425301562499997 0.6561948015625
7 0.18623250156249999 0.455372353125 0.170067903125 0.44475532656250005 0.1423929515625 0.43494318125 0.14865699375000002 0.5323998734375001 0.15699608125 0.58076410625 0.18356852968749998 0.6063164999999999 0.1913720625 0.6233918734375 0.1999374921875 0.619856078125 0.20097187343749998 0.6031416453125 0.1883411296875 0.49340384375 0.18623250156249999 0.455372353125
7 0.12944262499999998 0.43878559843750004 0.1245127546875 0.4312987515625 0.1067038203125 0.42079670625 0.10231892499999999 0.42110332812499995 0.1026595328125 0.42597424687499996 0.118780175 0.5462364296875 0.14260892187500002 0.5798122593749999 0.1513787171875 0.579199015625 0.1517937265625 0.5693805249999999 0.145433303125 0.5414358203125 0.12944262499999998 0.43878559843750004
7 0.05340698125 0.4069025359375 0.070831353125 0.5221788171874999 0.10288492187500001 0.5473479343750001 0.108846034375 0.5459521453125 0.1073473609375 0.52452010625 0.10878733125 0.521482571875 0.10358811718750001 0.5022671921875 0.092384784375 0.42081904375 0.060944309375000005 0.4044175796875 0.05340698125 0.4069025359375
8 0.6114890109375 0.6214249546875 0.6116221140625 0.63120511875 0.6179238328125 0.6346802484375 0.6352590578124999 0.630531209375 0.6380027578125 0.622507775 0.6224543921875 0.612826603125 0.6114890109375 0.6214249546875
8 0.567383253125 0.5814354546875 0.5684144953125 0.57255281875 0.5577278796875 0.5693843109375 0.5515592640625 0.5756893453124999 0.5514880015625 0.582546959375 0.55450105 0.5862520546875001 0.56327084375 0.5856388109374999 0.567383253125 0.5814354546875
8 0.46983185625 0.556930603125 0.464010128125 0.5524429625 0.4553084546875 0.554030390625 0.4529766234375 0.5600671312500001 0.4546859421875 0.568758128125 0.4666762875 0.5669407343749999 0.4707205765625 0.56176319375 0.46983185625 0.556930603125
8 0.4179162859375 0.5155293234375 0.4141539015625 0.5011082078125 0.4069603234375 0.500632284375 0.40805026875 0.5162192234375 0.4018816515625 0.5225242578125 0.40468719531249997 0.5311386 0.4077002421875 0.5348436953125 0.42387111875 0.5297971296874999 0.4224342859375 0.5250028671875 0.42517798593749995 0.51697943125 0.4179162859375 0.5155293234375
8 0.3574227296875 0.5089910265625 0.35927142968750003 0.5117985953125 0.3711936515625 0.5090070171875001 0.37304549374999996 0.5039827875 0.3721599140625 0.49131840000000004 0.36503759687500004 0.4839848640625 0.35846025 0.48444479687499997 0.35605715781249997 0.49733915156249997 0.3574227296875 0.5089910265625
8 0.21151815625 0.785467296875 0.215828653125 0.7998500859375001 0.2273390078125 0.799045203125 0.24652607031249998 0.7898719359374999 0.2505022390625 0.7837202125 0.25064162031250004 0.7778367828125 0.24125873437499998 0.7696823734375 0.22365102499999998 0.7699346765625 0.21631806406249998 0.775342184375 0.21151815625 0.785467296875
8 0.22319301249999998 0.7161246109375 0.2377195515625 0.7111930265625 0.245740009375 0.6998637640625 0.2448512890625 0.6950311734375 0.2367689890625 0.689722659375 0.22368242187499998 0.6916167093750001 0.22011812343749998 0.6957817375 0.21874313281250002 0.7076252515625 0.22319301249999998 0.7161246109375
8 0.15992216875 0.6304858 0.1544441875 0.6230372796875 0.1422494765625 0.6219321234375 0.13196845 0.6324405140625 0.13169282499999999 0.6363755765625 0.1353902265625 0.6419907125 0.1538897953125 0.6387392015625 0.15992216875 0.6304858
8 0.13396909375 0.5980374640624999 0.13643088750000001 0.6096126859375001 0.1532179984375 0.6055019749999999 0.1570579234375 0.5974018828125 0.1476750359375 0.589247475 0.14274202656249999 0.5895924234375001 0.13396909375 0.5980374640624999
8 0.11610145624999998 0.563065846875 0.1117197 0.555540671875 0.10322552968750001 0.5522188531250001 0.0928082609375 0.5607788765625 0.09260075625 0.565688121875 0.0956138046875 0.5693932187499999 0.110892821875 0.5673458578125 0.11610145624999998 0.563065846875
1 0.0857760375 1 0.08044086875 0.9904225468750001 0.0584576828125 0.9674860828125 0.0418780765625 0.966687546875 0.0316132890625 0.9695514859375001 0.0337424578125 1 0.0857760375 1
1 0.46458622031249996 1 0.470158003125 0.9396761390625 0.473313571875 0.9296660078125001 0.4724279921875 0.9170016203125 0.4761410921875 0.883457771875 0.5105977546875 0.895732534375 0.5166919703125 0.9041169109375 0.5218230640625 0.9223581062499999 0.5268273359375 0.9151555421875001 0.5334046796874999 0.9146956093749999 0.5364858484374999 0.9193748890625001 0.5387338609375 0.95152295 0.535140378125 0.99876369375 0.54299356875 0.9982145453125 0.5499842859374999 0.9154941453125 0.5587572187500001 0.9070491046875 0.5733518828124999 0.9030917046875 0.5792480125 0.8928899359375 0.5812392359375 0.8819822765625001 0.58062928125 0.865382828125 0.577551253125 0.8528717515625001 0.5805055968749999 0.8321072718750001 0.57997004375 0.8008184125 0.5751239953125 0.7551467640625 0.5736871625 0.7503525015625 0.5549151078125 0.749707278125 0.5501896015625001 0.74514298125 0.5433616140625 0.74464149375 0.5106206828125 0.6676362421875 0.506715778125 0.6669303531249999 0.48603631875 0.6390079859375 0.47048795312499997 0.629326815625 0.4616500390625 0.628965875 0.4524652359375 0.6393976109375 0.4474546859375 0.6622637671875 0.45039019375 0.6884900703125 0.4474389875 0.7014227515625 0.4597448234375 0.7671306515625 0.45946605937499996 0.778897509375 0.4640521796875 0.7893452359375 0.47156125 0.857346453125 0.45928520468749995 1 0.46458622031249996 1
1 0.42666629218749996 0.7351805765625 0.42982185937499995 0.7251704453125 0.4294162703125 0.711493546875 0.4231302484375 0.6688594328125 0.411505628125 0.6128933703125 0.39493858125000003 0.580767646875 0.390213078125 0.5762033515625 0.3804833015625 0.5788416171875 0.3789008078125 0.595594378125 0.398445415625 0.890848678125 0.4259097234375 0.9134018656249999 0.4259034453125 0.9290654593750001 0.4224009875 0.949868265625 0.4227415953125 0.9547391828125 0.42561839843750005 0.9564959125 0.42877082812499995 0.954317578125 0.43214332187500004 0.9159028109375 0.447800621875 0.82474480625 0.4499375078125 0.792290125 0.45700112343750005 0.7751540859375 0.45255438437500006 0.75882293125 0.4494019546875 0.7610012640625 0.44179964531250004 0.7546802390625 0.44098218749999996 0.7429900359375 0.4348167125 0.7414632734375 0.430772421875 0.7466408140625 0.42666629218749996 0.7351805765625
1 0.3920953640625 0.66613486875 0.38080193281249997 0.6385351140625 0.377522678125 0.6152696890625 0.34931531250000003 0.5663368875 0.33678313437499996 0.552529015625 0.333014471875 0.55377149375 0.3315032390625 0.5636666406249999 0.3425671875 0.6509982187500001 0.3413965609375 0.665764284375 0.345090825 0.6792112171875 0.3435795921875 0.6891063640625 0.3457626203125 0.7124484437499999 0.3504849875 0.7248445375 0.3545942578125 0.728472978125 0.36404919062499996 0.7278118250000001 0.370418246875 0.7342190875 0.3721956875 0.7438842671875 0.3908933421875 0.7592189031250001 0.3964425828125 0.759809809375 0.3981644609375 0.73717361875 0.3946745640625 0.7266492375 0.39378898281249997 0.71398485 0.3961920765625 0.7010904953125 0.3920953640625 0.66613486875
3 0.7935981890625 0.0986591671875 0.7533785 0.10636633749999999 0.7527559875 0.121094075 0.75616520625 0.16197146093749998 0.765243259375 0.41782081875 0.768389409375 0.431306078125 0.8280592296875 0.441817765625 0.9985760921875 0.4621767890625 0.9709884296875 0.0676548375 0.9366617312500001 0.072992034375 0.93042499375 0.0783228859375 0.9246713859375 0.074809428125 0.9141859953125 0.08239526875 0.909048621875 0.0798176671875 0.9060324359375 0.08394436875 0.885294140625 0.0893103203125 0.8301854593750001 0.09414284218749999 0.819563825 0.0997803140625 0.7935981890625 0.0986591671875