7 0.7203519890625001 0.5211062953125001 0.710616865625 0.4134748703125 0.7065518765625 0.38126209843750003 0.700534978125 0.3752209265625 0.6485976671875 0.3763227640625 0.5683437140625001 0.3857654546875 0.5215492890625 0.38821310000000003 0.353886084375 0.4039330859375 0.3529291921875 0.4907824328125 0.36845903125 0.52164625 0.3842939359375 0.54377413125 0.3905142109375 0.5439913484375001 0.3949254515625 0.536565015625 0.4013089390625 0.502384690625 0.43255267656249996 0.4993940046875 0.44060232343749994 0.5066723750000001 0.4550344375 0.5392471734375001 0.463084084375 0.54652554375 0.46473041718749997 0.5588282546875 0.472861415625 0.5637770421875 0.7185424453125 0.5432011250000001 0.7203519890625001 0.5211062953125001
7 0.7249645671875 0.6268095171875 0.72106176875 0.6196759609375 0.7128697578125001 0.616474359375 0.6682911203125 0.6149176390625 0.64515804375 0.6234395078125 0.5264237015625 0.63503706875 0.4819467546875 0.6305683703125 0.4769258953125 0.6257281921875 0.4686932078125 0.6236913828125 0.4666599484375 0.6521925640624999 0.4723916078125 0.6961256515625001 0.47907913906250005 0.7126861484375 0.48712878593750003 0.7199645171875 0.4945891515625 0.71439398125 0.495422996875 0.6905157625 0.513189471875 0.687054440625 0.5275407453125001 0.6922204437499999 0.54898579375 0.7320374109375 0.7301872734375 0.7150408734375 0.7329318421875 0.695894225 0.7249645671875 0.6268095171875
7 0.468676953125 0.38636675625 0.47583225156250003 0.3895321546875 0.5090680640625 0.3889434578125 0.663172653125 0.375082415625 0.6523184453125 0.3292211265625 0.5050645984375 0.3252451203125 0.501873109375 0.32746609531250004 0.5017709109374999 0.36011645 0.4816259453125 0.3722413015625 0.47829209375000004 0.37853904374999997 0.467863953125 0.37992420312499997 0.468676953125 0.38636675625
7 0.087845078125 0 0.085058784375 0.01727598125 0.085911946875 0.0522921203125 0.115162590625 0.106376203125 0.164578028125 0.1774914171875 0.170737290625 0.17945582031250001 0.178034953125 0.17854445000000002 0.1921426828125 0.1609608234375 0.20295774843749997 0.1187717703125 0.2338354078125 0.12626420625 0.2388155921875 0.13226917656249998 0.253105853125 0.1391823671875 0.261419890625 0.13888959218750002 0.28394232656249996 0.1775779703125 0.2846943125 0.1857677125 0.299431490625 0.2096065765625 0.30119985 0.218414915625 0.318986153125 0.2441095765625 0.32829622812500003 0.2450177984375 0.35336036718749997 0.2406451046875 0.4084484921875 0.238487084375 0.6823241359375001 0.21306468281250002 0.6855359609375 0.210261315625 0.685495796875 0.181687728125 0.67314716875 0.0057416609374999995 0.508727515625 0 0.087845078125 0
4 0.7174243828125 0.545494503125 0.6101955671875 0.5545783171875 0.606861715625 0.5608760625 0.6114758218749999 0.5773641515625 0.6185904453125 0.581694340625 0.63200669375 0.5839121640625 0.8835012437499999 0.5752013734375 0.9033614828125 0.5712300625 0.9203353 0.5607437890625 0.95192426875 0.5775907578125 0.9744477249999999 0.5568023796875 0.99564923125 0.5738697140625 0.9977158765624999 0.5741362515625 0.9980033171875 0.5659050609375 0.9860346015625 0.55195905 0.97080931875 0.542097678125 0.95847045625 0.5387512671875 0.9468835796875 0.543594596875 0.9272063796875001 0.5423243484375 0.9138511453125 0.5383593375 0.899621896875 0.5296989609375 0.8758792 0.52595431875 0.7251898109375 0.5311880328125 0.7174243828125 0.545494503125
4 0.7190920734375 0.497738065625 0.72171410625 0.51182416875 0.7455178171875 0.5138216234375 0.8059115312499999 0.50835024375 0.84951446875 0.5081235734375 0.8839700328125 0.50232951875 0.8927925125 0.48747685625 0.89029250625 0.4698963796875 0.866732846875 0.46091017812499996 0.8283948234375 0.458988278125 0.8220931968749999 0.46110064375000004 0.730598109375 0.465485940625 0.7306789499999999 0.4928947359375 0.7190920734375 0.497738065625
8 0.11682415937499999 0.41548029687500004 0.132415521875 0.41485854843750003 0.1470718609375 0.41128861875 0.15764236250000002 0.405826690625 0.1662614640625 0.3967979828125 0.15756152031249998 0.37841789531250003 0.1267453859375 0.3394398953125 0.1174149734375 0.3391140703125 0.10458800625 0.349745153125 0.09438307343749999 0.37446233906250004 0.095785353125 0.3937537984375 0.10261525 0.406237525 0.11682415937499999 0.41548029687500004
5 0.044987464062499996 0.3325031046875 0.04915465 0.332065521875 0.059786165625 0.32485640625 0.0819440546875 0.284812771875 0.08121240625000001 0.27604063437500004 0.010938775000000001 0.17802695468750002 0.007032031249999999 0.2899014296875 0.0388892140625 0.328791515625 0.044987464062499996 0.3325031046875
5 0.31869428125 0.668600403125 0.32908174375 0.6683800359375 0.3514221609375 0.6528332171875 0.34969447656249997 0.6428600875 0.23781343124999998 0.48792871406250005 0.2327112203125 0.48541811875 0.2202706703125 0.48498368437500006 0.1828269953125 0.4871747578125 0.1796558453125 0.4888133359375 0.18140386718749998 0.49820407031249997 0.31363274531249996 0.664925015625 0.31869428125 0.668600403125
5 0.43419492656249997 0.7496037390625 0.423970165625 0.7451649437500001 0.4130137578125 0.7319540078125 0.3797576078125 0.7331251015625 0.37845650625 0.7406600421875 0.44795538593749995 0.8311359703125 0.45301692187500003 0.8348113578125 0.466534859375 0.834117203125 0.4782844375 0.824614709375 0.474524003125 0.8134043828124999 0.43419492656249997 0.7496037390625
8 0.35258090000000003 0.649375046875 0.3495114375 0.648101646875 0.337843209375 0.655274559375 0.32806536875000003 0.6677614375 0.3278009796875 0.6753325796875 0.3515635046875 0.7082332046875 0.35174654375 0.70299164375 0.3678260109375 0.6883924 0.371342903125 0.6768530968750001 0.35258090000000003 0.649375046875
2 0 0.6814570734375 0.10555809218750001 0.678650696875 0.1679032046875 0.6767460953125 0.18152283125 0.6731399640625 0.19538753125 0.603068328125 0.1114967015625 0.5085911859375 0.09230760625 0.49334344375 0.0394149328125 0.4920794953125 0.021729807812499998 0.49321123437500003 0.018538318749999998 0.495432209375 0 0.5375613218749999 0 0.6814570734375
2 0.29456414531249997 0.7353980328125 0.2093300078125 0.7388357546875 0.20292618281250002 0.7735984765625 0.18713144375 0.78004418125 0.17788238125 0.7773887734375 0.07291003125 0.7813034328125 0.06593726250000001 0.8026348531249999 0.0666078953125 0.8131541765625 0.0706123828125 0.8173757578125 0.0939686640625 0.832185915625 0.1063278625 0.83494993125 0.27246625 0.8331712359375001 0.28921635 0.8290913156249999 0.31202402500000004 0.829887778125 0.324545925 0.8279926296875001 0.3313570140625 0.7518436187499999 0.3163147703125 0.7367406875 0.29456414531249997 0.7353980328125