7 0.5414449890624999 0.8433688015625 0.5428780875 0.8173321921875001 0.5457568390625 0.6748877859375 0.5543879203125 0.51773759375 0.5519341875 0.5129935765625 0.3014858828125 0.30393948593750003 0.29003956406250003 0.301676440625 0.284849615625 0.3452835171875 0.287696609375 0.35376793125 0.28322154843749997 0.376903315625 0.28410555625 0.3815925171875 0.277829984375 0.3962800296875 0.2731599546875 0.42499860156249997 0.250642115625 0.6347688328125 0.24072711875000002 0.753675871875 0.2442598265625 0.7575259015625 0.291549834375 0.7684939671875 0.29812450625000003 0.7752452234375 0.4733228171875 0.8288782625 0.49291353125 0.83794738125 0.5381430671875 0.8479118281250001 0.5414449890624999 0.8433688015625
7 0.71324315625 0.75433816875 0.713281559375 0.6332228984375 0.7006229625 0.6206691890625 0.7007529421875 0.6169470640625 0.6903856 0.6137900296875001 0.68246866875 0.6004702375 0.5932410765625 0.530274371875 0.5797667828125 0.5260771734375 0.5748268249999999 0.5175196703125 0.56151500625 0.5086698140625 0.5575306921875 0.5327540015625 0.5514992000000001 0.6154616734375 0.5430147140625 0.8434236187499999 0.5445877609374999 0.858385209375 0.5512599171875 0.862344871875 0.6839423828125 0.9033132296874999 0.7125906734375 0.9080403140625 0.71374055 0.7851005234375 0.7115759484375 0.757074946875 0.71324315625 0.75433816875
7 0.8488966874999999 0.9202535562499999 0.8441059078125001 0.8474162906249999 0.8302442609374999 0.71929395625 0.8184046828125 0.7132905109375 0.7525962921875 0.6625457859375 0.7478871203125 0.6623813390625 0.72181921875 0.64376936875 0.7190080437499999 0.6492611984375001 0.7179323890625 0.6650619609375 0.719255446875 0.7321881328125001 0.7257167546875001 0.8171953953125 0.7261591296875001 0.8945391421875 0.7297276562499999 0.912365415625 0.8364105328125 0.9477675171875 0.844749896875 0.9489903999999999 0.8485750609375 0.9444656453125001 0.8488966874999999 0.9202535562499999
7 0.938634225 0.9308405890625 0.9384743375 0.80040173125 0.9478568624999999 0.7867543828125 0.9339209937499999 0.765771075 0.924762609375 0.7579979265625 0.8585642796874999 0.7184195812499999 0.8538517859375 0.70334835625 0.8454149359375001 0.7049170671875 0.8394643140625 0.7102992640625 0.8375404671875 0.735387071875 0.850271440625 0.9258915609375 0.8500797953125 0.946381525 0.8462221359375001 0.951836809375 0.86581285 0.9609059296875 0.8959333796875001 0.968479425 0.9407696546875 0.9747034734375 0.938634225 0.9308405890625
7 0.9894397765624999 0.8111327875000001 0.9639148656250001 0.791973471875 0.9609703875 0.7862806515625 0.9427869234375 0.7819190046875 0.9363163828125 0.8021897062500001 0.9361897265625 0.8208186078124999 0.9391866375 0.915021553125 0.9465578046875001 0.9739739343749999 0.95365571875 0.9807434625000001 0.9832746703125 0.98767833125 0.9894397765624999 0.8111327875000001
8 0.5970463015624999 0.43630896249999995 0.5711475187499999 0.44285788593750003 0.56392295 0.4547172609375 0.564251221875 0.46031872187499995 0.5726589 0.4745873171875 0.596468040625 0.4828720796875 0.6135042140625 0.4750820015625 0.6201405531249999 0.46506541874999996 0.621511984375 0.455796646875 0.6173227296875 0.4407436953125 0.5970463015624999 0.43630896249999995
8 0.7813154796874999 0.5452270703125001 0.7575096640625001 0.5518490828125 0.7514940515624999 0.5590923421875 0.7517248390625 0.5674853984375 0.762878703125 0.578123228125 0.78426660625 0.58073344375 0.7987840578125 0.570060409375 0.802378434375 0.5571425999999999 0.800087178125 0.547745925 0.7975359609375 0.5457935015625 0.7813154796874999 0.5452270703125001
8 0.858222715625 0.653191015625 0.850179128125 0.658500125 0.849821684375 0.668735971875 0.8662404562500001 0.678625990625 0.877228521875 0.6790097015625001 0.889032284375 0.6710369015625 0.892038428125 0.659961884375 0.890172928125 0.653375075 0.8870984703125 0.65140438125 0.858222715625 0.653191015625
8 0.9314572921875 0.7163067296875 0.9223672203125 0.72157929375 0.92112576875 0.7271259390625 0.9230887546875 0.730921153125 0.9380352875 0.7379647625 0.9474536312499999 0.7382936578125 0.9565437015624999 0.7330210921875 0.9605963281250001 0.72198261875 0.9587308265625 0.715395809375 0.95565636875 0.7134251140625001 0.9314572921875 0.7163067296875
5 0.7841118875 0.1801115546875 0.75388058125 0.1157025515625 0.7409911953125 0.0947557859375 0.73382496875 0.0749405453125 0.6974447453125 0.00659015 0.57255359375 0.0022288546875 0.561502821875 0.0139546140625 0.5624876390625 0.030758996875 0.7031594109375 0.262997928125 0.7119245328125 0.2670306765625 0.7210470984375 0.26082757968750003 0.7760749453125 0.2152342171875 0.7852949953125 0.20623952656250003 0.7881711625000001 0.198886634375 0.7888243828125 0.1951827796875 0.7841118875 0.1801115546875
5 0.835893571875 0.24247811718749998 0.8263452499999999 0.2458713484375 0.7693219203125 0.2886000296875 0.7627505718750001 0.2967555484375 0.7619348765625 0.3051120609375 0.7637678828125 0.3126294 0.8627520578125001 0.43347594999999994 0.8785467812500001 0.431232515625 0.9257293328125 0.4002718484375 0.9301752234375 0.39297377187500004 0.929911940625 0.3855112484375 0.9239904890625 0.3750561375 0.835893571875 0.24247811718749998
5 1 0.4904961140625 0.9613813765625 0.4294668328125 0.9572279421875001 0.42839012343749994 0.9048129765624999 0.45916807187500003 0.9002371078125 0.4701882734375 0.90000964375 0.47670199375 0.9615737609374999 0.558975159375 0.9730850671875 0.5593771421875 0.9987494515625001 0.544538553125 1 0.50872751875 1 0.4904961140625
1 0.9496311593750001 0.090861659375 0.94036864375 0.056066554687500006 0.9400045546875001 0.03648885 0.9355942718750001 0.014906515625 0.8887588390625 0.013270985937499999 0.8948466546875 0.054476890624999996 0.8992991890625 0.0769923671875 0.9037159078125001 0.0855315984375 0.9114770109375 0.13331759999999998 0.9208695062500001 0.16439057968749998 0.9271159046875 0.16554037500000002 0.9432355781249999 0.1539916265625 0.9493519984375001 0.15886354687499998 0.9536679078124999 0.155287596875 0.9496311593750001 0.090861659375
1 1 0.08377705156250001 0.9967520453125 0.07666883125 0.9952831296875001 0.088729196875 0.9883510125000001 0.0922137859375 0.9816138656250001 0.0901151875 0.9784386015625 0.0760293125 0.9723221796875 0.07115739062500001 0.9711099000000001 0.060866728125000005 0.9591986828125 0.026910793750000002 0.958849928125 0.0157186203125 0.8726184484375 0.012707350000000001 0.8645894984375 0.02081196875 0.836698559375 0.0394029875 0.8337215875 0.0346406984375 0.831045684375 0.0112555984375 0.7625135359375 0.008862403125 0.76255745 0.01724893125 0.7602045265624999 0.024620096875 0.7620050375 0.033067967187500005 0.766551734375 0.0378850734375 0.768778003125 0.049142810937499996 0.8192923859375 0.1478001 0.823686578125 0.20199019218749997 0.8282949421874999 0.190039459375 0.8286198921875 0.18073414375000002 0.8403586625000001 0.17462240625 0.888415990625 0.2536289046875 0.8954814109375 0.2613289640625 0.9160177984375 0.25831944375 0.92961875 0.24388774062500002 0.9719946453125001 0.21555421875 0.9848123953125001 0.2085484953125 0.9925960249999999 0.2106836375 0.993902465625 0.20327592968750002 0.9977276296875001 0.19875117656250002 0.9997847765625 0.1848480203125 1 0.184557153125 1 0.08377705156250001
1 1 0.23275371875 0.9891999406249999 0.232925034375 0.9520239625 0.26237180625 0.9446335953125 0.2639770609375 0.9402202015625001 0.27034460625 0.9269117046875 0.27640152812499996 0.9122967671875 0.28986615625 0.918153228125 0.30218232968750003 0.9334313578125 0.329734175 0.9444552421875001 0.34409413125 0.9502792093749999 0.3573408359375 0.9552549859375 0.3798745828125 0.9610431359374999 0.37914504375 0.986100371875 0.41169671250000006 0.990286303125 0.4118428890625 0.9920509953125001 0.406314515625 1 0.40458792031249996 1 0.23275371875
1 0.547603875 0.8920305187500001 0.5524463500000001 0.9033796171875 0.5868178000000001 0.909238225 0.591166203125 0.90473174375 0.5961970015625 0.8806841015625 0.54805548125 0.8640963015625 0.5463591015625 0.8826703890625 0.547603875 0.8920305187500001