2 0.458882034375 0 0.45737185625 0.07703726875 0.461676015625 0.4751465296875 0.463712625 0.47715701250000003 0.4715869875 0.469954690625 0.49196937968750004 0.4386591421875 0.49740914218750004 0.43704047968750004 0.5530403859375 0.366661625 0.555342053125 0.3125253828125 0.5463294125 0.0017418484375 0.5130929578125001 0 0.458882034375 0
7 0.969379184375 1 0.9649039609375001 0.9784088890625 0.9631059859375 0.9411915421874999 0.96029981875 0.933429478125 0.9591586937500001 0.914332178125 0.9550357281249999 0.9112604781250001 0.9512112593750001 0.902493171875 0.951025475 0.8958203109375 0.9462192375 0.8955684265625001 0.94591063125 0.8708035078125 0.9488295093750001 0.8661971046874999 0.946122840625 0.85653650625 0.9231099515625001 0.8562823265624999 0.9015265734375 0.8389693171875001 0.8407338375 0.8443501796874999 0.7782263140625 0.8620155453124999 0.7770090140625 0.8648073734375 0.779032409375 0.8772877875 0.8024798265624999 0.8794684890625 0.8036808109375 0.9280770484374999 0.78939813125 0.9349435234374999 0.754288415625 0.9407185015625 0.748016134375 0.9480047828125 0.7435083890625 0.9420572937499999 0.7365660453125 0.9416934609375 0.7239351921875 0.9476946296875 0.722469146875 0.9552327953124999 0.7246915390625001 0.9639161406250001 0.7262333671875 1 0.969379184375 1
7 0.715051125 1 0.714259753125 0.958610059375 0.7075164046875 0.9544491562499999 0.7030949453125 0.9570730609375 0.6769276484375 0.9557016921875 0.6443885703125 0.9635151390625 0.638663525 0.9603594781250001 0.6228782625 0.96524345625 0.6090930718750001 0.9626172546875 0.5980643 0.9687023859374999 0.5647059109375 0.9717135203125 0.5321170828125 0.9804762374999999 0.527858084375 0.9697824078125 0.52865406875 0.9545941265625 0.5311384171875 0.9480612015625001 0.529141446875 0.9146409249999999 0.5358117234375 0.8997605015625 0.5477593015625 0.8965791484375 0.5496233390625 0.8814468421875 0.5500710796875 0.8729034312499999 0.5409926296875 0.87242765 0.498890821875 0.8787880625 0.45240409374999996 0.8972930421875001 0.4498202453125 0.905724503125 0.44831766406250007 0.9037420062500001 0.452526915625 0.9153851015625 0.46412624999999996 0.9188486203125 0.4700573 0.98959819375 0.444808809375 0.9911306015625 0.4250220015625 0.9967567421875 0.48690704374999993 1 0.715051125 1
7 0.6806144703125 0.6503430812500001 0.681460203125 0.63420553125 0.6745676078125 0.6328924312499999 0.6689288484375 0.6383081671874999 0.67041821875 0.6507605937500001 0.6756589843749999 0.652939 0.6806144703125 0.6503430812500001
1 0.8026889328125 0.9061319453125 0.7987416406250001 0.8792725796875 0.7762130296875001 0.8799956546875001 0.7691579734375 0.8920002890625 0.75817895 0.8971361515625 0.7421084078125 0.8972458046874999 0.727119128125 0.8869415 0.7229829515625 0.8943397328125 0.7238387953125 0.9086627078125 0.7216031921875 0.9104492953125 0.7212549484374999 0.9170941687499999 0.7239748296874999 0.9162848359375 0.7281343312499999 0.9288771984374999 0.7356472390625 0.9387896843749999 0.74332260625 0.9353844312499999 0.7521523109375 0.9406065531250001 0.801060428125 0.9269878453124999 0.8026889328125 0.9061319453125
1 0.716216278125 0.870188234375 0.6624653875 0.87403439375 0.6282744796874999 0.8827131484375 0.6171827453125001 0.9002174765625 0.623130109375 0.9195666609375 0.6320958484375 0.9324109093749999 0.6359832812499999 0.929759015625 0.65411375625 0.9516504421875001 0.6674776312499999 0.9418801890624999 0.67145135 0.9477996921875 0.676406834375 0.9452037734375001 0.688875228125 0.9525203390625 0.7014065828125 0.9484177046875001 0.712783596875 0.9356877000000001 0.7187838125 0.9131571624999999 0.7206245250000001 0.8780342593749999 0.716216278125 0.870188234375
1 0.545792665625 0.9545404468750001 0.5619992421875 0.962052921875 0.569077621875 0.9700388828125 0.579423121875 0.9667735671875001 0.597682621875 0.9248961390625 0.597112059375 0.9153474890625001 0.5725468390625 0.9140600796875 0.5594946703125 0.907664796875 0.5292409453125 0.9127423890624999 0.5280236453125 0.9155342171875 0.529722121875 0.9546501 0.545792665625 0.9545404468750001
8 0.2958783796875 0.9719029906250001 0.29469761562499996 0.9842154828125 0.30357706875 0.9884883343749999 0.315338865625 0.9786341203125 0.3161216359375 0.9739157687500001 0.3137499984375 0.9680802281249999 0.2986480109375 0.970144390625 0.2958783796875 0.9719029906250001
8 0.3714878203125 0.959683640625 0.37327568437499997 0.9664404609374999 0.3839430015625 0.9774701359375 0.40391418906250004 0.9642386578125001 0.40489595625 0.9557232375 0.402958846875 0.95181421875 0.3792626859375 0.9543798546875 0.3714878203125 0.959683640625
2 0.3372471640625 0.9693116625 0.3364537078125 0.9921150750000001 0.381128978125 0.99445640625 0.3813226171875 0.9763809328124999 0.3719720984375 0.9606608953125001 0.3526476453125 0.9615518921874999 0.3372471640625 0.9693116625
8 0.7688260453125 0.8472447750000001 0.730412675 0.8547503640624999 0.7226743453125 0.8695748125 0.7250825203125 0.8849310171875 0.7453125671875 0.897413728125 0.7642024890625 0.8945962078124999 0.7749459796875 0.8837367515624999 0.7758912109375 0.8657006671874999 0.7688260453125 0.8472447750000001
8 0.54995836875 0.8852718984375001 0.551013209375 0.895797803125 0.5569240359375 0.9056263250000001 0.5757509984375 0.914228003125 0.597112059375 0.9153474890625001 0.613394809375 0.900970834375 0.623753521875 0.8872355890625 0.624685540625 0.879669434375 0.6221778671875 0.866211765625 0.6160315078124999 0.8506596515625 0.55842971875 0.8666783656250001 0.551673159375 0.8729873937500001 0.54995836875 0.8852718984375001