6 0.3970085921875 0.42194985625000003 0.47509073749999997 0.41785774375000007 0.4883863203125 0.41600195624999997 0.49729973125000004 0.40916034687499997 0.4995641734375 0.39339522968749996 0.49194365468749995 0.3462757765625 0.4784034140625 0.32380547656249997 0.3910747 0.32838218124999996 0.37678200781250004 0.33086972187499997 0.371857034375 0.33518431406250004 0.379020884375 0.353932303125 0.3744290671875 0.3646039109375 0.37521652968749997 0.37962958750000003 0.3970085921875 0.42194985625000003
7 0.36965080625 0.3324024484375 0.370832 0.3549409625 0.39193218281250003 0.42337489375 0.4751513125 0.4190135640625 0.4884468953125 0.417157778125 0.5005030703125 0.41131045781250003 0.48988886249999997 0.3463834640625 0.47940052499999997 0.32317372187500004 0.3818281296875 0.32886677343750004 0.36965080625 0.3324024484375
7 0.4653103953125 0.250895421875 0.466850309375 0.24096325312500003 0.44091128749999997 0.1391720359375 0.3259034390625 0.1463583375 0.31372611250000004 0.1498940140625 0.31953177187500004 0.182041634375 0.33515709375 0.204982159375 0.3330743734375 0.2242147390625 0.3439564421875 0.2549373203125 0.35269049531249996 0.26433105156250003 0.408109340625 0.260267678125 0.4653103953125 0.250895421875
7 0.5208810890625 0.5052801453125 0.5121749624999999 0.47676152031249996 0.463857034375 0.47871425624999997 0.40852905 0.48451136406249995 0.42615567499999996 0.5652967921875 0.52372806875 0.5596037421875 0.52774679375 0.5576546375 0.5208810890625 0.5052801453125
7 0.2028793921875 0.334768090625 0.1875872296875 0.3181845828125 0.17147731718749998 0.2859974875 0.025617281250000002 0.2942211875 0.0001140859375 0.2990347390625 0.0065534109374999995 0.32361567812500003 0.06896855625000001 0.45304965468749997 0.21999586093749998 0.44513464999999997 0.23734045625000003 0.44190766562499995 0.22125846875000002 0.390595678125 0.2111638625 0.374898771875 0.2028793921875 0.334768090625
7 0.2310667390625 0.5384331062500001 0.1169651375 0.543253921875 0.1152132140625 0.549140715625 0.1081425859375 0.5518292625 0.0681999875 0.5956464140625 0.07219078749999999 0.6128222015625 0.0869098609375 0.6381282109375 0.0962170046875 0.6387994406249999 0.11921109999999999 0.625424915625 0.137522515625 0.6209882671875 0.15713863749999998 0.6611045796874999 0.16445156249999998 0.6630393171875 0.317594234375 0.656172446875 0.3176221609375 0.6370475515625 0.3005733515625 0.586945228125 0.2764539125 0.5395314531250001 0.2679621546875 0.5347610046875 0.2585944375 0.5329339562500001 0.2310667390625 0.5384331062500001
7 0.174380978125 0.8131883890625 0.186558303125 0.8096527124999999 0.20435484062499998 0.795391584375 0.21777157187500001 0.795847440625 0.23085986875 0.8293518859375 0.24243381406250003 0.833960803125 0.375149703125 0.8304824453125 0.3768713390625 0.824017740625 0.3481832859375 0.7287450703125 0.344979946875 0.7265949593750001 0.3264262328125 0.7264083234375 0.19679253593749998 0.7297251499999999 0.17150371250000002 0.75828688125 0.16210806875 0.7755847250000001 0.1640440765625 0.7928682 0.174380978125 0.8131883890625
1 0.16839554375000002 0.5417175656250001 0.2207624859375 0.5383936312500001 0.24309262656250002 0.532007878125 0.2462353921875 0.5330021687500001 0.255994478125 0.5226392515625 0.260495434375 0.5102339109375 0.2349572296875 0.47506394375000005 0.21147618124999998 0.4594890953125 0.1483506796875 0.45410489531250003 0.103145228125 0.4564740125 0.0929318359375 0.45816827031249996 0.0900616546875 0.4623751734375 0.124005478125 0.5399874640625 0.14165294374999998 0.5425395859375 0.16839554375000002 0.5417175656250001
1 0.3202221203125 0.64734225625 0.317624521875 0.65675035625 0.2179367625 0.6613952734375 0.2048229015625 0.6667185250000001 0.19149703125 0.6679964015625 0.1830658484375 0.6643817750000001 0.175964934375 0.6664924140624999 0.1806196875 0.6766794296875001 0.1931604546875 0.68007868125 0.29753325625000004 0.686198690625 0.32711575000000004 0.6805918546874999 0.3490521625 0.6666932609375 0.3555776234375 0.653602321875 0.34629840624999997 0.6338062 0.32399618750000003 0.621067059375 0.31571644062500004 0.6203419890624999 0.3148101921875 0.6227074734375 0.3202221203125 0.64734225625
1 0 0.2519026546875 0.018423142187499998 0.27489528750000003 0.00941886875 0.2800031640625 0.0141039078125 0.2907680921875 0.030693690625 0.292796146875 0.14467414375 0.2856636890625 0.19861600937499999 0.3123911078125 0.2045707421875 0.3277254765625 0.209223134375 0.3182096890625 0.20828423593749998 0.3002944609375 0.1862825265625 0.273631621875 0.15440058125 0.25502005781250003 0.12203640625 0.2468647296875 0.090941925 0.243278840625 0.0395418046875 0.245393109375 0.0177847546875 0.2430563609375 0 0.2480488609375 0 0.2519026546875
4 0.5210930984375 0.5093255203125 0.525265621875 0.5299687703125 0.5315511484375001 0.5319573515625 0.6817630671875 0.5281415640625 0.7108912562499999 0.5138660671874999 0.6970505078125 0.5053194640625 0.6834520546875 0.5013961453125 0.59790555 0.5006639671875 0.5249906765625 0.5050647703125 0.5210930984375 0.5093255203125
4 0.69644240625 0.474058446875 0.5772038203125 0.4791484796875 0.5723394203125001 0.48461889375 0.5730965968749999 0.49906665937500005 0.5752422515625 0.500692703125 0.620417415625 0.4977456765625 0.6729963671875 0.49846711718750003 0.7221599703125 0.49299307187499997 0.7250604390625 0.48936407812500005 0.7131533359375 0.47839814531249997 0.69644240625 0.474058446875
5 0.293907846875 0.44010209062500005 0.308869215625 0.4700313859375 0.3170278125 0.46844481718750003 0.318598015625 0.459090559375 0.28226151875 0.33582333124999997 0.27908846718749997 0.33425112968750004 0.2668505671875 0.336630984375 0.26754716875 0.349922928125 0.293907846875 0.44010209062500005
5 0.2359794875 0.180045946875 0.222075803125 0.1506407171875 0.212738371875 0.14939157812499998 0.20479178125000003 0.1550235234375 0.20563981875 0.17120501875 0.2413100015625 0.2817582140625 0.2693549421875 0.30578634843749997 0.2359794875 0.180045946875
5 0.361856065625 0.5964824906249999 0.333137725 0.5006319109375 0.31984214375 0.5024876984375 0.31821136875 0.510686134375 0.3506479265625 0.6185113062500001 0.359712775 0.6145592515625 0.3625526671875 0.6097744359374999 0.361856065625 0.5964824906249999