7 0.075010775 0.8484871765625 0.1510104765625 0.8015963984375001 0.1728331625 0.8499602765625 0.178294315625 0.850150984375 0.23832114375 0.8065882859375 0.22035514687500002 0.7573876203125 0.298674840625 0.706691996875 0.3010964828125 0.6999763046874999 0.2921373921875 0.5024559328125 0.28971176249999997 0.4936280375 0.048428503125 0.607606903125 0.0478524921875 0.6241017046875 0.05606415625 0.7021057078124999 0.07193738125 0.8425510562499999 0.075010775 0.8484871765625
7 0.40656446874999996 0.43553482812500005 0.29428398125 0.4879589109375 0.2948460453125 0.550152334375 0.29703449375 0.56577220625 0.3013296765625 0.6776407390625 0.30611316875 0.69723709375 0.3540616828125 0.6707389906250001 0.3794660078125 0.7104847515625 0.3883732671875 0.7059384734374999 0.4276178203125 0.6781649562500001 0.42775335312499996 0.6742838265625 0.414299784375 0.652441775 0.4098929921875 0.6377159015625 0.467976528125 0.6028285328125 0.47647320156250006 0.594382053125 0.4750640640625 0.5564456859375 0.4778604046875 0.413737896875 0.4758114765625 0.409780484375 0.45929248749999996 0.413089490625 0.40656446874999996 0.43553482812500005
7 0.477455809375 0.5662438640625 0.47814543125000003 0.5934689828125 0.47971601093749994 0.595466759375 0.5120344703125 0.5781375 0.5179400875 0.581258125 0.5404065515625 0.6111866375 0.5475399328125 0.610464275 0.5793800421874999 0.5911753796875 0.5822800328125 0.586419321875 0.5619641484375 0.5575373734375 0.5627474453125 0.5507644671875 0.6224354421875 0.5169045921875 0.62973225 0.3549246515625 0.617717715625 0.3545050953125 0.6016770765625 0.3597737359375 0.51335390625 0.399433909375 0.4796342828125 0.4099139796875 0.477455809375 0.5662438640625
7 0.6483739203125001 0.5100386593749999 0.6790321125000001 0.540253234375 0.7135350328125 0.5230002578125 0.715275028125 0.520146621875 0.7127138671875 0.51519985625 0.692605265625 0.49603980312499996 0.69229633125 0.48922875625 0.7450921171875 0.46484285468750003 0.753178209375 0.452496175 0.7590100734375 0.30115119687499997 0.74696165625 0.301701921875 0.6311971921875 0.3442896859375 0.6270515046875 0.41603336874999997 0.623527671875 0.5169427343749999 0.6288871765625 0.5200442890625 0.6483739203125001 0.5100386593749999
7 0.75198034375 0.439825290625 0.7537243250000001 0.4525152453125 0.7641343953125 0.45190730781250005 0.7934591890625 0.47333212968750005 0.820214846875 0.45872300781249997 0.82099814375 0.4519501015625 0.80287070625 0.438688025 0.8002417796874999 0.43568182499999997 0.8004111937499999 0.43083041250000004 0.826074621875 0.41618315 0.833208003125 0.4154607875 0.8483935921875 0.403362028125 0.87037173125 0.25938115 0.858357196875 0.25896159375 0.82788038125 0.27052637343749997 0.7650512234375 0.30039069375 0.753369546875 0.400043715625 0.75198034375 0.439825290625
7 0.872340578125 1 0.8801878875 0.8707757859375 0.8765344953125 0.8657908781250001 0.8700149953125 0.864591746875 0.854283290625 0.8766714375 0.7703709 0.94660106875 0.7138527625 1 0.872340578125 1
7 0.9828443874999999 1 0.9910891296875001 0.7639014671875 0.9445836359375 0.827365653125 0.899136490625 0.8918382625 0.8935776765625001 0.9101019906250001 0.8862230640625001 0.9797906828125 0.8829842421875 0.9942495656249999 0.882907975 1 0.9828443874999999 1
8 0.8269376453125 0.4541004453125 0.8312049171875 0.4571638578125 0.8389521796875 0.45452000156250005 0.8420893515625 0.4429719671875 0.8411665359375 0.43808241406250004 0.8336564546874999 0.43393429375 0.82703530625 0.4356460109375 0.8255025968749999 0.4482215375 0.8269376453125 0.4541004453125
8 0.74319068125 0.5036350781250001 0.753363571875 0.509819115625 0.7604630703125 0.5100670359375 0.76387529375 0.5063003312500001 0.7642141234375 0.4965975078125 0.756907340625 0.48662769375000003 0.738817771875 0.4879389234375 0.7364300140625 0.493684334375 0.74319068125 0.5036350781250001
8 0.6358631015625 0.570804103125 0.653237140625 0.5743252156249999 0.6583893578125 0.567704875 0.6560992609375 0.55499585 0.6486569453125 0.548907165625 0.6349701828125001 0.549400678125 0.6287596171875001 0.5550125953125 0.628488553125 0.562774853125 0.6358631015625 0.570804103125
8 0.5076555875000001 0.672216746875 0.5158134328124999 0.673473090625 0.5220578828125 0.6668908921875001 0.5214738953125 0.652298515625 0.5136209968750001 0.6423096312500001 0.5005481171875 0.6408816484375001 0.49153920781249993 0.648338775 0.49382930468749997 0.6610478 0.5076555875000001 0.672216746875
8 0.31226394218750003 0.72465291875 0.3135295734375 0.7353832390624999 0.3263313921875 0.744573478125 0.3366398140625 0.7468763859374999 0.343294846875 0.7441943875 0.34677483593749997 0.73848711875 0.3468047328125 0.7219732484375 0.33840571875 0.7119652921874999 0.32584506874999997 0.711526665625 0.31226394218750003 0.72465291875
5 0.2667550171875 0.9474722625 0.21932272187500002 0.9905033062499999 0.32127823125 0.9940636703125 0.3395996125 0.97527415625 0.35359132187500003 0.9660481000000001 0.3576513109375 0.9593896203125001 0.3716091375 0.9511338484375 0.3736879609375 0.9385773890625 0.3608482734375 0.91481384375 0.3576014796875 0.8981855484375 0.3499179953125 0.8833452515625 0.346095190625 0.88321175625 0.2667550171875 0.9474722625
5 0.42491316875 0.9121937109375 0.42982820468750005 0.9123653484375 0.4439893296875 0.8982878812499999 0.4556610484375 0.8928666749999999 0.5230245546875001 0.84275991875 0.556841840625 0.8138254109374999 0.5394259453125 0.7801874046874999 0.5315052812500001 0.772139084375 0.40438601093750004 0.8580462796875 0.4045255296875 0.869708740625 0.4087250359375 0.8747127171875 0.41825415 0.8993321203125 0.4235458875 0.904374240625 0.42491316875 0.9121937109375
5 0.578598746875 0.7388108640625 0.5829716546875 0.75450701875 0.6027414265625 0.7833698953125 0.70610668125 0.704404915625 0.6832296328125 0.670576203125 0.6761979015625 0.6683877171875 0.578598746875 0.7388108640625
1 0.4769714734375 0.4078780625 0.4868693125 0.406280771875 0.518573890625 0.3908730046875 0.514374384375 0.3858690265625 0.5122537015625 0.368308590625 0.5125088171875001 0.298371978125 0.5062225125 0.27483728125 0.50192135625 0.27274414999999996 0.46652950468750004 0.2841372921875 0.4602850546875 0.2907194890625 0.45714788281249996 0.302267525 0.459834615625 0.397564975 0.4627047125 0.40932278593750004 0.4732503140625 0.40483371874999996 0.4769714734375 0.4078780625
1 0.5174198671875 0.2830000265625 0.516538909375 0.3082273671875 0.5193193171875 0.3695267921875 0.5219861140625001 0.3871063 0.527582796875 0.383415878125 0.533107728125 0.3661224328125 0.5458417812499999 0.3772532359375 0.5551257390625 0.3775774390625 0.603417071875 0.3569201015625 0.601435909375 0.35102212499999996 0.5754555734375 0.3277711625 0.578437278125 0.242386315625 0.5721509703125001 0.21885161874999998 0.5579180921875 0.21932606093749998 0.53194573125 0.22716227656250002 0.5290796234374999 0.23094805312500002 0.5252269203125 0.24732842812500003 0.5228092656250001 0.269587709375 0.5174198671875 0.2830000265625
1 0.865167725 0.8624795453124999 0.8667383046875001 0.8644773234375001 0.8719244046875 0.8568866999999999 0.9590497093750001 0.8045556453125 0.9910376781249999 0.7653748593749999 0.9937470328125 0.6877890765625 0.9355607671874999 0.647329434375 0.920883421875 0.6448739609375 0.9085300578125001 0.6541572265625 0.891947290625 0.6749503859375 0.8874807062500001 0.69325225625 0.8815491796874999 0.7221890906249999 0.8901554796875001 0.7419189390625001 0.8792411484375 0.772624703125 0.8660865531249999 0.8518255109374999 0.865167725 0.8624795453124999
1 0.84986055 0.7997712109374999 0.8541238359375001 0.787291034375 0.8613249828124999 0.784628109375 0.8677388453124999 0.7731944984375 0.880287534375 0.727002359375 0.8799447171875 0.7211615953125 0.8914689421875 0.6729907515625 0.8910842671875001 0.637033090625 0.8844591328125 0.62320121875 0.8791335124999999 0.6191293812499999 0.8692695546874999 0.619756390625 0.8631267546875 0.6234277406250001 0.8544945484375001 0.6357553499999999 0.84111671875 0.6430599109374999 0.8058723609375 0.6972026890625 0.790577146875 0.68112511875 0.7734402921875 0.67081203125 0.758149065625 0.6702780500000001 0.7352162140625 0.6850206671875 0.730440696875 0.6965114875 0.7449486265624999 0.703818375 0.7559127875 0.7343166859375 0.7562296953125001 0.7722149109374999 0.749586625 0.8215276734374999 0.7699603171875 0.9427008703125 0.773783121875 0.942834365625 0.7772292296875001 0.9380973765625 0.7761629078125 0.9060017765625 0.7938717875 0.8842764765625001 0.80100516875 0.8835541140625001 0.8427391328124999 0.8471243375 0.846870871875 0.8540688812499999 0.8482760234375 0.8764616578125001 0.85039271875 0.8784785062499999 0.855511053125 0.8728284484375 0.853759096875 0.82905131875 0.84986055 0.7997712109374999
1 0.6351445906250001 1 0.6346074609375 0.9982051078125 0.6319705578125 0.96411173125 0.6286221140625 0.9503942828125 0.629883759375 0.9455810124999999 0.642821109375 0.9508901218749999 0.6534344796875 0.9444604906249999 0.65663941875 0.9309718921875 0.6642471609375 0.916665575 0.68335720625 0.9017894640625 0.6879672953125 0.9106936421875 0.687628465625 0.9203964656249999 0.6908035078125 0.9234217375 0.6941818468750001 0.9206253156249999 0.695748440625 0.9070795031250001 0.7157852890624999 0.912636534375 0.7212504265625 0.92837083125 0.7187271359375 0.9379973703125 0.723917225 0.9459503375 0.726554125 0.980043715625 0.733755271875 0.9773807874999999 0.7264963203125 0.887752465625 0.7234229265625001 0.8818163484375001 0.724786221875 0.8740922296875 0.7307596046875 0.875272290625 0.73816405 0.86678766875 0.7471988656249999 0.8272730828125001 0.7550358171875 0.7750876140625 0.75615395625 0.743068296875 0.7543760890625 0.7313486250000001 0.7454608578124999 0.704807728125 0.7336157375 0.699536759375 0.7198612093750001 0.7019708390625 0.6933128375 0.7263018531250001 0.6677251484375 0.770095728125 0.604764446875 0.81938476875 0.6159956859375 0.8265772296874999 0.6271292609375 0.852224128125 0.6256045265625 0.8958868343749999 0.621548525 0.918088903125 0.6228480421875 0.9278489390625 0.620019803125 0.946208021875 0.6222800046875 0.9754309156250001 0.6177416671875 0.9801297609375 0.62491291875 0.99398070625 0.6258916625000001 1 0.6351445906250001 1
1 0.5780065984375 1 0.579415940625 0.9972492453124999 0.5896187281249999 0.9869194125 0.5980815203125001 0.9794432140625 0.606887128125 0.9778077828124999 0.6128904093750001 0.962473971875 0.619880284375 0.9345455625 0.6243428796875 0.9007001046875001 0.6270276124999999 0.8551349765625 0.6232347015624999 0.838487609375 0.6101239484375001 0.822486321875 0.605276678125 0.8203741203125 0.5925127296875 0.8257571875 0.5501648875 0.86410845625 0.5425192734375 0.863841465625 0.43000958125000005 0.9541447015625 0.4282695875 0.9569983375 0.42827357499999996 0.972541925 0.43288764999999996 0.9969896921875 0.43363393281249996 0.99798721875 0.491272459375 1 0.5780065984375 1
2 0.708757528125 0.6598100687499999 0.721932059375 0.658327203125 0.72497156875 0.665233603125 0.7305004875 0.663483746875 0.7362366921875 0.671455784375 0.73763785625 0.678304971875 0.7337472843749999 0.6801120421875 0.733031753125 0.6849443843749999 0.754838490625 0.6711339078125 0.7767508656250001 0.6699561734375 0.77446076875 0.6572471484375 0.7485481984375 0.632055621875 0.7004641515625 0.6624348546875 0.7006714359374999 0.6721567484375 0.7019669656249999 0.666373196875 0.708757528125 0.6598100687499999