7 0.46961709999999995 0.7901259734375 0.4661167328125 0.8247930625000001 0.45782735781249995 0.8302444078125 0.43706895 0.8293810390624999 0.41214080624999994 0.8440165484375 0.4067715109375 0.8521453937500001 0.3988375921875 0.8677757203124999 0.3974171328125 0.8810608984374999 0.3964952390625 0.908623090625 0.40038868125000004 0.9121930890625001 0.40511237656250004 0.9125575593749999 0.41151504531249994 0.907039740625 0.4130832265625 0.8979847890625001 0.42470746718749997 0.8801078999999999 0.43116553125 0.8761764187500001 0.4415170375 0.8758149359375 0.4433252671875 0.8736341 0.45948000625 0.8775700593750001 0.4533457703125 0.9177557109375 0.45233154999999997 0.9426740109375 0.455210084375 0.9441617593749999 0.67301709375 0.975733075 0.7042562640625001 0.9799364109375001 0.7117661671875 0.9791447359375001 0.771196353125 0.8463018984374999 0.778760965625 0.82009600625 0.6812238734375 0.806031115625 0.5137908640625 0.7869951234375 0.48343734375 0.781172590625 0.47592744218750005 0.7819642671875 0.46961709999999995 0.7901259734375
7 0.5032861453125 0.567121971875 0.49208591874999996 0.5701602078125 0.4885063890625 0.5755794375 0.48992753437500003 0.589294809375 0.4871967234375 0.5920372875 0.48948505156250005 0.6036046828125 0.48308238281250004 0.6091224984375 0.4511237515625 0.611297365625 0.449998053125 0.6060424453125 0.4452558921875 0.6051491984374999 0.426398728125 0.6317494359375 0.40516159375000005 0.6711389328124999 0.4068973359375 0.7208440859375 0.41258054218750007 0.7217044703125 0.42082837343749996 0.7150633734375 0.4233191328125 0.7054467796874999 0.42881768750000004 0.70101938125 0.4286053359375 0.69493843125 0.48040902812499997 0.6944529640625 0.47998638437499996 0.76329271875 0.4829018484375 0.7658380234375 0.74960631875 0.7946429562499999 0.7864179046875 0.79653400625 0.8757577578125 0.6298224703125 0.8880460640625 0.603981046875 0.8868465046875 0.5966110140625001 0.5721486890625 0.5694820453125 0.53913821875 0.5685171046875 0.5260374359375 0.5710922859374999 0.5032861453125 0.567121971875
7 0.5212706328125 0.32666530312500003 0.5131151296875001 0.335950290625 0.49601011250000004 0.33178280312499997 0.49564080625000007 0.3212072390625 0.48113734375000006 0.3105958265625 0.47825880937500004 0.309108078125 0.4632574703125 0.31122020625 0.45041520312500005 0.321198284375 0.44511976875 0.331442240625 0.41329107968749995 0.36431910625 0.41266463125 0.40034174843750003 0.418440165625 0.403846025 0.43071069375000004 0.4044763734375 0.42989890468749997 0.408210684375 0.43781504375 0.41905212968749994 0.43602596718750003 0.4487622953125 0.4443291921875 0.4437075328125 0.47237523125 0.4104333390625 0.4736479671875 0.3929179328125 0.48099168125 0.3873672546875 0.5102379671875 0.38846364375000003 0.5150355249999999 0.390943225 0.5039864546875 0.533214440625 0.5066256265625 0.5548286234375001 0.8852591703125 0.5781366390625 0.897474303125 0.577180653125 0.9962772062499999 0.38466560312500003 0.989809740625 0.1994616234375 0.980332134375 0.1978674140625 0.92285446875 0.19775688593750002 0.9143111921875 0.19593753281249998 0.88611674375 0.1979809484375 0.7983594187499999 0.194163003125 0.7765861046875 0.191217384375 0.5408445109375 0.1856846625 0.5344049125 0.1901449234375 0.5319880125 0.2018766296875 0.5212706328125 0.32666530312500003
7 0.55614394375 0 0.553553403125 0.0100018328125 0.5545327531249999 0.065027628125 0.5485930906250001 0.13776600156250002 0.5713259171875 0.1412075390625 0.7635762765624999 0.142435353125 0.988002271875 0.14770250468749999 0.9828443874999999 0 0.55614394375 0
7 0.6954345656250001 0.18769818124999998 0.8841053953125 0.1943452265625 0.91890563125 0.192600553125 0.9363231859375001 0.1517561671875 0.931488696875 0.1482190296875 0.7315622484375 0.14302388593749998 0.7136823734375 0.1436482640625 0.706375590625 0.1502565 0.70608083125 0.1687965984375 0.6954345656250001 0.18769818124999998
8 0.6728309968749999 0.18795809218749998 0.684105084375 0.18703496875 0.690175375 0.17199914375 0.6881640265625 0.168363421875 0.680561796875 0.1665112046875 0.6731072921875 0.1688892140625 0.6695092953125 0.173779665625 0.6679965109375 0.1844209546875 0.6728309968749999 0.18795809218749998
8 0.378861525 0.430640446875 0.3700419546875 0.4478899703125 0.37061438125 0.46428209374999996 0.389656884375 0.46997019218749997 0.403791040625 0.47000604062500007 0.41868158749999995 0.46472124375 0.43491873124999997 0.44403615468749996 0.4359514171875 0.41964663125 0.4222412796875 0.40477213125 0.4100076828125 0.40519933750000003 0.39424994999999996 0.41263211093749996 0.378861525 0.430640446875
8 0.40344362968749997 0.594962009375 0.403757540625 0.6039512375 0.4076140515625 0.6064636812499999 0.4256416484375 0.610069528125 0.43411106093749996 0.6097737703125 0.43780138593749995 0.6075272078125 0.44879849062500005 0.5986724125 0.45134464999999996 0.590642153125 0.44853929062500003 0.564268965625 0.42700602343750005 0.5681974624999999 0.4195884484375 0.571633028125 0.41049189999999997 0.580950878125 0.40344362968749997 0.594962009375
8 0.405258040625 0.8357861312500001 0.41479775625000004 0.8391589578125 0.42228919375 0.8378385046875 0.43703201875 0.8283234828125 0.4415156640625 0.8218138343750001 0.43968828281250005 0.796465340625 0.4318275390625 0.7872102296875 0.4197601296875 0.7923964406249999 0.40404001406249995 0.8278873203125 0.405258040625 0.8357861312500001
1 0.507158375 0.46216098906249997 0.5140760125 0.39044730781250003 0.48099168125 0.3873672546875 0.4778922484375 0.40653471874999997 0.46440438124999994 0.42500610781250003 0.4635563484375 0.4546834125 0.4723581390625 0.46390566250000004 0.507158375 0.46216098906249997
1 0.45656416093749996 0.497281428125 0.45411170468749995 0.56195668125 0.4598872375 0.56546095625 0.47784097187499996 0.5669516890625 0.5050020484375 0.56229724375 0.5257789203125001 0.563689390625 0.5434926078125 0.5583060078125001 0.5236383140624999 0.5563522203125 0.5104821359375 0.5573410671875 0.5037217015625 0.55261380625 0.505018453125 0.4818243671875 0.4651436828125 0.47315778750000004 0.45656416093749996 0.497281428125
5 0.5742229156249999 0.1432240640625 0.5647016640625 0.140380015625 0.5534091109375 0.1407743609375 0.5491846671875 0.18168745625 0.556823828125 0.1845972296875 0.5680794484375 0.183145328125 0.5742229156249999 0.1432240640625
5 0.2416958875 0.6577880515625 0.252195115625 0.6616567953125 0.255903903125 0.6599390125 0.25664183125 0.654089590625 0.2622511765625 0.6528348609375 0.2736175890625 0.6545556296874999 0.2363361328125 0.3154385125 0.23244269218750002 0.3118685140625 0.22203579062499998 0.31064366250000003 0.1682484453125 0.30828657187499997 0.1676213109375 0.31730866406249997 0.23970300312499998 0.6546811078125 0.2416958875 0.6577880515625
5 0.1146456421875 0.0131520984375 0.1507535984375 0.2120130890625 0.164278396875 0.19459925625000002 0.188247028125 0.17946783125000002 0.19274914062499998 0.173486959375 0.20767661875 0.1692597203125 0.2037462453125 0.1646321640625 0.20444724375 0.157725184375 0.21271353906249998 0.1516128671875 0.1957142984375 0.01032111875 0.1146456421875 0.0131520984375
5 0.29822022187499997 0.9004076234375 0.30191054375 0.8981610625 0.2833617984375 0.7177461187499999 0.2774939375 0.711597953125 0.2340581015625 0.7088793828125 0.23134575468750002 0.7121506375 0.2733283234375 0.8891001375 0.2802480203125 0.8983881109375 0.29822022187499997 0.9004076234375