8 0.26766694375 0.2952851875 0.2679623890625 0.3037456390625 0.27680111093750004 0.31402544374999997 0.2892747578125 0.3204723546875 0.299681659375 0.32169720625 0.31650969375 0.31793302031250004 0.3423050203125 0.3011495359375 0.33905718125 0.28908622500000003 0.335145275 0.284987446875 0.32272702343750004 0.2801268703125 0.3164344609375 0.26181680625000003 0.307024 0.2621454265625 0.2930744984375 0.2673973609375 0.280250696875 0.277904215625 0.26766694375 0.2952851875
8 0.8499514453125 0.21459713749999998 0.8589926 0.20369295156249997 0.8509656671875 0.1896788375 0.8480871343749999 0.18819108906249998 0.838713603125 0.189577265625 0.8312775625000001 0.19248405468750002 0.8285836828124999 0.19628408749999998 0.8252257359374999 0.20804865625 0.8273478765625001 0.2148570484375 0.8378471062499999 0.21872579218750002 0.8499514453125 0.21459713749999998
8 0.9113684078125001 0.5703423843750001 0.908195115625 0.5873947359375 0.9149855562500001 0.5929812625 0.9225139234374999 0.592718365625 0.9353007953124999 0.5811539546875 0.93592793125 0.5721318625 0.9290451624999999 0.5639014453125 0.91683003125 0.56485743125 0.9113684078125001 0.5703423843750001
8 0.9825418671874999 0.7468019406249999 0.9702713375 0.746171590625 0.9629091593749999 0.751193490625 0.9596250734374999 0.7650731734375 0.9606769109375 0.7682129796875 0.967356559375 0.7706268374999999 0.9795347624999999 0.7686132953125 0.984996384375 0.763128340625 0.9864722390624999 0.7514294968749999 0.9825418671874999 0.7468019406249999
7 0.8795848875000001 0.9282834171875001 0.9063219484375 0.938467625 0.968689496875 0.9437016234375 0.9714572390624999 0.9420167015625 0.971143328125 0.9330274718749999 0.9663450859375 0.9035473421875 0.9540000078125 0.8738013265625 0.8996915171875 0.6946351421875 0.8863499984375001 0.66333565625 0.861899209375 0.5837171953125 0.7026593203125 0.5834543203125 0.48854332031250003 0.57663699375 0.45658468750000003 0.578811859375 0.45199024843749996 0.5821488390625 0.465203196875 0.6367474296875 0.478600109375 0.66963325 0.49581591875 0.67697340625 0.5193605328124999 0.6766806328125 0.542222615625 0.68382361875 0.547740321875 0.7069255484375 0.5546230890625 0.715155965625 0.561247340625 0.7159834890625 0.5651407828125 0.7195534875 0.63302535 0.7208888671875 0.7047848953125 0.72526546875 0.7254879062499999 0.724542503125 0.7406554328125 0.7271893796875 0.781344053125 0.813123303125 0.8306320312500001 0.9294634671875001 0.8795848875000001 0.9282834171875001
7 0.41783355312500003 0.494398546875 0.46073595625 0.562784203125 0.46854130468750005 0.5704529796875 0.48555399374999997 0.5719765765625 0.496053221875 0.57584531875 0.56105925625 0.5756929515625 0.7431427625 0.5825700296874999 0.8278922968750001 0.5811987796875 0.839277175 0.5834483265625 0.8551641640625001 0.5797170031250001 0.8624524828125001 0.572579990625 0.8454568874999999 0.5175840703125 0.8385371890625001 0.508296096875 0.8339974609375 0.486218859375 0.8241622984375001 0.47438558124999997 0.8198256875000001 0.45812490468749995 0.82211333125 0.4426917515625 0.817223446875 0.437568278125 0.8179059796875 0.4301325203125 0.8118903968750001 0.41975412968750003 0.7268747953125 0.1167164234375 0.70582025625 0.08039205 0.676740159375 0.084054665625 0.300009915625 0.169211909375 0.29631959375 0.17145846874999998 0.296578109375 0.1788613640625 0.3077058453125 0.22770911875 0.32455371875 0.27847481093750004 0.3265281375 0.2810529796875 0.3387802015625 0.28115455 0.347415803125 0.2856177953125 0.34691792499999996 0.2983413359375 0.356273675 0.32342693125 0.3630271859375 0.3279559015625 0.364319071875 0.337969825 0.3821996328125 0.36434599843750004 0.379801196875 0.37660648124999996 0.41938327031249995 0.4848148140625 0.41572987812499995 0.4881189328125 0.41783355312500003 0.494398546875
7 0.491272459375 0 0.2368326921875 0.008885232812500001 0.24206718437500002 0.0208791703125 0.23479733125000002 0.0285449625 0.2359599609375 0.0348574390625 0.28821811406250003 0.12832869062500002 0.300193884375 0.1474991390625 0.3059694171875 0.1510034140625 0.3219302671875 0.1493872046875 0.3733000234375 0.13647544843749998 0.389260875 0.1348592375 0.44627690781249996 0.121750309375 0.5025550125 0.114490803125 0.528645784375 0.106167771875 0.537096734375 0.105343234375 0.5457692671875 0.1108640375 0.60846850625 0.09861549375 0.6140593859375 0.09683198750000001 0.613930128125 0.09313053906249999 0.6185430296875001 0.0903223390625 0.641847596875 0.0831554484375 0.7521708734375 0.058655374999999996 0.758647403125 0.055252671875000006 0.7593853296875 0.049403249999999996 0.7533875250000001 0.0125530859375 0.7465047593749999 0.0043226671874999996 0.7456948109375 0 0.491272459375 0
7 0.5087275328125 1 0.8469479171875 0.988189084375 0.840246296875 0.9619519578125001 0.8011627890625 0.8680206359374999 0.7932281828125001 0.8566504125 0.7825805453125 0.8215508921874999 0.747796715625 0.7428226921875 0.7378876921875 0.7288743015625 0.7265028124999999 0.7266247531250001 0.6576772 0.7253222359375 0.41798676874999996 0.7146331796875 0.4123958890625 0.7164166875 0.387910228125 0.7167423234375 0.2671978296875 0.7135457703125 0.2427675640625 0.7154577390625 0.23450126875000002 0.7215700593750001 0.2346489921875 0.725800284375 0.28867844374999996 0.8160331421875 0.266462646875 0.8273973968749999 0.2472915734375 0.845008403125 0.23614674375 0.8496329734374999 0.2290246140625 0.861528990625 0.22062906093749998 0.8639398625 0.2033216125 0.8809563656250001 0.2034878015625 0.88571536875 0.2184898265625 0.9106037921875 0.232254675 0.9000640765625001 0.24085334687499999 0.9034697640625 0.2436210890625 0.90178484375 0.25775524375000003 0.9018206921875 0.2573120765625 0.8891300140625 0.2609654671875 0.885825896875 0.3079993 0.8836540156250001 0.3193472484375 0.8848460062499999 0.323037571875 0.8825994453125 0.329643359375 0.8828981890625001 0.3336291265625 0.8891120796875001 0.33307585156249997 0.9002492828124999 0.34058575625 0.899457609375 0.34750545312500003 0.9087455828125 0.4030673734375 1 0.5087275328125 1
7 1 0.4912724625 0.9957622953125 0.3699204921875 0.9919796468750001 0.3695231625 0.9778085609374999 0.368429759375 0.907451696875 0.3772397515625 0.9037798406249999 0.3800150890625 0.9041306812500001 0.3900618765625 0.9099992265625 0.4232105921875 0.9212924656249999 0.4498167984375 0.9328619984375001 0.45735412656249996 0.9369585578124999 0.46674068750000003 0.9577538953125 0.46866161406250006 0.9617581296875001 0.47540428281249997 0.958215528125 0.4818810703125 0.9461111890625 0.4860097234375 0.945317865625 0.4902728109375 0.9388044046875 0.49261795781249995 0.9325494593749999 0.502366 0.93624046875 0.5271199906249999 0.9487701984375001 0.5621537859375 0.95736886875 0.5655594749999999 1 0.5670614078125 1 0.4912724625
7 0.8907494859374999 0.2497026296875 0.9077252437500001 0.25016866718749997 0.9116186859375001 0.25373866875 0.9108253625 0.25800175468750003 0.89789076875 0.265335940625 0.8950307000000001 0.26437697031249996 0.8886095656249999 0.26936600781250003 0.878258059375 0.269727490625 0.8798823234375 0.2892594234375 0.8877246015625 0.29798575625 0.8828169406249999 0.3193340578125 0.895568253125 0.36071319218750003 0.8984467875 0.362200940625 0.995319128125 0.357229815625 0.9872313078125 0.12562495625 0.9834671234375 0.125756403125 0.8626815484374999 0.147445290625 0.85624195 0.15190555 0.8557256078125001 0.1641003109375 0.8627567828125 0.20356150468749998 0.8694364328124999 0.2059753609375 0.8816515640624999 0.2050193765625 0.8942920859375001 0.24322584218749999 0.88781555625 0.24662854687500002 0.8907494859374999 0.2497026296875
7 0.8638603890625 0 0.868102809375 0.0059000234375000005 0.8635083703124999 0.009237003125 0.863637628125 0.0129384515625 0.8712767875 0.015848225 0.8761858218749999 0.048501024999999996 0.864210740625 0.0563311265625 0.859376253125 0.052793989062500005 0.8489693515625 0.051569137499999994 0.8397066140625 0.056127984374999995 0.8440069781249999 0.0983316546875 0.8588804343750001 0.14651918125000002 0.8664457328124999 0.14731384218750002 0.9872313078125 0.12562495625 0.9828443874999999 0 0.8638603890625 0
7 1 0.5639868328125 0.9865228296874999 0.5640119734375 0.9535677546875 0.564633365625 0.95083694375 0.56737584375 0.9558752359374999 0.6037300937500001 0.9654525703125 0.635161028125 0.973202521875 0.6412434703125001 0.9714312234375001 0.6444818625 0.9763026390625 0.64907655625 0.9858238921875 0.6519206046875 0.9950681640625 0.64683298125 0.9998287906250001 0.6482550046875 1 0.64813401875 1 0.5639868328125
7 1 0.66320941875 0.9762109999999999 0.6734332171874999 0.9745135625 0.6787867234375 0.9886306250000001 0.73229489375 0.998207271875 0.736725278125 1 0.736570821875 1 0.66320941875
5 0.1382543640625 1 0.12409115781249999 0.959430646875 0.11305643437499999 0.9402273375 0.0636761296875 0.8212432828124999 0.0576790125 0.8113936671875001 0.051017828125 0.8095085890625 0.043452529687500005 0.8087139296875 0.0201664296875 0.8164095984375 0.016531503125 0.82024249375 0.010936362500000001 0.821903975 0.0171556125 1 0.1382543640625 1