8 0.211023896875 0.2341166484375 0.2106692140625 0.25084881875 0.21832566875 0.2584211640625 0.240597865625 0.2574115171875 0.2493306140625 0.24634268750000002 0.24992991718750002 0.23949262500000001 0.24337422968750003 0.23201658281249998 0.226911634375 0.2236737984375 0.21848464843749998 0.224908675 0.211023896875 0.2341166484375
8 0.4327796796875 0.3047934359375 0.44200167031250004 0.31348881875 0.4490343484375 0.309173746875 0.4516272625 0.2985538203125 0.44723641406250003 0.285350753125 0.438393578125 0.2786606828125 0.42785067187500003 0.27872436875 0.42635852500000004 0.28944059843750003 0.4327796796875 0.3047934359375
8 0.5972710718750001 0.351724896875 0.597344465625 0.3635641640625 0.60448723125 0.3770079921875 0.611678915625 0.38355360625 0.6160819875 0.383938825 0.6192619781250001 0.37928668593750003 0.6208397406249999 0.367591875 0.6156416640625 0.357276396875 0.6067988265625 0.350586325 0.5972710718750001 0.351724896875
8 0.7390132781250001 0.41145711875 0.746547421875 0.41408841250000006 0.7505346421875 0.40654868437499997 0.7512195609375001 0.3987200421875 0.744370334375 0.38826010625 0.7368361906249999 0.3856288140625 0.7342065812499999 0.39032910468750004 0.7332648203125001 0.40109348906250003 0.7390132781250001 0.41145711875
8 0.8214240671875 0.395001434375 0.83035251875 0.4007129265625 0.8351836625000001 0.39620524375 0.8351469671875 0.390285609375 0.8283833546875 0.3788470953125 0.8170821374999999 0.37490015468750004 0.8107710734375001 0.3773062203125 0.8111869234375 0.385231165625 0.8214240671875 0.395001434375
7 0.803824009375 0.3806427125 0.8090465296874999 0.36532249375000003 0.8517196234375 0.3720141171875 0.9002511578125001 0.22933556249999998 0.8113702703125 0.192963446875 0.8053038265625 0.20525161875000003 0.7791422984375 0.2887509203125 0.7696145453125001 0.28988949218750004 0.765333784375 0.2944453265625 0.754118209375 0.333892984375 0.7381937749999999 0.3384162 0.7220247203125 0.333057309375 0.6944199140625 0.331628271875 0.705341975 0.3335698984375 0.7146862765625001 0.3472063359375 0.7580320656249999 0.35888716718749997 0.7735284250000001 0.3592568515625 0.7764760484375001 0.376277934375 0.7823101218749999 0.385662984375 0.7890186890625001 0.38822205 0.7974517999999999 0.4027648390625 0.8139633140625 0.40420940937500005 0.803824009375 0.3806427125
7 0.797231521875 0.1897543265625 0.7874591468750001 0.1810107890625 0.691508884375 0.14303411093750001 0.685748203125 0.145488328125 0.681589753125 0.1549852171875 0.6393203640625 0.302155921875 0.6391858312500001 0.310032715625 0.7123746546875 0.3292548265625 0.749629525 0.3344863453125 0.7672540046874999 0.2788361953125 0.78520871875 0.232089571875 0.797231521875 0.1897543265625
7 0.49071673593750004 0.28915478906250003 0.538184103125 0.3002101390625 0.546758046875 0.30786275625 0.55810818125 0.30491148125 0.6283371625 0.31993035625 0.6377426046875 0.31385073281250003 0.6848186640625 0.1434348640625 0.6829595875 0.1393279328125 0.6711936015625 0.134354259375 0.5392237718749999 0.083365575 0.5320076406250001 0.1024556546875 0.5257944375 0.1354384703125 0.512328409375 0.18159173125 0.5022869937500001 0.2329749625 0.49081457500000003 0.2753583609375 0.49071673593750004 0.28915478906250003
7 0.33958857187499997 0 0.3048826578125 0.2009132625 0.3054085953125 0.2265971109375 0.3182753484375 0.23166708749999998 0.325772796875 0.2283787484375 0.349524915625 0.22947071718749998 0.41072760468749997 0.252574528125 0.45644615625 0.2624908078125 0.4759542109375 0.2740582484375 0.48797704062499997 0.276096178125 0.49098580312499995 0.2734012 0.4961227109375 0.2590595625 0.5054425124999999 0.20958534062499998 0.529414728125 0.11307558124999999 0.5337566296875 0.088803684375 0.5326680859375 0.07588953125 0.4017975046875 0 0.33958857187499997 0
7 0.041834414062500005 0 0.0411997890625 0.007253792187499999 0.041322098437499996 0.012194845312499999 0.0353290703125 0.0806954640625 0.0347144765625 0.08138124531249999 0.0286572375 0.15061580000000002 0.057992698437500004 0.1576196359375 0.11375269218749999 0.1605258640625 0.11841260625000001 0.1579753421875 0.1404646546875 0.16582106875 0.2065107125 0.17159934999999998 0.23272120937500002 0.1699481890625 0.2555804859375 0.174906328125 0.2654506984375 0.1698534359375 0.266759390625 0.173912215625 0.273363996875 0.17449004375 0.2793081328125 0.15726081875 0.28988773437500004 0.163116765625 0.2946332640625 0.1595876625 0.29700600312500003 0.11344993437499999 0.28278163749999996 0.11121939375 0.2847018578125 0.0956102609375 0.2783540953125 0.0920966921875 0.278231784375 0.0871556390625 0.2694745625 0.0794869859375 0.2688018671875 0.07449778124999999 0.27123577499999996 0.053017168749999996 0.277595759375 0.043712889062499996 0.2795404515625 0.0468412390625 0.2859371328125 0.04345659375 0.288566740625 0.038756303125 0.286328509375 0.0326440578125 0.28988765625 0.02999723125 0.2908294171875 0.019232850000000003 0.2946454078125 0.013650282812500001 0.2943658859375 0 0.041834414062500005 0
7 0.625989 0.562298278125 0.40215401875 0.5407431140625001 0.2785255859375 0.533871309375 0.2656710828125 0.5603566625 0.257146284375 0.61976114375 0.2529022203125 0.6302366125 0.24346010625 0.67476978125 0.24421841562500002 0.67878040625 0.2404880390625 0.68338439375 0.1888744265625 0.9500381953125 0.18275102031249998 0.9741542296875 0.3442156203125 0.9882805515624999 0.43167930312499997 0.970294796875 0.4356665234375 0.9627550687499999 0.54848295625 0.9410709703125001 0.5763935234375 0.9326660531250001 0.600561440625 0.8529366140624999 0.609807878125 0.8359963031250001 0.6189931468750001 0.794398875 0.6924019890625 0.5828997203124999 0.6778473875000001 0.571765653125 0.625989 0.562298278125
7 0.9075287187500001 0.6786343765625 0.9377019390625 0.6063328265625 0.9389372390625 0.5985523359375 0.9355126265625 0.5933223703125 0.8399170734375 0.5829867 0.699177825 0.5815203890625 0.6991289046875 0.5884186031249999 0.681687878125 0.6292937453125 0.67803089375 0.645737 0.661690634375 0.686708446875 0.6578624203125 0.7051088625 0.6172686296875 0.826788328125 0.6117403453125 0.8519425015625 0.6049522890625 0.86613968125 0.5940791703125 0.9016730171875 0.5857500484375 0.9334846421874999 0.5903977390625 0.94375196875 0.593614428125 0.9450194625 0.64020135 0.9323320890625 0.6586208609375 0.9309853765625 0.6606144703125 0.9272155140624999 0.6769180593749999 0.9246976109375 0.7064430828125 0.910517515625 0.7576410015625 0.9021778359375 0.8254482718749999 0.8814862968750001 0.8313434859375001 0.8711552859375 0.8479038937500001 0.8213284640625 0.8595720140625 0.7957253875 0.8754964234375 0.7468289921875 0.888815696875 0.7213703734375 0.8920446078125 0.70982001875 0.9061221890625 0.6883720249999999 0.9075287187500001 0.6786343765625
7 0.8399906203124999 0.8610650359375001 0.8351105578125001 0.87247093125 0.8382416312500001 0.8747170078125001 0.8388164890625 0.893502640625 0.8479650875000001 0.8903587578125001 0.8540682296875 0.88399021875 0.8587648390625 0.8873593312500001 0.8690142062499999 0.884311753125 0.86952789375 0.8784402703125 0.8724510421874999 0.8767238718750001 0.8765116546874999 0.8810234124999999 0.9110757484375 0.8662981078125 0.915857971875 0.8686886390625 0.9385582421875001 0.862786090625 0.9710748203125 0.8524467953125001 0.9937868359375001 0.5928472593749999 0.9727308015625 0.5926342546875001 0.9403315484375 0.601632534375 0.8857457906249999 0.743781415625 0.881538421875 0.7601765171875 0.86364485 0.7872070796874999 0.8627030875000001 0.7979714609374999 0.85222135 0.8226922625 0.8486499796875 0.8381569375 0.841017996875 0.8493220734375001 0.8399906203124999 0.8610650359375001
7 0.6237626781250001 0.010890053125 0.6118988812499999 0.0640859875 0.6006466109375 0.0976140109375 0.6018696875 0.10265136875 0.6821156640625 0.1362958875 0.6888914984375 0.13491655625 0.7196762453125001 0.042947096875 0.6698659390625 0.012951424999999999 0.6243742140624999 0.008971415625 0.6237626781250001 0.010890053125
7 0.5069802921875 0 0.49869104531249997 0.052209443749999994 0.5309802375 0.069825440625 0.5402022296875 0.078520825 0.5999249984375 0.09952301875 0.61397810625 0.0593375421875 0.6249717734375 0.0090236953125 0.5218304765624999 0 0.5069802921875 0
7 0.395407328125 0 0.4960247421875 0.0509901015625 0.5065685531249999 0 0.395407328125 0
5 0.09102808125 0.36955681875 0.0878480875 0.374208959375 0.08978055625 0.39015515624999997 0.0888999625 0.4255766546875 0.092985046875 0.4486136765625 0.09826873750000001 0.457950575 0.2894231484375 0.472702278125 0.2959910578125 0.467360471875 0.293385896875 0.44642506718749997 0.28692804843749997 0.425152596875 0.28697696562499997 0.41825438437500007 0.29388733437500003 0.40899825625 0.29309233125 0.399067996875 0.2872582578125 0.389682946875 0.2088591359375 0.3729632078125 0.1398532328125 0.36298169062499996 0.0910769984375 0.3626586046875 0.09102808125 0.36955681875
1 0.1139488125 0.8872770296875 0.12078579062499999 0.8661816359375001 0.12781846875 0.8618665609375 0.20383257656249998 0.8487955250000001 0.22249665625 0.7685845625 0.26291916249999997 0.5601159015625 0.24322765624999998 0.5633234703125 0.2253096109375 0.57161655 0.18929006875 0.60297771875 0.1584685765625 0.6002811875 0.126497396875 0.6043865640625 0.1101448875 0.6138026828125 0.10022575625 0.6257537875 0.091994471875 0.6437689843750001 0.0875547296875 0.681837309375 0.0827235875 0.6863449921875 0.0727555375 0.7051943125 0.06995776718749999 0.7308338921875001 0.063007659375 0.759561434375 0.0598399171875 0.7957689046875001 0.046997662499999995 0.8538095875 0.0460069828125 0.8714721843750001 0.0483430515625 0.8637879999999999 0.0543605765625 0.8583980406249999 0.0625429171875 0.80290788125 0.064328603125 0.7951755421875 0.0715325109375 0.7889033109375 0.0746513359375 0.7595940546875 0.083457475 0.7603644921875 0.08860663125 0.7775781859374999 0.0871267359375 0.8198497437500001 0.088765665625 0.83281205 0.08706559375 0.8395658062500001 0.0896829796875 0.8476833625 0.0880685234375 0.853458540625 0.0965689015625 0.8640629328125 0.095883984375 0.8718915734375001 0.10213390781250001 0.8892015703125 0.1139488125 0.8872770296875
1 0.5432723953124999 0.4998415609375 0.5366677906249999 0.4992637328125 0.49033771093749995 0.509015365625 0.4744499734375 0.5194582140625 0.459234928125 0.5348902703125 0.4555045515625 0.5394942578124999 0.4562628609375 0.5435048828125 0.5542311796875 0.552076 0.5671468515625 0.5502477640625 0.5690181515625 0.5415368468749999 0.551014465625 0.506435328125 0.5432723953124999 0.4998415609375
1 0.69007814375 0.5777660578125 0.69943466875 0.5785846484375 0.7055378078125 0.572216109375 0.7100876359375 0.5519066859375 0.7087544703125 0.5291104265625 0.7025412421875 0.5177200625 0.6919249453125 0.5059444796875 0.676049428125 0.5035694828125 0.641020565625 0.517268053125 0.627248746875 0.5288820921874999 0.610884015625 0.5511160578125 0.6088047921874999 0.555864503125 0.6102847125 0.5579661203125 0.680941765625 0.56809209375 0.69007814375 0.5777660578125
1 0.7909818078125 0.52742975 0.7739076859375 0.538754875 0.7495318171875 0.5701486625000001 0.748932515625 0.5769987249999999 0.8322973140625001 0.5813339890625 0.8382292265625001 0.5769226093750001 0.84222866875 0.5565650343749999 0.839660203125 0.5415492640624999 0.8319670531250001 0.5280572828125 0.807371009375 0.5239332671875 0.7909818078125 0.52742975
1 0.888574859375 0.5740964265625 0.883739853125 0.582876415625 0.949064296875 0.5905637046875001 0.956647359375 0.586296784375 0.9611604921874999 0.5600677265625 0.9587143359375 0.549993009375 0.9522442640625 0.5415383874999999 0.9390350515625 0.54038273125 0.9132404046874999 0.5499588390625 0.888574859375 0.5740964265625
8 0.9402338671875 0.8816680296875001 0.94166486875 0.8906678625 0.9529538625 0.90743265 0.9654625906250001 0.916594871875 0.9688547156249999 0.8778226984374999 0.9524401484375 0.8689309546875 0.9419339375 0.874914271875 0.9402338671875 0.8816680296875001
8 0.747391634375 0.9052254140624999 0.7471714859375 0.9140807890625 0.7524551765624999 0.9234176859375 0.7816866859375 0.950626878125 0.791043209375 0.9514454671875001 0.7986751921875 0.94028033125 0.7978434921875001 0.9244304375000001 0.7942965671875 0.9142594171875 0.7835579593750001 0.89754278125 0.747391634375 0.9052254140624999