7 0.9890814328124999 0.3263968234375 0.983847915625 0.251554040625 0.8171198140625 0.2759600921875 0.8055681265624999 0.285943534375 0.7795985437499999 0.323315225 0.7670310046875 0.3333697015625 0.7636859234375 0.343926240625 0.7538865890625 0.349772790625 0.7512381046875001 0.355692784375 0.7910158546875 0.3552051703125 0.8030065140625 0.3514993046875 0.9890814328124999 0.3263968234375
7 0.7505920046875 0.44864161874999997 0.761566815625 0.4450067890625 0.9713687500000001 0.42345425625 0.9924867828125 0.375095603125 0.9901560921874999 0.34176518125 0.856469184375 0.3569365015625 0.769185953125 0.364186896875 0.7563390703125 0.370246553125 0.70065223125 0.420592384375 0.6695998734375 0.42907205 0.6658557265625 0.43392169999999997 0.6715153828125 0.45646511093750003 0.698007278125 0.455759578125 0.7271875624999999 0.4497047375 0.7505920046875 0.44864161874999997
7 0.6188503046875 0.6230159484375 0.62799295 0.6223766328125 0.6298650218749999 0.61995180625 0.637951909375 0.6188128359375 0.6453022953125 0.6217397234375001 0.6573328609375 0.618604546875 0.6787854171875 0.6188248765625 0.6826492828124999 0.6156872921875001 0.692807775 0.614976940625 0.6960947625 0.6181879671875 0.7042614625 0.6181903765625 0.7518068484375 0.61199828125 0.863829621875 0.6081792421875 0.8687093359375 0.6049706234375 0.884266328125 0.6084706078125001 0.933266534375 0.6084850546875 0.9409942640625 0.6022098859375 0.9814908671874999 0.451420415625 0.981868215625 0.442218359375 0.9603358453125 0.440856653125 0.6849608625 0.4589657890625 0.6532735296875 0.4875616328125 0.6088807546874999 0.5388381437499999 0.5982651015625 0.5476091734375 0.5802192515625 0.5523119375000001 0.584921153125 0.56115881875 0.5775525796875 0.5725701859375001 0.564945134375 0.582053975 0.5524356906250001 0.5783408859375 0.5495078640625 0.5802660578125 0.5526968484375 0.5966739640625 0.542440353125 0.6105811921875001 0.5428394187500001 0.6162880796875 0.55530895625 0.6194304796875 0.55863585 0.6232121984375001 0.554891703125 0.628061846875 0.6176748296875 0.620804228125 0.6188503046875 0.6230159484375
7 0.27026794062500004 0.9226612875000001 0.26785889687500003 0.9320054125 0.2609075765625 0.9347854140624999 0.2591951296875 0.9394929953125001 0.26768108125 0.9440609140625 0.27098978749999997 0.9621808859375 0.3800266359375 0.974054584375 0.5243787734375001 0.9800179203124999 0.5409117078125 0.98287618125 0.66672096875 0.9895626828124999 0.8576996031249999 0.97620815625 0.8861302671875 0.8686998906250001 0.9328164359375 0.6750401328125 0.9384291250000001 0.63851845625 0.9320546843749999 0.6349498453125 0.7065144125 0.63581069375 0.5303734109375 0.6423928796875 0.40766929531249996 0.7708303703125 0.3699883984375 0.8159027468750001 0.328900796875 0.8560520296874999 0.27026794062500004 0.9226612875000001
7 1 0.639359378125 0.9427718671875001 0.6422291375 0.9180464453124999 0.7557865796875001 0.9641587296875 0.7582968890624999 1 0.75800184375 1 0.639359378125
7 1 0.759280759375 0.957007878125 0.7582234453125001 0.9172301296875001 0.758711059375 0.9153979624999999 0.7617065734375 0.8801402312500001 0.9144236234375 0.889482409375 0.9166377515624999 0.9273082734375 0.9174335859375 0.958799603125 0.9152314968749999 0.98337951875 0.9163800984374999 1 0.9201654984375001 1 0.759280759375
7 1 0.9251101875 0.9972639703124999 0.9251583515625 0.9754522546875 0.9198018234375 0.8804993890624999 0.9195598234375 0.8634924734375 0.9758030796874999 1 0.9662575421874999 1 0.9251101875
8 0.7247825859375 0.327721809375 0.72978555 0.3554724546875 0.7382315953125 0.3594696859375 0.74583960625 0.3514824484375 0.7510567609375001 0.338501084375 0.7494024078125 0.32944110000000004 0.73974098125 0.3226614609375 0.7305983359375 0.3233007765625 0.7247825859375 0.327721809375
8 0.657271771875 0.442550659375 0.6544020390624999 0.43070826406249996 0.6425891921875 0.42235862968750004 0.6253995671875 0.424707603125 0.6198631625 0.43312345781249995 0.6284506453125001 0.45374169843749995 0.6328731999999999 0.4585937578125 0.642255284375 0.461378575 0.6482705671875 0.45981098593749997 0.654902634375 0.452465475 0.657271771875 0.442550659375
8 0.5465841015625 0.450864175 0.5383774953125 0.45029107812499997 0.5293944749999999 0.45321315 0.521866278125 0.4623417609375 0.532547084375 0.498297565625 0.5452161546875 0.504293409375 0.5638787890625 0.493812721875 0.56808009375 0.4809023921875 0.5647713890625 0.4627824203125 0.5465841015625 0.450864175
8 0.23394793125 0.8558100281250001 0.24203481875000002 0.8546710578125 0.2478904765625 0.8508207156250001 0.2589632875 0.8339890078125001 0.2618294921875 0.8165842031249999 0.2526252234375 0.8017438859375 0.2328053015625 0.795674596875 0.183148403125 0.8008673843749999 0.170421240625 0.80863910625 0.1632122921875 0.82233323125 0.16514599218749998 0.8353880374999999 0.17598289375 0.8443793968750001 0.23394793125 0.8558100281250001
5 0.10568730156249999 0.496031665625 0.0950317421875 0.5042320078125 0.102900909375 0.5145778484375 0.1164443921875 0.503881646875 0.1224995796875 0.5028847468750001 0.12421202812500001 0.49817716718750005 0.119789471875 0.4933251078125 0.109910325 0.49803028125 0.10568730156249999 0.496031665625
5 0 0.51746039375 0.009186015625 0.6488265328125 0.2347582609375 0.473242640625 0.24575125937500003 0.4552695546875 0.20817949218749998 0.4143123984375 0.197781559375 0.4115986171875 0.190728709375 0.39832829687500004 0.1794346484375 0.397397615625 0.17546925 0.384484878125 0.1535595375 0.392325228125 0.07309324843750001 0.4386690125 0.044950531249999995 0.4595617609375 0 0.48565635 0 0.51746039375
5 0.43822266875000004 0.2588707328125 0.41151305312500003 0.271061078125 0.3404869421875 0.3064221125 0.3150326140625 0.32196555625 0.30007421875 0.32702590468750004 0.2854749828125 0.337222453125 0.2695007375 0.3423538359375 0.2713945296875 0.35483795625000003 0.3132509453125 0.41327335937500004 0.32044170312500003 0.4139174921875 0.33348811875 0.4107112796875 0.3981397875 0.3717816328125 0.4135154359375 0.3580899171875 0.424450340625 0.3538843984375 0.481174746875 0.318376478125 0.48073577500000003 0.31209890156250003 0.4453336140625 0.2583734859375 0.43822266875000004 0.2588707328125
1 0 0.4242407765625 0.08364374687500001 0.3851711484375 0.071170678125 0.35278155 0.025965651562499997 0.2756554828125 0.0257262125 0.2722313515625 0.0316616828125 0.269522384375 0.0297279859375 0.2564675765625 0.013013706250000001 0.23641761875 0.011000195312499999 0.2222214328125 0 0.2229906421875 0 0.4242407765625
1 0 0.20498202187499998 0.007571771874999999 0.20238939375 0.016913946875 0.20460352187500003 0.0216739421875 0.1996828359375 0.033824228125 0.198259725 0.041631771875 0.1931259359375 0.05589356875 0.19270213125 0.07499517343749999 0.188499021875 0.0788191328125 0.184790746875 0.1260053609375 0.1734624546875 0.13333402656249999 0.161480396875 0.1820947953125 0.1580707125 0.20412422812500003 0.1519424296875 0.21306734062500002 0.14844966875 0.2275867640625 0.13711174375 0.24879988125 0.133907940625 0.2557112953125 0.1305572515625 0.26596778906249996 0.116650021875 0.274014771875 0.1149403640625 0.28196022187500003 0.0971803828125 0.2940706 0.0951865828125 0.29269559375 0.0901214203125 0.2843293609375 0.08726556875 0.2901052046875 0.082273846875 0.27889095468749997 0.08248454375 0.27114150625 0.0738507671875 0.255744140625 0.072633540625 0.1432243015625 0.08394257031249999 0.0897035390625 0.092272940625 0.0041544749999999995 0.10972470000000001 0 0.10945441250000001 0 0.20498202187499998
1 0.45924738125 0.179980828125 0.47629910000000003 0.1902580421875 0.54366440625 0.19013523593749998 0.5633428921875 0.1795835140625 0.56604946875 0.159895953125 0.5643733984375 0.13592702343750002 0.5575599859375 0.1260808359375 0.53934745 0.07000644375000001 0.5136501531250001 0.05287855625 0.4968378734375 0.046025474999999996 0.48452796249999996 0.0451658296875 0.4592514484375 0.0486537734375 0.43343796093750003 0.059061018750000006 0.43379711875 0.06419721874999999 0.441027784375 0.06541203906250001 0.4461469375 0.065627553125 0.45005070937499997 0.06306065625 0.470567228125 0.0644933984375 0.491900065625 0.06300166093750001 0.510344978125 0.064005784375 0.523950084375 0.068789215625 0.5233332984375 0.074567140625 0.50759849375 0.08312265625000001 0.501405396875 0.09674574531249999 0.47696691874999997 0.11221815312500001 0.470871821875 0.1126443640625 0.466151734375 0.1181357390625 0.4491217328125 0.12276746875 0.45924738125 0.179980828125
1 0 0.2296975953125 0.008014271875 0.2379141703125 0.093403175 0.378753909375 0.10644958906249999 0.3755476984375 0.1430782609375 0.35922286875 0.190424115625 0.35017732968750004 0.2069752390625 0.338697334375 0.2949515359375 0.2975631921875 0.288773096875 0.26760082500000004 0.2522934609375 0.1984668125 0.2698604328125 0.18691578125 0.26822426875 0.1635175390625 0.2854937078125 0.1623099421875 0.4167741796875 0.12732334843749998 0.47473568593750004 0.1095067796875 0.4984775671875 0.098670915625 0.50556679375 0.0832647265625 0.5202458453125 0.07420955625 0.5154242250000001 0.063650609375 0.4979951609375 0.06257545 0.46345628281250006 0.06499064375 0.39489731250000004 0.0772399859375 0.31145975937500003 0.0956910546875 0.3021973953125 0.094618303125 0.297894559375 0.0914783109375 0.29642155 0.0996100234375 0.28142325 0.10409968437499999 0.2790541109375 0.11401449999999999 0.2518474296875 0.13369483437500002 0.207291496875 0.153441390625 0.1321004578125 0.17303624374999999 0.130308196875 0.17660244687499999 0.136602825 0.1790296796875 0.129194346875 0.18987035937500002 0.0870257390625 0.1853638453125 0.0317925296875 0.1984017953125 0.0309762125 0.201326275 0.021993195312499998 0.204248346875 0.016794228124999998 0.20289145625 0.004683848437500001 0.20488525468750002 0 0.207334184375 0 0.2296975953125
1 0.48253961875 0 0.24708355625 0.016464692187499998 0.2410181234375 0.022623620312500002 0.2318971984375 0.03817188125 0.2115802125 0.039592584375 0.20118227968750002 0.036878803125 0.1725788734375 0.0365850296875 0.1641146375 0.0469260546875 0.13007282656250002 0.041851259375 0.10768423281249999 0.0428433421875 0.073642421875 0.037768546874999996 0.0035567640625 0.03349374375 0 0.033742456250000004 0 0.0394119125 0.0012776796875 0.03938790625 0.06205082656250001 0.047181299999999995 0.1570471296875 0.077241190625 0.15927835937499998 0.0799525625 0.1663094921875 0.078313940625 0.163479665625 0.0670422328125 0.16640749375 0.0651170625 0.179653440625 0.0647642953125 0.1951705265625 0.067693590625 0.202201659375 0.06605496718750001 0.23210026093749997 0.0702725265625 0.27382989687500003 0.06850146406249999 0.2895864203125 0.074854890625 0.3073564546875 0.0954045046875 0.31450730625 0.0954779484375 0.4089595765625 0.0739627390625 0.412703721875 0.0691130875 0.40620956250000007 0.0638324109375 0.41397719843749997 0.0581279296875 0.42261924687499997 0.0357314046875 0.46630076875000004 0.032676895312499996 0.49133784374999995 0.0257648171875 0.5160157609375 0.013716540625 0.5464114296875 0.010444110937499999 0.5641779328125 0.0017465234375 0.573684 0 0.48253961875 0
1 0.43468212343749996 0.135246771875 0.4268528609375 0.12547161874999999 0.26924011718749996 0.1634465046875 0.2562952328125 0.1827030375 0.2475117484375 0.188478553125 0.2488468484375 0.19297302968750002 0.25721308125000003 0.19582888125 0.27044084218750003 0.20981436874999998 0.264545278125 0.2130940234375 0.267832265625 0.21630505156250002 0.29205302187500004 0.212317453125 0.304442746875 0.2143184765625 0.3150402109375 0.21988570156249998 0.34587485 0.2228908484375 0.40686571562499996 0.21919943125 0.435070059375 0.21378631406249998 0.44373382499999997 0.20629873437500001 0.446200965625 0.183187040625 0.44338932656249996 0.157577078125 0.43468212343749996 0.135246771875
1 0.446763721875 0.059849628125 0.451106465625 0.063560309375 0.4611053328125 0.060567203125 0.46532835468749995 0.06256581875 0.477438734375 0.060572020312499995 0.5009810828125 0.0468827125 0.48863126562500003 0.045452378125 0.4713219203125 0.0460892859375 0.4572596546875 0.0493665328125 0.43538984843749995 0.057777571875 0.4336774 0.062485151562499994 0.4418441015625 0.062487559375 0.446763721875 0.059849628125
1 0.5425763421875 0.0869850390625 0.5340322953125 0.0961846875 0.5177387984374999 0.096750559375 0.51425228125 0.0906860890625 0.5071812421875 0.0917540234375 0.46509597812500003 0.1176360859375 0.436931540625 0.123619890625 0.45315228437500005 0.1804070390625 0.44721681406249997 0.1831160046875 0.4483922890625 0.185327725 0.45655899218749996 0.1853301328125 0.485641275 0.19247217187500001 0.54577591875 0.19113454531250001 0.5527671453125 0.18892523125 0.5653346828125 0.1788707546875 0.564133959375 0.13250288906250002 0.5425945296875 0.072646784375 0.5425763421875 0.0869850390625
1 0.5805423203125 0 0.5172311421875 0.016498950000000002 0.5085673765625 0.0239865328125 0.5170134234375 0.0279837609375 0.527291634375 0.0289854765625 0.5276906984374999 0.034692365625 0.5207792859375 0.0380430546875 0.4808237234375 0.0505861703125 0.4592913546875 0.049224462499999996 0.4321427671875 0.055137231249999995 0.433060615625 0.06826307499999999 0.4684956234375 0.06406477968749999 0.48126269375 0.056863746874999996 0.5064993015625 0.052805114062500005 0.513769871875 0.0545906234375 0.51984678125 0.06850266875 0.5245668703125 0.0630112921875 0.5336297 0.0612306 0.521657228125 0.050598209375 0.527353259375 0.0444651109375 0.552310521875 0.03641165625 0.5677877015624999 0.0387702609375 0.5859532703125 0.035779564062500005 0.6769190203125001 0.0081998828125 0.693832784375 0 0.5805423203125 0
1 0.49384788281249997 0.19304526718749998 0.5447600687499999 0.19120557968750002 0.5615107234375001 0.182579028125 0.5651750578125 0.176588 0.5633176421874999 0.13542737031250002 0.54056283125 0.0727888546875 0.5315980015624999 0.0613726703125 0.5189289328125 0.055376825 0.519367903125 0.0616544015625 0.5278139484375 0.0656516328125 0.5271173515625 0.070288178125 0.5077182140625001 0.08483472187499999 0.5014852109375 0.09788712187500001 0.4827826703125 0.10779712187499998 0.4498582375 0.1187016125 0.44404248593749995 0.12312264531249999 0.436931540625 0.123619890625 0.43509937499999995 0.126615403125 0.43866570625 0.13382125312499998 0.44902373281249996 0.13596434531249998 0.45153430781250004 0.1426705421875 0.4508594296875 0.16221603281250002 0.45689643125 0.1755573875 0.44940813906250004 0.185256690625 0.49384788281249997 0.19304526718749998