7 0.550094603125 0.90588441875 0.5391347171875001 0.9082811625 0.489585759375 0.854852715625 0.4808917828125 0.8489901718749999 0.4551381796875 0.8503144140625001 0.29124398125 0.8718299171874999 0.2899656109375 0.8801236890625 0.29821365 0.898756225 0.34642479375 0.9904946546875 0.348903125 0.9950283531249999 0.442653621875 0.9983021921875 0.44510127187500004 0.996164090625 0.4570293109375 0.99435705 0.4638967125 0.9990440171875001 0.467671309375 0.9991758296875 0.59598295 0.9791972265625001 0.5952280734375 0.9725001359375 0.5838623046875 0.958205878125 0.5938734265625001 0.954664215625 0.595035465625 0.949701746875 0.5917651828125 0.9017806453125001 0.5583064234374999 0.8689262718749999 0.5553825796875 0.8677123812499999 0.5513354734375 0.870350521875 0.550094603125 0.90588441875
7 0.2462087328125 0.7740875578125 0.24311039218750002 0.7778706203125 0.2513196546875 0.7976135906249999 0.28158185156250004 0.8653776734375 0.287351984375 0.8700263234375001 0.37065436875 0.8629292109375 0.4730108484375 0.8481590703125 0.47810365781249997 0.8438897609374999 0.4774845015625 0.83330615 0.48352607656249996 0.8301817625 0.48588892968749997 0.8191463890625 0.47984863281249995 0.7939202187500001 0.473071571875 0.7897923015625 0.4684247 0.781291615625 0.46261578906249995 0.7777533984375 0.46276961875 0.8016622203124999 0.4606006515625 0.8071454203125 0.4556241734375 0.8080834265625001 0.44390940937499995 0.8037830796875 0.404913178125 0.7596174484375 0.3810571015625 0.7632315281250001 0.3593312125 0.76247284375 0.2462087328125 0.7740875578125
7 0.40315137187500005 0.7534410874999999 0.4091929453125 0.7503166984375 0.40938810937500003 0.7164139671875 0.395137275 0.6997953859375 0.3892508109375 0.6984780390625 0.38864006875 0.715967378125 0.3786774171875 0.7181209984375 0.3567783109375 0.694008709375 0.345179878125 0.686377059375 0.22438973906249998 0.69105328125 0.20845337343749998 0.6943880296875 0.2073301125 0.6982400640625 0.24049676562500003 0.7677732546875 0.25926003125 0.7684284828125 0.400943628125 0.760034721875 0.40315137187500005 0.7534410874999999
7 0.340416675 0.6812076765625 0.3543391828125 0.6789143890625 0.3563155421875 0.6506328031249999 0.343981621875 0.6357488421874999 0.3410383890625 0.63509016875 0.3388694203125 0.6405733687499999 0.32676688593750003 0.6473773625 0.3188859515625 0.6465462609375 0.3047126703125 0.627706809375 0.2968899015625 0.62521005625 0.2115736609375 0.63334863125 0.1837286453125 0.6379352046875 0.1825666078125 0.6428976734375 0.19344766093750002 0.6710723578125 0.205510140625 0.69372935625 0.3363307921875 0.684956253125 0.340416675 0.6812076765625
7 0.30852711093749996 0.631731271875 0.311509121875 0.6312795125 0.31458807499999997 0.6280516671874999 0.31245916406249996 0.604073875 0.298344046875 0.5835687734375 0.2913731 0.5849930234375 0.29012381249999997 0.59245396875 0.2791348421875 0.5956835375 0.2704990328125 0.5881553453125 0.16372834218750001 0.5877621937499999 0.1606300015625 0.5915452578125 0.17153044374999998 0.6191647265625 0.18374803281250002 0.6373799859375 0.29787744374999997 0.6252445421874999 0.3066683625 0.6283309984375001 0.30852711093749996 0.631731271875
7 0.5649669453125 0.4516823234375 0.5493020203125 0.447244034375 0.544538815625 0.4420746515625 0.5259306593749999 0.4369776859375 0.5189984875 0.4372915046875 0.5152034343749999 0.4327118234375 0.49169635156249997 0.426331996875 0.4678596640625 0.4293908609375 0.4114923109375 0.429646046875 0.3807040625 0.4335739453125 0.3183533015625 0.43528786718749995 0.269731159375 0.44026067500000005 0.2715317421875 0.4453266 0.29083661250000004 0.4587863078125 0.345111275 0.49014401406249997 0.3539215828125 0.492675253125 0.4153429703125 0.48926119218749997 0.445976109375 0.48977503125000005 0.5232950875 0.48413665625 0.563687296875 0.48832665468750003 0.5776098046875 0.4860333671875 0.6127734859375 0.49837919375000006 0.6186987265624999 0.49858610781249996 0.6247209109375 0.49601693750000003 0.6252637921875001 0.4804708578125 0.6363594 0.47418759374999997 0.6258912859375 0.4625018109375 0.6269312125 0.43272218437500004 0.6201347625 0.4291494828125 0.5799170484375 0.41996252968750003 0.575579115625 0.43092892968749996 0.576062553125 0.44539906093750004 0.5649669453125 0.4516823234375
7 0.44727770468749994 0.395874365625 0.43432334843750003 0.3987573546875 0.4099450578125 0.3890117390625 0.4013480234375 0.38037311093750004 0.3992953890625 0.3825250078125 0.3725154671875 0.384925196875 0.3525319984375 0.390898090625 0.22457702343750002 0.402550734375 0.21952299062499997 0.4057096109375 0.2252349578125 0.41202391250000003 0.25983636875 0.4404710359375 0.3124280578125 0.43508095312500006 0.3886431609375 0.432739396875 0.3916251703125 0.43228763593749997 0.3897276453125 0.42999779531250004 0.3977249109375 0.4274975953125 0.4045795265625 0.429404646875 0.40761970468750003 0.42728723593750007 0.4393954921875 0.4233938234375 0.46208953125 0.424742209375 0.465187871875 0.420959146875 0.47212004375000005 0.4206453296875 0.48877250937500005 0.42511810624999996 0.49283900156250005 0.4219247453125 0.4919884609375 0.38965318125000004 0.4636018421875 0.38143527499999996 0.4595547375 0.3840734171875 0.4570949421875 0.3978848734375 0.44727770468749994 0.395874365625
7 0.1447200640625 0 0.14665679375000001 0.000697671875 0.281039834375 0.0031668546875000003 0.315739465625 0.00048733281249999994 0.33126867031249996 0.00881214375 0.3353739421875 0.0045083499999999995 0.34428119375 0.004263503125 0.35804859218749996 0.006411954687500001 0.3687370390625 0.01178825 0.37992958906249996 0.0027289015625 0.3806371 0 0.1447200640625 0
7 0.1267779625 0 0.1142605703125 0.0223580328125 0.11706808124999998 0.0269032265625 0.12587838906249998 0.029434465625 0.1515738265625 0.029775876562499998 0.22254101249999997 0.036145364062500004 0.249243378125 0.035966043749999996 0.30622988906250004 0.04629446875 0.31823548281249997 0.042266559375 0.3203462828125 0.0384490109375 0.31930185624999996 0.0117296171875 0.30677405 0.0023978296875 0.301720015625 0.0055567046875 0.28783628437500003 0.006739556250000001 0.2790841421875 0.0025426671875 0.15455711562500002 0.00097355625 0.152849446875 0 0.1267779625 0
7 0.1133299171875 0.0490084546875 0.22577379375 0.056826340625000006 0.23553286718750002 0.0605025 0.24151627343749998 0.0590437625 0.2582075171875 0.0624061046875 0.27087104375000004 0.067851371875 0.28111483125 0.05764710468749999 0.2784430390625 0.049215389062499997 0.25576838749999997 0.0473117859375 0.2452350515625 0.037493753125 0.238380434375 0.0355867015625 0.122973934375 0.027665357812500003 0.11716502499999999 0.024127140624999998 0.12175500937499999 0.0059429171875 0.117785459375 0.0063601921875 0.113622025 0.0123296390625 0.10169270625 0.0424872390625 0.1025251375 0.0469634609375 0.1133299171875 0.0490084546875
7 0.9869272718750001 0.684883921875 0.8957633406250001 0.6905947140625 0.739130921875 0.702357709375 0.707258190625 0.7090272078125001 0.7070255265625 0.7156898125 0.734849875 0.7400090171875 0.9730526984375001 0.9123160296874999 0.9856588359374999 0.9194047390625 0.993840053125 0.6851253203125001 0.9869272718750001 0.684883921875
7 0.1371719265625 0.35725052343749997 0.13802374687500002 0.3611715296875 0.145827128125 0.3642235015625 0.1625183703125 0.3675858421875 0.20819727812500002 0.361954359375 0.2625701625 0.36218542187499997 0.2723680109375 0.364751146875 0.2793777375 0.362216459375 0.2852835890625 0.3629785921875 0.286620125 0.35301916875 0.1371719265625 0.35725052343749997
7 0.2928008703125 0.39526060625000004 0.39922416875 0.3838566671875 0.40935897499999996 0.3655325375 0.3872621796875 0.3638714703125 0.3788325125 0.378697421875 0.31099308593749997 0.3727706921875 0.1774162734375 0.37700039531249996 0.221677228125 0.39277691406250004 0.2928008703125 0.39526060625000004
7 0.326705603125 0.375987678125 0.298627815625 0.36433401249999997 0.157650375 0.36830527812499997 0.1754411921875 0.37693142343749997 0.326705603125 0.375987678125
2 0.57515255 0.0023196125 0.57672246875 0.0138258546875 0.7408183734375 0.027561087499999998 0.78544626875 0.018446359375 0.785752609375 0.009673928125 0.57515255 0.0023196125
5 0.71657239375 0.27241963125 0.6424293140625 0.272054075 0.600797509375 0.2750474140625 0.5929165765625 0.2742163109375 0.5890827468750001 0.27074706718749997 0.584453984375 0.290041721875 0.584743534375 0.310064025 0.5876286015625001 0.31238835 0.6250000250000001 0.31814054375 0.6831679625 0.32295128281249996 0.6957733234375 0.3300622015625 0.708591959375 0.3310657328125 0.7116321343750001 0.328948321875 0.7202123375 0.2814410484375 0.71657239375 0.27241963125
8 0.5132492296875 0.8284402468750001 0.5059693421875 0.8103974125000001 0.503084275 0.8080730875000001 0.4941964109375 0.8077627171874999 0.48809667343749996 0.81255275625 0.4877089 0.8236570984375 0.5029278875000001 0.840865384375 0.5128032921875 0.8412102406249999 0.5132492296875 0.8284402468750001
8 0.4341541734375 0.7150552421875 0.431404828125 0.708844396875 0.421606978125 0.706278671875 0.41548785 0.7116239281250001 0.4152939640625 0.7171761 0.419902059375 0.72678721875 0.42857664843750004 0.7332049796875 0.4355475953125 0.7317807265625 0.4341541734375 0.7150552421875
8 0.36220200625 0.65195015 0.357128584375 0.6556642421875 0.3559277703125 0.6617371453125 0.366344775 0.6748864796875 0.37428387500000004 0.67405193125 0.37447776093749996 0.6684997609375001 0.371012315625 0.6544813890625 0.36220200625 0.65195015
8 0.327117159375 0.6090328953124999 0.321172528125 0.6093812 0.31600216406250003 0.615871375 0.322507784375 0.6277723359375 0.32638039218750003 0.6301311468749999 0.33238318906250003 0.6281171921875 0.3309509890625 0.612502140625 0.327117159375 0.6090328953124999
8 0.2983634359375 0.5830135546874999 0.289436796875 0.58381361875 0.29007534218750003 0.5938420125 0.2949936546875 0.5945696578125 0.3020033796875 0.592034971875 0.2983634359375 0.5830135546874999
8 0.5740099171875 0.4475509578125 0.575307675 0.43870197031249997 0.5705832484375 0.432422153125 0.5597784703124999 0.430377159375 0.545894740625 0.43156001093749996 0.540724375 0.43805018906250004 0.55137404375 0.4445369203125 0.5670583578125 0.44841999218749995 0.5740099171875 0.4475509578125
8 0.44406303124999996 0.40298873124999995 0.4548290328125 0.406144159375 0.456998 0.400660959375 0.44826524375 0.3959088515625 0.4423206140625 0.3962571546875 0.43821534531250006 0.4005609484375 0.44406303124999996 0.40298873124999995
8 0.38510271875 0.36424077499999996 0.3837286859375 0.3469600734375 0.37793916250000004 0.34286663906250003 0.369980675 0.34425640468749996 0.365836628125 0.3496706328125 0.3655651875 0.3574436734375 0.3721483625 0.36712376406249997 0.3809392828125 0.3702102203125 0.38510271875 0.36424077499999996
8 0.3201202203125 0.328061990625 0.313032940625 0.33281754375 0.31189029218750003 0.337224796875 0.319383453125 0.3491602421875 0.3263350140625 0.34829120625 0.32848459218750004 0.34336322343750003 0.32794298906249997 0.33055874531249996 0.3201202203125 0.328061990625
2 0.6712582406250001 0.7772568343749999 0.6698622609375 0.8172324671875 0.6994290265625 0.8482832484375 0.7073099609375 0.8491143515624999 0.8035279234375 0.8402446828125001 0.84124834375 0.8360029687500001 0.8542414765625 0.8320095437499999 0.8245002140625 0.8059557171874999 0.7675537593749999 0.7661663 0.6971281765625 0.7726012921875001 0.6712582406250001 0.7772568343749999
2 0.7113246828124999 0.705833846875 0.7233108875 0.7023611546875 0.7244341484375 0.698509121875 0.7030960312500001 0.6866460921875001 0.6427009625 0.6889842046875 0.5673182890625 0.695801984375 0.5622060906249999 0.7006265109375 0.5613142156250001 0.7261664984375 0.568846153125 0.736991509375 0.594522203125 0.7378881359375 0.715506228125 0.7276597437500001 0.7049535015624999 0.7183969265625 0.7041792359375 0.712255053125 0.7113246828124999 0.705833846875
2 0.4893620484375 0.66306140625 0.507118384375 0.664237365625 0.6309099218750001 0.658554165625 0.6339113203125 0.6575471890625 0.6342409265625 0.648108496875 0.6304652625 0.6429736 0.6100953 0.6317002765625 0.502162571875 0.6362695953124999 0.488220678125 0.6391180984375 0.4893620484375 0.66306140625
2 0.5566336796875 0.6053740109375 0.5572347265625 0.5881622796875 0.5445130328125 0.5843826640625001 0.5407567578125 0.57869255 0.4358254296875 0.582254890625 0.42873815000000004 0.5870104453125 0.4299958515625 0.6076224515625 0.46355283593749996 0.60935018125 0.5566336796875 0.6053740109375
2 0.39067129375 0.5445449515624999 0.38263525 0.5481555859375 0.3832447125 0.55901680625 0.37907158281250003 0.565263859375 0.382963578125 0.5670674546875001 0.4204901109375 0.568377909375 0.495717675 0.5660018671875 0.4997841671875 0.56280850625 0.49920378750000005 0.5511144609375 0.48373274843749997 0.541124 0.429379253125 0.5403377218750001 0.39067129375 0.5445449515624999
1 0.780227515625 0.54480709375 0.731876815625 0.5420068625 0.713268659375 0.536909896875 0.6658085546875 0.5369202375000001 0.58092014375 0.5044934765625 0.5384365203125 0.5035658093750001 0.5135929015625 0.5071454046875 0.5101649546875 0.520367159375 0.5118685937499999 0.5282091703125 0.517658115625 0.5323026046875 0.5422109046875 0.5370512656249999 0.5587664265625001 0.5443001265625 0.567654290625 0.5446104984375 0.5784009015625 0.54832114375 0.6217751218750001 0.55205938125 0.629539725 0.5562217875 0.644430384375 0.554518203125 0.6680731875 0.5570115109375 0.674811471875 0.5622498640625 0.673938984375 0.587234634375 0.6687298421875 0.594835246875 0.668864284375 0.6192992859374999 0.6759308953125001 0.6434495078125 0.6825722390625 0.6514639468750001 0.7096998765625 0.6674204078125 0.7409327828125 0.679073075 0.765524346875 0.6827113015624999 0.7794662437500001 0.6798627984375 0.7965646484375 0.67156558125 0.8038845921875 0.6601474203125 0.8223764171875001 0.6685756890625 0.8470261484374999 0.6705482640625 0.9946003031249999 0.6633546015625 0.9948643390624999 0.6557936062499999 0.8809709031249999 0.6611716515625 0.86429905 0.6572540921875001 0.8696064124999999 0.6185268374999999 0.8756673765625 0.61484723125 0.8945275859375 0.6127263734375 0.870923559375 0.60912263125 0.8699941859375 0.60742249375 0.8754178828124999 0.565363934375 0.9303530359375 0.5494936984375001 0.99915396875 0.5329547 0.99949765 0.5231129640625001 0.9915430375 0.5243916859375 0.8817696734375 0.553356071875 0.8649814875 0.5527698156249999 0.8591919656250001 0.5486763828125001 0.8533054999999999 0.547359034375 0.850265325 0.5494764453125 0.84639271875 0.5471176343749999 0.8074714843749999 0.557432253125 0.79198105625 0.5479970078124999 0.780227515625 0.54480709375
1 1 0.11203019843749999 0.9393764125 0.12121438124999999 0.9316893625 0.11483110625 0.9282239171875 0.1008127359375 0.91772935625 0.08988426875 0.9061115375 0.082807834375 0.8835726062499999 0.0770177109375 0.725315378125 0.050367267187499995 0.67313085 0.0440977890625 0.59710963125 0.0408871765625 0.551624609375 0.040966485937500005 0.536695171875 0.0437805046875 0.5146009015625 0.05357094375 0.5121992718749999 0.0657167515625 0.5219583421875 0.069392909375 0.5284639656250001 0.0812938703125 0.5380873171875 0.0888565484375 0.6027414859375 0.106123465625 0.6106805875 0.1052889171875 0.695337615625 0.11602772343750001 0.7270552390625 0.11379996249999999 0.7516661921875001 0.116882971875 0.7663241875 0.12184199531249999 0.771048615625 0.1281218109375 0.756041625 0.133156696875 0.7455457859375 0.1505787875 0.731503109375 0.2412550546875 0.763975609375 0.2457243859375 0.7657955796875 0.2502350921875 0.7567913859375001 0.2532560234375 0.7521044578125 0.27421633437500004 0.75489258125 0.2793167453125 0.77243564375 0.286600090625 0.8466175015624999 0.28585521406250003 0.8734555890625 0.2817893734375 0.8896246171875 0.2717920171875 0.90250141875 0.271129896875 0.9065873 0.2673813203125 0.9222716140625 0.27126439375 0.9667109296874999 0.27281625 0.9727718921875 0.26913664375 1 0.2697682890625 1 0.2611931625 0.9992519296875001 0.2611670390625 0.986036465625 0.25737018125 1 0.1992943671875 1 0.11203019843749999
1 0.49985895625000004 0.19258558750000002 0.54518886875 0.1969480140625 0.5828705125 0.19381673125 0.5956891484375 0.1948202625 0.6013041718750001 0.2039106515625 0.5889495828125 0.21793246718749998 0.58989706875 0.24742794687499997 0.63241946875 0.2472451796875 0.70177995625 0.24299657031250002 0.7074932015625001 0.2209603140625 0.719750846875 0.20971458125 0.7327439796874999 0.205721159375 0.7362494828124999 0.1902785359375 0.7084238546875 0.19430989062499998 0.6969805328125 0.1822365046875 0.6775399421875 0.1726633171875 0.643150528125 0.1664593640625 0.5309005359375 0.15308930625 0.4657810390625 0.1491476015625 0.4331146546875 0.15023044375 0.41220180781250004 0.1545031984375 0.4060051265625 0.162069325 0.421379221875 0.174835871875 0.45758860781250005 0.18555053125 0.49985895625000004 0.19258558750000002
1 0.49997017499999996 0.3026565203125 0.5078511078125 0.303487621875 0.5817809140625 0.3099605671875 0.5812212015625 0.269360746875 0.5869551140625 0.21841871406250002 0.5794037875 0.20814892031249999 0.424922221875 0.186633371875 0.380521684375 0.18397108281250002 0.3498303796875 0.185122896875 0.3486683421875 0.190085365625 0.3582723046875 0.19820326093750001 0.38642625937499997 0.2130837734375 0.3914027390625 0.21214576875 0.42873538437500003 0.2190083953125 0.4543920453125 0.22046023906249998 0.45944607968750006 0.21730136562500002 0.5027427453125 0.2232604703125 0.5094228640625 0.2301644765625 0.5022968078125001 0.236030465625 0.49997017499999996 0.3026565203125
1 0.419108196875 0.2964973921875 0.4299905296875 0.29632151875 0.4273212953125 0.2311886859375 0.4183364890625 0.2336544015625 0.40069648437499994 0.2291471390625 0.39206067187500004 0.2216189453125 0.3803459078125 0.21731859843749998 0.3222749140625 0.20973177187499997 0.2997747609375 0.20283121249999997 0.25727175 0.2024587625 0.263854925 0.2121388546875 0.27262645625 0.21578052812499998 0.331665603125 0.22395705625 0.35929734375 0.22547787343749998 0.3699470125 0.231964603125 0.3712034359375 0.2809271671875 0.4134931734375 0.28740700625 0.41833393125 0.29035551875 0.419108196875 0.2964973921875
1 0.4079000953125 0.22106028125 0.4215511625 0.226540034375 0.4299737 0.24017561718749997 0.43095868125000003 0.2969112203125 0.4348312890625 0.29927003281250003 0.45158069687499997 0.30096672343750003 0.47131211562499997 0.302211653125 0.49906018750000003 0.3004011671875 0.5037302859375 0.22329495625 0.45931035937500003 0.2211878859375 0.45355961406249995 0.2159840171875 0.444710528125 0.21456321250000002 0.42695419062499995 0.2133872515625 0.415026153125 0.2151942921875 0.41216047343750006 0.2123147515625 0.3757378125 0.20770747812499998 0.3700258453125 0.20139317499999998 0.3503913703125 0.197372159375 0.3108122015625 0.1982136015625 0.307907746875 0.19644449218749999 0.3076169171875 0.20477275 0.3202998328125 0.20966279999999998 0.37645391250000004 0.215515003125 0.4079000953125 0.22106028125
1 0.5912001484375 0.5498798921875 0.5627359765625 0.5438828531250001 0.5596958015625 0.5460002640625 0.5589008671875 0.5687641671875 0.5624826453125 0.579451234375 0.5681946140624999 0.5857655359375 0.6050037671874999 0.6076190265625 0.630660428125 0.6090708703125001 0.65263836875 0.6026117328125 0.662030334375 0.588486459375 0.664064859375 0.5585392203125 0.6562614796874999 0.5554872484375 0.5912001484375 0.5498798921875
1 0.4843919625 0.5222466171875 0.486058103125 0.502848503125 0.44299410000000006 0.49022679062499996 0.42521837500000004 0.4896060484375 0.4221588109375 0.49227867812500004 0.42847054531250006 0.5097318078125 0.448724178125 0.5243364359375 0.4694431359375 0.5256158531249999 0.4843919625 0.5222466171875
1 0.4273860625 0.5124734078125 0.4212100484375 0.4911337578125 0.3915450609375 0.49120962187500006 0.3706709921875 0.49437194375000004 0.378474371875 0.4974239140625 0.383063078125 0.5075902515624999 0.3966559796875 0.5147356546874999 0.41044276718750006 0.5163288890625 0.4273860625 0.5124734078125
1 0.48073390937499993 0.48542985781250003 0.4400896453125 0.488457684375 0.4605371625 0.4975101390625 0.48809135000000003 0.5012518234375001 0.5186663234375 0.5034313140625 0.5497454 0.4911751578125 0.54986173125 0.48784385468749997 0.48073390937499993 0.48542985781250003
1 0.3010017734375 0.9038566375 0.2872162640625 0.87391284375 0.280555534375 0.866453621875 0.275637221875 0.8657259749999999 0.2665942484375 0.8698573421875 0.26641975156250003 0.8748542968749999 0.279256496875 0.90365316875 0.2989685265625 0.9054533156250001 0.3010017734375 0.9038566375
5 0.3569319328125 0.29321436093750003 0.40135186093749997 0.295321434375 0.3995125 0.2913659421875 0.392677271875 0.28890367499999997 0.3532726015625 0.2847481625 0.3500967046875 0.29075209375 0.3569319328125 0.29321436093750003
2 0.50026683125 0 0.4707024546875 0.013681278124999998 0.479774071875 0.0429045640625 0.48068010625 0.0451597796875 0.52022459375 0.0456512734375 0.537920459375 0.03737491875 0.6564918734375 0.040626093749999995 0.6541373234375001 0.017418671875 0.5735303296875001 0.014603814062500001 0.5737474828125 0.0083853828125 0.512838028125 0.0001435421875 0.5087275250000001 0 0.50026683125 0