3 0.477112909375 1 0.4785203171875 0.991632925 0.4815615390625 0.9877579484375 0.48123291874999996 0.9783474875 0.4697372171875 0.9523675078125 0.45668505625 0.9424591687499999 0.45490155000000004 0.9368682906249999 0.4422795828125 0.92411835 0.4375205796875 0.9242845375 0.434646653125 0.9177895421875 0.42345862968750003 0.673209915625 0.48440255781249997 0.6597753828124999 0.4966301796875 0.661232771875 0.49907690000000005 0.6554941703125 0.51219776875 0.6522094 0.514611625 0.64552975 0.5005914953125 0.3501705703125 0.497989421875 0.30597834062499996 0.49564427499999997 0.2994648796875 0.37706650625 0.2998369328125 0.36520335 0.2936558484375 0.3495371765625 0.299856084375 0.1583196203125 0.2971116140625 0.1457275296875 0.3003779203125 0.1555771671875 0.461149059375 0.157758003125 0.4629572890625 0.15640170312499999 0.46960000781250005 0.1617761296875 0.532539296875 0.1727102140625 0.724364953125 0.1891023375 0.7237925265625 0.27737842343749997 0.7046925671875 0.308591309375 0.9617636203125001 0.2819193796875 0.9711747671875001 0.278546553125 0.9807144828125001 0.2764314390625 0.9807883453124999 0.27517671093749996 0.975179 0.2693272875 0.9744410734375 0.2656557171875 0.9905865781250001 0.2668144703125 1 0.477112909375 1
7 0.8432905984374999 0.58223138125 0.8532059343749999 0.57811635625 0.8529101765625 0.56964694375 0.8491101437499999 0.5669530625 0.740080259375 0.5830089859375 0.7375020921875 0.5849834046875 0.737334796875 0.5953533765625 0.7396142203125 0.5999847453125 0.778645221875 0.5957951718750001 0.8432905984374999 0.58223138125
7 0.5202549421875 0.8526152625 0.5463980937499999 0.84322258125 0.5539623140625001 0.862744496875 0.569293896875 0.8772842031250001 0.5746802640625 0.8799226859375 0.5857188828125001 0.877652821875 0.6159608140625 0.864348234375 0.610774603125 0.852280825 0.596632025 0.8414683734375 0.595577453125 0.8264301015625 0.6081038203125 0.8212817046875 0.6171916375000001 0.8237909312499999 0.62066305 0.8170743515625001 0.652655625 0.8084195984375 0.6608203171875 0.7996547390625001 0.656122065625 0.7712392484375 0.6530021578125 0.7273788515625 0.65093781875 0.637942553125 0.6489571390625 0.6267053984375 0.6441324109375001 0.6249894953124999 0.49606854062499994 0.6603101921875 0.49461365468749996 0.664129771875 0.49596099843749997 0.7027126578125 0.5038299562499999 0.852246640625 0.5202549421875 0.8526152625
7 0.6544869203125 0.7395755187499999 0.6592698296874999 0.7855759796874999 0.6643574546875 0.7948202531249999 0.7048762046875 0.7877521437499999 0.7093693265625001 0.7951327906250001 0.708706115625 0.806462271875 0.704574475 0.8094331328125 0.71078538125 0.820522565625 0.7183854468749999 0.8259103265625001 0.7556000796875 0.815188828125 0.7554686312500001 0.81142464375 0.7365013265625 0.7988962859375001 0.7340247296875 0.7886186421875 0.7373646968750001 0.7781378796875 0.789089359375 0.7584299359375 0.78184478125 0.626775828125 0.778346478125 0.6024009593749999 0.78023155625 0.595739775 0.7764315234375 0.59304589375 0.754024171875 0.5957127640625 0.7478446359375 0.593101978125 0.7306907140625001 0.6021807484374999 0.6607904171875 0.6168702359375 0.6509408046875 0.622867353125 0.6544869203125 0.7395755187499999
7 0.78684876875 0.7245892125 0.791568940625 0.75363238125 0.799829234375 0.7627658609375 0.8072978546874999 0.7643894375 0.81502936875 0.7735413828125 0.8355501468750001 0.785073296875 0.8446051015625 0.7866414796875 0.8739209234375 0.77713800625 0.8737237515625 0.7714917296875 0.8488084359375 0.7554023078125 0.850959396875 0.7411942921875 0.86028023125 0.7352156390625 0.871946215625 0.735750446875 0.8832507156249999 0.72593375 0.9000401703125 0.7215786765625001 0.89424749375 0.6011801859375 0.8929628890625001 0.5795545953125 0.8885683515625 0.5749970875 0.8469591828125 0.5811610796875 0.779768503125 0.5976403328125001 0.7791710140625 0.61085190625 0.784778459375 0.665303315625 0.78684876875 0.7245892125
7 1 0.5496043640625 0.8926999921875 0.5720262265625 0.89845980625 0.6914836703125 0.9001417406250001 0.7093266125000001 0.9031142531249999 0.7186447453125 0.9155390484374999 0.725748409375 0.919569115625 0.7350296140625 0.9385035609375001 0.7466169234375 0.9460379046874999 0.75012259375 0.9634547234375 0.748572190625 0.9765427296875 0.7443463734375 0.978460671875 0.7386262359375 0.9751236921875 0.734031796875 0.9538857500000001 0.7272358953125 0.9542742921875 0.7130894234375 1 0.6969551843749999 1 0.5496043640625
7 0.1436877203125 1 0.1399917109375 0.8941601531250001 0.13004050312499998 0.745641075 0.0967932 0.7486864843750001 0.064304709375 0.75830075 0.0090683765625 0.768411853125 0.0171556125 1 0.1436877203125 1
7 1 0.822163034375 0.9827058453124999 0.8298707656250001 0.967798484375 0.8426398578125 0.9634696734375 0.8399644421874999 0.940134721875 0.8539700265624999 0.926980990625 0.8563137515625 0.9171971015624999 0.8641929609375 0.8853359734374999 0.8766118984375 0.8830207031249999 0.8861146859375 0.885201540625 0.887922915625 0.8883353765625 0.9170214796874999 0.8921814906250001 0.9866094921874999 1 0.9828443874999999 1 0.822163034375
8 0.6102697312500001 0.8984659390624999 0.6088178296875 0.88721031875 0.6011520375 0.879940465625 0.5900476953125 0.8803282390625 0.580726859375 0.886306890625 0.5804281171875 0.892912678125 0.5876308531250001 0.9020830875 0.6058064859375001 0.907101540625 0.6102697312500001 0.8984659390624999
8 0.7102566015625 0.82054103125 0.7009716140625 0.812385528125 0.6925768859375 0.814563065625 0.6947876 0.83238754375 0.6991821359375 0.83694505 0.709196059375 0.8356531640625 0.71147846875 0.82520933125 0.7102566015625 0.82054103125
8 0.85666244375 0.8135440390625 0.8558050453125 0.8041520453125001 0.8476104765624999 0.79690065625 0.83809246875 0.7972330328125 0.831911440625 0.802159846875 0.832141475 0.8087471687500001 0.8446977171875 0.8196150171875001 0.8542485859375001 0.8202236890625001 0.85666244375 0.8135440390625
8 0.9459034703125001 0.761433609375 0.9452103812500001 0.7567468453124999 0.93698295 0.7485544125 0.926903303125 0.74796420625 0.9200949093749999 0.7500863484375 0.9155988015625001 0.7577809046875 0.9248509281249999 0.7649953609375 0.9429279734374999 0.7671906765625 0.9459034703125001 0.761433609375
5 0.7612314328124999 0.9158068859374999 0.7647327234375 0.9251065546874999 0.7708121796875 0.932431803125 0.7882260125 0.9459566015625 0.7924562390625 0.945808878125 0.8832477515624999 0.9077772078124999 0.8858259203125 0.9058027890625 0.8849356578125 0.8954697484375 0.8624999234375 0.8745827703125 0.8438941015625 0.87240591875 0.8221126218749999 0.8854150609375001 0.8005970265625001 0.8908773703125 0.7986462234375 0.8956564625000001 0.7630836484375 0.90820465625 0.7612314328124999 0.9158068859374999
5 0.6114081671875 0.9964143125 0.6838000703125 0.9938863328125 0.733095659375 0.974263215625 0.7438385203125 0.9635239375 0.745789321875 0.9587448453125 0.7446331796875 0.9559586390625 0.7319783484375 0.9422676531249999 0.7195206921875 0.934222940625 0.6064547703125001 0.9711480640625 0.6039423265625 0.975004575 0.6041723609375 0.9815918953124999 0.6114081671875 0.9964143125
1 0.789546465625 0.9534480390625 0.7682967515625 0.951363515625 0.7475071046874999 0.9624536328125 0.7352107718750001 0.974189353125 0.72410344375 0.9896523265624999 0.7233097171875 0.9925066250000001 0.8156806624999999 0.9892809609375 0.8038204921875 0.968024675 0.789546465625 0.9534480390625