2 0.1949873140625 0.0754945515625 0.18781574843749999 0.068725415625 0.1738854578125 0.059905959375 0.1526153140625 0.0638801609375 0.0787584640625 0.08988986875 0.0683297421875 0.110350334375 0.059736020312500006 0.1195554078125 0.0647056140625 0.13338543125 0.05494976875 0.14005054687500001 0.0564788640625 0.146785009375 0.051019878124999994 0.1488475859375 0.043236646875 0.14583024687499999 0.0367072796875 0.1464014921875 0.034092465625 0.1487435640625 0.0373494796875 0.153741875 0.052273745312499995 0.152436171875 0.071494871875 0.1465279296875 0.07863590312499999 0.1422048875 0.1255648 0.1307025734375 0.1647104609375 0.11618292187499998 0.17269251875 0.110729646875 0.1954001578125 0.08021336875 0.1949873140625 0.0754945515625
5 0.423160375 0.7497526609375 0.427778334375 0.748820315625 0.4476418046875 0.718024546875 0.449568546875 0.7078177796875 0.3258319765625 0.657885809375 0.319210865625 0.6574084296875 0.28925511406250004 0.701766990625 0.404795609375 0.743962803125 0.423160375 0.7497526609375
5 0.0438768640625 0.604361403125 0.22267719531250002 0.66057076875 0.24095021874999997 0.665312 0.2464550734375 0.6637737359375 0.2749581359375 0.62429720625 0.2734749125 0.61808705625 0.1509922078125 0.5717436703125001 0.09193749062499999 0.55207895625 0.0853622515625 0.5521258890625 0.05369391875 0.5876527359375 0.0438768640625 0.604361403125
1 0.5001210015625001 0.8021920171874999 0.5091275671875 0.7977057609375 0.51143661875 0.7811256328125 0.52298159375 0.7626808125 0.5055190609375 0.7457171687499999 0.493958890625 0.7425019421875 0.488698728125 0.73609390625 0.454538140625 0.721647803125 0.448008775 0.7222190484375 0.4437119140625 0.7268215859375 0.44164755624999996 0.7354554140625 0.437258953125 0.7390093249999999 0.43631085000000003 0.749658796875 0.3657875609375 0.76005539375 0.3623929328125 0.7534841453125 0.3503128390625 0.7550693421875 0.346260671875 0.7517255781250001 0.339027896875 0.7549999953125 0.3350521359375 0.7632727234375001 0.23143835781250002 0.8251703765625 0.20629953125 0.8278980640625001 0.1989291421875 0.8295995421875 0.1963602 0.832465928125 0.1976599375 0.8365788249999999 0.2024155125 0.8372194187499999 0.240383715625 0.8307276734375 0.5427068796875 0.8592237515625 0.554312921875 0.862963290625 0.5604141078125 0.8682410953125 0.5707204109374999 0.8678677374999999 0.5776626203124999 0.8720153078124999 0.616930559375 0.8696364624999999 0.6223436734375001 0.8670495703125001 0.6166247968749999 0.8553984046875 0.5882901656249999 0.843084228125 0.5279662421875 0.8303987953125 0.5014359359375 0.8279649609374999 0.49249057812499997 0.8224076640625 0.5001210015625001 0.8021920171874999
1 0.45591428437500003 0.7373771953125 0.442014528125 0.73964991875 0.44150994218750006 0.7338824749999999 0.4450116515625 0.7309344828125 0.4409594859375 0.7275907187499999 0.4365250109375 0.730620315625 0.43991963749999996 0.737191565625 0.429276896875 0.7444625984375 0.43071425 0.7501484359374999 0.4392467640625 0.7509869171875 0.43545448750000004 0.761356896875 0.40733387656250003 0.762232153125 0.3994589 0.7581661875 0.37968731718750004 0.757782671875 0.38211864375000004 0.753343346875 0.3638456234375 0.748602115625 0.3645949046875 0.7464232578125001 0.356949284375 0.74497885625 0.3391961859375 0.7354372015624999 0.32390495 0.7325484015625 0.30144214687500004 0.7228904640625 0.2667157640625 0.7127204734375 0.26723568750000004 0.70792005 0.24793815624999999 0.7022117984375 0.2512105078125 0.6966422421875 0.263107115625 0.6929597921874999 0.2782914140625 0.673139921875 0.2849737328125 0.6635737484375 0.283169409375 0.6536934078125001 0.2783679609375 0.6525285015625 0.27300071875 0.6556397046875 0.26726650625000004 0.6545564046875 0.2627402859375 0.6565373765625 0.258397553125 0.6606156000000001 0.2631836625 0.672348371875 0.25991131093750003 0.6779179281250001 0.250813003125 0.681355559375 0.23397733281250002 0.6823001640624999 0.2005506875 0.6762430703125 0.182644496875 0.7079242531250001 0.1889291671875 0.715299309375 0.200535209375 0.7190388484375 0.2117130703125 0.7286274374999999 0.2221111171875 0.7293027046875 0.2395889875 0.73569848125 0.24922241406249998 0.749120475 0.233350046875 0.7610756515625 0.1783168171875 0.7658904343749999 0.1705335859375 0.762873096875 0.14264233125 0.7663699171875 0.170931090625 0.7781597796875 0.230092890625 0.7883052546875 0.21772222968750002 0.7973124390625 0.1343236953125 0.8109487812499999 0.1298892203125 0.813978378125 0.1311430859375 0.8175669624999999 0.14704599062499998 0.8167039656249999 0.24686734999999999 0.7974042031249999 0.26734234375 0.795084546875 0.27974353750000003 0.797169540625 0.298337659375 0.8055809640625 0.34980796875000003 0.813757725 0.3839380234375 0.817111646875 0.38939700781250003 0.8150490687499999 0.4105600734375 0.8205941078125001 0.4126549640625 0.8230524609375 0.435224846875 0.8231911562500001 0.43657045625 0.8278283656250001 0.4655779625 0.8263471906250001 0.47196971562499995 0.82420300625 0.47681703437499995 0.8258922265624999 0.4823677609375 0.8248782734375 0.49366804062499997 0.8143797562499999 0.5030875906250001 0.782384403125 0.49370645625 0.7718461328124999 0.491145253125 0.7533146281249999 0.46498191718750004 0.7550752968750001 0.45904128125000004 0.7516325875 0.45591428437500003 0.7373771953125
1 0.1780415890625 0.7627445578125001 0.18964763125 0.766484096875 0.1931493390625 0.7635361046875 0.23628595937500002 0.7624037718750001 0.2435187359375 0.7591293546875 0.2480602921875 0.7465805171875 0.235674434375 0.73392765625 0.1725675484375 0.7109191765625 0.1574597984375 0.7101276296875 0.13914090625 0.704862084375 0.1258986875 0.7039073218749999 0.12614338125 0.695961021875 0.137076690625 0.6812679984375001 0.137504871875 0.67541895 0.151985759375 0.6583022484375001 0.0274387 0.6205926921875 0.0084011046875 0.6178555453125 0.019638943750000002 0.74630463125 0.037285721875 0.743887853125 0.06493228125 0.7483373328125 0.0862329609375 0.7554553109375 0.0874868265625 0.7590438953125 0.1341556890625 0.76605575 0.13877365 0.7651234046875001 0.1541566296875 0.76906083125 0.15788769687499998 0.7687344046875 0.1611600484375 0.7631648484375 0.1780415890625 0.7627445578125001
1 0.6464902234375 0.4877120921875 0.6146385453125001 0.488913775 0.566593396875 0.4984004421875 0.5414087000000001 0.5006038187499999 0.5435494624999999 0.5035864828125 0.6252045984375 0.5344820734375 0.6390890171875 0.5427772156249999 0.6698703140625 0.5400842015625 0.70415331875 0.5344431953125001 0.7175943593749999 0.5269273421875 0.720071559375 0.52301233125 0.7161264734375 0.5101493265625 0.7000554218749999 0.4983472046875 0.6825316828125 0.4914271140625 0.6464902234375 0.4877120921875
1 0.542892065625 0.47458605625 0.5607522453125 0.4746084703125 0.611779178125 0.466974234375 0.6234005578125 0.4601459078125 0.6287831374999999 0.44646683749999994 0.6034915015625 0.425961540625 0.5442838296875 0.415291753125 0.512432153125 0.4164934359375 0.4745098234375 0.42350949218749995 0.542892065625 0.47458605625
1 0.4303339234375 0.305331025 0.3964332265625 0.3045986671875 0.38355798124999996 0.3078384109375 0.3638628015625 0.3190713875 0.3301302546875 0.33100414843750003 0.3266285453125 0.333952140625 0.32886105 0.33798343124999997 0.35961167031249996 0.35642615 0.3661256984375 0.3664227703125 0.364489521875 0.36920754843750003 0.35711913281249996 0.3709090265625 0.34187376875000003 0.3685445390625 0.332546103125 0.3693606046875 0.2948531296875 0.3789982265625 0.2931252109375 0.3807343796875 0.3110312625 0.3812811078125 0.30746834375 0.394272653125 0.28083095625 0.40135805781249995 0.2783996265625 0.4057973796875 0.292436996875 0.40509759531249995 0.34179722031250004 0.38915595937499997 0.4186969234375 0.38718304375 0.48605493906249997 0.372836759375 0.49640711406250004 0.372987715625 0.5123253546875 0.3615568515625 0.51463440625 0.344976721875 0.5040682125 0.3316363375 0.466788225 0.3137648625 0.4303339234375 0.305331025
1 0.2655404265625 0.2373296953125 0.212280990625 0.2409326390625 0.194879525 0.24615335468750002 0.2081522765625 0.2582002953125 0.3060771453125 0.3246553046875 0.3178666734375 0.33049209375 0.33456472812500004 0.3279745515625 0.3753924375 0.311194434375 0.3840320328125 0.30251367500000004 0.382976990625 0.290454475 0.3692913953125 0.27368871875 0.354244853125 0.262853615625 0.305634053125 0.24438848281249997 0.2655404265625 0.2373296953125
1 0 0.0856478015625 0.032517640625 0.10925687656250001 0.0503624828125 0.1198471578125 0.054047678125 0.11899641875 0.072030275 0.09893172812499999 0.081159259375 0.074358365625 0.07917145 0.062380771875 0.05753856875 0.036800440625 0 0.0418344125 0 0.0856478015625
1 0.5731706484375 0 0.5445455625 0.010042635937499999 0.5470991671875 0.017744118750000003 0.5859693187499999 0.0645344125 0.5928503171874999 0.0787255375 0.6022697265625 0.0789580984375 0.617943271875 0.0754735359375 0.643602021875 0.0679454234375 0.6634806859375 0.0588097 0.68183025625 0.042939510937499994 0.6880997296875 0.028654521875 0.685790821875 0.0130067375 0.6738183390625 0 0.5731706484375 0
7 0.604502090625 0.11521730156250001 0.613034603125 0.11605578125 0.622224653125 0.11366677812499999 0.6299161437499999 0.1156354921875 0.6722267937499999 0.1695213484375 0.7066932859375 0.1659775953125 0.7446156140625 0.1589615375 0.745181409375 0.1546854265625 0.686509284375 0.064191525 0.6825947328125 0.0624206984375 0.5857092859375 0.0830485796875 0.584394209375 0.08950355 0.604502090625 0.11521730156250001
7 0.7130383171875 0.356676571875 0.7115856265625 0.36155860156249997 0.7320299453125 0.38037467812500003 0.7288034640625 0.386468546875 0.738956815625 0.3950901171875 0.7529176375 0.41500175156249997 0.7697074359375 0.41353283437500005 0.836178559375 0.399792471875 0.8461637625 0.395748921875 0.84575091875 0.3910301046875 0.8379371515624999 0.3769205875 0.8023240171875001 0.335128603125 0.7662672203125 0.3419814484375 0.7416329796875 0.350476578125 0.7130383171875 0.356676571875
7 0.62390599375 0.2725458765625 0.6357872625 0.2794312921875 0.691798846875 0.339515040625 0.745394721875 0.3290144203125 0.7774910937499999 0.3198664375 0.7853355375 0.3128402234375 0.7313424390625001 0.24359833437499998 0.7265409921875 0.24243342812500002 0.7136198734375 0.2451488578125 0.6265208078125 0.270203803125 0.62390599375 0.2725458765625
7 0.5068825593749999 0.15968408750000002 0.5103689296875 0.1673039640625 0.49868634062500006 0.18417584375 0.49419065624999997 0.197248996875 0.5311647390625 0.2331103234375 0.540140771875 0.2175318875 0.5555849609375 0.21142575937500002 0.5885986187500001 0.24499195 0.596290109375 0.24696066249999998 0.619762225 0.23592557187500002 0.62824886875 0.236239740625 0.673174615625 0.22332770000000002 0.69780885625 0.21483256874999998 0.6992615453125001 0.2099505390625 0.6417362046874999 0.13256446093750002 0.624365415625 0.11664944375 0.604823190625 0.11888749375 0.5090386578125 0.1520988875 0.5068825593749999 0.15968408750000002
7 0.478169534375 0 0.357213075 0.01058231875 0.360989371875 0.0176485015625 0.3820912265625 0.0332370953125 0.38473657499999997 0.041987203125 0.38855938437500004 0.042709403125 0.460504403125 0.1130223328125 0.468945175 0.1128121875 0.5628641734375 0.07976400624999999 0.583767346875 0.0715953015625 0.5850824234374999 0.06514033281250001 0.5311424062500001 0 0.478169534375 0
7 0 0.35993375781250003 0.064842096875 0.3927816703125 0.07123384687499999 0.39063748593750003 0.09328395 0.36334869375 0.1075965484375 0.36579478593750003 0.18154485625 0.4052895296875 0.1991298078125 0.4021660671875 0.2441472984375 0.390302653125 0.2593621296875 0.3815749609375 0.3100679609375 0.370270534375 0.331062878125 0.3631504546875 0.333448334375 0.35818681875 0.344228690625 0.3524887234375 0.22151677187500002 0.27129586250000004 0.1892829265625 0.24664299375 0.157737153125 0.2298548203125 0.1564374140625 0.225741921875 0.145580653125 0.21982352500000002 0.1419413296875 0.22119857656250003 0.125212740625 0.21262394062499998 0.102260546875 0.21885860781250002 0.088773634375 0.225850146875 0.06502629062500001 0.23373935937499998 0.05938381875 0.2337046859375 0 0.2527815828125 0 0.35993375781250003
7 0 0.1586094453125 0.05033180625 0.1409828921875 0.0601335265625 0.13484209062500002 0.0616320875 0.1304843734375 0 0.0871104546875 0 0.1586094453125
7 0.4820483609375 0.434473134375 0.4535455828125 0.4094938390625 0.431832059375 0.39765704375 0.426342540625 0.38862744375 0.3755908375 0.3994075578125 0.3363075609375 0.41235427031249994 0.3309861890625 0.41598978750000004 0.297590078125 0.4210248734375 0.28587695625 0.42680457499999996 0.257465778125 0.4351018203125 0.258857259375 0.44026334375 0.26664049218749997 0.4432806828125 0.2738579296875 0.45057413124999995 0.2559976078125 0.482779628125 0.31731536562499996 0.5175678125000001 0.32534329375 0.51263885 0.33540504375 0.48798388125000003 0.3439834296875 0.489346675 0.40455190625000004 0.52631371875 0.4129926765625 0.5261035734374999 0.4452266640625 0.5185285281249999 0.48623785937499997 0.5038456625000001 0.534328878125 0.4948833078125 0.541561653125 0.49160889062499996 0.5437636234375 0.484548003125 0.5339313734375 0.479596625 0.5280290109375 0.46584820625 0.4820483609375 0.434473134375
7 0.5091899109375 0.5298389078125 0.4756103140625 0.5327767421875 0.470808865625 0.5316118359375 0.4673988984375 0.5356084531249999 0.45652679999999995 0.540257921875 0.46229154843750003 0.5524334015625 0.48079392812500005 0.5597962 0.4853048078125 0.56838309375 0.49276694218749995 0.567730240625 0.5122938312499999 0.5760600578124999 0.562800696875 0.605454159375 0.603842428125 0.6018634734375 0.6752067390625001 0.5903366421875 0.682485384375 0.5875865390625 0.6858494796875 0.583065609375 0.65827946875 0.5580047078125 0.6091794187499999 0.523204265625 0.596411253125 0.5169247671874999 0.5091899109375 0.5298389078125
7 0.601686328125 0.609448675 0.5971601093750001 0.611429646875 0.5835354390624999 0.6490761593750001 0.5876793499999999 0.6534685515625 0.6171302328125 0.667798371875 0.6189652328124999 0.6565429796875 0.6353421875 0.6503552453125 0.673876040625 0.671815303125 0.7886522 0.662302015625 0.7873524625 0.6581891203125 0.7690947796875001 0.6428800203125 0.7211109828125 0.610095221875 0.6909413515625 0.6090364390625 0.6327170265625 0.6167720390625 0.6162741546875 0.615040646875 0.601686328125 0.609448675
8 0.560185459375 0.7044799687500001 0.565032778125 0.7061691875 0.571516271875 0.7050736296875 0.5795442000000001 0.700144665625 0.581746171875 0.693083778125 0.5797583609375 0.681106184375 0.5707671328125 0.675024575 0.56189818125 0.6810837703125 0.5566990875 0.6968600921875 0.560185459375 0.7044799687500001
8 0.3984808296875 0.62881183125 0.4001016671875 0.63659491875 0.40410796250000003 0.6394143718749999 0.41632567031249995 0.6394021125 0.42621913125 0.6343099359375 0.42996553437499996 0.62341564375 0.42797772656250005 0.611438053125 0.41894062656250003 0.604832128125 0.41245713281249996 0.6059276875 0.40634060937500005 0.61121775 0.3984808296875 0.62881183125
8 0.183256871875 0.54303289375 0.184648353125 0.5481944171875 0.1936395796875 0.5542760265625 0.20767695000000003 0.55357624375 0.2219590140625 0.54493015625 0.2281367484375 0.529596540625 0.2264700375 0.5212891390625 0.2193902140625 0.5155686296875001 0.212723234375 0.5145669359375 0.1973249171875 0.5211973765625 0.183256871875 0.54303289375
8 0.6812934359375 0.41281483906250005 0.68909200625 0.40526431093750004 0.6864007875 0.395989890625 0.6805748296874999 0.3938579640625 0.6734337984375001 0.3981810078125 0.6702073171875 0.40427487656250005 0.6747640703125 0.413386084375 0.6812934359375 0.41281483906250005
8 0.5836591328125 0.338937840625 0.5938278234375 0.33699154375 0.6008771125 0.331619875 0.6013970359374999 0.3268194515625 0.59520410625 0.320493021875 0.58419439375 0.3235695515625 0.577099234375 0.32841690625000003 0.5797445812500001 0.337167015625 0.5836591328125 0.338937840625
8 0.5013926140625 0.24733822499999997 0.505307165625 0.24910905 0.509925128125 0.2481767046875 0.51776956875 0.241150490625 0.5169438828125 0.23171285625000002 0.5075398125 0.22091242968749997 0.49989419375 0.21946802812500002 0.4947104390625 0.22467648437499999 0.49585722499999996 0.237784309375 0.5013926140625 0.24733822499999997
8 0.2856186234375 0.05858379375 0.298845503125 0.070106421875 0.30892244999999996 0.067111496875 0.3168127640625 0.0606095953125 0.31771499687500004 0.049435809375 0.31035994375 0.040569421875 0.29982428437499997 0.038321215625 0.291658740625 0.041677239062499996 0.2874077515625 0.0468040875 0.2856186234375 0.05858379375