5 0 0.1572070375 0.021896140624999998 0.1517692859375 0.03638173125 0.1504293171875 0.063343090625 0.1434359734375 0.06903109375000001 0.13681395624999998 0.024369728125 0.0718226359375 0.00886025625 0.0699191109375 0 0.07165586874999999 0 0.1572070375
8 0.7129601937500001 0.3984417765625 0.7274268125 0.3960150171875 0.7330863625 0.3877628140625 0.7290667203125001 0.37913600000000003 0.730081115625 0.3818361 0.7166004359375 0.38533277187500004 0.7060680921875 0.3914957859375 0.7071109437499999 0.395826071875 0.7129601937500001 0.3984417765625
8 0.5263358484375 0.5125857703125 0.5387831640625 0.505302209375 0.5396363140625 0.49876458437500004 0.53567358125 0.49339814375 0.5087975874999999 0.5052820484375 0.5088734671874999 0.5096292124999999 0.51375574375 0.5122617968750001 0.5263358484375 0.5125857703125
8 0.2689044890625 0.6154638015625 0.28281199375 0.6364199265625 0.29453894687500004 0.643281525 0.31290190625 0.6424174375 0.3205807609375 0.6390220375 0.3243348234375 0.6324337765625 0.3192723296875 0.6194766781250001 0.29963888125000004 0.6029689874999999 0.29284163125 0.6014569515625 0.2793230109375 0.6027800421875 0.2689044890625 0.6154638015625
1 0.768220296875 0.4610738515625 0.7353812328125 0.46382130312500003 0.7218246734375 0.46297081249999994 0.7140225140625 0.459302071875 0.71490411875 0.45439463281250003 0.721597034375 0.4499293203125 0.717482540625 0.4358685515625 0.6897059703124999 0.451573103125 0.6741775296875 0.4485827859375 0.667446675 0.45087451874999995 0.6023755875 0.491146734375 0.6035702 0.504171346875 0.612415209375 0.512170371875 0.635755296875 0.5193728234375 0.7481420515625 0.529913009375 0.7974670421875001 0.5295956015625001 0.8398999328125001 0.5223321999999999 0.8658374125 0.5120953593750001 0.8781614203125001 0.49774765624999995 0.8760282937499999 0.48637010781249995 0.8584141515624999 0.47471922187500004 0.82440893125 0.4660722453125 0.768220296875 0.4610738515625
1 0.6796578640625001 0.5408925046874999 0.6515398328125 0.53703481875 0.5857004609375001 0.533292 0.573992478125 0.5275171921874999 0.5767036890624999 0.516598646875 0.571736046875 0.5090755031249999 0.4406079328125 0.5885500218749999 0.452363340625 0.59704180625 0.47279303125 0.6037515 0.5978831953125 0.6216798 0.6433403015625 0.6214299046875 0.6944379890625 0.6118410140625 0.7309172937499999 0.59598455625 0.7414022124999999 0.587104565625 0.7441893046875 0.580533184375 0.74195184375 0.563178284375 0.7272670671875 0.5531069484375 0.6796578640625001 0.5408925046874999
1 0.45565363750000004 0.6747136046875 0.4275356078125 0.6708559171874999 0.4120640765625 0.6711259734375 0.3780873125 0.6641091859375 0.37414355 0.6598295359375 0.37864642656249997 0.6407263015625 0.37458884375 0.6299259046875 0.37070199062500003 0.628906628125 0.20885845625 0.7219627531249999 0.1955010796875 0.732523565625 0.20631797343749997 0.7426624171875 0.2258281171875 0.752105965625 0.3511838625 0.785249340625 0.3831697734375 0.7890395125 0.42088163125 0.78838125 0.47390377499999997 0.77821520625 0.5142509640624999 0.762291234375 0.5390317703124999 0.7412033640625 0.542501284375 0.7183132390625 0.5345283921874999 0.70486338125 0.5042392984374999 0.6874545640624999 0.45565363750000004 0.6747136046875
1 0.3334937234375 1 0.3537642828125 0.98849613125 0.373435171875 0.951734184375 0.3740891375 0.9337852546875001 0.3680217328125 0.9186714531250001 0.3542280484375 0.9042360734375 0.337618815625 0.894741890625 0.20338960625000002 0.8519693015625001 0.199123353125 0.82921420625 0.1912263421875 0.8201115109374999 0.1489352265625 0.7800826265625 0.13133056875 0.768975134375 0.005892803125 0.8419619234375 0.008194412500000001 0.9738209875000001 0.009171771875 0.9743992578125 0.0677906671875 1 0.3334937234375 1
1 0 0.3041748515625 0.0312827953125 0.30162829062499996 0.100752925 0.291718709375 0.18459482656249998 0.2739484109375 0.21824910000000003 0.262489753125 0.2297484125 0.256309859375 0.2325544765625 0.25082526875 0.22953025781249997 0.2438117640625 0.224629009375 0.24009238906250002 0.2100580546875 0.2365417984375 0.20316595468749998 0.22959580625 0.1721470125 0.2257887546875 0.1025630625 0.22917759218749997 0.0582152 0.2375615421875 0.0455971578125 0.23506398437499998 0.0510859765625 0.21703066249999997 0.049910334375 0.20509284062500002 0.035680340625 0.16566126875 0 0.1732019609375 0 0.3041748515625
1 0.08009409687499999 0.1056378703125 0.086104590625 0.1174913 0.091963325 0.1206504015625 0.0466869328125 0.18666802968750001 0.0468292078125 0.1948189625 0.048791604687500004 0.196415390625 0.0737052015625 0.1829350578125 0.0891103375 0.1788612328125 0.0997565015625 0.179218965625 0.11832812968749999 0.1903095765625 0.1348425109375 0.19436980625 0.1580498078125 0.193964721875 0.29909473750000004 0.18389291875 0.3675884125 0.17345681875000002 0.42443101250000004 0.160506284375 0.449429975 0.151916509375 0.46091032031249995 0.1446498265625 0.4715185421875 0.14283397656250002 0.47616369531249997 0.13188167343749999 0.44684156875000003 0.114455978125 0.42554924375000003 0.11374051562500001 0.4109498328125 0.10855973906250001 0.4071578296875 0.11297441718750001 0.384936475 0.1144494140625 0.373418190625 0.119542515625 0.3453950125 0.12111878437500001 0.3049434875 0.13106540625000002 0.29417401875000004 0.1236435328125 0.287973825 0.10092219531249999 0.2461849171875 0.034250053125 0.2252762765625 0.00471915625 0.09497261875 0.0069936156250000004 0.0813161640625 0.0094062328125 0.0148323109375 0.024155740624999998 0.0208428046875 0.03600916875 0.0365324921875 0.0482372078125 0.0375848265625 0.0531108890625 0.047387323437500004 0.060549640625 0.0514259359375 0.0702632453125 0.0642241953125 0.0830853171875 0.06634783749999999 0.09391946875 0.08009409687499999 0.1056378703125
1 0.3482010734375 0.11563419374999999 0.3531118078125 0.119896965625 0.3647059703125 0.119151028125 0.374347221875 0.11735205468750001 0.38196916718749996 0.11069628125 0.3858560203125 0.111715559375 0.40124218593750005 0.10655494218749999 0.41477029062500004 0.1057752484375 0.42252502812500004 0.10672700937499999 0.4264972453125 0.112636846875 0.44296420156250005 0.11398009687499999 0.45851161406249996 0.1180572046875 0.4787990265625 0.11661596562500001 0.57241496875 0.1046542328125 0.6311915109374999 0.091669940625 0.6706286390625 0.0790232203125 0.6763450984375 0.0740313890625 0.67814625 0.0663900953125 0.6654712968750001 0.060632165625 0.6576122265625 0.053703053125 0.64598960625 0.0528188046875 0.6247731609375 0.0564505046875 0.54751035625 0.0632347421875 0.50126649375 0.07382603125000001 0.49729427656249997 0.06791619531250001 0.49399499375 0.0451442203125 0.47037555937500003 0.00044093281249999995 0.277234834375 0.0038122171875 0.2787963390625 0.0184611078125 0.2939743359375 0.056789010937499995 0.321779859375 0.0981578625 0.3210025890625 0.1090426515625 0.3104417921875 0.1135754796875 0.3076262453125 0.11851667343750001 0.31249903749999997 0.1206058640625 0.3220833796875 0.11554651875 0.334616059375 0.1131535171875 0.3482010734375 0.11563419374999999
7 0.9184591859375001 0.2573338328125 0.8905593109375 0.26597424375 0.8451875687499999 0.2711146984375 0.8085849578125 0.279907015625 0.7558473640625001 0.3063749234375 0.7329151328125 0.3225384765625 0.7060391390625 0.33442238125 0.697497646875 0.34381201250000004 0.701393984375 0.34537468437499996 0.712969178125 0.3435419546875 0.8296406562499999 0.32248081093750003 0.8603371093750001 0.3078124140625 0.91491379375 0.27587679375 0.918677340625 0.26983192968749997 0.9311720796875 0.2652653453125 0.931996775 0.257097534375 0.9184591859375001 0.2573338328125
7 0.773907303125 0.3435653984375 0.748804003125 0.346177821875 0.642674353125 0.361619346875 0.612944871875 0.376270865625 0.574512653125 0.39107428906249997 0.5602072796875001 0.4027387734375 0.4988523140625 0.4342491453125 0.4921878546875 0.44034464531250006 0.49707961875000006 0.4435206265625 0.5144756046875 0.44267341718750003 0.6342092421875 0.430799359375 0.6773055828125 0.4061304234375 0.7214447734375 0.3857917734375 0.7261468375 0.3780998453125 0.7693095734375001 0.357234678125 0.7826384921875 0.34504367812500003 0.773907303125 0.3435653984375
7 0.35392103124999996 0.498744890625 0.32799303750000003 0.5095251249999999 0.3116209296875 0.5136158296875 0.19274094375 0.5743954796875 0.1937743109375 0.5781823703125 0.199623559375 0.5807980765625 0.3477692609375 0.589626965625 0.53376809375 0.4950620875 0.5653556375 0.4760296484375 0.5662562125 0.47220900312499997 0.558473021875 0.46962705312499997 0.5420155515625 0.46882719687499996 0.41243199218750004 0.470545525 0.35392103124999996 0.498744890625
7 0.1455211265625 0.63990346875 0.08356860625 0.637179928125 0.0087139921875 0.6711001828125001 0.0029173421875 0.67149785 0.0047066828125 0.7740091171875 0.0900159109375 0.72947276875 0.09573237031250001 0.7244809375 0.1063121359375 0.7210349 0.1868263 0.6788624421875 0.1896513328125 0.6744646421875 0.21940926875 0.6614433109375 0.223172815625 0.655398446875 0.2289367 0.65312359375 0.2278938484375 0.6487933078125 0.1455211265625 0.63990346875