8 0.86640625 0.665625 0.03828125 0.02734375
8 0.971875 0.7421875 0.0484375 0.0234375
8 0.5875 0.72578125 0.02890625 0.04375
8 0.659375 0.8375 0.04453125 0.03671875
8 0.68984375 0.9390625 0.03203125 0.0625
8 0.2453125 0.971875 0.034375 0.05234375
1 0.09453125 0.9171875 0.14765625 0.165625
7 0.30078125 0.88125 0.0546875 0.2375
7 0.2734375 0.71484375 0.0265625 0.11328125
7 0.275 0.63125 0.04296875 0.1
7 0.55703125 0.603125 0.07890625 0.23515625
7 0.6359375 0.68671875 0.06640625 0.2609375
7 0.73828125 0.81640625 0.115625 0.3140625
7 0.896875 0.8859375 0.16484375 0.22734375
7 0.84296875 0.546875 0.0921875 0.178125
7 0.94765625 0.6140625 0.10390625 0.22578125
1 0.41640625 0.8015625 0.13203125 0.18046875
1 0.42421875 0.93203125 0.1421875 0.1359375