7 0.18758619062499998 0.6033563875 0.32722790625 0.6182938375 0.3808920640625 0.5367515218750001 0.3791595828125 0.53285115625 0.364758025 0.53046373125 0.25389098125 0.5208438671875 0.2250852953125 0.5530761203125001 0.21835318906249998 0.55217908125 0.20940635 0.5381045953125 0.1980728296875 0.5326126125 0.1869655734375 0.541282315625 0.17440898437500002 0.559127871875 0.18758619062499998 0.6033563875
7 0.26705919218749996 0.6945972484375 0.25370875625 0.6906322375 0.118867559375 0.6764905953125 0.076710153125 0.7232613890625 0.0690122546875 0.722313734375 0.061854784375000006 0.7110541453125 0.041289990625 0.6969150109375 0.0230808625 0.7117432109374999 0.0002690359375 0.7404800203125 0.006914525 0.7615088109375 0.022223704687500002 0.7835358703125 0.014695182812499999 0.79783536875 0.0173081265625 0.8034145484374999 0.040600921875 0.802458375 0.058609660937499995 0.8099328625 0.08673141875 0.809229765625 0.1146825171875 0.81178306875 0.1318392359375 0.8170360062500001 0.1607276828125 0.8201826578125001 0.18992900937499999 0.8173592421875 0.269785909375 0.69800549375 0.26705919218749996 0.6945972484375
7 0.3636850578125 0.846601703125 0.3954708828125 0.8499002000000001 0.4086803875 0.8380753265625 0.43868198437499994 0.7645447171875001 0.3665888609375 0.7542357875000001 0.33963199843749997 0.7511903640625001 0.3248025046875 0.7754474921875001 0.297987859375 0.7696884046875 0.2840672703125 0.7950816140625 0.28599756875 0.8136863968749999 0.3031245609375 0.8379856203125 0.34652833906249997 0.8413487640625 0.3636850578125 0.846601703125
7 0.1878460359375 0.5429611296875 0.1752325609375 0.5618921546875 0.18960310625000001 0.60182941875 0.19818146406249998 0.6044558875 0.3262905578125 0.6177004890625 0.3354946734375 0.6083868234375001 0.37989782656250004 0.5372436406250001 0.378193790625 0.5328005421875 0.36955854375 0.531259540625 0.2538625375 0.5213866 0.22803956093750002 0.5521424984375 0.21741584062500002 0.5515857328125 0.20835522812499999 0.5396821796875 0.1979021703125 0.5358690125 0.1878460359375 0.5429611296875
7 0.188328875 0.98435218125 0.348278984375 0.9927348109375 0.3659218140625 0.9517541765624999 0.36796845624999996 0.931180921875 0.36433283437499997 0.92663659375 0.289313890625 0.9167185515625 0.25846541562500003 0.914013403125 0.24051099374999999 0.9424605546875 0.20974784999999999 0.9381272046875001 0.2036402140625 0.9437935828124999 0.187162284375 0.9810256984375 0.188328875 0.98435218125
7 0.0532076203125 0.0629742875 0.021840928125 0.0701572953125 0.0172361625 0.1580214625 0.025392315625000002 0.1502250765625 0.0270976390625 0.1361646234375 0.0333474890625 0.1277845765625 0.0616967953125 0.12273961250000001 0.104163225 0.1255094078125 0.13546679687500002 0.1195308203125 0.23613934374999998 0.0834458140625 0.2422185328125 0.0783221703125 0.2386113546875 0.073235109375 0.0532076203125 0.0629742875
7 0.0557559671875 0.18066024687499999 0.0162695375 0.176465784375 0.014605525 0.2082170265625 0.0601298359375 0.18959705625 0.0557559671875 0.18066024687499999
7 0 0.9744822828125 0.09049814375000001 0.9792250906250001 0.17123505781249998 0.8599174609375 0.1724283984375 0.855626209375 0.1659238421875 0.850387303125 0.143938159375 0.8448812890624999 0.0057742171875 0.8202252515625 0 0.8215259156249999 0 0.9744822828125
1 0.2951835203125 0.656887046875 0.285327775 0.6416764765625 0.259621140625 0.6332543359375 0.1696317703125 0.6318035390625 0.1655694953125 0.6354002109375 0.1720740515625 0.64063911875 0.1612783875 0.66184230625 0.1479835546875 0.6752953796875001 0.23459200937500002 0.6858208015625 0.26853696718750003 0.6848786609374999 0.286546990625 0.673849596875 0.2951835203125 0.656887046875
1 0 0.49578841249999994 0.0451414203125 0.457114028125 0.0441769125 0.4385598609375 0.026453893750000002 0.4071544875 0.033385101562500005 0.40425239218750003 0.09479890468749999 0.39658647187499996 0.12422777812500001 0.38942118593749997 0.1710706453125 0.3641206890625 0.17524669375 0.35835308125 0.1720092796875 0.346210484375 0.1626073453125 0.3408197328125 0.147325325 0.3367534921875 0.0961383171875 0.3340708953125 0.0079360875 0.33547746875 0 0.4869070375 0 0.49578841249999994
5 0.15086790781249998 0.453947334375 0.0785136546875 0.5225372125 0.07527495468749999 0.52889816875 0.085443578125 0.5381386703125 0.10055622187499999 0.526957759375 0.17203001406250001 0.4566890640625 0.173308684375 0.45076961249999997 0.1687357125 0.44563193593749995 0.164986315625 0.44325854218750005 0.15086790781249998 0.453947334375
5 0 0.6193381640625 0.026270384375 0.595446409375 0.025930346875 0.5834556578125001 0.012750573437500001 0.5762342453125 0.001104175 0.5767123328125 0 0.5777347484375001 0 0.6193381640625
5 0.29356095781249997 0.7063264046875 0.2819430046875 0.7062617578125 0.269471746875 0.7224791125000001 0.2324264515625 0.7825791984375 0.22648819531250003 0.8034927296875001 0.21325024843749998 0.8158603359375001 0.2138178328125 0.8235092187499999 0.2254357875 0.823573865625 0.230549184375 0.8183996062500001 0.2930489765625 0.71609560625 0.29356095781249997 0.7063264046875
5 0.1901798609375 0.8864888484375 0.20125995937500002 0.8598583281250001 0.1984479109375 0.8580782828125001 0.1963741078125 0.8606907187499999 0.1837050328125 0.8622036578125 0.1744155859375 0.8731455234375 0.115296709375 0.9663749015624999 0.10894995625 0.980192109375 0.13229845 0.9814157515625 0.1901798609375 0.8864888484375