7 0.09524375625 0 0.052997664062500005 0.10047705468749998 0.048690246874999996 0.1218074921875 0.037807775 0.14320575625 0.0401693546875 0.14970210781249998 0.1645079765625 0.15681390625 0.357509440625 0.16186826875 0.366703071875 0.164621553125 0.4398525859375 0.1655158578125 0.465932521875 0.1683947453125 0.46930157812499995 0.17390634375 0.471389959375 0.170886771875 0.4686245265625 0.17016579375000002 0.47769181562499996 0.161303021875 0.48876217187500004 0.1103722375 0.52041985 0.00020694531250000002 0.51746039375 0 0.09524375625 0
7 0 0.6313373421875 0.164409828125 0.6548623874999999 0.2110388375 0.6591782078125 0.3151383 0.6738439640625 0.3227575453125 0.67226635 0.3283089234375 0.6599921156249999 0.3263511984375 0.6477203953124999 0.330674815625 0.639581115625 0.32932071406249996 0.6321000140625 0.33335062031249996 0.6281610046874999 0.3499356390625 0.5654810218749999 0.35620078125 0.5564223046875 0.3628859796875 0.5547793765625 0.44882919374999997 0.2653325515625 0.45654669375 0.22208132812499998 0.46667868749999997 0.1979925796875 0.469795059375 0.18027206406250001 0.464484478125 0.17567990312499998 0.4533126078125 0.1743710890625 0.28802269375 0.1622852921875 0.0689412953125 0.1543520421875 0.0587401875 0.152583509375 0.042567646875 0.15567342343749999 0.0228057671875 0.15640194062499999 0 0.4825396125 0 0.6313373421875
7 0 0.9662575421874999 0.27510665625 0.985494875 0.3311553578125 0.726668884375 0.3383793765625 0.6770519421875 0.3354876015625 0.66471490625 0.321493071875 0.6769263390625 0.3177201640625 0.6771901125 0.2871902671875 0.6708344453125 0.09540036406249999 0.648453971875 0.0304942328125 0.6370564796875 0 0.634924115625 0 0.9662575421874999
7 0.652654859375 1 0.657046634375 0.97896385625 0.671474159375 0.8934461640625001 0.6691125796875 0.8869498140625 0.53545398125 0.8654686703125 0.4660244640625 0.8516444703125 0.440805146875 0.8498809640625 0.4368853828125 0.8522448718750001 0.42966567656250004 0.8749544640625 0.42145469531249996 0.9118399671875 0.40487830156250004 0.9207052515624999 0.38986009374999997 0.9207102781250001 0.3572580171875 0.9305653421875 0.34064180781250003 0.9900775390625001 0.48253961562500003 1 0.652654859375 1
7 0.47656136250000003 0.70095979375 0.4641617296875 0.703785934375 0.4531734296875 0.699851953125 0.42421791875 0.6978271859375 0.4200778703125 0.703341296875 0.40710270312499997 0.7546664828125 0.40774304062500005 0.7589320671875 0.41230314375 0.76083374375 0.4481274203125 0.7585904125 0.460763534375 0.765805228125 0.44300367031250004 0.8452862906249999 0.44939515625000004 0.8478436296874999 0.5070491796875001 0.8555683999999999 0.622997565625 0.875283521875 0.6769521078125 0.882221996875 0.712643521875 0.680536196875 0.7150828421875 0.6590751312500001 0.7127212625 0.6525787796875 0.5628534109375 0.6347125859375 0.495601903125 0.6300099015625 0.4916454234375 0.6328988437499999 0.47656136250000003 0.70095979375
7 0.536126615625 0.4397417 0.5299716140624999 0.447225315625 0.5343481453125001 0.4517521609375 0.5211159828125 0.5067525828125 0.4828934109375 0.5030245984375 0.480274834375 0.500203484375 0.48247335781249995 0.4956088109375 0.47414034687499995 0.49397090937500004 0.4633475015625 0.5275102640625 0.460157703125 0.5462808484375 0.462739565625 0.5496269953125 0.472043340625 0.55080518125 0.4778312015625 0.5485719015625 0.4899371203125 0.54994603125 0.4947542203125 0.548172471875 0.5114936703125 0.5503982093750001 0.49666660625 0.614783925 0.49671952187499996 0.6274500468750001 0.5245574140625 0.63203466875 0.7108898796875 0.651923115625 0.7186764953125 0.6345291765625001 0.752332440625 0.448529071875 0.7478090515625 0.4461023625 0.72823074375 0.44420571249999996 0.5425019 0.4291078828125 0.53010226875 0.4319340234375 0.536126615625 0.4397417
7 0.578246228125 0.24008820625 0.579710471875 0.2459942078125 0.5736288984375 0.25242775625 0.5728579046875 0.26345346406250003 0.5617918640624999 0.2874768984375 0.5593892578124999 0.30841293125 0.5534545390625001 0.31274634375 0.5413853343749999 0.31084718125 0.5271748328125 0.2993014671875 0.5162232453125 0.29484245 0.5105822390625 0.2949755921875 0.50748638125 0.2989799171875 0.49854112187500005 0.34636609375 0.5145462921874999 0.3590925078125 0.52908721875 0.36591291875 0.5451085890625 0.3918304890625 0.5409275140625 0.4247769828125 0.5500110046875 0.42910536875 0.5602488265625001 0.43034886875 0.6404301625000001 0.4380660984375 0.7460143828125 0.444921665625 0.7583773 0.4426205578125 0.7606492515625 0.43697581718749995 0.7888844749999999 0.24795865468749997 0.7806983187500001 0.24422061718750002 0.5879905671875 0.2349659859375 0.580334609375 0.237068634375 0.578246228125 0.24008820625
7 0.61012370625 0.0660985640625 0.5942157359375 0.13251909687500002 0.5847283937500001 0.1339660828125 0.561344775 0.105950890625 0.5567479578125 0.10457424687500001 0.5437727921875 0.155899434375 0.5635303578124999 0.182078265625 0.571606371875 0.18739140468749999 0.580485778125 0.2080611515625 0.5754116796875001 0.213509946875 0.5764720718749999 0.22519131718750002 0.583540609375 0.23148920781250001 0.60218486875 0.23332054375000003 0.6883376359375 0.23617932656249999 0.7829702703125 0.23857587656249998 0.79062623125 0.236473228125 0.8202112421875001 0.0818445171875 0.8253630812500001 0.0484383046875 0.8227077890625001 0.046142224999999995 0.6167192734375 0.05231454375 0.61012370625 0.0660985640625
8 0.558379571875 0.094663921875 0.5742216875 0.09629931093750001 0.5826486375 0.08317095625000001 0.5750866203125 0.07050734374999999 0.5704898046875 0.0691307015625 0.5629072734375 0.0701832828125 0.556935840625 0.0750417296875 0.5540764671875 0.089087009375 0.558379571875 0.094663921875
8 0.5243445999999999 0.24581585625 0.5306993703125 0.248898228125 0.536377090625 0.2482400515625 0.5414511875 0.24279125625 0.5425893187499999 0.2265152125 0.5346968765625 0.218576903125 0.5226276703125 0.216677740625 0.5147514265625001 0.22193059062499998 0.51584853125 0.23308693125 0.5243445999999999 0.24581585625
8 0.4828696375 0.42282758437499995 0.49303403125 0.4251211515625 0.5000496531249999 0.41875291875 0.502945740625 0.4041826046875 0.4933687703125 0.3934884984375 0.4831309484375 0.392245 0.47446751093749995 0.3953323984375 0.47452042499999997 0.4079985234375 0.4828696375 0.42282758437499995
8 0.4228195296875 0.6238652609375 0.43574935625 0.6268798062500001 0.444890071875 0.6169669671875 0.44476372968750005 0.6053509109374999 0.43384885625 0.6003668609374999 0.4188673625 0.5998468531250001 0.412675646875 0.6078555031249999 0.4139930359375 0.6158616375 0.4228195296875 0.6238652609375
8 0.392622265625 0.8275180515624999 0.40267651875 0.8313867187499999 0.4055520921875 0.8305325968749999 0.41544328906250005 0.8233102421874999 0.41747875468749995 0.8076245468750001 0.4102633640625 0.8034267906249999 0.3944212484375 0.8017913999999999 0.38639815 0.8091443843749999 0.38656120625 0.8202354078124999 0.392622265625 0.8275180515624999