8 0.23177083281250002 0.2703703703125 0.23177083281250002 0.2638888890625 0.225 0.25740740781250004 0.2088541671875 0.2509259265625 0.2010416671875 0.252777778125 0.19479166718750002 0.26203703749999996 0.19583333281249998 0.27777777812500004 0.2036458328125 0.284259259375 0.2244791671875 0.28148148125 0.23177083281250002 0.2703703703125
8 0.4244791671875 0.3129629625 0.42604166718750003 0.302777778125 0.42083333281249996 0.290740740625 0.41197916718750005 0.2851851859375 0.40208333281249997 0.28611111093749997 0.4015625 0.296296296875 0.4088541671875 0.3101851859375 0.41822916718750003 0.31759259218749997 0.4244791671875 0.3129629625
8 0.5875 0.36944444375 0.5901041671875 0.3648148140625 0.590625 0.353703703125 0.5848958328125 0.34444444375 0.5760416671875 0.33888888906250003 0.5671875 0.340740740625 0.5682291671875 0.3518518515625 0.5760416671875 0.3638888890625 0.5833333328125 0.36944444375 0.5875 0.36944444375
8 0.715625 0.3796296296875 0.715625 0.372222221875 0.7083333328125 0.36296296250000004 0.7010416671875 0.3611111109375 0.6989583328125 0.365740740625 0.6989583328125 0.3759259265625 0.7052083328125 0.3851851859375 0.7125 0.38703703749999996 0.715625 0.3796296296875
8 0.7942708328125 0.36296296250000004 0.79375 0.3574074078125 0.7864583328125 0.34722222187499996 0.7755208328125 0.34444444375 0.7697916671875 0.34722222187499996 0.7708333328125 0.3546296296875 0.78125 0.36296296250000004 0.7901041671875 0.36759259218749996 0.7942708328125 0.36296296250000004
7 0.7203125 0.2731481484375 0.7130208328125 0.3111111109375 0.6984375 0.3166666671875 0.6828125 0.3129629625 0.6567708328124999 0.3138888890625 0.6671875 0.3148148140625 0.6770833328125 0.32685185156249996 0.71875 0.334259259375 0.7333333328125 0.3333333328125 0.7375 0.3490740734375 0.74375 0.3574074078125 0.7502604171875 0.35925925937500003 0.759375 0.372222221875 0.775 0.372222221875 0.7635416671875 0.3509259265625 0.7671875 0.3361111109375 0.8078125 0.33888888906250003 0.8416666671874999 0.2009259265625 0.7552083328125 0.1740740734375 0.7505208328124999 0.1861111109375 0.7328125 0.2666666671875 0.7239583328125 0.26851851875 0.7203125 0.2731481484375
7 0.7088541671875 0.3120370375 0.7208333328125 0.25833333281250004 0.7338541671875001 0.21296296250000002 0.7416666671875001 0.172222221875 0.7317708328125 0.1648148140625 0.6385416671875 0.13703703750000001 0.6333333328124999 0.13981481406250001 0.6302083328125 0.1490740734375 0.6026041671875 0.290740740625 0.603125 0.29814814843750004 0.6734375 0.3101851859375 0.7088541671875 0.3120370375
7 0.5074651046875001 0.29722222187499997 0.5161458328124999 0.303703703125 0.5265625 0.3 0.59375 0.3083333328125 0.6020833328124999 0.3018518515625 0.6322916671875001 0.1379629625 0.6302083328125 0.134259259375 0.61875 0.13055555624999998 0.490625 0.09351851875 0.48541666718750004 0.1120370375 0.48229166718750005 0.14351851875 0.4734375 0.1879629625 0.4682291671875 0.2370370375 0.4609375 0.27777777812500004 0.46197916718750004 0.290740740625 0.5074651046875001 0.29722222187499997
7 0.3020833328125 0.24722222187499998 0.3244791671875 0.246296296875 0.3838541671875 0.2629629625 0.42760416718750005 0.26851851875 0.446875 0.27777777812500004 0.4583333328125 0.27870370312500004 0.4609375 0.2759259265625 0.46458333281249997 0.26203703749999996 0.4692708328125 0.2148148140625 0.4838541671875 0.12222222187500001 0.4859375 0.0990740734375 0.4838541671875 0.0870370375 0.3494791671875 0.0240740734375 0.3291666671875 0.0231481484375 0.309375 0.013888889062500001 0.2989583328125 0.0148148140625 0.29739583281250004 0.018518518749999997 0.2802083328125 0.22314814843750003 0.2828125 0.24722222187499998 0.2953125 0.2509259265625 0.3020833328125 0.24722222187499998
7 0.0171875 0 0.014583332812499999 0.04444444375 0.0171875 0.0675925921875 0.0171875 0.1324074078125 0.013020832812499999 0.1379629625 0.010416667187500001 0.1759259265625 0.0114583328125 0.196296296875 0.0135416671875 0.1981481484375 0.0447916671875 0.20277777812500003 0.0973958328125 0.2009259265625 0.1015625 0.1981481484375 0.12291666718750001 0.20370370312500002 0.1854166671875 0.20370370312500002 0.20989583281250002 0.2 0.23177083281250002 0.20277777812500003 0.240625 0.197222221875 0.2421875 0.2009259265625 0.2484375 0.2009259265625 0.2526041671875 0.184259259375 0.2630208328125 0.1888888890625 0.2671875 0.1851851859375 0.265625 0.1416666671875 0.2520833328125 0.140740740625 0.2526041671875 0.12592592656249998 0.24635416718749997 0.1231481484375 0.24583333281250003 0.11851851875 0.23697916718749998 0.1120370375 0.2359375 0.1074074078125 0.2364583328125 0.0870370375 0.2416666671875 0.077777778125 0.24375 0.08055555625000001 0.2494791671875 0.07685185156249999 0.2515625 0.072222221875 0.24895833281250002 0.0666666671875 0.2520833328125 0.0638888890625 0.2520833328125 0.053703703125 0.2552083328125 0.048148148437499996 0.25 0 0.0171875 0
7 0.4625 0.9351851859375 0.465625 0.9277777781250001 0.5697916671875001 0.8981481484374999 0.5953125 0.8879629625 0.6114583328125 0.8111111109375001 0.61875 0.79444444375 0.6239583328125 0.7546296296875 0.6755208328125 0.55 0.6609375 0.540740740625 0.6114583328125 0.5361111109375 0.3994791671875 0.534259259375 0.2828125 0.5379629625 0.27291666718749996 0.5638888890625 0.2697916671875 0.6203703703125 0.2666666671875 0.63055555625 0.2614583328125 0.6731481484375 0.2625 0.6768518515624999 0.259375 0.68148148125 0.2328125 0.9361111109375001 0.2270833328125 0.9712962968750001 0.2265625 0.9898148140625 0.2286458328125 0.9990740734375001 0.2484375 0.9990740734375001 0.4625 0.9351851859375
7 0.6552083328125 0.8824074078124999 0.6723958328124999 0.8796296296874999 0.6739583328125 0.8759259265624999 0.6890625 0.872222221875 0.715625 0.85648148125 0.7630208328125 0.8444444437499999 0.825 0.8194444437499999 0.8296875 0.809259259375 0.8411458328125001 0.7611111109375 0.85 0.7361111109375 0.8609375 0.6888888890625 0.8713541671874999 0.6638888890625 0.8734375 0.652777778125 0.8848958328125001 0.63148148125 0.8854166671874999 0.622222221875 0.9078125 0.5518518515624999 0.9083333328125001 0.54444444375 0.9046875 0.5398148140625 0.8140625 0.5379629625 0.6817708328125 0.5481481484375 0.6822916671875 0.5546296296875 0.6692708328125 0.5944444437499999 0.6671875 0.6101851859375 0.6552083328125 0.65 0.653125 0.6675925921875 0.625 0.7851851859375001 0.621875 0.809259259375 0.6166666671875001 0.8231481484375 0.609375 0.8574074078124999 0.6041666671875 0.8879629625 0.609375 0.897222221875 0.6125 0.8981481484374999 0.6552083328125 0.8824074078124999
7 0.8385416671874999 0.8296296296874999 0.846875 0.8259259265625 0.8520833328125 0.8194444437499999 0.8567708328125001 0.8222222218749999 0.8661458328125 0.81851851875 0.8661458328125 0.8129629625 0.86875 0.8111111109375001 0.8729166671874999 0.8148148140625 0.9041666671874999 0.7981481484375 0.9088541671874999 0.8 0.9296875 0.7925925921875 0.971875 0.775 0.9822916671874999 0.7675925921875 0.9994791671875 0.7120370375 0.9994791671875 0.5314814812499999 0.9395833328125001 0.5361111109375 0.9098958328125001 0.547222221875 0.8703125 0.6851851859375 0.8677083328125 0.7009259265625001 0.853125 0.727777778125 0.853125 0.7379629624999999 0.8453125 0.7620370375000001 0.8432291671875 0.7768518515625 0.8369791671875 0.7879629625 0.8369791671875 0.7990740734374999 0.8333333328125001 0.8101851859375 0.8364583328125 0.8120370375 0.8385416671874999 0.8296296296874999
7 0.5682291671875 0 0.5640625 0.018518518749999997 0.5572916671875 0.06944444375 0.5494791671875 0.10185185156250001 0.5510416671875 0.10648148125000001 0.6291666671875 0.13148148125 0.6354166671875 0.1296296296875 0.6567708328124999 0.040740740625 0.5734375 0 0.5682291671875 0
7 0.45677083281249997 0 0.4536458328125 0.015740740625 0.45 0.0675925921875 0.4817708328125 0.08148148125 0.49114583281249996 0.0888888890625 0.5489583328125 0.10370370312499999 0.5588541671875 0.0648148140625 0.5671875 0 0.45677083281249997 0
7 0.3333333328125 0 0.3333333328125 0.0148148140625 0.334375 0.021296296875000002 0.44739583281249995 0.0666666671875 0.45520833281249995 0 0.3333333328125 0
5 0.0958333328125 0.45185185156249996 0.1015625 0.4731481484375 0.10729166718750001 0.48148148125 0.2880208328125 0.4796296296875 0.29375 0.47407407343749997 0.28958333281250004 0.4546296296875 0.28177083281250004 0.43518518593750005 0.28125 0.42870370312499995 0.2869791671875 0.41944444374999995 0.2854166671875 0.41018518593750003 0.2791666671875 0.4018518515625 0.20416666718749998 0.3925925921875 0.1385416671875 0.3888888890625 0.0927083328125 0.3925925921875 0.09322916718749999 0.3990740734375 0.090625 0.403703703125 0.09375 0.41851851875 0.0958333328125 0.45185185156249996
1 0.1020833328125 0.8083333328125001 0.103125 0.8009259265625 0.109375 0.79444444375 0.1098958328125 0.7666666671875 0.11822916718750001 0.7666666671875 0.1244791671875 0.7824074078125001 0.1265625 0.8222222218749999 0.1291666671875 0.834259259375 0.128125 0.840740740625 0.13125 0.8481481484375 0.1302083328125 0.853703703125 0.1390625 0.8629629624999999 0.1390625 0.8703703703125001 0.1463541671875 0.8861111109375001 0.1572916671875 0.8833333328125 0.1619791671875 0.8629629624999999 0.1682291671875 0.8583333328125 0.23854166718749997 0.8398148140625 0.2494791671875 0.7629629625 0.2703125 0.5638888890625 0.2520833328125 0.56851851875 0.2359375 0.577777778125 0.2046875 0.6101851859375 0.1755208328125 0.6101851859375 0.1458333328125 0.6166666671875001 0.13125 0.6268518515625 0.12291666718750001 0.6388888890625 0.1166666671875 0.6564814812499999 0.115625 0.6925925921875 0.11145833281249999 0.6972222218749999 0.10364583281249999 0.715740740625 0.103125 0.740046296875 0.09895833281250001 0.7675925921875 0.09895833281250001 0.8018518515625 0.0916666671875 0.8574074078124999 0.0921875 0.8740740734375001 0.09375 0.8666666671875 0.09895833281250001 0.8611111109375 0.1020833328125 0.8083333328125001
1 0.5552083328124999 0.5296296296875 0.55625 0.521296296875 0.5364583328125 0.48981481406249994 0.5286458328125 0.48425925937500003 0.5223958328125 0.48425925937500003 0.4796875 0.497222221875 0.465625 0.5083333328124999 0.4526041671875 0.5240740734375 0.44947916718750003 0.5287037031249999 0.4505208328125 0.5324074078125001 0.5432291671875 0.5324074078125001 0.5552083328124999 0.5296296296875
1 0.6729166671875 0.5453703703125 0.6817708328125 0.5453703703125 0.6869791671875001 0.5388888890625 0.6895833328125 0.51944444375 0.6864583328125 0.4981481484375 0.6796875 0.4879629625 0.66875 0.477777778125 0.6536458328125 0.4768518515625 0.621875 0.49259259218749996 0.6098958328124999 0.5046296296875 0.5963541671875 0.5268518515625 0.5947916671875 0.5314814812499999 0.5963541671875 0.5333333328125 0.6635416671875001 0.5370370375 0.6729166671875 0.5453703703125
1 0.8140625 0.5129629625 0.8104166671874999 0.4990740734375 0.8020833328125001 0.48703703750000005 0.7786458328125 0.48518518593750004 0.7635416671875 0.48981481406249994 0.7484375 0.5018518515625 0.728125 0.5333333328125 0.728125 0.5398148140625 0.8067708328125001 0.5370370375 0.8119791671875 0.5324074078125001 0.8140625 0.5129629625
1 0.9260416671874999 0.50648148125 0.9229166671875 0.497222221875 0.9161458328125001 0.48981481406249994 0.9036458328125001 0.48981481406249994 0.8802083328125001 0.5009259265625 0.8590276046875 0.5256175921875 0.8552083328125001 0.534259259375 0.9171875 0.5361111109375 0.9239583328125001 0.5314814812499999 0.9260416671874999 0.50648148125
8 0.9994791671875 0.8231481484375 0.9994791671875 0.79444444375 0.99375 0.7888888890625 0.9859375 0.7833333328125 0.9791666671874999 0.7833333328125 0.9755208328125 0.7870370375 0.9723958328125001 0.7981481484375 0.9734375 0.8111111109375001 0.9807291671874999 0.8203703703125 0.9901041671874999 0.825 0.9994791671875 0.8231481484375
8 0.9697916671875 0.847222221875 0.9744791671874999 0.847222221875 0.9807291671874999 0.8379629625 0.9802083328125001 0.83055555625 0.9760416671875 0.8203703703125 0.9645833328125001 0.80648148125 0.9432291671874999 0.797222221875 0.9338541671874999 0.803703703125 0.9328125 0.8101851859375 0.9348958328125001 0.81851851875 0.946875 0.8333333328125001 0.9697916671875 0.847222221875
8 0.7984375 0.8879629625 0.8046875 0.8768518515625001 0.8026041671874999 0.8620370375 0.7984375 0.852777778125 0.7869791671875 0.8379629625 0.7536458328125 0.8481481484375 0.7541666671875 0.85648148125 0.7598958328125 0.8648148140625 0.7895833328124999 0.8879629625 0.7984375 0.8879629625