7 0.12118090156250001 0.58208780625 0.10778597031249999 0.5820176046875 0.1030838203125 0.58433365625 0.062265523437500005 0.6481626687500001 0.050743946875 0.6469511234375 0.030285667187499997 0.6363683390625 0.004194615625 0.6288456 0.009799532812500001 0.7893494265625 0.0461805453125 0.79020840625 0.2198845765625 0.806198975 0.23417865781249997 0.8046238906250001 0.28584157656250003 0.6952273578125 0.32283663125 0.6040957875 0.31122123749999997 0.6001977093749999 0.26320528906249996 0.5948809546875 0.2085575453125 0.591409675 0.1961931078125 0.5934553359375 0.12118090156250001 0.58208780625
7 0.1924157859375 0.3757125859375 0.181605728125 0.3674826859375 0.1748801203125 0.366641625 0.16470800937500002 0.37668016249999997 0.144870396875 0.4112645203125 0.1512409890625 0.42933276718749996 0.1763466078125 0.46342359687499995 0.1758039578125 0.47527771406249997 0.32142495000000004 0.4814897203125 0.3711078578125 0.4797547546875 0.37391789062499997 0.478042740625 0.4096400125 0.405246334375 0.43148084062500003 0.34584576562499997 0.2686619171875 0.340234321875 0.25243819218749997 0.341338828125 0.217089853125 0.3974453578125 0.20942756718750002 0.3971749671875 0.1924157859375 0.3757125859375
7 0.3164640671875 0.20246061875 0.303386628125 0.1840886171875 0.29950857656249996 0.18261015625000002 0.29576186875 0.1848928421875 0.28030743125 0.2080269328125 0.278828103125 0.220451721875 0.29874521249999997 0.2703246390625 0.32439200156250003 0.2651253359375 0.45749845 0.2690845515625 0.47274797187499995 0.2674761015625 0.5054536671875 0.190481334375 0.5086937703125 0.1736913625 0.3583893921875 0.17033271249999998 0.33577927343749997 0.20770369843749997 0.32834214375 0.2138809921875 0.318693921875 0.2115281046875 0.3164640671875 0.20246061875
7 0.4253052859375 0.47033067031250003 0.43317544999999996 0.5039474515625 0.5356515109375 0.5073624156250001 0.54994559375 0.50578733125 0.5702680859375 0.43030091875 0.4716325515625 0.427289803125 0.4592883578125 0.4573087875 0.447860596875 0.45878377812500004 0.43781834843749995 0.44514744687499996 0.431317896875 0.45075406874999996 0.4253052859375 0.47033067031250003
7 0.409087484375 0.5811792421875001 0.39691067812499997 0.5885979734375 0.38602556875 0.578218846875 0.3783069921875 0.5763365375 0.3658126921875 0.60205706875 0.3662630078125 0.6149524328125 0.371471765625 0.6271436687499999 0.3804084671875 0.636514909375 0.3795656046875 0.639772115625 0.3922677796875 0.647397978125 0.400772928125 0.6444111625 0.4813864375 0.65181735625 0.5052724515625 0.6509832375 0.5293041265625 0.5721395265625 0.5308209828125 0.5607893500000001 0.5279171328125 0.55981483125 0.4225184609375 0.5548880406250001 0.4187905140625 0.5577080343749999 0.41302034374999996 0.5568336078125 0.4127403796875 0.5762100218749999 0.409087484375 0.5811792421875001
7 0.35439085625 0.7132761234375 0.3479654578125 0.7210319734375 0.3356212640625 0.751050959375 0.3289331796875 0.7512845125000001 0.31714891875 0.7425506703125 0.3056648703125 0.742413740625 0.2894989140625 0.7725661859375 0.2783901265625 0.78317539375 0.2750562078125 0.79727883125 0.2798521734375 0.797649315625 0.28256838906250004 0.7932507640625001 0.2931157625 0.793958365625 0.301059496875 0.8022883593750001 0.3117382125 0.8067571093750001 0.3163292640625 0.828653234375 0.3202260796875 0.8306690031249999 0.3354756015625 0.8290605531249999 0.342276265625 0.8320508406249999 0.3796322640625 0.8334361515625 0.4007832984375 0.8364632750000001 0.435235446875 0.8368740671875001 0.4408930375 0.83452465 0.45453040937500006 0.814143825 0.46606778593750003 0.7610206421875 0.47740024999999997 0.7294231015625 0.47515163125 0.7198183078125 0.459733240625 0.7165909953125 0.3619780921875 0.711397284375 0.35439085625 0.7132761234375
7 0.4188255703125 0.8600415218749999 0.40634855312499996 0.8588633421875 0.3960465828125 0.8925767468749999 0.4151005859375 0.9177335484375 0.41343362499999997 0.9247852671875 0.504538215625 0.9312871421875 0.5091465515625 0.9262845562500001 0.52285749375 0.8806169421875 0.5281195765625 0.839548065625 0.4552058828125 0.8334868734375 0.43557318437500003 0.8465455921875 0.43388746093749997 0.853060003125 0.4188255703125 0.8600415218749999
7 0.46841022031249996 0.773311971875 0.48000685 0.7766727437500001 0.5241072203125 0.7794364218750001 0.5412863875 0.7782985499999999 0.5476930234374999 0.77000539375 0.5655807484375 0.706977134375 0.5635948125 0.7048946359375 0.5319339328125 0.7022345234375 0.4945966984375 0.7013865203125 0.48609155 0.7043733375000001 0.46841022031249996 0.773311971875
7 0.5320998390625 0.652198253125 0.57904776875 0.6543245296875 0.5941066968750001 0.5924709796875 0.5795874578125 0.5875983812500001 0.5278247984375 0.5845643125 0.5080074296875 0.6471219953125 0.511960534375 0.650749684375 0.52544928125 0.6535064203125 0.5320998390625 0.652198253125
7 0.5367111359375001 0.7020677 0.5664236078125 0.7037199281250001 0.601737384375 0.7014108203125 0.6044723624999999 0.6975495781250001 0.59802671875 0.677332103125 0.5291411828125 0.6770478296875 0.5186876265625 0.6790267609375 0.5171520093749999 0.6898396296875 0.53153990625 0.6909510796875 0.5367111359375001 0.7020677
5 0 0.35198098906249997 0.0811847296875 0.2585553828125 0.062168253124999996 0.23447319531250002 0.033428501562500004 0.2058888921875 0.0210265390625 0.20685994062500002 0 0.2290498546875 0 0.35198098906249997
5 0.1355653453125 0.17219631562499998 0.1501408765625 0.1786808359375 0.1576718203125 0.17519007656250002 0.23277191875 0.0795000765625 0.20545520781249998 0.0368790640625 0.19653726875 0.028045129687499996 0.185353428125 0.036505109375 0.10435181874999999 0.1275595375 0.10555118125 0.13451116093749999 0.1355653453125 0.17219631562499998
5 0.297676203125 0.595829053125 0.3259987203125 0.5302845546875 0.30619567187499996 0.51107149375 0.302373909375 0.5112049515625 0.30055684375 0.513958215625 0.26498482968750003 0.5910530765625001 0.2689566953125 0.5952180734375 0.297676203125 0.595829053125
5 0.13612626249999998 0.845705303125 0.164228065625 0.856021171875 0.1795338765625 0.85602464375 0.1918217796875 0.8243937375 0.2027429359375 0.8084114609374999 0.19494930625 0.8043799234375 0.1594479 0.8013159625 0.1538653625 0.80581460625 0.13593862968749998 0.840332234375 0.13612626249999998 0.845705303125
8 0.332835428125 0.5069134390625 0.34197704375 0.4947590421875 0.33395825625 0.48427982031249994 0.326239678125 0.48239751093749994 0.315917465625 0.48813759062499995 0.3161426234375 0.49458527500000005 0.3251919046875 0.5071803578125 0.332835428125 0.5069134390625
1 0.36739028125 0.6746268640624999 0.37119327812499997 0.6739560984375 0.4003240953125 0.6589518125 0.409578290625 0.6500212546874999 0.40761111874999995 0.6484760640625 0.3835562359375 0.6444744203125 0.375987765625 0.6468905656249999 0.3653668203125 0.6714697515625 0.36739028125 0.6746268640624999
1 0.4322012453125 0.503443509375 0.4180399875 0.5362157578125 0.4200634484375 0.53937286875 0.42766944531249995 0.5380313375 0.44853903281249996 0.5329988593749999 0.4644625484375 0.5232974421875001 0.4745971328125 0.5121842921875001 0.4733977703125 0.5052326671875 0.46290668593750006 0.5061369859375 0.45709899062500003 0.504187946875 0.4322012453125 0.503443509375
1 0.320657140625 0.4868961546875 0.3243850875 0.4840761609375 0.3213874234375 0.48041510625 0.305163696875 0.4815196140625 0.2936045953125 0.47923345624999997 0.20836398906250003 0.476292540625 0.1825858578125 0.47773069531249995 0.1244585328125 0.566372446875 0.125582840625 0.5711748437499999 0.16307018125 0.5763213031250001 0.17161285625 0.5744091 0.1714627515625 0.57011064375 0.17805701875 0.56719055625 0.193605271875 0.5467430015625 0.20857186562500002 0.5096389328125001 0.2123373390625 0.507893553125 0.27434715781249996 0.5030383125 0.320657140625 0.4868961546875
1 0.3139196828125 0.2665669609375 0.30548958593750003 0.2717030078125 0.273963009375 0.327676075 0.275049790625 0.331403859375 0.3017833640625 0.329932340625 0.3532082859375 0.3232948828125 0.4004361828125 0.306044746875 0.4126317515625 0.2991633234375 0.42370301250000003 0.2874795 0.4230650640625 0.2692110671875 0.32244359375 0.2641174515625 0.3139196828125 0.2665669609375
8 0.20935054062499997 0.011458817187500001 0.212685940625 0.0247913953125 0.22199790625000002 0.0449087734375 0.2297727734375 0.048403006250000005 0.2335757734375 0.047732240625 0.24093784999999998 0.03940571875 0.241030184375 0.014656235937500001 0.23639859218749998 0.0089003921875 0.2111489296875 0.0097821296875 0.20935054062499997 0.011458817187500001
2 0 0.1587079484375 0.011694329687500001 0.1587692375 0.03398695625 0.13970005000000002 0.06551649375 0.1385990140625 0.076289025 0.1457542984375 0.0708753546875 0.1550887046875 0.0940325671875 0.18817165 0.10984498437500001 0.20268240781250002 0.117488509375 0.20241549062500003 0.1307896234375 0.19979915625 0.1315574328125 0.194392721875 0.09015155312499999 0.13182115625 0.0872289421875 0.1303093296875 0.062406249999999996 0.13171411875 0.05751646875000001 0.12865710156250001 0.05732883749999999 0.12328403125000001 0.07857220625 0.1015616734375 0.08121336875 0.095013896875 0.057233539062500005 0.09316148125 0.0504141140625 0.0896338859375 0.0007499671874999999 0.0919061578125 0 0.09236307656250001 0 0.1587079484375
8 0.0661761671875 0.2122767890625 0.07687364375 0.21728284531250003 0.083561728125 0.21704929218750002 0.0917854296875 0.206002871875 0.091053665625 0.185047903125 0.08104894375 0.17248618437500002 0.060759534375 0.16673916093750002 0.046821953124999996 0.1785230765625 0.048058840625 0.186549315625 0.0661761671875 0.2122767890625
4 0.6796099875 0.602934190625 0.6001583140625 0.6014050078125 0.59258984375 0.603821153125 0.5903051796875001 0.6205777609375 0.59330284375 0.6242388156249999 0.66518604375 0.62818414375 0.697671021875 0.62704974375 0.7061574078125 0.6235256203125 0.7186531875 0.6252411062500001 0.73933514375 0.6148355578125 0.7401404796875 0.6105037390625 0.726557915625 0.60506046875 0.7160668343750001 0.6059647874999999 0.7095100921874999 0.6099594890625 0.6930424453125 0.6040790046875 0.6796099875 0.602934190625
4 0.7002010890625 0.6447141421875 0.7228314515625 0.635316478125 0.7218197203125001 0.6337379234375 0.6824215 0.6286581921875001 0.6096203859375 0.6258208421875 0.601058946875 0.6271957390625 0.601565553125 0.641703025 0.7002010890625 0.6447141421875
6 0.9427605343750001 0.7970944531249999 0.9602571953125001 0.7776547828125 0.9627857796875 0.7678831640625 0.9597851546875 0.7093500765625 0.955419259375 0.6939016359375 0.93548783125 0.7257994609375 0.9379833328125 0.7972612765625 0.9427605343750001 0.7970944531249999
2 0.164025621875 0.5762879390625 0.1936630421875 0.5757909390625 0.2071517890625 0.578547675 0.23873761718750003 0.5790585593750001 0.256758165625 0.547227465625 0.264606603125 0.52543490625 0.206155859375 0.5226343921875001 0.200554559375 0.5265957296875 0.1770265265625 0.56507469375 0.1610842484375 0.5742388046875 0.164025621875 0.5762879390625