4 0.8769183281249999 0.44486670625 0.895776178125 0.444466390625 0.9051127765625001 0.4469101234375 0.9095779578125001 0.45394854999999995 0.8967165375 0.47149980312500006 0.9091532546875 0.46611045000000006 0.9248378109375001 0.44865778437500003 0.9398206859375 0.45129868906250004 0.9486217890624999 0.46907699062499997 0.9523490421874999 0.4702659953125 0.9456885453125 0.44515052343750006 0.9330678609374999 0.4288271078125 0.911700784375 0.4201396078125 0.89749276875 0.4222905671875 0.8840780765625 0.42870461562499995 0.8746860796875 0.42784721562500005 0.85905760625 0.41671299843750004 0.844130128125 0.41248575625 0.757424640625 0.413163896875 0.5436964125 0.40887688125 0.534212090625 0.41066337343750003 0.5254841625 0.41777050937500004 0.5245424296875 0.4447381984375 0.5335835828125 0.4556423828125 0.5400785781249999 0.45851630937500004 0.5560209625 0.46066129843750003 0.6512327953125 0.4592213625 0.8140706796874999 0.46384893906249997 0.8414533390625 0.46215804687500006 0.8528751484375 0.4588509453125 0.8769183281249999 0.44486670625
4 0.913160234375 0.351365578125 0.9176254125 0.3584040046875 0.9134002828125001 0.34449145937500003 0.9249698140625 0.33695413125 0.9214272156250001 0.3304773453125 0.8772165203125001 0.32840405 0.8678983859375 0.3254315390625 0.8635070671875 0.31627799843750004 0.8524545640625 0.30900953750000004 0.64140175 0.309051334375 0.5970433328125 0.3112082640625 0.593186821875 0.3137207078125 0.5879460984375 0.328890965625 0.5892372984375001 0.3458775921875 0.5971527515624999 0.36203669843749997 0.6055483046875 0.36444756875 0.8495561921875 0.3650271671875 0.8610518624999999 0.35960495 0.8700198406249999 0.345623696875 0.8776220703125001 0.34377148125 0.893545990625 0.3464452484375 0.8983620125 0.34343688906250003 0.913160234375 0.351365578125
7 0.3529260265625 0.259800234375 0.35178186093749997 0.26558393125 0.3562655078125 0.27209358125 0.3646959296875 0.35444855 0.3692534375 0.3588430859375 0.5670577453125001 0.3604563328125 0.5679263046874999 0.30860320625000004 0.5618587578125 0.185565178125 0.557855209375 0.1653072953125 0.3656048515625 0.1665351109375 0.34761418593750004 0.16908340156249999 0.35028891406249996 0.20041276406250003 0.346375634375 0.25851264375 0.3529260265625 0.259800234375
7 0.558025446875 0.727031084375 0.616814840625 0.662376753125 0.6170918203125 0.6544450796875 0.5568464109375 0.6528706875 0.4776323609375 0.6548692796875 0.455859046875 0.6578148984375 0.4451751640625 0.6669714234375 0.434011328125 0.6718758046875 0.3642821421875 0.66308773125 0.36444832968749996 0.6583287265625 0.3569753578125 0.6564794953125 0.3543553390625 0.65056435 0.3505911546875 0.650432903125 0.35241785000000003 0.6520849609375 0.34468636406250003 0.6576386234375 0.34918778906250003 0.6906200453125 0.357767309375 0.7147436875000001 0.3642069078125 0.7192039453125 0.36488943906250004 0.726639703125 0.37612659375 0.7286203828125 0.558025446875 0.727031084375
7 0.0831979765625 0.9148070374999999 0.090338571875 0.9261742765625 0.110026675 0.9289794921875 0.069302496875 0.9619698703124999 0.0689885875 0.9709591 0.0755020453125 0.973304246875 0.23341311718750002 0.9841128546875 0.3385886828125 0.9941387421875 0.3574834640625 0.99268086875 0.377042996875 0.9721869828124999 0.43441193125 0.8942474718750001 0.47666804531249996 0.8443690515625001 0.48272055937499997 0.832933103125 0.4875181140625 0.8304535234375001 0.49560044375 0.8148530718749999 0.4919470515625 0.8115489546875001 0.4844371484375 0.8107572796875001 0.27454696562500003 0.8044866 0.265985225 0.80683473125 0.2466472765625 0.82098328125 0.2203157671875 0.8465349171875 0.2061816125 0.8465707640625 0.170624984375 0.8395054468750001 0.169906209375 0.8061266937499999 0.16490621875 0.7874222843750001 0.16699143125 0.7816714484375 0.16051490156249998 0.7782687453125 0.154868625 0.7780715734375 0.136841028125 0.78167741875 0.10705924687499999 0.7981083765625 0.09818359531250001 0.8094457390625 0.06926899843749999 0.8280246703125 0.061278998437499996 0.84098123125 0.0657988875 0.8734338749999999 0.0831979765625 0.9148070374999999
2 0.172437334375 0.6796829765625 0.173452240625 0.6776007265625 0.1818847234375 0.6789540421875 0.2143973171875 0.6652655609375 0.2173497125 0.6616627 0.2229959875 0.6618598718750001 0.241429821875 0.6466209046875 0.2593281609375 0.6467165046875001 0.29490394062499997 0.62625249375 0.281345640625 0.6281450203125 0.28668814375 0.6232268875 0.291354353125 0.621001078125 0.2932249671875 0.620370209375 0.28303965 0.6152497234375 0.26886856406250004 0.6163431265625 0.218070546875 0.614039796875 0.165538159375 0.60744051875 0.12880043593749999 0.60721645625 0.11756328125 0.6052357765624999 0.10507116875 0.612211465625 0.081360365625 0.6166776953124999 0.07554790156249999 0.6212395265625 0.0744037375 0.6270232265625 0.07495700937500001 0.6381604296875001 0.08032630625 0.646289275 0.1038893859375 0.6460532703124999 0.1245370015625 0.6483625703125 0.138763484375 0.64568283125 0.1546135421875 0.6504717125 0.1553145375 0.657378690625 0.1515503546875 0.6572472421875 0.150387725 0.66355971875 0.16420796875000002 0.6725131015625 0.16679105624999999 0.6794858046875001 0.172437334375 0.6796829765625
2 0.11590757812500001 0.40982085625 0.103269803125 0.34002511874999997 0.07505688906249999 0.338510478125 0.0053082640625 0.3392636515625 0.0027029078125 0.4138712921875 0.007391845312500001 0.414502171875 0.06859676406250001 0.41558065 0.11590757812500001 0.40982085625
2 0 0.7720159421874999 0.008028521875 0.7740026484375 0.0165902625 0.7716545171875 0.0320532359375 0.7605471890625 0.0473315546875 0.7547276421875 0.050413207812500006 0.7474233328125 0.0638094359375 0.7415380640625 0.059252615625000005 0.7101429765625 0.054713573437499996 0.7052196625 0.02277340625 0.70251601875 0.0263529359375 0.70793525 0.019525565624999998 0.7145793312500001 0 0.7090803484375 0 0.7720159421874999
5 0.11189243125 0.1200862421875 0.153311428125 0.3370078015625 0.1578135390625 0.34298867187500004 0.1822992 0.3433143078125 0.1955107734375 0.3427168203125 0.1985924265625 0.3354125109375 0.1574134796875 0.111616834375 0.1546642015625 0.10940313593749999 0.1433531859375 0.10953756875000001 0.1338319328125 0.11238161718749999 0.1150664109375 0.11013804218750001 0.11220634062499998 0.1110970125 0.11189243125 0.1200862421875
8 0.19986447499999999 0.3799284671875 0.1735151875 0.3790083296875 0.1648057234375 0.38558668749999997 0.1644548828125 0.395633475 0.17539659375 0.4060746046875 0.1922246296875 0.409838790625 0.20634031875 0.410331721875 0.2071527953125 0.3870654796875 0.204551240625 0.38062155625 0.19986447499999999 0.3799284671875
1 0.364181578125 0.989738234375 0.3565054859375 0.9937055640624999 0.34910993125 0.995035575 0.476476228125 0.9994833046875 0.4856134390625 0.9929198828124999 0.4927547203125 0.9772865703125 0.492238378125 0.9650918109375001 0.48694294375 0.9548478515625 0.47232937656249996 0.94163138125 0.44738276875 0.9275246515625 0.4250377140625 0.91986184375 0.42035095 0.91916875625 0.410571184375 0.9294157000000001 0.364181578125 0.989738234375
1 0.225507275 0.589946034375 0.2441066109375 0.5969486140625 0.31553377656250003 0.6020900203124999 0.33262032812500003 0.5984513125 0.34771399375 0.5979195484375001 0.3563680609375 0.592927525 0.3576599484375 0.5829136 0.34950513125 0.5466280609374999 0.3422735828125 0.4839036109375 0.3321621265625 0.47666801249999996 0.316256671875 0.473465465625 0.3108504453125 0.466394178125 0.2509133453125 0.46430112812499996 0.2412684390625 0.46237605156250006 0.23412784375 0.4510088125 0.22486510625 0.446449965625 0.19855275 0.44447227187499994 0.190157196875 0.44206139999999994 0.1720742046875 0.44725358281250005 0.1351887578125 0.45125974375 0.1206299 0.463457490625 0.131645471875 0.4717835078125 0.1342470265625 0.4782274328125 0.1459806859375 0.546932753125 0.14269591406249998 0.5600536218750001 0.1491724453125 0.563456325 0.15081448749999998 0.5703961671875 0.149577996875 0.57882375625 0.1448173703125 0.58024578125 0.1503343875 0.5841444015625 0.17195997968750001 0.5854290062499999 0.2100080578125 0.57511036875 0.220211840625 0.5797020749999999 0.225507275 0.589946034375