7 0.47826705625 0.50714494375 0.44878817499999996 0.54540944375 0.442404178125 0.5574526375 0.44731513281249996 0.570850571875 0.4379865859375 0.5747392859375 0.435747490625 0.5851184546875 0.44785899531249995 0.598642075 0.4702064984375 0.6152383234375 0.5017916515625 0.6331534000000001 0.5130260015625 0.63797983125 0.5181793515625001 0.6374909921875 0.5468603515625 0.644937121875 0.5435118078125 0.6599272625 0.5341327625 0.6667090515625 0.515091875 0.6964738703125 0.517027978125 0.703453165625 0.5447510265625 0.7068310328125 0.780231053125 0.7155716875 0.81515465 0.719075240625 0.8203281984374999 0.7174291703125 0.8382596375 0.692275321875 0.8783093390625 0.5789523953125 0.8785214343750001 0.5668014703125 0.9118740484375 0.48345882187500006 0.90997834375 0.4741650625 0.885300846875 0.473155525 0.6442735796875 0.48746971562499997 0.6368912328125 0.4977591109375 0.6367397359375 0.5064383453125 0.62420404375 0.517216578125 0.623033996875 0.525299240625 0.629145296875 0.528878665625 0.6249196 0.535171615625 0.6392802984375 0.5377374500000001 0.6453108015625 0.5459457984375 0.6276722578125 0.55431979375 0.6091868578125 0.5522607546875 0.5977909125 0.5566921734375 0.5679802640625 0.5550142421875 0.5266843 0.5039385265625 0.5195645468750001 0.49918391562500003 0.5092780484375 0.49900436406250004 0.5021784968749999 0.4930925234375 0.4938887 0.49642057656249994 0.47826705625 0.50714494375
7 1 0.20563329062500002 0.9969970281249999 0.2048093921875 0.796772365625 0.23951471875000002 0.7884623671875 0.24400000156249999 0.7706420265625 0.262789078125 0.720137184375 0.26769543125 0.7091149296875 0.25071807343749997 0.712362475 0.2415140890625 0.6848818203125 0.2242494484375 0.676672821875 0.22294857812500002 0.6848111218749999 0.22829975781249998 0.671327578125 0.23443111249999998 0.6461450906249999 0.26235235156250003 0.6458319984374999 0.280289434375 0.66691855625 0.3101758859375 0.697242765625 0.341381165625 0.7033641671875001 0.3443819734375 0.7106354140625 0.3404573515625 0.7208916125 0.34237275 0.7113610703125001 0.3578337734375 0.7132870734375001 0.36539168593750004 0.723563471875 0.366149853125 0.9514606859375 0.3377154703125 1 0.22678157968749998 1 0.20563329062500002
7 0.7238142937500001 1 0.727127515625 0.987255725 0.738927453125 0.9596796843750001 0.7360435 0.9480535078125 0.7032681000000001 0.9393783265625 0.5513208078125 0.9199411124999999 0.38908701875 0.900324346875 0.3796776734375 0.908841984375 0.3658406359375 0.9352248828124999 0.36240119375 0.9554225625000001 0.352033896875 0.9598719359375 0.33936690468749997 0.9781721718749999 0.34221046093749996 0.9921128109374999 0.3328920125 0.9954229078125 0.3321759453125 0.997146784375 0.49563657968749997 1 0.7238142937500001 1
7 0.99134863125 1 0.9939501296875 0.8509602921875 0.9795739828125001 0.8492793984375 0.9775570828125 0.8469290265625 0.969267284375 0.8502570781250001 0.9639523390625 0.8600037671875 0.9698414453125 0.876312734375 0.9604926984375 0.881358678125 0.9593125515625 0.8900199546875 0.9643043046875001 0.8987889656249999 0.9797542515625001 0.8979010609375001 0.9836062578125 0.9130168859375001 0.9824564109375 0.9199423171875001 0.9721194125 0.92265584375 0.9505177640625 0.9222787859375 0.9348238953125 0.9960902062500001 0.935448784375 1 0.99134863125 1
1 0.2605730765625 0.24578270624999998 0.262569778125 0.249290309375 0.2698208265625 0.2465229171875 0.3130847203125 0.24380534062499998 0.31332711406249997 0.2299185671875 0.3452758609375 0.2270034828125 0.3503787109375 0.229407721875 0.363781459375 0.227905290625 0.37105270625000003 0.22398066874999997 0.3916964015625 0.22028946249999998 0.41867359375 0.20744813906249998 0.42702399062499996 0.20064839218750002 0.43321608906250003 0.19959889375 0.43722969218749996 0.20545686875000002 0.44337129218750004 0.20730044531249997 0.4443191421875 0.211947325 0.45248774375 0.2155626609375 0.455462596875 0.22198129843749997 0.4636715953125 0.22328216875 0.5141259390624999 0.22126889374999997 0.5243821390625001 0.22318429375 0.5347090359375 0.22104938125 0.5449753359375 0.2223861640625 0.549170734375 0.21782906093749999 0.556371284375 0.217954746875 0.5604050859374999 0.2226554921875 0.5789106828125 0.22355730000000001 0.5851027828124999 0.2225077984375 0.5893082796875 0.2173720796875 0.6068559265625 0.214205625 0.6162046734375 0.20915968125 0.6184033703125 0.201094971875 0.6074114140625 0.18238176875 0.5862137578125 0.1588600875 0.5271494765625 0.06464362812499999 0.5139386234375001 0.0551523609375 0.497550925 0.050814771875 0.481082425 0.051106103125 0.4668429234375 0.0415968828125 0.40392358437500003 0.0503380828125 0.3796601765625 0.025605306249999998 0.3536813359375 0.04020043125 0.33904794374999997 0.053257217187500004 0.33287604375 0.0531494859375 0.3287008453125 0.056549359375 0.3142795484375 0.05745521875 0.300009746875 0.049681843749999996 0.2940196421875 0.0391590328125 0.2837735421875 0.03666501875 0.27447529375 0.038817884375 0.2536902015625 0.0506097078125 0.2454509015625 0.051044684375 0.1772065171875 0.0701111890625 0.16277511875 0.0715956625 0.1523371234375 0.08009534375 0.14798012968750002 0.093910296875 0.15410153124999998 0.09691110625 0.26684597499999996 0.2401042796875 0.2605730765625 0.24578270624999998
1 0.6519871015625001 0.929801334375 0.6642299031250001 0.9358029515625 0.7094298984375 0.940064671875 0.7319793984375 0.945088609375 0.742023503125 0.959154934375 0.74087365625 0.9660803671875 0.7561519078125001 0.9750289265625 0.8229636515625 0.979089090625 0.8704532437499999 0.9700785625 0.9119729296875001 0.9493879921874999 0.9255978734375001 0.9351560203125 0.932012165625 0.9213769781250001 0.9433677156250001 0.919260021875 0.9362840296874999 0.9124391765625001 0.9366216546875 0.8930966359375001 0.9105029437500001 0.8567556375000001 0.882991990625 0.84122684375 0.8461827890625001 0.8278509156249999 0.809282690625 0.8196825265625 0.7374185953125 0.8103250484375 0.7025858953124999 0.80161395625 0.695385346875 0.8014882703125 0.6963129984374999 0.8072923796874999 0.6910485515625 0.8141459921875001 0.6991767531249999 0.8200757890625001 0.69287355625 0.8274900593750001 0.6924140171875 0.8538170671875 0.6830501203125 0.859730934375 0.654288321875 0.8569137296875 0.6460490234375 0.857348703125 0.643951325 0.8596272562499999 0.643921025 0.861363103125 0.664433425 0.8651938984375 0.6858835765625 0.8742501890625001 0.6785921296875 0.8793320437500001 0.6805686296875 0.8839968796875001 0.674255334375 0.8919897656250001 0.6751930859375 0.8972152609374999 0.658330696875 0.9200726015624999 0.65103925 0.9251544546874999 0.6519871015625001 0.929801334375
1 0.593469734375 0.7453028921875 0.5042352078125 0.9058070171875 0.5062117109375001 0.910471853125 0.5194932609375 0.9159128093750001 0.5677388078125001 0.9225428578124999 0.57598820625 0.9215292671875 0.5791246546875 0.9186900546875 0.5887965953125 0.8951284125000001 0.609975578125 0.8607705828125001 0.6162282765625 0.8562493890624999 0.619526321875 0.8441523265624999 0.6310737640624999 0.831041675 0.6501954484375 0.7966479343749999 0.64632324375 0.782689340625 0.6260936390625 0.762657309375 0.6160899328125 0.7462765203124999 0.60387743125 0.7385390562499999 0.5976853328125 0.73958855625 0.593469734375 0.7453028921875
1 0.9286495312499999 0.7013773765625 0.973083471875 0.6905771374999999 0.9969925828124999 0.6766582421875 0.99765341875 0.63879898125 0.990622546875 0.6289525546875 0.9569497921875 0.6127374140625 0.9200597937499999 0.6039904109374999 0.8872237953125 0.598786921875 0.8727721984375 0.6014286281250001 0.8414566859375 0.685964415625 0.8391771890624999 0.698658046875 0.845288490625 0.7022374734375 0.8946434859375 0.70425655 0.9286495312499999 0.7013773765625
8 0.1404406765625 0 0.10734065 0.0052245703125 0.0969733515625 0.00967394375 0.0917493046875 0.014213092187500002 0.091527109375 0.026942634375000003 0.1015712140625 0.041008959375 0.11377361718750001 0.0493250390625 0.132259015625 0.051384078124999996 0.167344209375 0.045629782812500005 0.191154653125 0.0373635171875 0.1944425984375 0.025845071874999997 0.178367990625 0.0035703984374999996 0.1722721015625 0 0.1404406765625 0
2 0.5418676609374999 0.282526271875 0.5597183015625 0.26200135 0.5546356484375 0.25843988125 0.5588411468750001 0.2533041609375 0.5640045953125 0.25223670625 0.562179590625 0.2388926375 0.5541422875 0.22775530000000002 0.5500478859375 0.2265262484375 0.530453040625 0.22907817812500003 0.5130063921875 0.2264584796875 0.42030670312499996 0.23178590156249998 0.40894105625000005 0.23448147343749998 0.3925028578125 0.233036959375 0.36983216093750004 0.234956409375 0.3553401640625 0.2399125765625 0.3479073203125 0.25309505 0.3509629703125 0.2548847609375 0.3497929234375 0.2629674234375 0.3290987296875 0.26955170625 0.33005668125 0.273619971875 0.362417990625 0.30601839218750004 0.3799151375 0.3057450140625 0.40884863125 0.29872575625 0.42013348125 0.300659109375 0.4323055828125 0.3107110375 0.44882458124999997 0.307526625 0.5418676609374999 0.282526271875
2 0.443550034375 0.31495885156250003 0.4403731859375 0.3201125265625 0.4615809421875 0.3430555921875 0.4842314390625 0.3422933734375 0.5282730156250001 0.2950223984375 0.5066208703124999 0.2975384171875 0.486985625 0.3024048109375 0.4786655265625 0.30746870937500004 0.443550034375 0.31495885156250003
2 0.07469443125 0.4607427125 0.07767938437500001 0.4665827328125 0.091999684375 0.47146302812499996 0.0950250359375 0.4749885890625 0.103254234375 0.4751322296875 0.11348013593749999 0.478783475 0.1224955890625 0.49283184531249996 0.12035749062500001 0.497424859375 0.1609682 0.5288096890625 0.1884589515625 0.5454957140625 0.2594155953125 0.54789185 0.27178969375 0.5463714656249999 0.279071040625 0.5418682265625 0.2935327375 0.53864790625 0.3112116828125 0.5279594484375 0.330857028125 0.5225144390625001 0.333005225 0.5173428109375 0.329959675 0.51497448125 0.3465695703125 0.5065825312500001 0.399072640625 0.44614703906250003 0.3951398359375 0.4356601390625 0.380910434375 0.4255723015625 0.3596824765625 0.4037864671875 0.352522328125 0.4013463203125 0.3082600828125 0.40231009531249995 0.296904534375 0.40442704999999995 0.2927192375 0.4084055390625 0.2824832359375 0.40533290937500005 0.27847973593750003 0.3988963171875 0.2762532640625 0.40855221718749996 0.271036790625 0.41265740624999997 0.244231296875 0.41566226406249995 0.23096994531249998 0.40906407656250005 0.2217322953125 0.4077452484375 0.18775655 0.40888857500000003 0.17639090156249998 0.411584146875 0.1702695015625 0.4085833375 0.1393898046875 0.4092019140625 0.125865859375 0.4176477296875 0.12155936406250001 0.42856960624999996 0.11114156875 0.43591205625 0.09978602187499999 0.43802901250000004 0.085172828125 0.44992856875 0.07469443125 0.4607427125
2 0.6161303328125001 0.743962059375 0.6220598374999999 0.7579565640625 0.64532489375 0.7809355375 0.650296446875 0.790861778125 0.6677531953125 0.7929028640625 0.682073496875 0.7977831609375 0.71083529375 0.800600365625 0.72719269375 0.8066738046875 0.735532990625 0.8004526750000001 0.7431274328125 0.7780123531250001 0.7514980265625 0.7700553765625 0.746486075 0.7624435984375 0.7353123234375001 0.7541454734374999 0.703454475 0.7518530171875 0.667542628125 0.7460170484375 0.64486183125 0.7485151109375 0.6418162796875 0.746146784375 0.6161303328125001 0.743962059375