7 0.5841828234374999 0.41483416406250007 0.59303765625 0.42775938125 0.721851503125 0.5352986328125 0.7875682578125 0.58310759375 0.79591334375 0.5838376937499999 0.7989269375 0.579428071875 0.8156125015625 0.21450297499999998 0.81024634375 0.203752290625 0.7311437484375001 0.0986928984375 0.7250937203125 0.0897516921875 0.7242593734375 0.081266796875 0.7445430140625 0.059675001562499996 0.7495270640625 0.050764496874999995 0.7763941234375 0.026010056250000003 0.7760233000000001 0.022238990625 0.549759825 0.0024435015625 0.53863870625 0.08839347656249999 0.5355786265625 0.09934161875 0.523695975 0.2291537703125 0.5098665109375 0.33916783281249996 0.5137026296875 0.355392590625 0.53398546875 0.375860215625 0.544092225 0.3804830640625 0.5486587 0.388359821875 0.5745164859375 0.411184503125 0.5841828234374999 0.41483416406250007
7 0.0418344125 0 0.0201409625 0.24795727812499999 0.055210578125 0.2676123125 0.061017153125 0.2793361859375 0.11117984375000001 0.31269916875 0.130072103125 0.319025303125 0.14666930312499998 0.3335625453125 0.326480990625 0.4408902515625 0.3584471125 0.453968134375 0.3639180640625 0.43949229531249995 0.36710578125 0.42107807812500003 0.3723340828125 0.367325484375 0.379683321875 0.3193663828125 0.388122984375 0.2229006015625 0.40118742812499997 0.11562357187500001 0.3993446078125 0.11265838125000001 0.3992871015625 0.089286965625 0.3795723171875 0.062326451562499996 0.325714065625 0 0.31250463125 0 0.3108191265625 0.0011666609374999999 0.3095762625 0 0.0418344125 0
7 0.5288587546875 0.5726239640624999 0.53379631875 0.5702519796875001 0.5511585375 0.5820521859375 0.5692511140625001 0.5855043906249999 0.5723340343750001 0.5923166984375 0.5815946203125 0.6006041390625 0.610037403125 0.605896525 0.611509134375 0.6191104593750001 0.6312475640625 0.6217720046874999 0.6431159890625 0.6302876000000001 0.654277703125 0.622852225 0.67105143125 0.49720660937499994 0.619498159375 0.4497021375 0.5718274953125 0.41188390156250004 0.5599244062500001 0.3977573421875 0.520552340625 0.3672077265625 0.510051653125 0.355073171875 0.5085334359375 0.34839775781250004 0.5119062953125 0.345888878125 0.5089856765625 0.337221459375 0.5099594828125 0.3260907921875 0.5229892640625 0.2132028 0.5217956484374999 0.2028171625 0.5033091421875 0.1918532484375 0.5047351875 0.1695462828125 0.5106347359375001 0.16819311718750002 0.509916203125 0.16439163125 0.502139171875 0.15716864218749999 0.4995778171875 0.150401965625 0.4945244390625 0.1480905421875 0.492531140625 0.13483097500000002 0.4853568265625 0.12672606250000001 0.41362470937499995 0.07558685781249999 0.40884944843750004 0.0761037328125 0.404989684375 0.0841779453125 0.40180196874999996 0.1025921625 0.401778325 0.1268911328125 0.38827346406249996 0.23319497500000003 0.3812750484375 0.3191944 0.3759622171875 0.349884453125 0.3683923671875 0.4183866734375 0.3604640546875 0.44292872968749997 0.36246917500000003 0.44403881093750003 0.361170765625 0.45887969999999995 0.3674989109375 0.47064920624999995 0.3854291828125 0.47595652343749995 0.395327153125 0.4889730015625 0.44107428750000005 0.510733809375 0.46674648906250005 0.5316729421875 0.5262162515625 0.5667848421875 0.5288587546875 0.5726239640624999
7 0.8125546265624999 0.7180146765625001 0.8151971296875 0.7238537984375 0.829870359375 0.7363534031250001 0.8517643906249999 0.7504194015625 0.8604340781250001 0.7474392796875 0.8572133015625001 0.6761236921875 0.8531108890624999 0.6449211515625 0.8533314984375 0.6243780359375 0.8476186968749999 0.5575177 0.8303376281249999 0.5447899390625001 0.8256900015624999 0.5378407375 0.8244971890624999 0.48539567968749997 0.8132897921875 0.45731015468749997 0.8145070499999999 0.44339682031249994 0.8127453796875 0.43950407187499996 0.8076455171875001 0.44373116875 0.8051881562500001 0.4537973875 0.800700428125 0.571171334375 0.795229475 0.585647175 0.7883679421875 0.5859815234375 0.7504794296874999 0.5564963578125 0.7289446671875 0.5443311015625001 0.68055546875 0.5027113828124999 0.6759425078125 0.5013731453125 0.6727666125 0.5076378781249999 0.67158401875 0.5271621750000001 0.6722197984375 0.6160100578125001 0.6733322625 0.6273232484375 0.676577484375 0.6322804468750001 0.7047303296874999 0.6468940203125 0.716274153125 0.6591198375 0.79278153125 0.7097421671874999 0.8125546265624999 0.7180146765625001
7 0.9229679265625 0.5613059375 0.8863187140625 0.5777273093749999 0.8590467046875 0.565060109375 0.8576324796874999 0.5752175890625 0.8631577328125 0.7523508453125001 0.8744234390625 0.761748365625 0.9742367203125 0.8163061 0.9862833921874999 0.6786120109375 0.9811511015625 0.5991092421875 0.97959821875 0.5868228640625001 0.9748347796875001 0.5751902531249999 0.9602891859374999 0.555224571875 0.951665984375 0.551666171875 0.94640381875 0.5577483796875 0.9471223515625 0.561549865625 0.9447114781250001 0.5650775625 0.9370037734375 0.5690765015625 0.9229679265625 0.5613059375
7 0.566918984375 0.71428279375 0.5631521953124999 0.7092799656250001 0.5631175296875 0.703669 0.561031259375 0.7034864749999999 0.56004643125 0.6847072078124999 0.5674413546875 0.67226900625 0.5658419875 0.666521146875 0.56067279375 0.6595263124999999 0.5451880578125 0.6563022640625 0.5396477749999999 0.6595561734375 0.5451415703125 0.6628407843749999 0.5476970140625 0.6756822031249999 0.5461957281250001 0.69284198125 0.5428575328125 0.700961825 0.5330288921874999 0.6991672765625 0.5121779984375 0.6851925390625 0.48422211875 0.67433481875 0.46435284687499995 0.84737703125 0.507387709375 0.8660965796875001 0.5651887734375001 0.8842386921875001 0.575123009375 0.8187472953125001 0.58428120625 0.726083 0.5735370671875 0.7167311109375001 0.5721 0.7091281421875 0.566918984375 0.71428279375
7 0.473802584375 0.6612727078125 0.431370440625 0.6416712359375001 0.429689921875 0.6368509312499999 0.44480437031250003 0.6082643046875 0.4455347265625 0.5999163046875 0.4371549734375 0.5935752390625 0.4328201296875 0.5950653 0.429215640625 0.5882073609375 0.4175441828125 0.58344761875 0.41469289062500003 0.5860021296875 0.41305805624999997 0.6167027265625 0.414819725 0.6205954734375 0.41384591875 0.631726140625 0.41143504374999995 0.6352538375 0.399079715625 0.6323035765625 0.3715295890625 0.6168080781249999 0.33715259375 0.60725789375 0.31611335 0.7456154984375 0.3110473484375 0.7975129796875 0.37165321875 0.819639103125 0.451197834375 0.8415528406250001 0.46066720625 0.8414466468749999 0.47151694062500005 0.783512590625 0.4829008671875 0.671415259375 0.48122034999999996 0.6665949546875 0.473802584375 0.6612727078125
7 0.2733479875 0.573636053125 0.2708677859375 0.5659418203125 0.271644628125 0.5510553 0.2818443546875 0.54260110625 0.2931337046875 0.52769965625 0.2915343375 0.521951796875 0.2705211421875 0.5098321718750001 0.2436895484375 0.498138159375 0.2359818453125 0.5021370984375 0.22650065000000003 0.5143927765625 0.219001734375 0.509998084375 0.221470115625 0.529841803125 0.22499345312500002 0.537627296875 0.21836355 0.5473284656249999 0.19987704374999998 0.5363645515625 0.15234503593749998 0.520990175 0.1491691421875 0.5272549078125001 0.140869740625 0.5620457078125 0.1369051828125 0.595346446875 0.1278407625 0.63287428125 0.126542353125 0.6477151703125 0.12074679531250002 0.66590123125 0.11936723593750001 0.6816696765625 0.10941015937500001 0.7294006234375 0.11076607499999999 0.7379311484375 0.2811210109375 0.79115614375 0.304950834375 0.7951102921875 0.3111868078125 0.7778974187500001 0.33566904062499997 0.6061934421874999 0.33242381875000004 0.601236246875 0.30190658593749997 0.5836118484374999 0.2733479875 0.573636053125
7 0 0.7056056921875 0.013372334375 0.7097825390625 0.0564190203125 0.7163526015625 0.0576591203125 0.7201997171875 0.08264789375 0.7289285390625 0.0886285921875 0.7266478171874999 0.0902862703125 0.7137076687499999 0.0978088296875 0.6938033921875 0.1125183265625 0.6277951203125001 0.1338585296875 0.5100262625 0.1180610125 0.49836295 0.0772747234375 0.4779708171875 0.0694512046875 0.477286346875 0.06524399843749999 0.4713103328125 0.063876259375 0.474929290625 0.0581390125 0.47442734687500004 0.04803225625 0.46980449999999996 0.045389753125 0.46396537968749996 0.0480905640625 0.45111649375 0.057119520312500005 0.4500371140625 0.0633436703125 0.444973725 0.0670301125 0.4088446890625 0.0449737796875 0.3966338015625 0.028364757812500002 0.39424604531249996 0.023195565625 0.38725121093750003 0.008383878124999999 0.38234135468749997 0 0.47816952187500006 0 0.7056056921875
7 0 0.8163538546875 0.0205678875 0.8197667421875 0.023743781250000002 0.8135020093750001 0.034350065624999995 0.75835061875 0.03599591875 0.7575599578125 0.0368539109375 0.74174588125 0.04220905 0.7225866328125 0.03218344375 0.7170362296875 0 0.7084787343750001 0 0.8163538546875
7 0.09501504375 0.719729315625 0.093241553125 0.7279860546875 0.087017403125 0.7330494437499999 0.046903159374999996 0.7229973140625 0.0423130421875 0.739419528125 0.041779653124999996 0.75152338125 0.033944312500000004 0.762988396875 0.0247869171875 0.8135932718750001 0.025262 0.8201774234375 0.1661428390625 0.855869284375 0.1726104421875 0.848023228125 0.18288110156249998 0.7666721234375 0.1116642421875 0.7426830046874999 0.1052722796875 0.7346465375 0.106732990625 0.7179505374999999 0.09501504375 0.719729315625
7 0.19539873125 0.767767275 0.18311193125 0.8180983625 0.1786604703125 0.8569644343749999 0.1804221390625 0.8608571828124999 0.271962815625 0.883820440625 0.2928255328125 0.8856456906249999 0.297322678125 0.8823005187499999 0.300626209375 0.8685697093750001 0.30935500781249997 0.8048421625 0.2962811453125 0.798090415625 0.19539873125 0.767767275
7 0.3126577359375 0.8331707734375 0.3063862984375 0.8868321046875 0.30822911875000003 0.8897972953125001 0.3925489953125 0.911194159375 0.40048993125 0.832443196875 0.3976851265625 0.8284591875 0.31822166093750004 0.80561789375 0.31649465781249997 0.8073361109375 0.3126577359375 0.8331707734375
7 0.21957359531249998 0.9119499125000001 0.28379577500000003 0.9287844890624999 0.2897307890625 0.8909828687499999 0.2739679390625 0.8849305203125001 0.22273846874999997 0.8757752453125001 0.2190638484375 0.899754796875 0.2225871875 0.9075402921875 0.21957359531249998 0.9119499125000001
7 0.1221341703125 0.848280403125 0.11466911718749999 0.891556096875 0.14017945781250002 0.90033055 0.21142547500000003 0.9149756671875 0.214879484375 0.9115392312499999 0.2177197546875 0.8790747874999999 0.2162015375 0.872399371875 0.2106265921875 0.8700423171875 0.1221341703125 0.848280403125
7 0 0.8720992656250001 0.09965946249999999 0.8949161984374999 0.102951171875 0.8933348750000001 0.1106596765625 0.8472765156250001 0.10472546406250001 0.8430187171875 0.036330740625 0.825819090625 0 0.8199844125 0 0.8720992656250001
8 0.22626821874999997 0.5470853796874999 0.23440451874999998 0.5562091109375 0.24371159062499997 0.5579580281250001 0.24649355156250002 0.5441815890624999 0.24585616875 0.5394525484375 0.23270115625 0.5336283578125001 0.2257119875 0.5414287828125001 0.22626821874999997 0.5470853796874999
8 0.3482221359375 0.5708401390625 0.339308996875 0.5766029265625 0.33729205156250003 0.58764233125 0.345509503125 0.5958385078124999 0.353414171875 0.5955954218749999 0.36293003125 0.5889507093749999 0.366268225 0.5808308640625001 0.3652715765625 0.57420108125 0.361342484375 0.571053365625 0.3482221359375 0.5708401390625
8 0.4968673859375 0.66796389375 0.509906584375 0.669104675 0.5166176375 0.658475953125 0.5167452734375 0.6510098765625 0.508203221875 0.646523921875 0.4984092484375 0.6503403375000001 0.49466530000000003 0.663097959375 0.4968673859375 0.66796389375
1 0.5266566687500001 0.56775803125 0.46301436249999994 0.532281078125 0.46172777500000006 0.5349724828125 0.46532044375000003 0.5539799078125001 0.484142571875 0.5911435328125 0.49949967187500005 0.601833659375 0.5114145828125001 0.603810734375 0.523816396875 0.600222475 0.5408083312499999 0.5802120046875 0.5395682296875 0.5763648875 0.5266566687500001 0.56775803125
1 0.1084908546875 0.31339856718750003 0.07673351875 0.2919270546875 0.0651432109375 0.28623975625 0.0652590265625 0.290923165625 0.073070721875 0.3037571203125 0.09275084375 0.32510666875 0.1236738296875 0.3380932890625 0.1443395796875 0.3361626859375 0.14458303125 0.3333800203125 0.133236175 0.32491005624999997 0.1084908546875 0.31339856718750003
1 0.5967894171875 0.613149375 0.5986669015625 0.62172553125 0.60587588125 0.635441409375 0.61678231875 0.6429381890625 0.6289406828125 0.6421325953125 0.6357675515625 0.6361872828124999 0.63504901875 0.632385796875 0.60060269375 0.6116136828125 0.5967894171875 0.613149375
2 1 0.0651632203125 0.9276007265624999 0.1299004875 0.9084413703124999 0.1506559890625 0.8422242859375 0.20468068593750002 0.8328242421875001 0.21600880781249998 0.8300887671874999 0.223246728125 0.8293465890625 0.2437442125 0.8295080890625 0.2839485234375 0.832173434375 0.30754809375000003 0.8289738968749999 0.338111796875 0.8254387375000001 0.3424757875 0.8213930296875 0.37670408125 0.823757415625 0.3797149046875 0.8205350359375 0.3925181578125 0.825147996875 0.39385639375000003 0.827825165625 0.4053064796875 0.828670534375 0.443701309375 0.8257018234375 0.5256912515625001 0.8287382593749999 0.5390420796875001 0.8330266171874999 0.5440905390624999 0.8717613 0.5699111140625 0.8876864531249999 0.5741083484375 0.9998407531250001 0.52365066875 1 0.5218304687499999 1 0.0651632203125
1 0.145622159375 0.5437683828125001 0.1443820578125 0.53992126875 0.1347968703125 0.5353440515625 0.129337740625 0.5376704046875 0.1088901921875 0.6452361515625 0.1116831765625 0.661369646875 0.1190197921875 0.66761945 0.12178993125 0.6659924937499999 0.1354909578125 0.6055039265625 0.1396059953125 0.5824975609374999 0.1396989671875 0.5694205218749999 0.145622159375 0.5437683828125001