7 0 0.9744822828125 0.2875816578125 0.9895538 0.29100608906250003 0.9740693421875 0.3089911625 0.9727741953125 0.3123200390625 0.9662355437500001 0.3096928734375 0.9593847500000001 0.32767795 0.9580896031249999 0.35357375625 0.9767889484375001 0.375995915625 0.98579600625 0.3810431734375 0.9944519093749999 0.3919033703125 0.9950210687500001 0.40212704375 0.981011796875 0.407065425 0.924768590625 0.40458445000000004 0.9151283265625001 0.42055494062500004 0.914287028125 0.424788775 0.90947408125 0.419883884375 0.9080981749999999 0.40889279843750004 0.8899002406250001 0.40937522499999995 0.8806949968750001 0.40560919531249995 0.8765816453124999 0.3910991875 0.868548671875 0.3902527046875 0.8657071796875 0.37547955312500003 0.8626952484375 0.3609987828125 0.85410438125 0.33609423125000004 0.8544774671875001 0.3339296109375 0.8767874921875001 0.301232290625 0.8739086140625 0.3055859109375 0.8288232796875 0.3130901484375 0.81858746875 0.31347590937500003 0.7352532265625 0.2956955015625 0.7326431171875 0.1755235328125 0.7274640234375 0 0.7232038078125 0 0.9744822828125
7 0 0.720241296875 0.0444029171875 0.7222705609375 0.21149368124999998 0.7248737328125 0.3048634671875 0.7286481828125 0.3079584390625 0.7265726796875 0.3093326234375 0.70035168125 0.3147930359375 0.691127609375 0.318094090625 0.6661264453125 0.3195880625 0.599633059375 0.3484090125 0.600504078125 0.34779083437499997 0.612299621875 0.3525787734375 0.615907103125 0.3865635765625 0.6132127640625 0.41173126875 0.6078186359375 0.4148554796875 0.6051852390625 0.41588305937500003 0.5285977453124999 0.39427814687499996 0.5229900734374999 0.39051211874999997 0.5188767234375 0.3520888140625 0.5302892640625 0.323359759375 0.5276647859375 0.324296790625 0.490791784375 0.32917386249999997 0.473705178125 0.3288550796875 0.441801196875 0.3232220734375 0.4163318171875 0.30847816093749997 0.4127619921875 0.24804202968750003 0.407356965625 0.025509156249999998 0.38003058749999996 0.007670271875 0.37853626406249996 0.0056264484375 0.3795480046875 0 0.48690704218749997 0 0.720241296875
7 0.3249820203125 0.306776578125 0.330120815625 0.3036893359375 0.3548207015625 0.3072215046875 0.3550517703125 0.34079916875 0.3671100421875 0.3386339875 0.410293465625 0.3123664140625 0.41385624375 0.3013646125 0.41202133906249994 0.2414098796875 0.388517375 0.2530448828125 0.38054675 0.2531865859375 0.37324718125 0.25951714375 0.36413769218750003 0.26239629062500003 0.3502110234375 0.26222585 0.345686225 0.253597328125 0.32799353125 0.24931353750000002 0.334157071875 0.2076796140625 0.3282038671875 0.169326659375 0.2555062140625 0.1509716625 0.22195998125 0.1452975984375 0.19857438593750001 0.1356806234375 0.14035750625 0.1259164953125 0.06071114062500001 0.10719733125 0.043835692187500004 0.1063129265625 0.038755371875 0.1082843828125 0.036448406249999996 0.1143171640625 0.0129088671875 0.2405911734375 0.00595996875 0.3731840671875 0.10865982656249999 0.3888637359375 0.3046536578125 0.409764428125 0.30774862812500003 0.4076889265625 0.3066111828125 0.391405965625 0.30976463125000003 0.3882146734375 0.3186986921875 0.3886828890625 0.3198083171875 0.3865033390625 0.3256210046875 0.3515641375 0.3228768875 0.3469449171875 0.3249820203125 0.306776578125
7 0.0505800546875 0 0.035135534375 0.10138156406250001 0.3296643453125 0.160452384375 0.3337812296875 0.1578710125 0.33781181875 0.1379429140625 0.34225457187499997 0.07216349375 0.34730565156250004 0.0707499328125 0.3649398703125 0.07614950937500001 0.3645875984375 0.10186463750000001 0.368470578125 0.1037464140625 0.37550700625 0.10243690000000001 0.420472528125 0.061158223437500006 0.42240365156250004 0.005316840625 0.418549909375 0.002877171875 0.41060852031249995 0.00246098125 0.395075184375 0.01395428125 0.38339700625 0.0088668484375 0.3803020328125 0.0109423515625 0.3704045359375 0.00986421875 0.3623169578125 0.0122374953125 0.34389473125 0.002880640625 0.3452390984375 0 0.0505800546875 0
8 0.38090185781249997 0.189430646875 0.3732236109375 0.1839934140625 0.354362815625 0.18300496093750002 0.34420217656249996 0.186947871875 0.3357052671875 0.197131659375 0.337076615625 0.208951471875 0.3428572296875 0.2126109765625 0.3637910875 0.21202979531250002 0.3794413765625 0.19830491875 0.38090185781249997 0.189430646875
8 0.3552507671875 0.41297553750000005 0.3306093578125 0.40832758125 0.32424398593750003 0.41582594687499996 0.33005241875 0.437947965625 0.3368549421875 0.4411016 0.3527669578125 0.4413760875 0.3640956984375 0.4341378390625 0.3638339734375 0.420138475 0.3552507671875 0.41297553750000005
8 0.317361725 0.699094190625 0.31076103125 0.7300761140625001 0.32132958437500003 0.7373430984375 0.3385266515625 0.7320906734375 0.3422648578125 0.7177415109374999 0.33204716093750003 0.703779803125 0.323347003125 0.698848440625 0.317361725 0.699094190625
2 0.5696808 0.73212135 0.5718256296875001 0.8127910843749999 0.7252325078124999 0.8342570203124999 0.9831464140625 0.8346785515624999 0.9858445281250001 0.7831954484375 0.9831303109375 0.74662866875 0.7130460937499999 0.7349356296875 0.5696808 0.73212135
2 0.5656263218750001 0.53588603125 0.7620699421875 0.5569221828125 0.9398725609374999 0.5384928984374999 0.9342695000000001 0.4630124140625 0.6889522265625 0.43493949687500005 0.5521734484375 0.45820399375000004 0.5656263218750001 0.53588603125
2 0.5577894062500001 0.3206557734375 0.7237661328125 0.3454657109375 0.8811493734375 0.2910581171875 0.8715734921875 0.2305858109375 0.6421980453125 0.18746067500000002 0.5494766046875 0.23608246406250002 0.5577894062500001 0.3206557734375
2 0.7061604015625 0.1646316671875 0.8504614734375 0.0862663484375 0.840885590625 0.025794042187499998 0.7866020218750001 0.014334003125 0.5949656515624999 0.004290765625 0.5671994203125 0.0195064921875 0.553033215625 0.1378099015625 0.7061604015625 0.1646316671875
8 0.35933217812499996 0 0.352764203125 0.0073733359375 0.3839783125 0.019750175000000002 0.3861535296875 0 0.35933217812499996 0