1 0.12734375 0.92265625 0.184375 0.1171875
1 0.7953125 0.7828125 0.3828125 0.2015625
1 0.5046875 0.61484375 0.253125 0.1671875
1 0.3703125 0.58359375 0.2125 0.15
1 0.2859375 0.47421875 0.2171875 0.0859375
1 0.196875 0.4078125 0.2015625 0.0609375
1 0.83984375 0.2859375 0.3203125 0.240625
1 0.63671875 0.23046875 0.2734375 0.1875
1 0.46328125 0.18046875 0.2546875 0.16875
1 0.31640625 0.13203125 0.2203125 0.1578125
2 0.8578125 0.9359375 0.2140625 0.0921875
2 0.61796875 0.778125 0.11875 0.05
7 0.0890625 0.7796875 0.175 0.1078125
7 0.42265625 0.94453125 0.2953125 0.1109375
7 0.29296875 0.81875 0.24375 0.134375
7 0.16875 0.690625 0.1921875 0.1125
7 0.08046875 0.59921875 0.1609375 0.0875
7 0.04765625 0.5296875 0.0953125 0.053125
7 0.1421875 0.253125 0.2 0.0609375
7 0.2390625 0.3078125 0.225 0.0703125
7 0.36015625 0.37421875 0.284375 0.0890625
7 0.5625 0.46328125 0.321875 0.1171875
7 0.796875 0.61640625 0.4015625 0.1734375
8 0.11484375 0.50703125 0.0421875 0.025
8 0.196875 0.5671875 0.0390625 0.0265625
8 0.26875 0.65390625 0.0359375 0.03125
8 0.440625 0.79609375 0.034375 0.0359375
8 0.628125 0.99765625 0.059375 0.0046875
8 0.77265625 0.434375 0.065625 0.0546875
8 0.53984375 0.32421875 0.04375 0.040625
8 0.37890625 0.2671875 0.046875 0.040625
8 0.2546875 0.21875 0.040625 0.0375