5 0.5948651125 0.262239246875 0.5952524671874999 0.27847095624999996 0.5872550828125 0.28149429375 0.5912376312500001 0.291602321875 0.5882638296875 0.29302432500000003 0.589070828125 0.30224835 0.607619753125 0.3017873578125 0.6143743500000001 0.308167378125 0.6627460078125 0.3062590640625 0.7243908203125 0.302608584375 0.7293135281249999 0.2998542453125 0.7277479687499999 0.246547103125 0.723194465625 0.2417172546875 0.608709221875 0.2552189015625 0.5948651125 0.262239246875
5 0.8956647468750001 0.27716759999999996 0.9698100078125 0.27474713125 0.9789331578124999 0.2727871296875 0.9802471125000001 0.2523929859375 0.9743508140625 0.18499798750000002 0.914998515625 0.191243546875 0.7876940546875 0.21167587187499998 0.7736481953125 0.2163902109375 0.7740032593749999 0.2558613171875 0.7595377578125 0.267583340625 0.761369646875 0.2767177 0.7653683390625 0.27520603125 0.7697200921875 0.2777298734375 0.7925198953125 0.2786397203125 0.8956647468750001 0.27716759999999996
8 0.5115422578125 0.1951720265625 0.49872303906250004 0.2021027046875 0.490759946875 0.2173222421875 0.49176869375 0.22885227343749998 0.49939687343749994 0.23341312187500002 0.5096962265625 0.23309295937500002 0.515240328125 0.22563694375 0.5160453234375 0.1994253734375 0.5115422578125 0.1951720265625
8 0.6429119921875001 0.16218483749999998 0.628194303125 0.1710243515625 0.6148384203124999 0.1954294109375 0.6168216234375 0.20629327343749998 0.6287006796875 0.21222496406250002 0.640948940625 0.21057246406250002 0.6474170609375001 0.20187377812500001 0.65064104375 0.1678986890625 0.6429119921875001 0.16218483749999998
8 0.8348209234375 0.183735321875 0.84906853125 0.1813269890625 0.86210564375 0.16508261875000002 0.8658501453125 0.125252846875 0.8526940109375 0.11652831718750001 0.8416723890625001 0.12039715625 0.831054265625 0.1288780078125 0.8141031921874999 0.15940674531250001 0.814389671875 0.174485453125 0.82109383125 0.18028897187499998 0.8348209234375 0.183735321875
8 0.9500378484375 0.962536709375 0.9580698921874999 0.9432447390625001 0.9580013062500001 0.9188523421875001 0.9430637203125001 0.9015699546875 0.9322438468750001 0.9077447984375 0.9118973265625 0.91126763125 0.8977687390625 0.9386448656249999 0.8977021578125 0.9496880609374999 0.9069100390625 0.9605007609375 0.9220557203125 0.964984828125 0.9500378484375 0.962536709375
7 0.4118507703125 1 0.41020678750000006 0.9964047781250001 0.40600634687500003 0.9956104421875 0.40985372499999995 0.9923692687500001 0.40474541249999996 0.9811979015625001 0.396748028125 0.984221240625 0.3872718171875 0.9821457296875 0.378249540625 0.9852587343750001 0.3718984421875 0.983490725 0.3267527703125 0.986859546875 0.3085064703125 0.990779546875 0.3011809171875 0.9896777078125 0.278734175 0.9928033718749999 0.2758108125 0.994801875 0.276265590625 1 0.4118507703125 1
7 0.3327830984375 0.9613526484375001 0.36988094843749997 0.9604306625 0.3881776859375 0.9570871625 0.3796416359375 0.9421492859375 0.3654606078125 0.9335144234375001 0.3694250078125 0.9198065546875 0.3772710796875 0.9150537125 0.3915186890625 0.9126453796874999 0.39613877343750004 0.9064320312499999 0.39465994531250004 0.9013331843750001 0.3563354546875 0.9000388296875 0.35055531093750003 0.8929926406250001 0.33800442343750003 0.8911861296874999 0.2544333890625 0.892107590625 0.2401857796875 0.8945159234375 0.24001832343750001 0.9044061156250001 0.26340923437499997 0.959289275 0.281135015625 0.9612239546874999 0.299482190625 0.95845695625 0.3144944328125 0.9588862984375 0.3327830984375 0.9613526484375001
7 0.500149190625 0.7613983640625 0.4948572765625 0.7717368890625 0.49628566718749995 0.776259234375 0.6121225828125 0.8962496109375 0.6240520765625 0.9027578015625 0.638065646875 0.9212828562500001 0.6517423 0.9241527046875 0.720813540625 0.92275706875 0.7934799734375 0.9152377515625 0.9259431859375 0.90655329375 0.9340414453125 0.9046829578125 0.935637290625 0.8993151125000001 0.914953853125 0.8871827359375001 0.8875844015625001 0.8930627375 0.8607354703125001 0.893088059375 0.8485033515625 0.8831208593750001 0.82615548125 0.8519639328125 0.8238858 0.8260213609375 0.8172825140625 0.821370846875 0.80268184375 0.8197436687499999 0.7851235171875001 0.8079187937500001 0.7728409625 0.79737509375 0.7678335234375 0.7873567312499999 0.7249878203125 0.75799313125 0.5692708703125 0.760579228125 0.53237476875 0.76380721875 0.5124478921875 0.7603223671875 0.500149190625 0.7613983640625
7 0.5410379734374999 0.6503519203125 0.37159393125 0.64949166875 0.367125159375 0.6574345203124999 0.434469390625 0.71892871875 0.44834779375 0.724104571875 0.64751369375 0.7223644984375001 0.6487564796874999 0.7129611406249999 0.5932590140625 0.6806380265625 0.5916793109375 0.6743861765625 0.6075732046875 0.6671864984375 0.624945925 0.6650856671875001 0.629868634375 0.6623313296875 0.642318646875 0.6629848375 0.6461155890625 0.6591671640625 0.651240046875 0.6587188312500001 0.648736328125 0.6537096484375 0.6514579421875 0.6494051390625 0.6470557515625 0.6463047953125 0.65060050625 0.6396046125 0.593559634375 0.6486614421875 0.5827397624999999 0.6548362859375 0.5715163921874999 0.65639911875 0.5645943359375 0.6599092921875 0.5562438921874999 0.6588971171875 0.5410379734374999 0.6503519203125
7 0.48053306874999996 0.6080104453125 0.460454878125 0.6027960875 0.45600224999999994 0.5991192437499999 0.45652276875000003 0.5932645609375 0.44869284218749994 0.5863977046875 0.40001856093750005 0.5848470109374999 0.30660210625 0.591277146875 0.3055106328125 0.602410009375 0.34316529687499997 0.6432651390624999 0.3496677078125 0.64676265 0.3878408859375 0.6463275015625001 0.4297101328125 0.640921675 0.5088789765625 0.6368998703125001 0.51292810625 0.6359647015625 0.5135494984375 0.6312630218749999 0.48053306874999996 0.6080104453125
7 0.34248745625 0.54108353125 0.27444110625 0.5423895015625 0.25711882343750003 0.545066834375 0.257522321875 0.549678846875 0.2816677890625 0.5777739328125 0.2914970625 0.5838849546875 0.3151200078125 0.5823991281249999 0.3350468859375 0.5858839812500001 0.3556960328125 0.5858201578125 0.3637942890625 0.5839498234375 0.42154128437500005 0.5829640171875 0.42216267656250006 0.5782623375 0.389616328125 0.548578575 0.3778885828125 0.544376390625 0.34248745625 0.54108353125
7 0.5014749390625 0.13912320625000002 0.49169610312499995 0.1335886859375 0.4585465078125 0.1324225 0.45629497499999994 0.1302958265625 0.40684798750000006 0.13171730625 0.3993206859375 0.128309459375 0.38272066875 0.12743811562500001 0.3622732734375 0.1298079453125 0.3517217328125 0.12724560000000001 0.3300981328125 0.127975590625 0.288196596875 0.1566208140625 0.284651840625 0.16332099687499999 0.2961274 0.1646406734375 0.43037206250000004 0.164514071875 0.48220374687499995 0.14313287187499998 0.4945528828125 0.14263337812500002 0.5014749390625 0.13912320625000002
7 0.3491837203125 0.1100402203125 0.35251058125 0.112653728125 0.3723870234375 0.11556207968750001 0.4479102359375 0.11708745312499999 0.4772628890625 0.122071315625 0.5072873703125 0.12292999843750001 0.5205605249999999 0.121187834375 0.6091531406249999 0.0832294421875 0.6206286999999999 0.08454911875 0.6235863546875 0.09474681406249999 0.621704028125 0.085035953125 0.6272481296875 0.0775799375 0.625819740625 0.073057590625 0.6171666703125 0.06858640625 0.5805389015625 0.06307720781250001 0.5693659671875 0.0652165421875 0.5599401937499999 0.0637175328125 0.5544122359375 0.059553853125 0.51138293125 0.051700143750000004 0.48765911093750003 0.0520329671875 0.4757800546875 0.046101278125 0.43100358906249997 0.0418859109375 0.41673983750000004 0.055913942187499996 0.35370293125 0.1026738703125 0.3491837203125 0.1100402203125
7 0.490882484375 0 0.45756604375 0.026781884375 0.452274128125 0.037120409375 0.45980143125 0.04052825625 0.5186076109375 0.05164898125 0.580135403125 0.058465195312499996 0.604514909375 0.06562689375 0.617939375 0.065614234375 0.63914333125 0.071891928125 0.6579444421875 0.0743134421875 0.666143575 0.0735961109375 0.7385901125000001 0.039954890625 0.811440146875 0.0109256828125 0.8171859984375001 0.005775671875 0.8272331656249999 0.0025730015625000002 0.827440625 0 0.490882484375 0
1 0.43891388906250006 0.8759676375 0.4354538625 0.8954405234375 0.44158706875 0.906522221875 0.46882335468749997 0.9227286124999999 0.555721253125 0.9244206593750001 0.5956415890625 0.9203471671875001 0.6280850625000001 0.91344233125 0.5530783593749999 0.8351910859375 0.5465759484375 0.8316935734375001 0.53012724375 0.8325517343750001 0.47989140781249995 0.8485650859374999 0.450355153125 0.8650911156250001 0.43891388906250006 0.8759676375
1 0.4429913 0.7809218875 0.46026314687500003 0.7776680546875 0.47298149062499995 0.769584371875 0.48630508125 0.7684187078125 0.49887211249999996 0.7586055218750001 0.512917971875 0.753891184375 0.5079105328125 0.7438728203125 0.5127828046875 0.74054198125 0.5126476375 0.7271927796875 0.49179674218749997 0.7249505953125001 0.446651071875 0.728319415625 0.43368054218749996 0.7335205890625 0.41938249531249994 0.7353524218749999 0.38006740625 0.7463439296875001 0.366475484375 0.756246784375 0.3601586765625 0.766674975 0.3615870671875 0.771197321875 0.3852443046875 0.78190769375 0.4008698671875 0.7834452062499999 0.4429913 0.7809218875
1 0.4090469625 0.3929363375 0.4482450328125 0.392411521875 0.49641494062499997 0.38819720156250004 0.516004903125 0.37602684375 0.5673665046874999 0.3610768296875 0.43413058906249996 0.37273346093750004 0.40034345625 0.3878886515625 0.4090469625 0.3929363375
1 0.5058245703125 0.40131590624999997 0.5698722265625 0.40152160468750003 0.6794347609375 0.390774296875 0.68778520625 0.39178647031249997 0.7019823781250001 0.3888016359375 0.7088539953125 0.38471496250000004 0.7405247625 0.3807823 0.7423223578125 0.3777204609375 0.7534448546875 0.3750046234375 0.757812753125 0.36590876875 0.7459841328125 0.3605535828125 0.680356775 0.3540960328125 0.5734654171875 0.35996232968749997 0.425259625 0.3775759703125 0.41423800312500003 0.38144480937499997 0.40864346406249996 0.388324325 0.41002141718749996 0.39227016875 0.4193463171875 0.3926161734375 0.48919026250000003 0.3882483625 0.49344114218749996 0.3896192015625 0.49512171875 0.39702405625 0.5058245703125 0.40131590624999997
1 0.926484090625 0.369741196875 0.922586271875 0.3724058671875 0.8359405625 0.373596328125 0.729452703125 0.38407463750000004 0.7195568484375 0.3890068109375 0.6810649 0.39760265 0.6590720953125 0.40591682812499996 0.6416327921875 0.41906085312499997 0.6455144640625 0.4280158796875 0.657090896875 0.4304885578125 0.7241627921875 0.42984875625 0.779607815625 0.426159775 0.9166911125 0.41126196875 0.9931621125 0.400012121875 0.9834705171874999 0.28923667656249996 0.9793709500000001 0.2895953421875 0.92444644375 0.2874296421875 0.9102997109375 0.290990978125 0.9083534562500001 0.33957058125 0.9018181046875 0.347500790625 0.8976176625000001 0.34670645312500004 0.8961731281249999 0.3538038046875 0.9087240140624999 0.35561031718749997 0.9173770843750001 0.3600814984375 0.926484090625 0.369741196875
1 1 0.4781695328125 0.9947260109375 0.4178875515625 0.9090810828125001 0.4305170171875 0.8800653484375 0.44118836406249995 0.872622775 0.4505532171875 0.8597026812499999 0.45633089375 0.854981721875 0.4613912375 0.854293746875 0.47713611250000004 0.8620732359375 0.48342646718750004 0.8738514187499999 0.4882051515625 0.9189305078125001 0.49587952812499997 0.988405246875 0.4990959046875 1 0.498354765625 1 0.4781695328125