1 0.60859375 0.1390625 0.15 0.1
1 0.803125 0.18984375 0.1390625 0.1734375
1 0.9875 0.19453125 0.025 0.1390625
1 0.98671875 0.4046875 0.0265625 0.09375
1 0.828125 0.39765625 0.0484375 0.115625
1 0.6609375 0.38515625 0.0453125 0.1234375
1 0.071875 0.07109375 0.096875 0.1421875
1 0.26484375 0.3171875 0.0625 0.096875
1 0.07890625 0.30546875 0.040625 0.0953125
1 0.3015625 0.43828125 0.0265625 0.0671875
1 0.3328125 0.52890625 0.0265625 0.0609375
1 0.8375 0.52265625 0.0296875 0.0671875
1 0.7296875 0.503125 0.0296875 0.0703125
1 0.1765625 0.44140625 0.0296875 0.0703125
1 0.15078125 0.5140625 0.0234375 0.0328125
7 0.096875 0.51875 0.075 0.0546875
7 0.03359375 0.5625 0.0671875 0.04375
7 0.025 0.51484375 0.05 0.0734375
7 0.1078125 0.440625 0.10625 0.109375
7 0.2390625 0.45234375 0.103125 0.10625
7 0.284375 0.53046875 0.0796875 0.0828125
7 0.2640625 0.58828125 0.05625 0.05
7 0.3328125 0.57734375 0.0609375 0.059375
7 0.1875 0.57890625 0.059375 0.0515625
7 0.19921875 0.52890625 0.0703125 0.0671875
7 0.1109375 0.5671875 0.059375 0.0578125
7 0.16875 0.26953125 0.159375 0.2140625
7 0.03984375 0.259375 0.0609375 0.19375
7 0.6703125 0.05703125 0.271875 0.1109375
7 0.94609375 0.07890625 0.1078125 0.1046875
7 0.9171875 0.371875 0.1453125 0.2171875
7 0.7453125 0.35546875 0.1421875 0.2109375
7 0.571875 0.3328125 0.146875 0.2109375
7 0.54921875 0.4890625 0.090625 0.109375
7 0.66640625 0.503125 0.0890625 0.1171875
7 0.78203125 0.51875 0.0875 0.0984375
7 0.89609375 0.53046875 0.0890625 0.096875
7 0.98125 0.53984375 0.0375 0.0953125
1 0.55234375 0.58828125 0.040625 0.04375
2 0.34140625 0.35390625 0.03125 0.1140625
2 0.26171875 0.0453125 0.0546875 0.090625
2 0.375 0.43671875 0.03125 0.0984375