1 0.065625 0.1375 0.13125 0.225
1 0.66171875 0.25859375 0.1859375 0.45
1 0.7875 0.49140625 0.1734375 0.4125
1 0.88203125 0.60234375 0.1734375 0.3421875
1 0.965625 0.6625 0.06875 0.315625
1 0.36796875 0.7625 0.1296875 0.2734375
1 0.534375 0.84609375 0.0875 0.175
1 0.6296875 0.91875 0.0703125 0.1453125
1 0.728125 0.94453125 0.071875 0.0859375
2 0.4625 0.3421875 0.0625 0.190625
2 0.60625 0.47578125 0.0390625 0.1234375
2 0.25546875 0.6921875 0.0484375 0.1671875
7 0.290625 0.934375 0.1125 0.13125
7 0.415625 0.96171875 0.109375 0.0765625
7 0.9171875 0.15078125 0.1375 0.3015625
7 0.53671875 0.68671875 0.1390625 0.2546875
7 0.67109375 0.7875 0.1234375 0.2390625
7 0.79453125 0.8734375 0.115625 0.20625
7 0.88203125 0.90546875 0.0875 0.1421875
7 0.95234375 0.94140625 0.05625 0.059375
8 0.78125 0.11640625 0.0609375 0.096875
8 0.96171875 0.27578125 0.0515625 0.0734375
8 0.41796875 0.60625 0.053125 0.05625