7 0.6164659921875 0.2834949453125 0.48001672656250005 0.2809651171875 0.4367782671875 0.3700621890625 0.43885505937499997 0.37306599687499997 0.451039421875 0.37378849999999997 0.561079690625 0.3723918 0.583111028125 0.340410575 0.5943300375 0.34067574375 0.6005604124999999 0.34968716875 0.6140023 0.355045284375 0.6334297531249999 0.3258703328125 0.625957640625 0.2991012234375 0.6164659921875 0.2834949453125
7 0.7521850234375 0.7694522687500001 0.8113537953125001 0.7479951078125 0.8200784890625 0.75263340625 0.8363276015625001 0.7714410265625 0.8465812609375 0.7712488609375 0.8640099109375001 0.766881096875 0.8802906015625 0.7594445765625 0.8834215765625 0.7508282187499999 0.875657290625 0.719880828125 0.8534127187499999 0.68207341875 0.8495513109375 0.6802440796875 0.8319035296875 0.6814781328125 0.8066632281249999 0.6942647187500001 0.7393541124999999 0.719440140625 0.7059162109375 0.7217783453125 0.6721338265625 0.732538059375 0.5909129859375 0.772332090625 0.58656100625 0.77683511875 0.590568503125 0.780753596875 0.7521850234375 0.7694522687500001
7 1 0.56610754375 0.935766684375 0.565048865625 0.90615366875 0.5686941265625001 0.7615058546875 0.6491372703125 0.7391981328125 0.663818146875 0.740382615625 0.6674091890625 0.7498170078124999 0.668848828125 0.9156236359375001 0.6640774031250001 0.9508826750000001 0.6610870109375 0.9552711765625 0.657106265625 0.9782362890625 0.65182651875 0.9814403078125 0.6442547296875001 1 0.63776394375 1 0.56610754375
7 0.5265164609374999 0.19846289687500002 0.533127840625 0.1995751 0.6600696687500001 0.1996207203125 0.6705424578125 0.20256226093750002 0.681651903125 0.201260575 0.718085534375 0.1483283734375 0.724587346875 0.1478737234375 0.73879619375 0.16419981875 0.7542053078125 0.1709948890625 0.77325175625 0.1497191625 0.79085806875 0.12119639687499999 0.781710903125 0.0971686109375 0.768211759375 0.077643853125 0.77592963125 0.054536103125 0.767351025 0.051986946874999995 0.6249270390625 0.0441016859375 0.6017427953125 0.0462477265625 0.5885042484375 0.057145390625 0.5375113953125 0.168827928125 0.5339056375 0.1706545828125 0.5250398046875 0.19069357343749999 0.5265164609374999 0.19846289687500002
7 0.36368482968750004 0.1389959703125 0.44983115781249994 0.1429439671875 0.463763615625 0.1419697140625 0.4756873796875 0.11226979687500001 0.49062171250000003 0.1122751640625 0.49860018281249996 0.119589834375 0.5032808578125 0.11978736718750001 0.5152046234375 0.09008745 0.514729840625 0.083297746875 0.5067306359375 0.06233871875 0.49510988749999996 0.0563284171875 0.5015544453125 0.0417071265625 0.4991124375 0.03348046875 0.45687679843750006 0.0301358078125 0.4224370234375 0.0314943953125 0.3867239359375 0.0413394375 0.363825971875 0.11431868281249999 0.361258609375 0.1176472421875 0.348437590625 0.12116796875 0.3629543953125 0.1285502734375 0.36056964375 0.13449025625 0.36368482968750004 0.1389959703125
7 0.6137267843750001 0 0.6105148515625001 0.011519809374999999 0.61541465625 0.014851053125 0.6343199625 0.0182526109375 0.7838301125 0.034039778124999996 0.7939742046875 0.0322807578125 0.81689725 0 0.6137267843750001 0
1 1 0.5225831328125 0.9996111843750001 0.5170228125 0.9608352171875 0.5097623578125 0.982678996875 0.44840328124999995 0.9879963281249999 0.44435758593749997 0.9971722609375 0.44210105468750005 0.9966126359375 0.43409804375 0.9944043656250001 0.429214009375 0.9893949953125001 0.4243159125 0.9879755953125 0.43071322968750003 0.9695085484374999 0.43357908749999996 0.955356959375 0.43141963125 0.9275808734375 0.42129063437500003 0.9128291484375 0.4238966921875 0.9032121484375001 0.41984562968750005 0.8740166593750001 0.4161139515625 0.8442891343750001 0.3914259296875 0.847566196875 0.3848987109375 0.8681258234375001 0.371914590625 0.8687624796875 0.3676713625 0.8759374718749999 0.3634957671875 0.8672493015624999 0.3593797546875 0.8502746984374999 0.35689286249999996 0.8260885828125 0.3580592828125 0.81334060625 0.3626245796875 0.7921078015624999 0.3793296421875 0.769455596875 0.4024320265625 0.7627919078125001 0.4139196078125 0.764033646875 0.43167729218749995 0.7780440953125 0.4585140390625 0.7166159234375 0.47435596406249997 0.68929883125 0.48413874218749997 0.643791078125 0.514087728125 0.6408427125 0.5253155109375001 0.6460346921875 0.5328250328124999 0.662190028125 0.536943728125 0.683662696875 0.5370167296874999 0.8169760406250001 0.5213964875 0.8297970593749999 0.5178757609375 0.8404682453125 0.5103066562499999 0.8514316031250001 0.5069158296875 0.954954271875 0.5190958515624999 0.965500103125 0.5230819640625 1 0.5227680640625 1 0.5225831328125
1 0.98797451875 0.3105672328125 0.9678294984375 0.31613263125 0.918841340625 0.3363530546875 0.8713298421875001 0.3643428015625 0.8441065265625 0.3888145046875 0.8412312046875 0.4010868578125 0.8523979046875001 0.4139518125 0.87052046875 0.4195074609375 0.9061082046875001 0.42121763437500004 0.9950280359375 0.4114372109375 0.98797451875 0.3105672328125
1 0.5541563546875 0.260035609375 0.6349646140625 0.2543849453125 0.6672653953125 0.20908948125000001 0.667755965625 0.2027571125 0.6086918140625001 0.19901470000000002 0.5408141375 0.2027114921875 0.5170870140625 0.2237896859375 0.5135019921875 0.2392606984375 0.5237763828124999 0.25271288593749996 0.5334299062500001 0.25728623281249996 0.5541563546875 0.260035609375
5 0.785116365625 0.29269530781249997 0.7933662765625 0.290543903125 0.8081337890625001 0.274815775 0.9127796874999999 0.15623241875 0.9143451734375001 0.15192423906250002 0.8972037500000001 0.133703853125 0.8908115015625 0.1357253578125 0.8794671390625 0.1470154078125 0.7734018390624999 0.27199608125 0.77305735625 0.280417590625 0.785116365625 0.29269530781249997
5 0.7249348796875 0.3530613484375 0.7263177578125 0.3461417453125 0.7165181484375001 0.339479259375 0.640514965625 0.42719359375000004 0.6457434671875 0.43522540000000004 0.6477472140625 0.43718464062500006 0.65138949375 0.4358802703125 0.6619145921875 0.42622202343750004 0.7249348796875 0.3530613484375
5 0.535471125 0.166346403125 0.5824772171875 0.0643897453125 0.58546210625 0.053684246874999994 0.581564175 0.051332621875 0.5694893765625 0.052176975 0.567814325 0.054918299999999996 0.5142175875 0.1694071125 0.5097767765625 0.1859876421875 0.5237092359375 0.185013390625 0.535471125 0.166346403125
2 0.9732198734375 0.3131315078125 0.9460281359374999 0.3113590671875 0.798980728125 0.317442915625 0.8127355250000001 0.3406236640625 0.82031225625 0.342193203125 0.9088068140625 0.33967893125000004 0.9732198734375 0.3131315078125