7 0.37541429375 1 0.376806140625 0.99959550625 0.376131078125 0.9899416593750001 0.3481364171875 0.9870487109375 0.344059115625 0.98356119375 0.31858800781249996 0.9756412546875 0.3040575734375 0.9734236390625 0.29513679531250003 0.969196915625 0.23263773593749998 0.9525483328125001 0.10489633437500001 0.9485461484375 0.049544571875 0.9518777734375 0.030324334375 0.9511185734375 0.0337424578125 1 0.37541429375 1
7 0.517460384375 1 0.5911461890624999 0.9948473859375 0.654090003125 0.9904459265625001 0.641354446875 0.9864859578124999 0.5038671890625 0.9664579046874999 0.412441171875 0.9609941937500001 0.40492412968749997 0.9631366781249999 0.366101303125 0.9561503859375 0.339322859375 0.956945021875 0.3219313453125 0.954927471875 0.3133105953125 0.9549913468750001 0.3097958453125 0.9595487 0.31581803750000004 0.9634391640625 0.3284785859375 0.9663264828125 0.330761009375 0.971556353125 0.3566982671875 0.9724373796875 0.377288396875 0.9790817875 0.3805620171875 0.9847812921875001 0.38525548125000003 0.9833751984375001 0.3873128828125 0.9853871203125 0.41138025625 0.9869378484375 0.41263397968750004 0.9911617578125 0.4542803859375 0.9974116625 0.5058846609375001 1 0.517460384375 1
7 0.57227064375 0.9579020375 0.569559575 0.9602474046875 0.57240455 0.9735221453125 0.6531796578125 0.990509584375 0.7670497703125 0.9825470093750001 0.7151050296875 0.9721667109375 0.583752475 0.957638096875 0.57227064375 0.9579020375
7 0.7297330625 0.5098049671875 0.7367839546875 0.51470139375 0.7929446875 0.5366437203125 0.9043607796875 0.5401706421875 0.9037982265625001 0.5321257687500001 0.8356681171875 0.5034751609375 0.8180515796875 0.49823966249999996 0.7958165890625 0.4954829078125 0.703661896875 0.49330383437499997 0.6922175671875 0.49410410000000005 0.69365880625 0.501009634375 0.7160438124999999 0.5059116875 0.71916741875 0.5094658953125 0.7297330625 0.5098049671875
7 0.702060065625 0.429281121875 0.6969915656250001 0.42532396875 0.6901281906250001 0.42310916406250004 0.6797125609375 0.4249153921875 0.6719329953125001 0.4233036015625 0.6442169640625 0.4106901203125 0.5184418515625 0.421102015625 0.514664578125 0.4219050953125 0.513094721875 0.4268653953125 0.5299825859375 0.43538553281250003 0.5593059734375 0.44357503906250006 0.5812998390625 0.456588653125 0.592856678125 0.45739736249999996 0.602993675 0.4653116703125 0.6511498203125 0.4824242609375 0.73903969375 0.478434190625 0.7703990875 0.4746244875 0.77208145625 0.4712731609375 0.7679666515625 0.46724931718749996 0.7290474203125 0.44517924062500003 0.718406771875 0.44376751875 0.7210428328125 0.4403495046875 0.701668921875 0.43739268124999997 0.702060065625 0.429281121875
7 0.345657334375 0.3485695671875 0.3746270859375 0.3654069578125 0.4646010453125 0.40492588281249997 0.578090646875 0.39698991562499997 0.5931622359375 0.393241271875 0.59183350625 0.3879447140625 0.5430023 0.36117827812500003 0.5342690375 0.3596331765625 0.418802571875 0.298183184375 0.293515003125 0.3155673 0.285119275 0.318849121875 0.2843906 0.322133759375 0.3270496 0.34286443125 0.345657334375 0.3485695671875
7 0 0.21069178281249998 0.06885596875 0.241272796875 0.0745781328125 0.2408726640625 0.09825436562499999 0.25053495468750003 0.10393902656250001 0.24959849687500002 0.1367610578125 0.2667054578125 0.1652807671875 0.2771069515625 0.167879325 0.2731526125 0.176462571875 0.2725524140625 0.190151821875 0.27644569375 0.18938564375 0.2791940046875 0.20537342343749998 0.2748423484375 0.2111705953125 0.2755148640625 0.262332546875 0.267086746875 0.2981978890625 0.2591893265625 0.303657528125 0.2550349203125 0.29466174375 0.2497355453125 0.2921918015625 0.241824053125 0.274500259375 0.2355159046875 0.259444778125 0.225789740625 0.2000104265625 0.1981479078125 0.1795328078125 0.193112475 0.1663472125 0.182716609375 0.15211680625 0.184789590625 0.14624462656249998 0.1830444234375 0.1422798359375 0.1811658796875 0.14164227812500002 0.17204835937500002 0.1289067234375 0.1680883921875 0.0663862671875 0.137428675 0.0598604234375 0.1400407953125 0.0529220390625 0.13675334374999998 0.049498404687500004 0.1289085390625 0.014881495312500001 0.1135439296875 0 0.11907588437500001 0 0.21069178281249998
7 0.8146825140624999 0.0937258609375 0.7842715234375001 0.0699829359375 0.7809603984375 0.0637471046875 0.7466221203125001 0.0386619609375 0.7426948328125 0.0373197421875 0.6319215921875 0.0703962828125 0.6342790218750001 0.0766988015625 0.682756590625 0.11211312343749999 0.6953796343749999 0.1144641171875 0.701551840625 0.12049988125 0.7019643796875 0.1263994546875 0.708790253125 0.1280779328125 0.7202934812499999 0.1418251234375 0.736340159375 0.1520209234375 0.7996751140625 0.13950790156249998 0.842028796875 0.1284620359375 0.8365852640625 0.119141634375 0.8415573593750001 0.10801500625 0.8366763781250001 0.106739475 0.8281681375 0.1084123234375 0.8251570421875 0.10646709218749999 0.8146825140624999 0.0937258609375
7 0.949217334375 0.2222887671875 0.93848028125 0.2057932625 0.8782744625 0.1534138015625 0.8081511406249999 0.16478466875 0.777895453125 0.170672984375 0.7742306890624999 0.1730850390625 0.775521915625 0.17784527187500002 0.8474720906250001 0.233715065625 0.8563553671875 0.23740546562499998 0.90480625 0.2313227125 0.949217334375 0.2222887671875
7 0.5347845328124999 0 0.54095114375 0.00292178125 0.5425423968749999 0.011972615624999999 0.5808454656250001 0.038936303125 0.6324735640625 0.0234692734375 0.6349971156249999 0.018442284375 0.647132615625 0.0138210578125 0.659005590625 0.00544555625 0.6805237156249999 0 0.5347845328124999 0
1 0.6958737937499999 0 0.6922723734375 0.001502475 0.6835766171875 0.0004937 0.6609879859375 0.006384828125 0.6518635828125 0.0129512890625 0.6349971156249999 0.018442284375 0.6316698859375001 0.0256812609375 0.671226675 0.056868859375000004 0.717282625 0.0439472625 0.7386550375 0.0343685484375 0.7448433515625 0.026929506250000002 0.75060301875 0.0270656984375 0.759464896875 0.0167449640625 0.761763428125 0.0085000265625 0.7607335390625 0 0.6958737937499999 0
1 0.7790530109375 0.0638804828125 0.8373514406250001 0.116393321875 0.856553940625 0.1031937125 0.8635834375 0.09407900625 0.8632245109375001 0.07524095 0.845999115625 0.061893890625 0.817779434375 0.05578299531250001 0.8072512968750001 0.05598024687499999 0.7790530109375 0.0638804828125
1 0.2683306484375 0.01497895 0.01571175 0.032643784375 0.0169605328125 0.0336343546875 0.184810459375 0.1178297578125 0.21011015781250003 0.10959326250000001 0.23510983125 0.0970661703125 0.2590432984375 0.0829967921875 0.26530661875 0.07663039687499999 0.273943475 0.063091715625 0.276895671875 0.050489490625 0.274945490625 0.022600603125 0.2683306484375 0.01497895
1 0.472831371875 0.1251756828125 0.43778581875 0.11738630937500001 0.42046930937500004 0.11644140781250001 0.3909422953125 0.11904508437500001 0.354048253125 0.125936546875 0.35042099531250004 0.12888492499999998 0.328748553125 0.134173040625 0.269249771875 0.1604304390625 0.30721530937499997 0.18256720312500002 0.3635260546875 0.2066548296875 0.396385590625 0.224298115625 0.3956944203125 0.22811907812499999 0.40057540156250004 0.22939460781249998 0.431859790625 0.22451225468749997 0.48128047343749997 0.20488800468749999 0.5107485875 0.18773687187500002 0.523928896875 0.170646796875 0.52067138125 0.1514724828125 0.503258471875 0.1354437984375 0.472831371875 0.1251756828125
1 0.62202524375 0.244090371875 0.6198928359375 0.2410058015625 0.5730493125 0.242664578125 0.5483657749999999 0.24600746093749998 0.5050583984375 0.25712001562500003 0.46010615781249997 0.27212022343750003 0.451710428125 0.275402046875 0.4510567609375 0.2797593328125 0.4718505140625 0.27561055625 0.47927644375 0.28587022812499996 0.548006609375 0.323102034375 0.554328828125 0.331283096875 0.5867169265625 0.328479353125 0.6291081125 0.3179698109375 0.6439921828124999 0.31153954375000004 0.6680006578125 0.2985428140625 0.6811434609375 0.280916415625 0.67315498125 0.2626118703125 0.6523398312500001 0.25274951562500003 0.62202524375 0.244090371875
1 0.7649291093749999 0.327874384375 0.731212284375 0.32538156875 0.7015727593750001 0.32637627187499996 0.5979040203125 0.3514107546875 0.5829449421875 0.356768375 0.5869847390625 0.35971956875 0.5917532109375 0.3593861234375 0.6247949734375 0.3522250921875 0.6304635265625 0.36476344374999997 0.6591332515625 0.37731023750000003 0.67914471875 0.3893845796875 0.6769962031250001 0.399774815625 0.6696291750000001 0.40406260156249996 0.7189212421875 0.39630418437500003 0.7828348546874999 0.378361228125 0.8011211640625 0.3657646328125 0.8071969687499999 0.356716615625 0.8044645015624999 0.3450508484375 0.7912414015625 0.3341186578125 0.7649291093749999 0.327874384375
1 0 0.517460384375 0.010716584375000001 0.6707146703125 0.1126444046875 0.689309665625 0.1373654453125 0.6865031078125 0.15561425 0.6733701875 0.1959535640625 0.5924020359375 0.1967358484375 0.576178915625 0.194153396875 0.5666584484375 0.1890473953125 0.56216496875 0.191570946875 0.557137978125 0.19992917187499998 0.55331983125 0.22167662031250002 0.549104365625 0.265584053125 0.5465730062499999 0.3174371734375 0.5343239265624999 0.3340036125 0.5245423328125 0.34987888125 0.5185817 0.3598069640625 0.5098032515625001 0.35920690781250003 0.5012220562499999 0.3517059734375 0.4898897328125 0.2955452421875 0.46794740468749996 0.2928716765625 0.4708290953125 0.28337223906250003 0.47203230781250005 0.2712153421875 0.462642403125 0.19660218125 0.46462618125 0.19164619375 0.4622780015625 0.1734885015625 0.4630087625 0.1251876328125 0.4712368140625 0.023576296875 0.49828322031249994 0 0.508873140625 0 0.517460384375
1 0.3756014578125 0.6671492859375 0.3712991359375 0.6604438203125 0.375692571875 0.6547471296875 0.392784059375 0.6524740812500001 0.4217699171875 0.655836665625 0.4853673953125 0.64707791875 0.5089097203125 0.6411201 0.5252886421875 0.62865688125 0.5295695671875 0.6213512156250001 0.5271532375 0.6005012390625 0.5075918109375 0.5948627937500001 0.48932160781249995 0.59398458125 0.460110728125 0.5874040484374999 0.41109729375 0.5854419296875 0.3605140015625 0.5884401109375 0.2467457703125 0.6060966125 0.2251108328125 0.6119210515625 0.20506715 0.6267963234375 0.184889559375 0.6260514890625 0.1823660078125 0.631078478125 0.188350696875 0.63443261875 0.1879595546875 0.6425441796875 0.16483505781250002 0.681887509375 0.16111668437499999 0.697238046875 0.2553501734375 0.7154401734375 0.264962121875 0.715845934375 0.271037925 0.7067979171875 0.2841405203125 0.6988753796875 0.29916120468749996 0.6978250312500001 0.3651750109375 0.7099162609375 0.375847875 0.68437836875 0.3756014578125 0.6671492859375
1 0.6019053578125 0.7375561390625001 0.593338215625 0.7246815296875 0.6110083625 0.7169785453124999 0.6158893453125 0.718254075 0.6195541078125 0.715842021875 0.6435464750000001 0.7163201 0.6520172109375 0.7141109265625001 0.680703040625 0.7131829125 0.7005431 0.7091008249999999 0.7253391484375 0.707366915625 0.7364084421875 0.701203403125 0.7367995828125 0.6930918421875 0.7298236984375001 0.689268065625 0.7064474921875 0.683896375 0.67097329375 0.6836822375 0.60043743125 0.6891535328125 0.5711354390625 0.6949751578125001 0.5656757984375 0.6991295640625 0.533362709375 0.70300595625 0.485415478125 0.7025861234375 0.46408056875000003 0.7127011609375 0.45723858906250003 0.7244974921875 0.46238209531249996 0.7295272953125 0.49742764843750004 0.73731666875 0.4894444578125 0.746498065625 0.48155766875 0.7707632421875 0.4739172984375 0.8122575 0.4764622453125 0.82124164375 0.5674221140625 0.8337442640624999 0.5886820171875 0.8225565765624999 0.5963276765625001 0.808548259375 0.6050503593750001 0.7551214765625 0.6019053578125 0.7375561390625001
1 0 0.4276989234375 0.015614740625000002 0.42554311875 0.0634280640625 0.4103428453125 0.098393321875 0.389573628125 0.10458163437500001 0.3821345859375 0.10605508906250001 0.362090503125 0.0934481515625 0.3462647015625 0.0746529 0.3378779421875 0.07042558593750001 0.332245125 0.0588312421875 0.3309000921875 0.05238040468750001 0.33458486249999997 0.0466582390625 0.33498499531250003 0.0290792078125 0.330285821875 0.0240482125 0.3268649921875 0.0214282578125 0.3168081984375 0 0.317574446875 0 0.4276989234375
8 0.300839240625 0.2832572515625 0.293397203125 0.2864723859375 0.287005265625 0.3047046125 0.290653921875 0.315767365625 0.3210221203125 0.311488025 0.3263478515625 0.2917135125 0.317202053125 0.284268840625 0.311329875 0.28252367500000003 0.300839240625 0.2832572515625
8 0.356248465625 0.870068853125 0.3553858859375 0.8577333843750001 0.341584125 0.8522311312499999 0.3339545734375 0.8527646421874999 0.32468015625 0.857185803125 0.3096674671875 0.875481903125 0.30392919687500003 0.8893568437500001 0.3094102328125 0.8992135703124999 0.32379065156250003 0.8992858874999999 0.3312326875 0.896070753125 0.356248465625 0.870068853125
8 0.59150535625 0.9177528140625 0.592625171875 0.9063566156249999 0.5816094875 0.8995816453125001 0.5720725468750001 0.900248534375 0.5656592125000001 0.904469628125 0.55717236875 0.920153609375 0.55532388125 0.9348344453124999 0.56244978125 0.9408035203124999 0.57107053125 0.9407396468749999 0.576530171875 0.9365852406249999 0.59150535625 0.9177528140625
8 0.766895875 0.15042320625 0.7623149234375 0.153438275 0.762373821875 0.16798573125 0.76755483125 0.1735518609375 0.7795778203125 0.16732165937500001 0.7827175343749999 0.1574010578125 0.7804351109375001 0.1521711875 0.775479121875 0.1498230078125 0.766895875 0.15042320625
8 0.6174233734375 0.0412290515625 0.616491075 0.0553068734375 0.6257493859375 0.06436051875 0.6350988078124999 0.061012007812500005 0.64186578125 0.0481430265625 0.6414157406250001 0.0417071296875 0.6342898390625 0.0357380546875 0.6237992046875 0.03647163125 0.6174233734375 0.0412290515625
5 0 0.08312504062500001 0.00030827031249999997 0.0833040484375 0.12736908125 0.1460990765625 0.1867284265625 0.17266825937500002 0.1905056984375 0.17186517968749998 0.1998337265625 0.1545055359375 0.2089956328125 0.14847539999999998 0.20297344062499997 0.144584934375 0.1943901921875 0.145185134375 0.175857465625 0.14055264843749998 0 0.0431232296875 0 0.08312504062500001
5 0.4519890578125 0.2656815125 0.4516515265625 0.2608545890625 0.3898222421875 0.22637391093749998 0.37865654375 0.21745364218750002 0.290514965625 0.17672869062500002 0.286325153125 0.171632196875 0.2704284875 0.16358169843749998 0.26455630937499997 0.16183653125 0.24853102656249998 0.165651865625 0.2395566375 0.1743636234375 0.23718309999999998 0.1815359125 0.2271425078125 0.1887053859375 0.22748003906249997 0.193532309375 0.24154432187500002 0.2027888359375 0.25031508593749996 0.2048702609375 0.278293640625 0.221238015625 0.3874378875 0.2745069484375 0.3981535421875 0.27699132031249996 0.42407469375 0.291347153125 0.43669773906250003 0.2936981484375 0.4423235 0.2782142328125 0.4550751609375 0.26869939375 0.45984363281249996 0.26836595 0.458702421875 0.265751015625 0.4519890578125 0.2656815125
5 0.48527604375 0.7554127046875 0.4831436328125 0.752328134375 0.3172116734375 0.722971234375 0.3085534203125 0.722498784375 0.30496366406250003 0.7259834875 0.2899562640625 0.7717655296875 0.29128499375 0.7770620890625 0.3523428140625 0.7868051390625 0.47312972656249996 0.8009946796875 0.4774856578125 0.7947616640625 0.48527604375 0.7554127046875
5 0.24809565625 0.72133693125 0.24871181875 0.71644331875 0.23498506562500002 0.712013715625 0.12038646875 0.69038513125 0.08072245624999999 0.6850744984375 0.047584290625 0.6771517484375 0.010743859375000001 0.671104725 0.0168194234375 0.7579893359375001 0.0321535359375 0.757994965625 0.040961803125 0.7606127140625001 0.05148994375 0.7604154624999999 0.147255784375 0.7731209640625 0.18890219218749998 0.779370865625 0.1959530859375 0.7842672921875 0.206518728125 0.784606365625 0.23405276874999997 0.7260915359375 0.23859621718750001 0.7225401437500001 0.24809565625 0.72133693125