2 0.51309296875 1 0.5461200015625 0.9982691265625 0.5334399453125 0.7860951546875 0.525101546875 0.7677798609375001 0.5212753734375 0.7651675390625 0.513462571875 0.7468246984375 0.51436675 0.74396446875 0.511689775 0.7431671484375 0.48945912968750005 0.77152303125 0.41533775781250004 0.8757323250000001 0.41262522500000004 0.8843130125 0.417222009375 0.8915730234374999 0.4286515234375 0.8984749437499999 0.43434850156250004 0.9066149093750001 0.47515363749999995 0.9410433687499999 0.4798128734375 0.9595514812499999 0.48336024375 1 0.51309296875 1
2 0.7372083546875 0.5410124656249999 0.73796641875 0.64598556875 0.7439439734375 0.64942275625 0.76200541875 0.611909228125 0.76146548125 0.4909852484375 0.7590287421874999 0.454545984375 0.7533317640625 0.44640601875 0.7371719 0.4397520046875 0.7287623875 0.440192728125 0.721564521875 0.45369655625 0.7178853609375 0.45388937343749997 0.7124958515625 0.4616727421875 0.71142255 0.48141889843749996 0.7130396718750001 0.5122754265625 0.729150534375 0.5179943953125 0.7372083546875 0.5410124656249999
1 0.209039675 0.6099476546875 0.20375205625 0.549279821875 0.19004147968750001 0.47873965625 0.183462434375 0.45376885468749995 0.168424875 0.4283037328125 0.1393922765625 0.40732251875000003 0.11807447499999998 0.4028140484375 0.1060348046875 0.4043826359375 0.0790603640625 0.42267336875000006 0.07840120625 0.43020882968749996 0.0875371078125 0.47379792187499997 0.1317955125 0.6646270359375 0.1869425953125 0.63079561875 0.209039675 0.6099476546875
1 1 0.699239684375 0.9807247406249999 0.6923328609375 0.9630505421875 0.697009584375 0.9566588484375 0.7057830890625 0.927733821875 0.7673063171875001 0.9087816421875001 0.8179931312500001 0.9016952312500001 0.8436801062500001 0.9021497109375 0.8624085796875001 0.9100739671875001 0.89293456875 0.9312360937499999 0.9246420171875 0.94506200625 0.9370440359375 0.9378341499999999 0.9777402578125001 0.953804796875 0.9769032718749999 0.9584872265625 0.9719698015624999 0.9616887140625 0.9764900921875 1 0.9744822828125 1 0.699239684375
1 1 0.5070046593749999 0.9863891484374999 0.5288910687499999 0.9662877734374999 0.5777628796875 0.9624884921874999 0.59577666875 0.9639451578125 0.6135150046875 0.9715263890625 0.6374956671875001 0.9811965515625 0.65105309375 1 0.664010875 1 0.5070046593749999
1 0.44009776250000004 0.22185497656250003 0.43414231875000003 0.198726725 0.42754116406250003 0.1934469890625 0.41960824218750004 0.1929251203125 0.401274884375 0.20513730625 0.3895071265625 0.2320072359375 0.3856098390625 0.2481509328125 0.3872269609375 0.2790074609375 0.4019800625 0.37949665781249997 0.4461521109375 0.3574917921875 0.4525793625 0.339340278125 0.45168385000000005 0.3121963875 0.44009776250000004 0.22185497656250003
1 0.21222999062499998 0.1981676671875 0.20143274375 0.1631041734375 0.185161425 0.1442670109375 0.180235059375 0.14077473437500002 0.1766539046875 0.1428376421875 0.175749728125 0.145697871875 0.185215209375 0.1855192328125 0.1895227546875 0.227486140625 0.1954157484375 0.23936629062499998 0.2135665375 0.233726975 0.21599849375 0.22984906249999998 0.21222999062499998 0.1981676671875
1 0.0348288515625 0.2524703640625 0.032668804687500004 0.28164961875 0.036192290625 0.308655784375 0.07277444375 0.2926743765625 0.0688992671875 0.2891270078125 0.0601688421875 0.2633313421875 0.0527077296875 0.22152970781249998 0.0492111359375 0.21514965468749997 0.038481121875 0.2316514375 0.0348288515625 0.2524703640625
8 0.09370082187499999 0.9132161218749999 0.077407390625 0.9140700234375 0.057252232812500005 0.9216896140624999 0.0440278078125 0.9308212062500001 0.02919104375 0.9494134453124999 0.023520959375 0.961899590625 0.0245010328125 0.98060051875 0.0405273328125 0.99476245 0.0676756765625 0.9999029671875 0.0865970796875 0.9989113390625001 0.101972884375 0.990604609375 0.11284991250000001 0.9769079656249999 0.11875156875 0.9587839953125 0.11739291249999999 0.9429157515625001 0.1125511078125 0.9309805109375 0.1023553515625 0.9174506296875 0.09370082187499999 0.9132161218749999
8 0.49472194375 0.5199665171875 0.48372001718749996 0.5111669578125 0.47000555625 0.5109480875 0.4555339296875 0.5163945859375 0.4452315015625 0.53099873125 0.4443273234375 0.5338589625 0.45022031562500003 0.5457391125 0.4744601125 0.5557201328125 0.492330325 0.5547835937500001 0.49791584999999994 0.5507404124999999 0.50015179375 0.5431223140625 0.49472194375 0.5199665171875
8 0.5854125390625 0.36988336875 0.588579553125 0.3800311515625 0.5967084890625001 0.38429320625 0.623135225 0.38572108125 0.630150521875 0.378790125 0.6271170734375 0.3611344234375 0.618266528125 0.35315973125 0.603073290625 0.3548935875 0.591804234375 0.3611098625 0.5854125390625 0.36988336875
8 0.7362976 0.2822785796875 0.76430111875 0.283623821875 0.767258671875 0.2797183640625 0.764848825 0.2639052109375 0.7555216890625001 0.256893109375 0.7362707078125 0.26165246875000003 0.7283022296875 0.2705086109375 0.7276430703125001 0.278044071875 0.7362976 0.2822785796875
8 0.804250184375 0.21120908906250002 0.8272293296875001 0.20719195781250002 0.8306144703125 0.2013888625 0.8296478421875 0.193000990625 0.8239998671875 0.185796071875 0.8145881703125 0.1872269328125 0.8019873484375 0.19820107343749999 0.799800409375 0.2067542171875 0.804250184375 0.21120908906250002
8 0.45593193125000003 0.161955425 0.4535355296875 0.15645532812500001 0.44765598281249996 0.154888234375 0.43600834375 0.163937190625 0.43797715625 0.1713349265625 0.44223091718749996 0.17204961093749999 0.4550767578125 0.1657507015625 0.45593193125000003 0.161955425
8 0.3584567125 0.20269323906249997 0.35348134375 0.1982659140625 0.34411865 0.200631821875 0.3371523578125 0.20849782499999997 0.33806998125 0.21595065156249998 0.3450497203125 0.218397703125 0.3609511203125 0.210063428125 0.3584567125 0.20269323906249997
8 0.22360661718750002 0.2744558359375 0.21848423593750002 0.26722337343749997 0.2095491296875 0.2676916421875 0.1984760890625 0.27764810156249997 0.199442715625 0.2860359734375 0.2052242546875 0.28573297656249996 0.2222258484375 0.2782786578125 0.22360661718750002 0.2744558359375
8 0 0.2028233734375 0.0085309 0.203217396875 0.015118609375 0.19818407656249998 0.012526193750000001 0.18894379375 0.008700021875 0.18633147187500002 0 0.1912495296875 0 0.2028233734375
7 0.1170964890625 0.092514884375 0.103399359375 0.032287775000000005 0.012729975 0.0520413890625 0.025424921875 0.1132586359375 0.0334471859375 0.1456547171875 0.038239984375 0.1566549109375 0.0400973453125 0.151869496875 0.036818878124999996 0.129538565625 0.04444433125 0.11413709999999999 0.11361334218750001 0.0964478875 0.1170964890625 0.092514884375
7 0.208719053125 0.0708360875 0.22256707812499998 0.0635470421875 0.21312793281250003 0.0143481546875 0.1858540203125 0.0157775203125 0.13937135625 0.0247768765625 0.1381376 0.0314048359375 0.14718894062500001 0.08343689062500001 0.16740655 0.087065403125 0.1705380046875 0.106591196875 0.17413260625 0.114841340625 0.20527624531250002 0.10570825625 0.20583739687499997 0.09630270156250001 0.20290195625 0.0805170953125 0.208719053125 0.0708360875
7 0.16717497812499998 0.09270322656249999 0.1647785765625 0.087203128125 0.138071265625 0.09047802968749999 0.0373310265625 0.119197965625 0.035803246875 0.120215646875 0.037014892187499995 0.1332787515625 0.0520351234375 0.2187521140625 0.05869872968749999 0.2352799515625 0.0588591875 0.2483981453125 0.06143815625 0.2473253734375 0.0638345546875 0.2528254703125 0.06274780937499999 0.2622585703125 0.0687878140625 0.276943859375 0.0725649828125 0.27862113593750004 0.077575909375 0.27367045156250003 0.10361061406250001 0.26761795625 0.12705290625000001 0.2523251796875 0.1808326671875 0.232629640625 0.18803053281249998 0.21912581250000002 0.17770509375000001 0.1427825515625 0.1703688828125 0.123477121875 0.16717497812499998 0.09270322656249999
7 0.23326721562500002 0.20737891249999998 0.23991737500000002 0.21359369374999998 0.2517120265625 0.2073498765625 0.2590347921875 0.21634225156250003 0.2619298953125 0.2011886921875 0.2744817125 0.18927950625 0.307006121875 0.1763235984375 0.31456045781249997 0.17967815 0.31648026875 0.1861408390625 0.31471613593750003 0.1524791703125 0.2970900421875 0.04745246875 0.22271408906249998 0.0663521796875 0.2063361 0.075649046875 0.21032751093750002 0.13169673906249998 0.2232809203125 0.2079022734375 0.23326721562500002 0.20737891249999998
7 0.414650203125 0.12848955625 0.399505071875 0.020519990625 0.3252271265625 0.0412897953125 0.3252895765625 0.052537896875000004 0.3423410703125 0.1566570953125 0.350055865625 0.17312984375 0.34719632031250003 0.17890539218749998 0.37592145 0.18396327343750002 0.40251730781250006 0.1685052265625 0.39469105937500004 0.13984933125000001 0.414650203125 0.12848955625
7 0.32407763749999996 0.5523499703125 0.3192713921875 0.5310367203124999 0.32035813750000003 0.5216036203125001 0.3293288015625 0.5117573421875 0.34470460625 0.5034506140625 0.3464149546875 0.4958600625 0.3526730859375 0.49459447343749996 0.35771956875 0.48026577968749995 0.3637461265625 0.48463801406250007 0.36961222656250003 0.47589205312500005 0.37529575937500004 0.4737189625 0.3814424359375 0.46027022500000003 0.389606928125 0.45515426875 0.393103521875 0.46153432343749995 0.39773586562499996 0.45941632343750005 0.39987380156249996 0.4499281328125 0.40941906250000004 0.4409893546875 0.3921802203125 0.3031258515625 0.37875021875 0.22788290937500003 0.3745810203125 0.21872526250000002 0.3735653875 0.20940234218749998 0.20685004375 0.2865853875 0.186939903125 0.2988802078125 0.178592840625 0.31056903281250003 0.1746686609375 0.30608661718749997 0.1683615265625 0.30641716093750004 0.16119921718750002 0.3105429796875 0.1616892546875 0.31989344218750004 0.17182734375 0.36249239843750003 0.1797919390625 0.4239575515625 0.20980550625 0.574278165625 0.21909708593750002 0.5906682765625 0.2308917359375 0.5844244578125 0.24065434843750003 0.5735990609375 0.25500663281249997 0.571909275 0.2585253375 0.5585982640625 0.2694648140625 0.556149721875 0.2724089203125 0.5419312093750001 0.28518364531249996 0.5543883171874999 0.28882724843749996 0.5635735093750001 0.29413219687500003 0.5642331031250001 0.298826990625 0.57336320625 0.31955674843750004 0.5666511171875 0.32407763749999996 0.5523499703125
7 0 0.5130929578125001 0.013769221875000001 0.7758253625 0.029621617187499998 0.7665560421875 0.1319069671875 0.6768101828125 0.131073903125 0.6609143953125 0.12387125624999999 0.6341010484375 0.12270861250000001 0.621972990625 0.11537240156249999 0.602667559375 0.10978209531250001 0.5663935671875 0.0627842640625 0.36351903124999996 0.057710887499999995 0.3572216140625 0.0370791390625 0.3658037953125 0.0212623 0.3656951046875 0.018683331249999997 0.366767878125 0.016972982812500002 0.3743584296875 0 0.3809229984375 0 0.5130929578125001
7 0.4493758953125 0.2279320328125 0.453108840625 0.2689914375 0.4637148546875 0.3406319203125 0.4651359609375 0.367748265625 0.46907358906249996 0.3825437359375 0.47327834375 0.3823233734375 0.5752831171875 0.2972802921875 0.5579414859375 0.1172295203125 0.5235597171874999 0.134970840625 0.519501971875 0.1379963421875 0.5168384421875001 0.1475120765625 0.5097251375 0.1525729421875 0.48699100937499995 0.161265303125 0.4727509546875 0.161073978125 0.472421375 0.164841709375 0.45794974687499995 0.1702882078125 0.4392868109375 0.18626812343750002 0.4493758953125 0.2279320328125
7 0.6148939359375001 0.2586374109375 0.6315035 0.243702721875 0.6357572593749999 0.24441740625000002 0.659333115625 0.2216167125 0.6667404421875001 0.222166125 0.6700275734375001 0.21449293906250003 0.6582137968749999 0.05946805468750001 0.5970401578125 0.0889272390625 0.576653425 0.1021846515625 0.590681034375 0.2692825 0.5954248296875 0.27934765 0.6063643078125 0.27689910625 0.606497871875 0.2693911890625 0.6148939359375001 0.2586374109375
7 0.6861874375 0.22114695156250003 0.7355577640625001 0.227935709375 0.7578018546874999 0.20989288281250001 0.748951309375 0.2019181890625 0.7319852734375 0.1999944984375 0.7270454625 0.186189165625 0.7620373859375 0.15997733593750002 0.7664247109375 0.15318410625 0.7585975640625 0.0138897390625 0.7497114609375 0.015293054687499998 0.6912638 0.046484603125 0.70008088125 0.1845550703125 0.699153396875 0.197027071875 0.6862719984375001 0.2127039890625 0.6861874375 0.22114695156250003
2 0.6362508874999999 0.6963217515625 0.6390844375 0.7805585609375 0.6416902984374999 0.8001118999999999 0.6497433390625 0.7828127968749999 0.6635779171875 0.7652106937500001 0.6552828453124999 0.5968748015625 0.650561159375 0.5671185890625 0.64443659375 0.5608762609375 0.6372742859375 0.5650020796875 0.6076987640625 0.60405665 0.58681333125 0.6379677187499999 0.5868757812500001 0.649215821875 0.5917175859375 0.6611510625 0.6329368640624999 0.6833688296875 0.6362508874999999 0.6963217515625