5 0.284103775 0.8545860968750001 0.260596090625 0.8532357671874999 0.2341893484375 0.9349036171874999 0.2670520953125 0.9381689015625 0.3959938609375 0.9421422250000001 0.40643769374999994 0.939859815625 0.42525861093749995 0.94051705625 0.4281556109375 0.9385005296875001 0.43874854062499996 0.8779867937500001 0.4313124984375 0.8750800062499999 0.3591289375 0.8646179546875 0.284103775 0.8545860968750001
5 0 0.9250621515624999 0.0008653421875 0.9251674937500001 0.063952353125 0.9263116953124999 0.069635559375 0.9254513109375001 0.073529 0.9218813109375 0.1075195078125 0.8388900234375001 0.092665890625 0.8325476703125 0.033601578124999996 0.8241320234374999 0 0.8209646265625 0 0.9250621515624999
8 0.15940629374999998 0.8369959890625 0.14689571562499998 0.8445004546874999 0.12595196875 0.8776521578125 0.12622826250000002 0.8967210359375001 0.1335719765625 0.9022717140625 0.14582403906250002 0.9021701421874999 0.15438578125 0.899822009375 0.1660291734375 0.89016956875 0.1896483359375 0.8613466781250001 0.186456578125 0.84482310625 0.180016978125 0.8403628453125 0.1688167546875 0.837324609375 0.15940629374999998 0.8369959890625
8 0.44596231093750005 0.9142394703125 0.44928332656250003 0.927061596875 0.4586568546875 0.9284477734375001 0.4731049203125 0.919422696875 0.4879407578125 0.8992932765624999 0.48461974375 0.8864711515625 0.4688250796875 0.8800959359375 0.46408291874999996 0.88098918125 0.456240640625 0.889715515625 0.44596231093750005 0.9142394703125
1 0.3386721546875 0.614015915625 0.360463934375 0.610541515625 0.375520671875 0.611067309375 0.4017222359375 0.616217671875 0.493022159375 0.6188765125 0.508208153125 0.6157008578125 0.5308301875 0.615431990625 0.5450936 0.6116946953125 0.561516084375 0.6000914515625 0.5585089796875 0.578280096875 0.554837121875 0.57550475625 0.54732721875 0.5747130828125 0.541902528125 0.568170571875 0.5110141984375 0.5623271203125 0.429217059375 0.5573530078125 0.3208859796875 0.5567465421875 0.30477740625 0.5593605562499999 0.275623446875 0.5578130546875 0.20478648437500002 0.5627512968749999 0.190523071875 0.566488590625 0.17703451718750002 0.5750177515625 0.1475112515625 0.584045815625 0.14540757499999998 0.5903254296875 0.15169945 0.599015915625 0.15221579375 0.6112106765624999 0.1251265203125 0.68544276875 0.1153467546875 0.6956897140625 0.10097255000000001 0.7025996765625 0.08392292968750001 0.7051808312500001 0.0751211390625 0.7144030796874999 0.1186486171875 0.7360411671875 0.1351258109375 0.749852140625 0.16023860625 0.7591998656250001 0.23340014375 0.7686372234375 0.2672962640625 0.769291478125 0.2824637921875 0.7666446015624999 0.29774211093749997 0.7608250562500001 0.31447850625 0.7402325828125 0.3455542359375 0.6327860484375 0.3457019578125 0.6285558234375 0.3384505703125 0.620361253125 0.3386721546875 0.614015915625
1 0 0.7197649234375 0.015502865625 0.721850778125 0.037165390625 0.7220778265625001 0.052314451562499996 0.7199597296875 0.0742539546875 0.7122551046875001 0.08584195156249999 0.7041889984374999 0.09768846249999999 0.688719996875 0.14655173906250002 0.5845417312500001 0.147290353125 0.5633906015625 0.129945975 0.54743165625 0.1177308421875 0.5464756703125 0.11409591562500002 0.542642775 0.0777644296875 0.5307855906250001 0 0.5081355109375 0 0.7197649234375
1 0.2746276921875 0.5323659765625 0.2783549453125 0.53355498125 0.35216276875 0.5244850999999999 0.3845091734375 0.515555625 0.39986135312500004 0.5076209656249999 0.40478816875 0.5014399375 0.40606159062499997 0.491954790625 0.4027775046875 0.47807510937500003 0.3980722765625 0.4779107984375 0.39452967656250004 0.47143401249999994 0.3731625984375 0.4627465125 0.350595959375 0.4614290453125 0.3226415609375 0.4525115109375 0.2888931625 0.447627028125 0.2587981578125 0.44604666562500006 0.23914698437499998 0.4421838921875 0.20526932968749997 0.441000859375 0.1128252390625 0.4441257171875 0.0099188515625 0.45006176093750005 0.001384809375 0.45161672499999994 0.0010155015625 0.462192290625 0.026451440625 0.462286396875 0.0344961515625 0.4747440546875 0.0409542171875 0.4786755375 0.143638334375 0.5060853828125 0.16406436562499999 0.514740021875 0.1667213140625 0.5195976109375 0.177884609375 0.523693403125 0.21995469843749998 0.53310386875 0.2538138875 0.53481568125 0.2746276921875 0.5323659765625
1 0.750526840625 0.2869203359375 0.7187528609375 0.2794576875 0.6660727515625 0.2770886359375 0.6254415875 0.280434571875 0.609222221875 0.2862212546875 0.5807877234375 0.2910519546875 0.619683146875 0.3374111703125 0.609128521875 0.3428662484375 0.5676855671875 0.34247787500000004 0.5739589781250001 0.3516971375 0.600548315625 0.345743159375 0.6968119859375 0.3411634140625 0.73386361875 0.3323982484375 0.7558400546875 0.3236360671875 0.768369096875 0.3156028234375 0.7713399562500001 0.31147118281249997 0.769827171875 0.30082989531250004 0.7607306234375 0.2915120453125 0.750526840625 0.2869203359375
1 0.6272888062499999 0.2005561984375 0.623598484375 0.1983096375 0.5766385125 0.1940226453125 0.5200280312500001 0.196281146875 0.5019635046875 0.20094455 0.512665165625 0.2182597984375 0.5689049671874999 0.2805779609375 0.57624868125 0.286128640625 0.5857514671875 0.28381336875 0.6083735015625 0.2835445015625 0.6463477171875 0.2753409765625 0.6809639859375001 0.2553728796875 0.685023615625 0.247043878125 0.6768681125 0.23775888906249998 0.6821088375000001 0.22258863125 0.634835640625 0.200290315625 0.6272888062499999 0.2005561984375
1 0.5659389109374999 0.09570574375 0.5667144546875 0.07349705937499999 0.54335518125 0.040915951562500004 0.5295718671875 0.030905012500000002 0.506415025 0.019507898437499997 0.49058343125 0.014190239062500002 0.45222212968750003 0.00649755625 0.3995789515625 0.003070946875 0.3749640328125 0.006446759375 0.36745413125000004 0.0056550859375 0.365498178125 0.0077044734375000005 0.3599257640625 0.0053921890625 0.3541132984375 0.0099540203125 0.343817190625 0.008006203125 0.33977602500000004 0.015806428125 0.3275608921875 0.014850443750000001 0.3243499828125 0.025856200000000003 0.32505097968749996 0.032763178125 0.3395722203125 0.0486235390625 0.3374131484375 0.056489489062499995 0.32309434062500003 0.06181311874999999 0.2777210140625 0.0660523 0.28314570625 0.0725948109375 0.3309537109375 0.1065591078125 0.36901887968749997 0.14971279375 0.38582845 0.1540057578125 0.40372678906250004 0.154101359375 0.4574956671875 0.1522730484375 0.4908754453125 0.1407325421875 0.50602450625 0.1386144453125 0.5299014984375 0.129389209375 0.54156335625 0.11920799062500001 0.54918405 0.1168269953125 0.5659389109374999 0.09570574375
7 0.6403820390625 0.5001374421875 0.6326874828125 0.5046335484375 0.6102117984375 0.55467329375 0.6155072328125 0.5649172515625 0.637593771875 0.5799829515625 0.650768415625 0.5804430203125001 0.65667320625 0.573237296875 0.6630950265625 0.5512257843749999 0.6782440890625 0.5491076859375 0.6952013828125 0.549170425 0.713597596875 0.561989565625 0.7285435421875001 0.5656880281250001 0.797996290625 0.5734076015625 0.857226790625 0.5770642453125 0.859201209375 0.574486078125 0.8556032140625 0.5695956265625 0.8029060125 0.5137542484375001 0.7249284546875 0.5073252515625 0.70057205 0.5032981703125 0.6460467796875 0.49980583593750005 0.6403820390625 0.5001374421875
7 0.4912932828125 0.398576153125 0.47269326093749997 0.41857412656250004 0.45558755937499995 0.4497421640625 0.4532992296875 0.46130955937499996 0.46959176874999997 0.4804083140625 0.48440845625 0.48780822500000004 0.487120803125 0.49107948125 0.4850909859375 0.49524398124999996 0.4946676359375 0.4908135984375 0.504133490625 0.4895558828125 0.508931046875 0.487076303125 0.5090787703124999 0.48284607812499997 0.523434509375 0.47646489062499997 0.517991353125 0.47045115937500004 0.517475009375 0.4582563984375 0.560947778125 0.4544802703125 0.573181375 0.45490747656249997 0.584363134375 0.458474490625 0.5812260859375 0.4673651328125 0.5968545609375 0.47849935312499997 0.764895553125 0.49601478125 0.76878899375 0.49244478125 0.762478653125 0.4842830734375 0.6797609921875 0.3977456703125 0.5021433531249999 0.384660625 0.4870866171875 0.38413483125000003 0.4813480140625 0.3865815515625 0.4912932828125 0.398576153125
7 0.1996299171875 0.170798175 0.21046083593749998 0.1844119765625 0.2389131125 0.20605305000000002 0.24326750156250002 0.2162641453125 0.23282366875 0.2185465546875 0.2046285328125 0.24350368906250003 0.18112016250000001 0.269153909375 0.175012253125 0.2821761921875 0.192227375 0.30183658750000003 0.1910093484375 0.30973539843750003 0.201323925 0.3111544375 0.22149143906250002 0.327211971875 0.252914578125 0.3447214046875 0.267786659375 0.35053498125 0.2848732109375 0.346896271875 0.2995243953125 0.3320546328125 0.3126073984375 0.3081580421875 0.3210214171875 0.310040134375 0.32491485781249996 0.3064701359375 0.3251549078125 0.2995960203125 0.3552129828125 0.302233940625 0.36244590468750004 0.3109572875 0.4037958453125 0.340990103125 0.5553596421875 0.34469455781249997 0.582779234375 0.3419461109375 0.6062315218750001 0.3448827734375 0.6166568890625 0.34312914375000003 0.616952334375 0.33466869374999997 0.453657621875 0.1542567125 0.3886146578125 0.1551619015625 0.330933871875 0.1610889890625 0.21202970312499997 0.166466378125 0.1996299171875 0.170798175
7 0.0171556125 0 0.01541846875 0.0497452828125 0.0236201359375 0.057708325000000005 0.0613905453125 0.08232191093749999 0.098183665625 0.0809596390625 0.33165608125 0.059464985937500006 0.33767166406250004 0.049086593750000004 0.2916844625 0 0.0171556125 0
7 0.7463065156249999 0.084003934375 0.8689933328125001 0.078229215625 0.888847625 0.0762754265625 0.8909143703125 0.0710533703125 0.8706629671874999 0.0126390640625 0.6592493109374999 0.0052563359375 0.6516315500000001 0.0161082015625 0.6494540125 0.0245029296875 0.6545278640625 0.0410922265625 0.6757834625 0.079952946875 0.6862088296875 0.07819931718749999 0.6939403171875 0.072645653125 0.70438415 0.0703632453125 0.709255565625 0.0657685515625 0.73566025 0.0651023546875 0.7463065156249999 0.084003934375
7 0.7808646421875001 0.1736243796875 0.772764534375 0.16275305625 0.767044396875 0.1646709984375 0.75750399375 0.195044375 0.767043025 0.2186720984375 0.7735564859374999 0.22101724531250003 0.785900875 0.21827178281249998 0.7864733 0.201879659375 0.808246615625 0.1989340390625 0.8214212578125 0.1993941078125 0.82889423125 0.2012433390625 0.8278239265625 0.2049119234375 0.8201663015625 0.20835047499999998 0.825406340625 0.22018076875 0.8318828703125 0.223583471875 0.93163374375 0.22706685000000001 0.9457678984375001 0.22703100156249997 0.9496613406250001 0.22346100156249998 0.9149554890625 0.138070784375 0.7820094921875 0.14084012968749998 0.7818063734375 0.146656690625 0.79514651875 0.16935830624999998 0.7808646421875001 0.1736243796875
2 0.1738290984375 0.3700191 0.18250163125000002 0.3644982984375 0.1532006359375 0.340180471875 0.1043777234375 0.3082984234375 0.09223645312499999 0.30522732812500003 0.0610533625 0.2808437765625 0.0241316734375 0.2589069421875 0.0129683796875 0.2548111515625 0.008244684375 0.25517561875 0.0034462125000000003 0.3925858484375 0.023261056250000002 0.39176172343750004 0.06492559375 0.385804759375 0.08188288593750001 0.385867496875 0.0893927890625 0.386659171875 0.0920312734375 0.39204554062499997 0.10812138125 0.38996030312499996 0.144822175 0.3912419234375 0.1637723515625 0.3881977171875 0.177223975 0.3807261125 0.1738290984375 0.3700191