1 0.32872033749999996 0 0.23187129843749998 0.0629903359375 0.2305223421875 0.051525485937500004 0.23292432968750001 0.0495334125 0.236195184375 0.0226602390625 0.23601101875000002 0.011236062500000001 0.23193425156249997 0.0110937 0.22516587187499998 0.021237109375 0.20796632812500002 0.1130164140625 0.20771605937499998 0.136881140625 0.2120887515625 0.16194527812499998 0.219044446875 0.17983378125 0.22406879218750003 0.18623709375 0.22825731875000002 0.199877059375 0.23939839218749998 0.2147977875 0.24198454531250002 0.2242298875 0.256438978125 0.24445620468749998 0.26175609375 0.2591735578125 0.27304197812500003 0.2699474359375 0.2996574625 0.3092820078125 0.32488463749999996 0.321580703125 0.32311070000000003 0.37237961406250003 0.316746853125 0.4043346625 0.31762202031250003 0.4126690375 0.31325878125 0.43742811093749995 0.308141584375 0.5171736218749999 0.3104806171875 0.5670781828125 0.3266885390625 0.6205809890625 0.330548090625 0.6269436265625 0.33346006875 0.627045315625 0.33538826875 0.6219227671875001 0.341794621875 0.6221464812499999 0.3488951265625 0.6358881328125 0.36443879375 0.6416208140624999 0.3915186140625 0.6342626484375 0.41440990468749994 0.61326451875 0.43362265625 0.5807201875 0.4527960578125 0.5326048343750001 0.46243390937499995 0.49038434999999997 0.466501225 0.44070350156250004 0.47374024062500003 0.41708282968750005 0.46851597968750003 0.316216653125 0.4699577890625 0.2415326796875 0.4610313890625 0.1965879640625 0.46157443125000003 0.18103727812499998 0.4688165984375 0.17402434218750001 0.46976102031250005 0.16367755625 0.460225475 0.1695724265625 0.45560251249999995 0.1683730125 0.40396761875 0.06069625937499999 0.397482559375 0.02933049375 0.3955179859375 0 0.382725971875 0 0.382883315625 0.0132510265625 0.38081030312499997 0.0225204265625 0.35416176718750003 0.0008303046874999999 0.34357875312499997 0 0.32872033749999996 0
1 0.5504386609374999 0.8256100890625 0.5515876953125 0.7426120765625 0.548129525 0.7414533390625 0.5450727359374999 0.7454985015625 0.53830120625 0.7390341734375 0.5278180859375 0.7386680937500001 0.49597049374999996 0.748973696875 0.46499491875 0.7510059359375 0.458232840625 0.79436481875 0.453879053125 0.8689471046874999 0.45184224375 0.8771797906250001 0.4393585171875 0.8840096875000001 0.4396512890625 0.892323725 0.45530986718750005 0.9281617421874999 0.474058284375 0.9423101484374999 0.49382353281249997 0.94403834375 0.5219563828125 0.923223253125 0.5362927546875 0.8967364953124999 0.5466971671875 0.865960525 0.5504386609374999 0.8256100890625
1 0.788858821875 0.844315671875 0.6823921890625 0.8540914718750001 0.6770420203125 0.8570185703125001 0.6791543859375 0.8633201968750001 0.6973597625 0.8930192890624999 0.709774234375 0.90487055625 0.7335076421875 0.9098512515625 0.750031934375 0.9042004328125 0.7692840421875 0.8872271265625 0.7822746078125 0.8658832562500001 0.788858821875 0.844315671875
1 0.9541348062499999 0.7701630296875 0.951624209375 0.7752652421875 0.9570861374999999 0.78583574375 0.95683271875 0.79309273125 0.9625150140625 0.8140506953125 0.9722378765625 0.8361877359375001 0.9878538078125001 0.8565489749999999 0.9902102812500001 0.7890684171875 0.9721308093750001 0.65557605 0.9622662890625 0.6541935953125 0.9527307421875 0.6600884687499999 0.948946746875 0.6682601421875 0.9486964765625 0.6921248671875 0.945350065625 0.704463728125 0.9456097874999999 0.730422215625 0.948524915625 0.7471316406249999 0.953368246875 0.7587185171875 0.9541348062499999 0.7701630296875
1 0.6995900609375 0.177931221875 0.7486891531250001 0.157848290625 0.7957844890625 0.12835359375 0.8087058 0.1256908859375 0.8095321625 0.068631025 0.806508425 0.055031735937500006 0.80723248125 0.0342974875 0.813819846875 0.029337639062499997 0.8138166968749999 0.012729901562500002 0.8137309203124999 0.010650953125 0.5601191390625 0.001794634375 0.566123859375 0.042485415625 0.5890340546874999 0.12113370937500001 0.5939859937499999 0.12961045 0.5955191140625 0.152499475 0.6068443515624999 0.178844378125 0.610851865625 0.1976679046875 0.61806098125 0.2082994203125 0.6296364859375 0.2107795984375 0.6786993765625 0.191733378125 0.6995900609375 0.177931221875
1 0.7409764156249999 0.562389871875 0.7672534703125 0.5446239046875 0.780609215625 0.529520646875 0.7990947609375 0.501102828125 0.8183043640625 0.45195076093750003 0.823213796875 0.42824873906249994 0.827718696875 0.38273507812499996 0.8244320890625 0.32656956406250004 0.8244950421875 0.2746729265625 0.8177927671875 0.2495274375 0.8180099828125 0.24330716406250003 0.8223401703125001 0.2361925390625 0.8161116828124999 0.21417752499999998 0.811693334375 0.1403268875 0.8083075687499999 0.1370947234375 0.8029936046874999 0.1389851078125 0.8025985234374999 0.16699668437499998 0.80634946875 0.176469459375 0.8039144281249999 0.1961059828125 0.8079943484375001 0.2128560859375 0.8076323203125 0.223223209375 0.8026835328124999 0.2313542078125 0.78109869375 0.2316384265625 0.76967115 0.241619134375 0.7256688062500001 0.26603195468749996 0.721009640625 0.265869253125 0.7159852984375 0.259465940625 0.7139122859375 0.26873534062500004 0.7102731 0.2727601625 0.6879610546875 0.2771708921875 0.6799885296875 0.27170260156250003 0.6732925562500001 0.2797725890625 0.6480323296875 0.285118340625 0.644646565625 0.281886178125 0.6347127875 0.2991848875 0.6306391687499999 0.315650259375 0.626526196875 0.316544609375 0.6247916140625 0.38291454375 0.6297199515624999 0.45885894531250004 0.6379159953125 0.49132243593749997 0.6563779421875 0.5303722796875 0.6799696875000001 0.5561075625 0.6960233453125 0.5639340046875 0.7134228078125 0.5666175609375 0.7409764156249999 0.562389871875
2 0.9752032906249999 0.3505181921875 0.9777500890624999 0.3443792671875 0.983528390625 0.2957961453125 0.9851213140624999 0.25018079531250004 0.958655334375 0.039585290625000005 0.955341975 0.0342797 0.94329268125 0.028669045312500002 0.8805088671875 0.056577910937499996 0.8778172578125 0.0668636859375 0.8806961828125001 0.084609825 0.8793535296874999 0.1063604484375 0.883798628125 0.12935116093750001 0.8887238156249999 0.188687825 0.8932381703125 0.192997378125 0.89226069375 0.2209886140625 0.9081947453125 0.36582380625 0.913946296875 0.36810060624999996 0.9752032906249999 0.3505181921875
2 0.613549778125 0.2205976046875 0.6075023046875 0.193399028125 0.6022937953125 0.1755715390625 0.5967594609375 0.1670744625 0.585440525 0.1739450328125 0.5665047921874999 0.1317647140625 0.5586408765625 0.1231862875 0.5537282921875 0.130280571875 0.555442428125 0.14798603593749998 0.5502764234375 0.1623373078125 0.5485355375000001 0.1954917703125 0.5517040859375 0.20494420781249997 0.5545798609375 0.20608260937499998 0.5560767796875 0.230008346875 0.5651778921874999 0.2365540265625 0.5649638265625 0.2593820375 0.562344621875 0.26759438593749996 0.5489495234375 0.26712661875 0.547093728125 0.27017574375 0.5472778921875 0.28159991875 0.544767296875 0.2867021296875 0.5429146515625 0.30635899218749996 0.5420489359375 0.3478478296875 0.5454740546875 0.36665101718750004 0.5529759421875 0.3855965703125 0.5896668640625 0.3868778453125 0.6214782546875 0.3776089546875 0.6220212968750001 0.36205826874999997 0.615424478125 0.3171949046875 0.613549778125 0.2205976046875
2 0.6103434828125 0.3959037015625 0.6056843187500001 0.395741 0.6018609703125 0.3883416484375 0.5921314859375 0.394229746875 0.5708129890625 0.3924473125 0.5594216484375 0.401391309375 0.5592406343749999 0.406574871875 0.569693853125 0.4411931375 0.5747544 0.44655973906249996 0.6017256109375 0.4423117125 0.6212342875 0.43468915468749997 0.617953978125 0.4117391171875 0.6187142375 0.3899681546875 0.6103434828125 0.3959037015625
2 0.2916518859375 0.3214581671875 0.28390918125 0.3762005515625 0.2808885953125 0.379209 0.2768149765625 0.3956743734375 0.27685748125 0.4278531359375 0.2711484359375 0.45775509531249997 0.27060539375000003 0.47330578437500004 0.284770203125 0.5018258 0.2952564734375 0.518799615625 0.3053020109375 0.5149985078125 0.32143906875 0.3868529140625 0.32364743906250004 0.323613453125 0.30071364375 0.3124328203125 0.2937248984375 0.31218876875 0.2916518859375 0.3214581671875
2 0.3434850921875 0.3232682234375 0.3431923203125 0.314954184375 0.335621178125 0.31468979531249996 0.3341305609375 0.32397953125 0.336499496875 0.33963190781249997 0.3350812859375 0.34684821875 0.3308959078125 0.34981599218750004 0.3322810671875 0.36024412968749997 0.33555822343749997 0.36658643125 0.342727984375 0.36164692187499997 0.3601274484375 0.36433047812499997 0.362601840625 0.36026497812499997 0.35906496250000003 0.32796419062500004 0.35360618593750004 0.3340014265625 0.3434850921875 0.3232682234375
5 0.0171556125 0 0.0155931859375 0.044742065625 0.01671075625 0.0461349734375 0.0204254953125 0.056644462500000006 0.0330933890625 0.061238742187499993 0.0810638921875 0.040078421875 0.1340193859375 0.009750390624999999 0.1552649109375 0 0.0171556125 0
7 0.7554371484375 0.6158316625 0.7517979640625 0.6198564859375 0.7387255390624999 0.59345056875 0.7423615734375 0.5728180093749999 0.740357815625 0.5634062453124999 0.7191743578125 0.5688943625 0.698280521875 0.5660887812500001 0.6742543421875 0.5527940484375 0.6546669578125 0.5292745546875001 0.6439666203125001 0.5351287499999999 0.6426208140624999 0.5402716359374999 0.647575903125 0.5653561125000001 0.655515375 0.588468853125 0.6647282484375 0.60851213125 0.6757575609375001 0.609935259375 0.6813280984375 0.6173956234375 0.6815846671875 0.6267463734375001 0.651520465625 0.636076275 0.598196640625 0.6435559578125 0.590228875 0.855024965625 0.5970004046875 0.8614892921875 0.8229273890625001 0.8372015578124999 0.8247076281249999 0.819618121875 0.8214934234375001 0.761379184375 0.8099257640624999 0.60839265625 0.7895419171875 0.6076808375 0.7554371484375 0.6158316625
7 0.42814343125 0.6708328234375001 0.4222077171875 0.657131846875 0.42267835312499996 0.643654584375 0.414301296875 0.61637465625 0.39443059062499997 0.6343643359375 0.387478046875 0.6330835718750001 0.359088625 0.6445479125 0.34176156875 0.6397909312500001 0.344383925 0.64818631875 0.358400771875 0.66424545 0.3547285359375 0.685914721875 0.3457391828125 0.6928666437500001 0.33299888437499997 0.6903457890625 0.329942096875 0.6943909515625 0.2959821375 0.6983949265625 0.2922705484375 0.7044931765625 0.26464299062499996 0.8945161140625 0.264863359375 0.9049035765625 0.2770574625 0.9063673812499999 0.44944025625000006 0.8791718656249999 0.45336906250000003 0.8668533421875001 0.46208609218749996 0.7675119828125 0.467381153125 0.665975175 0.45817143125 0.6625396343750001 0.42814343125 0.6708328234375001
7 0.91848444375 1 0.9159548750000001 0.9785010515625 0.9127863265625 0.9690486140625 0.8582485859375 0.972333996875 0.8615323640625 0.9506511578125 0.8688831390624999 0.9405280859375 0.871462990625 0.9167447109375001 0.8435442046875 0.9147317890625001 0.8076922484375 0.922821603125 0.8099887796875 0.940547403125 0.8154507078125001 0.9511179046875 0.8265886296874999 0.9494308953124999 0.8311785390624999 0.9682747609375 0.82684835 0.9753893828125 0.8227353781250001 0.9762837328125 0.7771637109375 0.9788442421875001 0.774106921875 0.9828894015625 0.7713067046875001 0.9962853140625001 0.771474628125 1 0.91848444375 1
7 0.6723736140625001 1 0.672371859375 0.9907544796875 0.66898609375 0.9875223171874999 0.62632640625 0.9901845125 0.6270504609375 0.9694502640625 0.63352921875 0.967600553125 0.6349474296875 0.9603842421875 0.6310123203125 0.939487290625 0.62700795625 0.9372715015624999 0.5784881093750001 0.9407670343750001 0.57765229375 0.9480036843749999 0.5821304453125 0.9533499484375 0.586865165625 0.9680469625000001 0.598368265625 0.9726005671875001 0.5918564578125001 0.9920947265625 0.550289153125 0.9968710250000001 0.5501798875 1 0.6723736140625001 1