3 0.1145833328125 0.5574074078125 0.1473958328125 0.55648148125 0.23125 0.5861111109375 0.29635416718749996 0.5888888890625 0.3817708328125 0.5833333328125 0.384375 0.5611111109375 0.38229166718749996 0.3888888890625 0.3838541671875 0.303703703125 0.38229166718749996 0.29814814843750004 0.2364583328125 0.29351851875 0.2322916671875 0.290740740625 0.1171875 0.28796296250000003 0.1052083328125 0.28796296250000003 0.103125 0.290740740625 0.1057291671875 0.5129629625 0.10729166718750001 0.5509259265625001 0.1088541671875 0.553703703125 0.1145833328125 0.5574074078125
7 0.5536458328125 0.6333333328124999 0.5541666671875001 0.55648148125 0.5526041671875 0.553703703125 0.42760416718750005 0.55648148125 0.4270833328125 0.6379629625 0.42864583281249996 0.640740740625 0.5354166671875 0.6370370375000001 0.5536458328125 0.6333333328124999
7 0.6296875 0.6768518515624999 0.6364583328125 0.6796296296875 0.6364583328125 0.6416666671875 0.6390625 0.6296296296875 0.6744791671875 0.63055555625 0.6760416671875 0.627777778125 0.6765625 0.5638888890625 0.6744791671875 0.5518518515624999 0.5557291671875 0.553703703125 0.5552083328124999 0.634259259375 0.6239583328125 0.6333333328124999 0.63125 0.64444444375 0.6296875 0.6768518515624999
7 0.7932291671875 0.63148148125 0.7963541671875001 0.627777778125 0.7979166671875 0.5675925921875 0.7963541671875001 0.5518518515624999 0.7072916671875 0.5509259265625001 0.68125 0.5518518515624999 0.6791666671875001 0.5546296296875 0.6791666671875001 0.6259259265625 0.6822916671875 0.63055555625 0.7692708328125 0.6333333328124999 0.7932291671875 0.63148148125
7 0.915625 0.63148148125 0.91875 0.6296296296875 0.9208333328125 0.622222221875 0.9203125 0.565740740625 0.91875 0.553703703125 0.9161458328125001 0.55 0.8005208328125001 0.5481481484375 0.7979166671875 0.5518518515624999 0.7973958328124999 0.56851851875 0.796875 0.615740740625 0.7989583328125 0.63148148125 0.8328125 0.6351851859375001 0.915625 0.63148148125
7 0.9994791671875 0.627777778125 0.9994791671875 0.5509259265625001 0.9265625 0.5509259265625001 0.9213541671875 0.5555555562500001 0.9208333328125 0.5629629625 0.9208333328125 0.61944444375 0.9213541671875 0.6268518515625 0.9244791671874999 0.63055555625 0.9994791671875 0.627777778125
7 0.5213541671875 0.875 0.5260416671875 0.875 0.575 0.86851851875 0.6234375 0.86851851875 0.6286458328125 0.8648148140625 0.6276041671875 0.8620370375 0.6302083328125 0.8583333328125 0.6291666671875 0.7768518515625 0.6322916671875001 0.7666666671875 0.6296875 0.7583333328124999 0.628125 0.7333333328125 0.6286458328125 0.6731481484375 0.6270833328125 0.6648148140625 0.6296875 0.6453703703125 0.6255208328124999 0.6379629625 0.5973958328125 0.6361111109375 0.42760416718750005 0.64351851875 0.42552083281249997 0.6453703703125 0.4244791671875 0.6537037031249999 0.4244791671875 0.8601851859374999 0.4265625 0.872222221875 0.5130208328125 0.865740740625 0.5213541671875 0.875
7 0.6453125 0.8296296296874999 0.6489583328124999 0.8333333328125001 0.7354166671875 0.8370370375 0.8338541671874999 0.8351851859374999 0.8322916671874999 0.75648148125 0.8333333328125001 0.6574074078125001 0.83125 0.64351851875 0.8286458328125 0.6388888890625 0.7911458328125 0.6351851859375001 0.7385416671875 0.6370370375000001 0.6609375 0.6333333328124999 0.6505208328125 0.634259259375 0.6421875 0.64444444375 0.6427083328125 0.7796296296875 0.6458333328125 0.8083333328125001 0.6442708328125 0.8231481484375 0.6453125 0.8296296296874999
7 0.8390625 0.8462962968750001 0.8463541671874999 0.8490740734375001 0.8515625 0.8444444437499999 0.8671875 0.8435185187500001 0.8760416671875 0.85648148125 0.9994791671875 0.8490740734375001 0.9994791671875 0.63148148125 0.8447916671875 0.6379629625 0.8359375 0.6416666671875 0.8348958328125 0.6574074078125001 0.8333333328125001 0.740740740625 0.8369791671875 0.797222221875 0.8364583328125 0.8351851859374999 0.8390625 0.8462962968750001
7 0.053125 0.659259259375 0.0557291671875 0.6629629625 0.056770832812500005 0.6888888890625 0.05989583281250001 0.7009259265625001 0.058333332812500006 0.7046296296875 0.1614583328125 0.702777778125 0.1822916671875 0.7018518515625 0.1848958328125 0.6990740734374999 0.1854166671875 0.571296296875 0.1822916671875 0.5601851859375 0.0390625 0.559259259375 0.0369791671875 0.5601851859375 0.0369791671875 0.65 0.040625 0.6574074078125001 0.053125 0.659259259375
7 0 0.6583333328125 0.0296875 0.6583333328125 0.0359375 0.6546296296875 0.0369791671875 0.577777778125 0.0395833328125 0.5601851859375 0.0333333328125 0.5583333328125 0 0.5583333328125 0 0.6583333328125
7 0 0.9129629625 0.054166667187499996 0.9083333328125001 0.0557291671875 0.772222221875 0.054166667187499996 0.6638888890625 0.0484375 0.6601851859375001 0.003125 0.6601851859375001 0 0.6611111109375 0 0.9129629625
1 0.0484375 0.94351851875 0.05 0.990740740625 0.0536458328125 0.9925925921875001 0.05625 0.9888888890624999 0.0731770828125 0.9861111109375 0.07864583281250001 0.9990740734375001 0.0973958328125 0.9953703703125001 0.0994791671875 0.9990740734375001 0.1135416671875 0.9990740734375001 0.11875 0.99444444375 0.11927083281249999 0.953703703125 0.1130208328125 0.93148148125 0.1145833328125 0.9074074078125 0.1109375 0.8990740734375 0.10364583281249999 0.8925925921875001 0.09322916718749999 0.890740740625 0.0916666671875 0.8861111109375001 0.09114583281250001 0.85 0.0848958328125 0.8268518515625001 0.0692708328125 0.7981481484375 0.056770832812500005 0.7888888890625 0.0546875 0.7925925921875 0.0546875 0.9037037031249999 0.060416667187499995 0.9129629625 0.0609375 0.91944444375 0.0484375 0.94351851875
5 0.125 0.8138888890624999 0.1302083328125 0.7990740734374999 0.1338541671875 0.8018518515625 0.1385416671875 0.7990740734374999 0.1359375 0.79351851875 0.1260416671875 0.7898148140625 0.0822916671875 0.7916666671875 0.0713541671875 0.79444444375 0.0713541671875 0.7990740734374999 0.08333333281250001 0.8194444437499999 0.125 0.8138888890624999
8 0.13125 0.7361111109375 0.1223958328125 0.725 0.109375 0.7388888890625 0.1088541671875 0.7509259265625 0.115625 0.7546296296875 0.1270833328125 0.7490740734375 0.13125 0.7361111109375
8 0.6005208328125 0.8990740734375 0.6026041671875 0.8898148140625001 0.5973958328125 0.88055555625 0.584375 0.8768518515625001 0.5765625 0.878703703125 0.5692708328125 0.8888888890625 0.5708333328124999 0.9055555562500001 0.5755208328125 0.909259259375 0.5973958328125 0.902777778125 0.6005208328125 0.8990740734375
8 0.7869791671875 0.8953703703125001 0.7984375 0.8953703703125001 0.8005208328125001 0.88055555625 0.7973958328124999 0.872222221875 0.7911458328125 0.8666666671875 0.7786458328125 0.8648148140625 0.7708333328125 0.86851851875 0.7713541671875 0.8759259265624999 0.7755208328125 0.8851851859375 0.7869791671875 0.8953703703125001