7 0.3962208078125 0.5316785875 0.42065667187500005 0.5332196484375 0.43578543906249995 0.49247904374999996 0.4419589078125 0.48826001406249997 0.4524814390625 0.4910183328125 0.45826 0.5036517765624999 0.46873689687500003 0.5058885281250001 0.4761266421875 0.494205246875 0.47833103125000004 0.47666890312500004 0.45959655312500003 0.44414655 0.451111659375 0.4433122015625 0.44800957343750003 0.4399046765625 0.425793871875 0.44237385937499996 0.40043045 0.44091395 0.3110200640625 0.44453186562499997 0.2967126625 0.49466069218750003 0.2923951453125 0.5307765140625 0.29368775 0.5348679062499999 0.3142308671875 0.5346472984374999 0.3962208078125 0.5316785875
7 0.44453087187499996 0.5710734953125 0.42876158750000004 0.5403939624999999 0.42486883906250006 0.53863229375 0.2922740203125 0.5507583953124999 0.2792293640625 0.6260036328125 0.282148925 0.627324884375 0.298844925 0.625864175 0.39512818125 0.6153382406250001 0.40499610312499995 0.5892480234375 0.41743430468750004 0.5818531 0.43475421406250003 0.5982068484374999 0.44377091249999995 0.5837534265625 0.44453087187499996 0.5710734953125
7 0.39955525625 0.6979894203125 0.402079065625 0.684104053125 0.3851540671875 0.6508978296875 0.38320769375 0.6500169953125 0.378889334375 0.654073725 0.3653410515625 0.6594635265625 0.2709129078125 0.669827159375 0.267567734375 0.6743243046875 0.2609089328125 0.7264117671875 0.26661116093750004 0.727489565625 0.3609480421875 0.7160827984375 0.3701621953125 0.6932031390625 0.38536813593749997 0.696077271875 0.395191265625 0.70152458125 0.39955525625 0.6979894203125
7 0.29868300625 0.2501028515625 0.31547027031249997 0.2496852765625 0.31787295625 0.255781790625 0.3266316375 0.2597455453125 0.33148180156249996 0.24040104687500002 0.33015849375 0.225275578125 0.3165488078125 0.208597228125 0.30328924218750003 0.2066039265625 0.3052505453125 0.1969722546875 0.3003389796875 0.1942486 0.1957682859375 0.1955139484375 0.191434996875 0.210083184375 0.19155864375 0.286278584375 0.1963789453125 0.28795910468749997 0.248550215625 0.286022509375 0.2857437 0.283819621875 0.2939548078125 0.2815245625 0.29868300625 0.2501028515625
7 0.2815498296875 0.39613084375 0.2987170734375 0.3893733046875 0.30381116406249997 0.39418322968749997 0.30946775937500004 0.39473946249999997 0.311823975 0.3682553140625 0.301924509375 0.3512523609375 0.2843922171875 0.3538373578125 0.28101634375 0.34730042656250004 0.2733677421875 0.3453417921875 0.197216921875 0.35095300625000003 0.19312671875 0.3576175734375 0.189478740625 0.41206942343749997 0.1966104671875 0.4188033203125 0.269978621875 0.41343555781249997 0.28167179375 0.40820805625 0.2784784453125 0.4037573984375 0.2815498296875 0.39613084375
7 0.1917155140625 0.46968534375 0.187565590625 0.518399946875 0.191078359375 0.52650158125 0.270011846875 0.5206469171875 0.274588221875 0.49817300937500003 0.2854907328125 0.4945913625 0.2948575515625 0.49482299375 0.298157090625 0.4898042796875 0.2886832390625 0.4669829296875 0.2781607078125 0.4642246109375 0.2631829265625 0.46395831562499995 0.1917155140625 0.46968534375
7 0.7630691484375001 0.7933716265624999 0.7563788046875 0.8023659171874999 0.7259063640625001 0.8066085921875 0.7164939140625 0.8058553937499999 0.7065189593750001 0.8093558906249999 0.688895403125 0.8108977515625 0.6842269234375 0.8002694265624999 0.6384879828125001 0.8116289078125 0.6304594015625 0.8160102390624999 0.628087415625 0.820947803125 0.615010375 0.8210407734375 0.5923234296875 0.8288067859374999 0.5266818921875001 0.9118070156250001 0.5264388046875 0.9197116843750001 0.537706365625 0.9203025796875 0.615119090625 0.907748684375 0.625048415625 0.90372661875 0.666742784375 0.899553275 0.7321885499999999 0.8890974703125 0.7801924421875001 0.8502107062500001 0.792205034375 0.8486341796874999 0.8146646640625 0.8703194234374999 0.8265254328125 0.877690703125 0.8330183203124999 0.8771226484374999 0.848284821875 0.870005840625 0.8700135109374999 0.851286903125 0.870302228125 0.8439038015625 0.8275417265625 0.7824754046875 0.8078191328125 0.76002514375 0.79947113125 0.7607554999999999 0.7924157375 0.7655772468750001 0.7841133671875 0.7668291703125 0.7658667453125 0.7826156671875 0.7630691484375001 0.7933716265624999
7 0.521830475 1 0.6966245421874999 0.9847075000000001 0.699969715625 0.9802103546875 0.6993765078124999 0.973429971875 0.6607518406249999 0.9058585765625 0.65495835 0.9037376390625 0.6448008703125 0.9051518656249999 0.635282228125 0.9138680406249999 0.6408782625 0.9244152124999999 0.635860503125 0.93116093125 0.6340817265625 0.9428788765625 0.5185023281250001 0.95719524375 0.5121007015625 0.958806434375 0.5077823421875001 0.9628631625 0.48482160937499996 0.9674997671875 0.4558396 1 0.521830475 1
7 0.98184953125 0.2707087125 0.9241027640624999 0.3477981484375 0.9253497390625001 0.35136797343750004 0.929151221875 0.3520865078125 0.988811053125 0.3502792796875 0.98184953125 0.2707087125
2 0.8336594703125 0.39302568125000004 0.845185046875 0.37519939999999996 0.6529528859375 0.3893897328125 0.6504896375 0.3932841609375 0.6724016921875 0.40871058906249996 0.8282766625000001 0.39559885625 0.8336594703125 0.39302568125000004
2 0.595226165625 0.1889461578125 0.593887928125 0.1843331984375 0.5397246531250001 0.1848673890625 0.436446565625 0.19022413124999998 0.435884059375 0.194477825 0.46029006250000004 0.2170439015625 0.467011109375 0.2190836875 0.4940471140625 0.21829502343749999 0.58596638125 0.21130425000000003 0.595226165625 0.1889461578125
2 0.723542578125 0.54456089375 0.7077741328125 0.545940453125 0.6263773984375 0.5556895468749999 0.6210858531250001 0.5593058562500001 0.6123885734375001 0.5774102546875 0.6208278359375 0.5777230359375001 0.7205931578125 0.564264659375 0.7264621390625 0.545882146875 0.723542578125 0.54456089375
2 0.551993790625 0.6883316984375 0.613820596875 0.6792436328125 0.621119078125 0.666517215625 0.5592466421875 0.6750837125 0.551993790625 0.6883316984375
1 1 0.478169534375 0.9977443062500001 0.4523868390625 0.8969025281249999 0.46422440781249996 0.8424961671875 0.47266326875000003 0.818927296875 0.4810319984375 0.8141982562500001 0.480394615625 0.81383320625 0.4762220734375 0.812388778125 0.4810784859375 0.8070516 0.48417322812499997 0.7835432921875001 0.4825510171875 0.77259515 0.48561109687500004 0.760202578125 0.49352758906250005 0.7275265890625 0.5473656984375 0.7240752234375 0.5613322171874999 0.7262348234375 0.5753334 0.731693965625 0.58431586875 0.7301433421875 0.5986416546875 0.651393221875 0.638641684375 0.6189296171875001 0.6735410500000001 0.6150675718749999 0.6828134578125 0.6170446468749999 0.69472836875 0.6301067578125 0.7051479046875 0.6483235203125 0.7103864265625 0.661446190625 0.710815021875 0.7011485562499999 0.7052392734375 0.8047759250000001 0.6825084921875 0.818324209375 0.6771186890625 0.817168496875 0.674592 0.8503323406250001 0.6690627390625 0.874007403125 0.6512246359375 1 0.6506511296874999 1 0.478169534375
1 0.8119848265625 0.732857125 0.8107378515624999 0.7292873015625 0.79326611875 0.7218813578125001 0.78303230625 0.7117399375 0.7845223671875 0.70740509375 0.82594295 0.700102340625 0.8301244156250001 0.694480909375 0.7830928671875 0.7017489968749999 0.7727072296874999 0.7005553812499999 0.765484240625 0.6927783484375001 0.7039768546875 0.7055173906250001 0.6742920906250001 0.7102167109375 0.6493423375 0.7113484109375 0.660154428125 0.7387827234375 0.681078365625 0.7642812421875 0.682644759375 0.7715020421875 0.6739167796875 0.7785723640625 0.6545750046875 0.7818412296874999 0.6356439140625 0.7898042078125 0.6101286703125 0.797292103125 0.6045177046875 0.7972574375 0.5893880968749999 0.80593895 0.565773596875 0.8137861125000001 0.5558293437499999 0.828320684375 0.5365639015625 0.8431451953125 0.535073840625 0.8474800390624999 0.5389060265625 0.8592326484375 0.554993890625 0.8615040640625 0.564269446875 0.8606925578125001 0.5888413640625 0.8317392281249999 0.6030890453125 0.8236604359375 0.62331274375 0.8197888515624999 0.6420613109375 0.8097396015625 0.652173159375 0.807803809375 0.6583922609374999 0.8041063484375 0.678707221875 0.8012778984375 0.689640434375 0.8087303296874999 0.704526953125 0.8079534875000001 0.7150644140625 0.800199296875 0.72592129375 0.7960960828125 0.7407165515624999 0.7942761046875 0.752470284375 0.7790576640625 0.7776661093749999 0.7679187921875 0.786211565625 0.7587621984374999 0.7829269546875001 0.7532684046875 0.788035975 0.747565821875 0.7971746375000001 0.7451896125 0.8119848265625 0.732857125
1 0.5612544171875 0.6980327015625 0.5458053921875 0.7030632359375 0.52796945 0.72354384375 0.52178105 0.73827538125 0.5215379640625 0.7461800515625 0.5260388484375 0.7442095937500001 0.5302053828125 0.749100671875 0.5270883671875 0.7562056562499999 0.5356188921875 0.757561571875 0.539876690625 0.763495784375 0.5319393703124999 0.7689202515625 0.52809225625 0.76768015 0.5296437187499999 0.785413459375 0.52318153125 0.7970155890624999 0.518452490625 0.7963782078125 0.49223784843749996 0.8065550937499999 0.48750880781249994 0.8059177109375 0.480544675 0.81178259375 0.46973342812499996 0.8164073765625 0.46505001874999996 0.8162915609375 0.44648397500000003 0.8284270828125001 0.4277204796875 0.8489888390625 0.4293325046875 0.8567312078124999 0.4390187421875 0.8606138124999999 0.47422022343750003 0.857008521875 0.5372633 0.8404562046875 0.5556468171875 0.8262344125000001 0.563735959375 0.8118621421875 0.589251203125 0.8043742453125 0.5937670171875 0.7918912796875001 0.6212286359375 0.78528421875 0.6334843125 0.7758030234375 0.6359475609375 0.771908596875 0.6339248546875 0.75947211875 0.6206652874999999 0.75747881875 0.616042440625 0.7473720640625 0.61800374375 0.7377403890625 0.5939777203125 0.708834346875 0.5982048171875001 0.7037344828125 0.6146726609375001 0.69966593125 0.6114793125 0.695215271875 0.5943577015625 0.7024943796875001 0.572430715625 0.6975804609375 0.5612544171875 0.6980327015625
1 0.6136578375 0.271423215625 0.58621115 0.26751776718750003 0.569758234375 0.261073809375 0.5474354984375001 0.24095327187499999 0.5586192624999999 0.235244778125 0.5804624484375001 0.23385930625 0.6037733015625 0.2439077546875 0.6034538828125 0.24025677812500001 0.6130181578125 0.232062171875 0.6491015625000001 0.22785416249999998 0.6771107562500001 0.22750591562500003 0.6805928203125 0.2245734734375 0.679391478125 0.2215252171875 0.649527175 0.222035765625 0.5623369484375 0.229663921875 0.5069117703125 0.23714079687499998 0.49511240624999997 0.2518376703125 0.48453015468749994 0.29112938593750004 0.47923861093750003 0.2947456984375 0.45507653281250005 0.29633404531249996 0.427523653125 0.3018979703125 0.407619375 0.3094205296875 0.3766151296875 0.3289509734375 0.3681153046875 0.338629134375 0.36210943125 0.3554469453125 0.3755216625 0.3805515328125 0.3831702625 0.3825101671875 0.395182853125 0.3809336421875 0.41780923750000004 0.3831585703125 0.47058864375000004 0.37748985 0.490339415625 0.3147969078125 0.49540280625 0.30857275624999997 0.500040584375 0.308167003125 0.5110194265625 0.3161410015625 0.5215875890625 0.31942088750000003 0.5559527765625 0.316939884375 0.56694655 0.3144013734375 0.5782597421875 0.3155138375 0.6349318953124999 0.31160678750000004 0.6356769250000001 0.3094393640625 0.62789143125 0.3059160265625 0.638352559375 0.28660619062500003 0.6386869078124999 0.27974465937500004 0.6478255703125 0.27736844843749997 0.741630646875 0.28124945 0.7451127140625 0.278317009375 0.740946178125 0.27342593125 0.63874746875 0.2697537171875 0.6136578375 0.271423215625
5 0.54365735625 0.55031316875 0.54447871875 0.5597013921875 0.5581796671875 0.5774228781249999 0.56480945 0.5784195265625 0.5710136218749999 0.585234575 0.5749063703124999 0.58699624375 0.5790422046875 0.58085324375 0.6283370203125 0.481939684375 0.604067909375 0.4609383109375 0.5913708484375 0.45469131718750005 0.5859424093750001 0.456742925 0.5835247921875 0.4611589203125 0.54365735625 0.55031316875
5 0.508214471875 0.6259413171875 0.4856047 0.6773220671875 0.48638043125 0.686188721875 0.4912007359375 0.687869240625 0.5107408046875 0.70823323125 0.5144966578125 0.708430196875 0.5161692437500001 0.7061816234375 0.54826695625 0.6350506218749999 0.5397057296875001 0.622660628125 0.5274342812499999 0.6105952390625 0.521640790625 0.6084743015625 0.51793056875 0.6087989046875 0.508214471875 0.6259413171875
5 0.49162802968749997 0.7461690296875 0.4818198265625 0.7302092124999999 0.47464246875000005 0.7229537484375 0.4688946109375 0.7213543796875 0.46351180156250005 0.7239275546874999 0.4418295859375 0.7752271546875 0.446452434375 0.7853339109374999 0.4628447875 0.801768809375 0.467208778125 0.79823365 0.49162802968749997 0.7461690296875
5 0.3749425421875 0.33119954687500003 0.4002445609375 0.310591303125 0.4122405390625 0.25540909843750004 0.41081104062499996 0.24975300156250002 0.39492063125 0.23905535000000003 0.3885646359375 0.2411881078125 0.3828781796875 0.2616568921875 0.371004165625 0.3289163109375 0.371232321875 0.3315241484375 0.3749425421875 0.33119954687500003
5 0.3826542296875 0.4193445234375 0.3846304625 0.39920033906249996 0.37453354375000003 0.39062362500000003 0.3639197515625 0.3868221703125 0.3603920546875 0.38923304375 0.356241290625 0.40588855312499994 0.350539903125 0.43686984687499997 0.352896959375 0.44244479062500003 0.3770134046875 0.440334875 0.3826542296875 0.4193445234375
8 0.645959734375 0.448338728125 0.649593625 0.43645848281250005 0.6299473609375 0.4255638640625 0.6178435078125 0.426097253125 0.6129170125 0.43388610781250003 0.6165210421875 0.44303087812499997 0.6245803249999999 0.44968362500000003 0.63311085 0.45103954062499996 0.6424320375 0.45074960312499995 0.645959734375 0.448338728125
8 0.5361622625 0.6035249171875 0.5473692609375 0.6141067546875 0.559381853125 0.6125302296874999 0.5623163421874999 0.6033389734375 0.5479616265625 0.58882804375 0.5394311015625 0.5874721265625 0.53450460625 0.59526098125 0.5361622625 0.6035249171875
8 0.47464246875000005 0.7229537484375 0.4836293078125 0.72952534375 0.49480560625000003 0.7290731046875 0.4960675109375 0.7221304203125001 0.48746065312500003 0.7092188593750001 0.47874760156249996 0.705776671875 0.47447487343750006 0.7103549671875 0.47464246875000005 0.7229537484375
8 0.3980069453125 0.2209162875 0.4018847640625 0.23319046562499998 0.4095789953125 0.23567066718750002 0.41421677343749996 0.2352649140625 0.41677128281250003 0.232413625 0.41757687656250003 0.2202552609375 0.40784500625 0.2158510875 0.3980069453125 0.2209162875