1 0.74515311875 0.75737544375 0.7617533171875001 0.70896546875 0.76705965625 0.7068669562500001 0.7726099640624999 0.6655390890625 0.7775666484375 0.576401671875 0.7762320593750001 0.5381840484375 0.7706991109375 0.502982853125 0.758014346875 0.46324837499999993 0.7391154546875 0.430427140625 0.715177140625 0.4073479421875 0.689019396875 0.3977387296875 0.6621874171875 0.399632328125 0.6432447453125001 0.4117730875 0.6237612953125 0.439238425 0.610925715625 0.472211246875 0.6052753156249999 0.5106727890625 0.600582078125 0.6227595453125 0.602727834375 0.6379903062500001 0.602313571875 0.68774826875 0.5881030953125 0.71215965 0.5767459796875001 0.741254421875 0.55177548125 0.8272643140625 0.5440655328124999 0.9145846703125 0.544121846875 0.9624129874999999 0.55288558125 0.966889978125 0.5525922421875 0.9276793890624999 0.558269065625 0.9207849124999999 0.5668625031250001 0.9357905140625 0.583515546875 0.950514665625 0.661299203125 0.9946720796875 0.7476594140625 0.9916563140625 0.7505477890625001 0.9580742515624999 0.7547496234375 0.9397520125 0.7549199171875001 0.9292234031250001 0.757439628125 0.9243523843749999 0.7624595703125 0.8524316578125 0.758909025 0.8123782078125 0.7600573109375001 0.7836399375 0.7524383921875 0.7657304875000001 0.7480732078125001 0.7639697125 0.74515311875 0.75737544375
1 1 0.522766696875 0.9809529296875 0.5004236546875 0.952983078125 0.4851380890625 0.9291747515625 0.4811864640625 0.9098650671874999 0.48281737968750005 0.8865238453125001 0.4922419234375 0.8719129953125 0.5051880203125 0.852025696875 0.53649388125 0.845103965625 0.5539544953125 0.8380453031249999 0.5828991609374999 0.8233767875 0.7020305015625 0.8208834984375001 0.738468584375 0.8159740640625 0.7673381953125 0.817615878125 0.783543159375 0.81133501875 0.7885455203125 0.7998409718749999 0.8291243406250001 0.79087010625 0.8495263281250001 0.7783313390625 0.906403928125 0.7722770890625 0.948705996875 0.7726107375 0.9582604031249999 0.7663264062499999 0.978568575 0.7650139 0.9910502828125001 1 0.9828443874999999 1 0.522766696875
1 0.38666990156250003 0.320289284375 0.374308371875 0.33602664843749996 0.3589496109375 0.38917630000000003 0.3590392890625 0.4379600578125 0.362686459375 0.49618564374999996 0.3607673125 0.5182545921874999 0.3677154671875 0.5323610421875 0.3765792953125 0.53970435625 0.3971971453125 0.5447239984375 0.4006545390625 0.551299503125 0.4120714421875 0.5547272390625 0.438496103125 0.571979978125 0.433282915625 0.6075564359375 0.37492359531249997 0.584722640625 0.3518193984375 0.5855294578125 0.3403656578125 0.59645209375 0.29592212500000004 0.6640098875 0.2797292453125 0.6932735265625001 0.2763684734375 0.7048701562499999 0.2751569296875 0.71639173125 0.284840990625 0.808844309375 0.29582068125 0.815157128125 0.29414550156249997 0.797996725 0.300292903125 0.7891726015625 0.3701991140625 0.8345617078125 0.3876932171875 0.84256025 0.40327511875 0.8420161187499999 0.42903595625 0.8248542343749999 0.43360132812499996 0.832347653125 0.4309078515625 0.8630530937499999 0.43204225156250003 0.895538071875 0.44198069375 0.9028438609375 0.44185070625 0.8837162859375001 0.44423695781249994 0.8750235046875 0.44182081249999994 0.8674550328124999 0.44058284687500004 0.8474095437500001 0.4470409421875 0.8012669499999999 0.486418634375 0.7118841265625 0.48732989531250004 0.6917635859375 0.49287672968749996 0.6657415328125 0.49640432656250005 0.6589221078125 0.5000125359375 0.5927903125 0.4962916953125 0.563265471875 0.49814064062499996 0.5545914546875 0.49487437031250003 0.4456524671875 0.48820007656250003 0.408577915625 0.4716540703125 0.36610845937500003 0.4652765890625 0.3529386875 0.439426071875 0.3213168140625 0.42129456718749997 0.3104707109375 0.40514199531250006 0.31007816718750003 0.38666990156250003 0.320289284375
1 0.23689473749999998 0.32934596875 0.2107439359375 0.28912513125 0.1984894421875 0.27711719375 0.18589783124999998 0.27086066249999996 0.16548016875 0.2715736625 0.1507358578125 0.28069799687499997 0.13850778749999998 0.300257125 0.1310452765625 0.33304231406249996 0.133327965625 0.3367890234375 0.130134015625 0.35316285625 0.13052745 0.3952397671875 0.138032390625 0.47150614375 0.1435688109375 0.4914015265625 0.1430280328125 0.5067261015625 0.1465153203125 0.529562859375 0.15282954375 0.5255159390624999 0.1549857140625 0.4948292625 0.1684517515625 0.4953156234375 0.17509962343750002 0.5008231078125001 0.23510422812499998 0.5245560546875 0.238157775 0.534972084375 0.2345300859375 0.5389251890625 0.2420523828125 0.5386625046875 0.2477590984375 0.5480292796875 0.253736203125 0.549733765625 0.254440334375 0.5544922062500001 0.2519206234375 0.5593632234375 0.2638046328125 0.576167128125 0.262526359375 0.585777821875 0.268503465625 0.587482309375 0.2685173515625 0.5262590609375 0.26366558125 0.44894342812500004 0.259724396875 0.428514034375 0.256827934375 0.3917858609375 0.2492458515625 0.359526040625 0.2456549984375 0.349128775 0.24243115781250002 0.349241353125 0.2371616546875 0.3369894953125 0.23689473749999998 0.32934596875
1 0.056664145312500004 0.6216648593749999 0.050146262500000004 0.63528495 0.133218228125 0.67256145 0.1376835078125 0.6771885484375 0.140737053125 0.687604578125 0.1469741359375 0.7275642140625 0.15046489375 0.7350951578125 0.1832705078125 0.7502118578125 0.1879728109375 0.7462212265625 0.1978181015625 0.7200490687500001 0.2075264609375 0.7053609609375 0.20890482968750002 0.6986165875 0.21320328437499997 0.69846648125 0.2130364609375 0.693689278125 0.22418991875 0.674167678125 0.2299334703125 0.6691840796874999 0.24494470000000002 0.667703271875 0.24991739218750003 0.6560503515625 0.245485478125 0.6523786953124999 0.245118465625 0.6418688484375 0.2507952875 0.6349743703125 0.2545564359375 0.6348430281249999 0.2506284640625 0.6301971671875 0.245936575 0.5882703625000001 0.2352272734375 0.5742952546875 0.195707059375 0.5517601875 0.155445878125 0.5388170546875 0.132912353125 0.5405605484375 0.12125842499999999 0.5457505406250001 0.107688821875 0.55770366875 0.056664145312500004 0.6216648593749999
7 0.14135420781250002 1 0.13781774062500002 0.973731621875 0.1268116265625 0.9358517375 0.1113138140625 0.8617776890625001 0.090646590625 0.7783181046875 0.08759651562500001 0.7525962609375 0.091898440625 0.7371403437499999 0.099691128125 0.729215371875 0.10768400156249999 0.72702304375 0.1242035859375 0.7379254359375 0.1322631890625 0.7376439875 0.130724940625 0.708999534375 0.1359311859375 0.7040347 0.140429828125 0.7096172375 0.1399960875 0.6971965109375 0.13593465625 0.6887288875 0.13385215781249998 0.6907148203125 0.1297573640625 0.6812917578125 0.130665153125 0.676477028125 0.12787852500000002 0.6737045234375 0.062367390625 0.6463374468749999 0.042990978125 0.6460574796875 0.03412715 0.6387141671875 0.024422260937500002 0.6380964625 0.0171703546875 0.6306968578125 0.01344256875 0.6317836421874999 0.0126348734375 0.63946469375 0.009411032812500001 0.639577271875 0.0044014234375 0.6347677921875 0.0171556125 1 0.14135420781250002 1
7 0.508727546875 1 0.5946120546875 0.997000846875 0.51675603125 0.9490195375000001 0.3987326953125 0.8813955765625 0.3656267984375 0.8576799125000001 0.153855559375 0.7397597828125 0.15126911875 0.7427199203125 0.15264401562500002 0.751281359375 0.150024209375 0.7532860546875 0.1416976875 0.7459239796875 0.1335713546875 0.7442945453124999 0.1302140546875 0.7405853625 0.12880579375 0.7310684828125 0.0801847265625 0.7098078328125 0.07481165937499999 0.7099954640624999 0.075008375 0.73103391875 0.0694316453125 0.7407947203125 0.06006387656249999 0.734425609375 0.060423945312500005 0.7755470796874999 0.062202689062500004 0.78026799375 0.0601201921875 0.7822539265625 0.059075471874999994 0.79855270625 0.0509157734375 0.7959678328125 0.0446015484375 0.8000147515625 0.013874962499999999 0.79821793125 0.0143754328125 0.812549540625 0.0109964625 0.8236250187499999 0.0171556125 1 0.508727546875 1
7 0.3229473078125 0.00587804375 0.1459426875 0.01205918125 0.166515825 0.1471787578125 0.1738643546875 0.172750496875 0.20297555156249997 0.18990941875 0.2121097671875 0.1895904453125 0.2953151921875 0.2306887078125 0.34202405625 0.24340668437500002 0.344610496875 0.24044654687499997 0.34481415625 0.230873378125 0.3370422984375 0.1469634765625 0.3229473078125 0.00587804375
7 0.4556328359375 0.2308299265625 0.4757801078125 0.2377792140625 0.48356932343750003 0.2451600546875 0.491562196875 0.2429677265625 0.49495286250000003 0.24763234843749998 0.4927299625 0.2764081453125 0.5288595109374999 0.2942785875 0.5689205046875 0.30148907812500003 0.5731292796874999 0.2525552140625 0.5714978796875 0.1904328140625 0.5726266859375 0.09951585625 0.57055113125 0.070890165625 0.5717327828125 0.043107337499999995 0.5711655828125 0.026864846874999997 0.5694869312499999 0.02501025625 0.555250034375 0.0178545734375 0.5108905859374999 0.0107941875 0.47047011093749996 0.000726434375 0.3400237578125 0.005281721875 0.34427819843749996 0.076878578125 0.3581133703125 0.2265825375 0.3735917046875 0.23847789531250002 0.39874156250000004 0.2500355171875 0.42903093906249995 0.2547174234375 0.434774490625 0.249733825 0.43686045937499995 0.232442078125 0.44045478437499996 0.227533534375 0.44545736874999997 0.23214186875 0.4556328359375 0.2308299265625
7 0.6029667828124999 0.028624140625 0.5895341109375 0.0290932203125 0.5871812234375 0.0387414421875 0.586042003125 0.1755758375 0.5885339421875 0.29315131562499996 0.5941405640624999 0.29965176875 0.6390672125 0.32295464375 0.65683170625 0.3232908984375 0.6829894484375 0.3329001125 0.6892703078125 0.32789775312499997 0.690545109375 0.3335928703125 0.6955143296874999 0.3372457625 0.6981341343749999 0.335241065625 0.7037143343750001 0.310174453125 0.711169903125 0.3080008875 0.7195965171875 0.3182292859375 0.7178143015625 0.3288141859375 0.7187519859375 0.3402607078125 0.7295314875 0.3408408859375 0.734033603125 0.3311176125 0.7388026359375 0.3290378625 0.7511606937499999 0.328606309375 0.75673395 0.33415132187499996 0.7609990421874999 0.333045775 0.7632817281250001 0.336792484375 0.7636153765625 0.346346890625 0.759617203125 0.3550959609375 0.7623704671875 0.356913025 0.76424930625 0.3645002609375 0.778419471875 0.3697450625 0.78191023125 0.37727600625 0.8351668734375 0.392635146875 0.8549804984374999 0.390030028125 0.88327628125 0.15276031406249999 0.88694775 0.1038452140625 0.8856395828125001 0.0971946546875 0.8165674890625001 0.07569156406250001 0.7552846093750001 0.061569314062500005 0.7472583703125 0.0628062015625 0.7032026765625 0.04903896875 0.6903073109375 0.049489284375 0.6787903140625 0.043195228125 0.6029667828124999 0.028624140625
7 0.9505140890625 0.4144354859375 0.9896339281250001 0.425505265625 0.9938990171875 0.42439971875 0.9973487609375 0.41535093281249996 0.9866688734375 0.109518959375 0.9784901109374999 0.1063881171875 0.8983681234375 0.09196713749999999 0.89531110625 0.09685691874999999 0.8902647421875001 0.1372105796875 0.8856958984375 0.145022975 0.8765707453125 0.2534380734375 0.861531746875 0.3773653796875 0.8623359718750001 0.384990140625 0.9317417125 0.4160476390625 0.9505140890625 0.4144354859375
7 0.8781864015625 0 0.8716098156250001 0.0651599921875 0.9172107015625001 0.0769600546875 0.9858338890624999 0.0856081265625 0.9828443874999999 0 0.8781864015625 0
7 0.678928075 0 0.6801387875 0.0201896015625 0.725269096875 0.0339193078125 0.729500821875 0.031858321875 0.757170390625 0.0385449234375 0.7715476906250001 0.018910745312499998 0.7753088390625 0.018779403125 0.7767504640625 0.029251721874999997 0.7844729484374999 0.0347216796875 0.786418515625 0.044219796875 0.79216206875 0.0392362 0.7956194625 0.045811703125 0.8201319203124999 0.0545217671875 0.8557943640625 0.059016040625 0.8637538734374999 0.055868271875 0.8698097515625 0 0.678928075 0
7 0.6314873796875 0 0.6331261703125 0.0141784734375 0.63822885 0.0216531296875 0.6744286015625 0.026128639062499997 0.6784601375 0.0183350109375 0.67901754375 0 0.6314873796875 0
8 0.8275639609375001 0.45221019843750004 0.837709534375 0.4346370046875 0.8411036703124999 0.423995815625 0.841273965625 0.4134672078125 0.83012745 0.40237718281249996 0.815620165625 0.4028837890625 0.80806103125 0.41749684531250003 0.8058082390625 0.4300113890625 0.8067125578125 0.440502471875 0.8135606171875001 0.45174260000000005 0.8275639609375001 0.45221019843750004
8 0.344900365625 0.2949629484375 0.35433833593749997 0.287937128125 0.3544085359375 0.27454219687500003 0.34487394375 0.263395884375 0.3345983828125 0.2618415015625 0.31874609375 0.270047921875 0.3131026359375 0.277897840625 0.313269459375 0.2826750453125 0.3195134828125 0.29202305625 0.344900365625 0.2949629484375