8 0.41612340000000003 0.53423365625 0.4107084203125 0.524177603125 0.40053357343749996 0.5228253921875 0.38972438125000003 0.53230965625 0.3844095765625 0.5541239015625 0.39496160625 0.5662772640625 0.4122370109375 0.5679506937500001 0.41721525000000004 0.56550015 0.41997191093749997 0.5574354359375 0.41612340000000003 0.53423365625
8 0.6452775359375 0.3099449421875 0.6429160828125 0.271323509375 0.6304402515625 0.2620832015625 0.6223083140625 0.261228825 0.61338321875 0.26666307031250003 0.596108728125 0.29401753125 0.59474078125 0.3128480734375 0.6072960187499999 0.324362309375 0.6154875125 0.3269221296875 0.6296687703125 0.326996084375 0.6396451 0.3226634796875 0.6452775359375 0.3099449421875
8 0.31005453906249997 0.629005653125 0.3008118140625 0.6253441921875 0.2909942984375 0.6342246515625 0.2866910234375 0.6560035734375 0.296072709375 0.66364440625 0.3082309125 0.6637890078125 0.31312974374999997 0.6590645359375 0.3111851796875 0.632381221875 0.31005453906249997 0.629005653125
8 0.23812050937499998 0.7442142828125 0.2311390640625 0.74730395625 0.22344386875 0.7589561765624999 0.22183769843749998 0.7709649390625 0.22919632812500002 0.77867641875 0.23935132343749999 0.7794601484375 0.2452219796875 0.773563390625 0.2423254421875 0.74862084375 0.23812050937499998 0.7442142828125
8 0.1846304015625 0.80755309375 0.1710844 0.8256705515625 0.17435720937500002 0.8323863625 0.183540378125 0.8343423781249999 0.19054167500000002 0.8318211890624999 0.1932387828125 0.8220510296875 0.1917508109375 0.8084427921874999 0.1846304015625 0.80755309375
8 0.1141037796875 0.26702304374999997 0.1186254265625 0.251497421875 0.11448005000000001 0.24879630625 0.10238140468750001 0.25035715000000003 0.10494046093750001 0.26563550937499997 0.1141037796875 0.26702304374999997
4 0 0.11426449999999999 0.010565903125 0.1152539078125 0.01439365 0.108859315625 0.014690512499999999 0.08835865000000001 0 0.07296371874999999 0 0.11426449999999999
7 0.109438603125 0.1334298453125 0.1187796734375 0.11090582499999999 0.1181245640625 0.092145928125 0.110904896875 0.08841382187499999 0.08648923281250001 0.085282209375 0.079963465625 0.0724190703125 0.028037996875 0.064556375 0.020996996875 0.0659406015625 0.010705778124999999 0.14826116875 0.020940181250000002 0.151318825 0.066617809375 0.154277128125 0.075106165625 0.136336284375 0.093393096875 0.137974390625 0.1034885375 0.137052675 0.109438603125 0.1334298453125
7 0 0.24771211875 0.0802468734375 0.2545451546875 0.0809010703125 0.2442771609375 0.05551358125 0.2423178375 0.0513880578125 0.24018520312499997 0.061541225 0.182913153125 0.028993625000000002 0.178927165625 0.0046772203125 0.1786379625 0 0.21154570781249998 0 0.24771211875
7 0.2523195484375 0.048755840625000005 0.2641012359375 0.00793299375 0.09579394375 0.013810414062500002 0.0926756921875 0.030425379687499997 0.09434233125 0.049149953125 0.0886106375 0.0590260796875 0.08637012187500001 0.0818713203125 0.165864953125 0.096170546875 0.2236610796875 0.09813648593749999 0.232010471875 0.07621627187499999 0.241669171875 0.06278795781249999 0.24763908906249998 0.059733609374999996 0.2523195484375 0.048755840625000005
7 0.1932205125 0.2414932296875 0.20216545937500002 0.23662746562499998 0.196651221875 0.22372900312500002 0.20028045 0.21164959374999998 0.2316577078125 0.21112305 0.23965068125000002 0.20799805624999998 0.2471672109375 0.19122949843749998 0.2381617953125 0.165361928125 0.2186251125 0.156937365625 0.2205290578125 0.153455828125 0.212258159375 0.14862207968750002 0.16138392343750002 0.1418610234375 0.14420777812500002 0.1430300015625 0.1126717078125 0.1390086921875 0.075185571875 0.13861021093749998 0.072349503125 0.1444009984375 0.05216136406250001 0.23332809999999998 0.0534309671875 0.24068303906250002 0.0748517453125 0.24505758281249998 0.14597641875 0.251680653125 0.1753504671875 0.2517932390625 0.19242735312499998 0.24778185156250002 0.1932205125 0.2414932296875
7 0.1866189921875 0.3424677234375 0.1967333703125 0.3130866 0.190683134375 0.28483913125 0.166148359375 0.27829663125000004 0.045379351562499996 0.2711304796875 0.0287410328125 0.34570424375000003 0.0310023125 0.352455378125 0.14262785625000002 0.35880247656250003 0.1521277421875 0.3408263109375 0.169303884375 0.33965733125 0.1805895203125 0.3438166265625 0.1866189921875 0.3424677234375
7 0.1615906640625 0.40879685 0.1556198328125 0.38282330937500003 0.149709471875 0.387583103125 0.1365397421875 0.387473825 0.1353693984375 0.3829612953125 0.1312835765625 0.381965625 0.0378655609375 0.3749827046875 0.024755384375 0.376578871875 0.009604126562499999 0.43573298437499997 0.0128173796875 0.44074335 0.11125333906249998 0.4464126890625 0.1254733890625 0.41859571874999996 0.1488973765625 0.4223311328125 0.1559383765625 0.42094690625000003 0.1615906640625 0.40879685
7 0.2669204375 0.14785158125 0.25781758906249996 0.17719738125 0.2611499546875 0.18561863750000002 0.2329877796875 0.249211325 0.22900121874999999 0.25105806249999996 0.22543154531249998 0.26484291875 0.2319970140625 0.27884302031249997 0.23035114218750002 0.28971481875 0.2526246359375 0.2895061859375 0.27706014843750004 0.2932062796875 0.2810467109375 0.2913595390625 0.290269584375 0.2944525203125 0.3756549234375 0.303423471875 0.4487033953125 0.30713348749999997 0.45871942812500005 0.3039378453125 0.45842165 0.29541061874999996 0.47196765156250003 0.2772931609375 0.471788984375 0.27217682499999996 0.4835104484375 0.259814828125 0.504612684375 0.2260657765625 0.529583284375 0.216086984375 0.5222643578125 0.2095124671875 0.5220459875000001 0.2032591671875 0.5626244390624999 0.14720134375 0.57012111875 0.12986430468750002 0.5861269171875 0.124182796875 0.5879911625 0.11956429531249999 0.5838656390625 0.11743166249999999 0.60365948125 0.1042185984375 0.603282296875 0.0934174453125 0.351945703125 0.059506190625 0.320489040625 0.0577588078125 0.309421775 0.059852809375 0.29109605156249996 0.08610563125000001 0.2909183 0.11001718593750001 0.2953416 0.12067704374999999 0.2824497953125 0.1285265109375 0.28270786875 0.1359167734375 0.275627165625 0.13616403593749998 0.2669204375 0.14785158125
7 0.34053480937499997 0.4867858734375 0.3383529375 0.4823086671875 0.34394566718749997 0.468453165625 0.3489040546875 0.46543414062500005 0.3477734140625 0.462058575 0.3547151546875 0.45783193750000006 0.36377921562500004 0.4563770640625 0.3949768921875 0.42170629687499994 0.4162587078125 0.42210146875000004 0.4192337390625 0.4202900546875 0.42004675156250004 0.4145699125 0.413878315625 0.41193944531250004 0.39680051875 0.3869229421875 0.40747074687499996 0.37345930625 0.4073119328125 0.368911453125 0.41629658437500006 0.36518265156249996 0.4191723578125 0.360528828125 0.3958277796875 0.359067340625 0.34731408125 0.361899825 0.28428164375 0.3549941671875 0.27829187499999997 0.35748003437500003 0.2497506890625 0.3522157890625 0.24576412812499998 0.3540625296875 0.223351671875 0.3502917890625 0.21629081874999997 0.351107534375 0.21107435937500002 0.3467362984375 0.19691295 0.347230825 0.1487205359375 0.47527057812500006 0.1489984609375 0.483229321875 0.15211245625 0.48539727812500005 0.181585765625 0.4883522734375 0.2848610015625 0.48759169687500004 0.331570009375 0.4910831578125 0.34053480937499997 0.4867858734375
7 0.31749074843749997 0.5809352796875 0.3215964203125 0.5824994328125 0.3193152890625 0.5751798171875 0.32225061718750003 0.5722314390625 0.32822053281249997 0.5691770890625001 0.33631276718750003 0.5688945015625 0.3278622859375 0.529916528125 0.3208808421875 0.5330062015625 0.30765155625 0.531191478125 0.281351796875 0.5321098859375 0.2768490875 0.5191760999999999 0.22115542812500003 0.519413440625 0.1687742796875 0.52750355625 0.12319591249999999 0.5273876609375 0.11540145625 0.536197475 0.083689459375 0.6141434984374999 0.08489950625 0.61979299375 0.2460304234375 0.6227038 0.25398369375 0.6184418421875 0.27911219531250003 0.5839830140625 0.31749074843749997 0.5809352796875
7 0.2583285015625 0.6558556640625001 0.25584885156250003 0.64285123125 0.23643127968750002 0.6378375593750001 0.23012388125 0.63122771875 0.07514154843750001 0.630378896875 0.045928140625 0.6928699453125 0.0481100125 0.6973471515624999 0.188891234375 0.6975535390625 0.2036075796875 0.6839486078125 0.21600309062499998 0.6618871000000001 0.240061421875 0.654786040625 0.2583285015625 0.6558556640625001
7 0.20295521249999998 0.75227238125 0.203073409375 0.7266553828125 0.1972415421875 0.7046612125 0.1931755734375 0.7042340234375 0.176495725 0.719615046875 0.1639310171875 0.7223305156250001 0.0398995828125 0.7232467390624999 0.033116654687500004 0.732021228125 0.0165766828125 0.7804095109375 0.1410940296875 0.7789071453124999 0.162394784375 0.750842909375 0.1838552671875 0.7563544171875 0.1912933046875 0.7663398234375001 0.20295521249999998 0.75227238125
2 0.75510204375 0.43872754687500004 0.7601596890625 0.4385509296875 0.7569067328125 0.43240360000000005 0.761686453125 0.4242682390625 0.771623078125 0.41879867031250007 0.8080579796875 0.41809551093749997 0.81607080625 0.41553899687499996 0.97309605 0.41688565312500003 0.9883880984375001 0.41976669375000003 0.9975041828125001 0.419801634375 0.994629590625 0.33748405937500003 0.982455146875 0.336874334375 0.9171993031250001 0.2662987265625 0.909047515625 0.26487586875 0.90309745 0.2684987 0.71938089375 0.43086815781250004 0.71275678125 0.44419050000000004 0.72792971875 0.44366064843749997 0.7489931640624999 0.43780252343750004 0.752166715625 0.441675925 0.75510204375 0.43872754687500004
2 0.8697649140625 0.53205234375 0.8615734203125 0.5294925234375001 0.7401105125 0.5314574015625 0.726861375 0.5290741984375 0.6957205125 0.478366740625 0.6753906703125 0.4762308 0.6673579921874999 0.47821883125 0.611408084375 0.529121690625 0.6079575234375 0.546317434375 0.6241429046875 0.5747801515625001 0.7820407140625 0.5721121124999999 0.8254769140624999 0.5688877625 0.8690710140625001 0.541183375 0.8697649140625 0.53205234375
2 0.5658361125 0.7322010265625 0.45563898593749996 0.7377567218750001 0.44500754843749996 0.7233294296875 0.4096238796875 0.7251342296875001 0.39145605781250004 0.7269070140625 0.3805277546875 0.7329803890625 0.39141726875 0.7547979406249999 0.3997874265625 0.7624740984375 0.549315078125 0.7521299015625 0.5730160765625001 0.7347961734374999 0.5658361125 0.7322010265625
1 0.7359779265624999 0.935146746875 0.7280832984375001 0.9120862609374999 0.713207225 0.892115446875 0.6893465 0.875873434375 0.6669340421875 0.8721026953125 0.6528123375 0.8737341859375001 0.6149300796875 0.8909939609374999 0.5595748140625 0.9299233812500001 0.56140026875 0.9531958078124999 0.5805099578124999 0.997493303125 0.7765226000000001 0.9906483906249999 0.7699945625 0.9812003796875001 0.770807571875 0.9754802390625 0.7665629375 0.9699367171875 0.7636077578125 0.9723166125 0.7565072015625 0.9719953953125 0.747978228125 0.9597713859375 0.7456176875 0.95017784375 0.7505760765625 0.94715881875 0.74924691875 0.9380984343750001 0.7359779265624999 0.935146746875
1 1 0.821724109375 0.9880435562500001 0.8159244828125001 0.9554761046875001 0.8113700140625 0.9282045203125 0.813460709375 0.8590045625 0.8329524734374999 0.820983340625 0.8462328781249999 0.7802451625 0.8687149578125 0.7763777125 0.8739725859374999 0.7792941015625 0.8994836171875 0.8245182718749999 0.9889723437500001 1 0.9828443874999999 1 0.821724109375
1 0.5087275171875 1 0.5588431093749999 0.998249925 0.5567604234375 0.9943384312499999 0.5525942828125 0.9620409421874999 0.5386503296875 0.9397608796875 0.5293679015625 0.9349624546875 0.5089983546875 0.93168955 0.4878356484375 0.9347052671875 0.4579860703125 0.9499770109375 0.4343644796875 0.9695846687499999 0.4328377171875 0.9838673578125 0.43830484375 1 0.5087275171875 1
1 0.43778705 1 0.43162767031250004 0.9782178640625 0.4103657046875 0.978391171875 0.39340793125 0.9858134515625 0.37496982968750003 1 0.43778705 1
1 0.491272453125 0 0.42064466562499997 0.0024663765625 0.4044450484375 0.025799078125000003 0.391514453125 0.0615394703125 0.4119435546875 0.06651781875 0.6052458 0.0916413546875 0.6155000546875 0.0952674921875 0.6801160703125 0.0025122359375 0.6922147171875 0.0009513921874999999 0.703440796875 0.0034052421875 0.7234340718750001 0.024904884375 0.733668475 0.0279625421875 0.7702423390625001 0.031238753125 0.783213553125 0.025663214062500002 0.7860297703125 0.0193039453125 0.8083231156249999 0.01966379375 0.8126074546875 0.02634428125 0.8107432093750001 0.030962781249999998 0.8147893265624999 0.0308214875 0.8419026328125 0 0.491272453125 0
1 0.3946375828125 0.353986328125 0.42918839062499997 0.3573331859375 0.43317495156249997 0.355486446875 0.436784328125 0.34283855625 0.44384517968750004 0.3420228109375 0.4621907546875 0.3163384734375 0.4488820609375 0.3122498234375 0.4337091234375 0.3127796734375 0.3066525703125 0.29957216249999996 0.305026546875 0.31101244375000003 0.25685033281249997 0.32350911875 0.24586247343749998 0.32787704687499997 0.241995021875 0.333134675 0.2358861453125 0.33220965156250004 0.2248982859375 0.3365775828125 0.22319285625 0.34574393593749997 0.2384452015625 0.3474880125 0.2446533390625 0.35125544375 0.2506034046875 0.3476326125 0.2791247375 0.352328375 0.3734351734375 0.35586508125 0.3946375828125 0.353986328125