7 0.5340814734375 0.6061690359374999 0.550956625 0.595409259375 0.5543440875 0.58985301875 0.565705415625 0.5845752296875 0.5725501234375 0.5867057640625 0.57374525 0.5829644765625 0.586301703125 0.5739454 0.5959033234375 0.573334940625 0.598231415625 0.5828737953124999 0.595940121875 0.5875225609375 0.597901553125 0.592319834375 0.596640453125 0.5979503296875001 0.5939495124999999 0.5988021156250001 0.59192591875 0.6110262750000001 0.5949505328125 0.615860675 0.6013296218749999 0.6160834375 0.617574225 0.6081389109375 0.6214932796875 0.6026012328125 0.63371986875 0.6030281953125 0.6560098890625 0.58962024375 0.6800925984374999 0.5706003609375 0.6814526578125 0.5621360531249999 0.6869005109375 0.5585432734375 0.6862547203125 0.5008296234375 0.684425234375 0.49225393593750005 0.686561721875 0.40059023906249996 0.6886183031249999 0.38742147656250003 0.68959265 0.298554465625 0.688752753125 0.2616406609375 0.68682430625 0.25589878593750004 0.653733728125 0.2585262578125 0.632041271875 0.270063565625 0.6133036453125 0.27319225625 0.5506825046875 0.29843239375 0.5271605593750001 0.3013940125 0.38696775781250004 0.3532437140625 0.38524103906249996 0.3569664390625 0.38741563125 0.4166249875 0.40148825468749993 0.623291159375 0.40373262812500005 0.696192725 0.40722666875 0.718067121875 0.41466894062500004 0.7183270109375 0.4751967078125 0.6920680156250001 0.5079827890625 0.6676775265625 0.5015998890625 0.6523225390625 0.503619671875 0.6249661546875 0.50893558125 0.625151790625 0.5118244390625 0.6186323828125 0.521327103125 0.620855734375 0.529399925 0.6183003765625 0.5305290796875 0.6164482953125 0.5275704375 0.6097246875 0.530426309375 0.6041498828125 0.5340814734375 0.6061690359374999
7 0 0.9327193359375 0.01543538125 0.9332583515625 0.02961959375 0.9233503609374999 0.0516787078125 0.9165546359375 0.109049915625 0.88923965625 0.114362015625 0.8742930671875 0.11695399531249999 0.8762750921875 0.18100117031250001 0.8406814406249999 0.17491895625 0.83195724375 0.17461826875 0.825326453125 0.16910444375 0.830808440625 0.1600344125 0.8314374640625 0.15900040625 0.8153235078125001 0.169129809375 0.7995993875 0.167930871875 0.7882084515625001 0.1707537578125 0.7835782499999999 0.1771988203125 0.7819118046875 0.1811508609375 0.7754295234375 0.1887580640625 0.77096639375 0.2086578296875 0.7650410203125 0.213108475 0.7595219046875 0.22546701093750002 0.7561704515625001 0.237491871875 0.7471328125000001 0.24370603124999998 0.7520785953125 0.24480600937500002 0.7663033421875001 0.2559072546875 0.783714609375 0.2631845953125 0.7886975171875 0.2759427765625 0.7891430421875001 0.3129156125 0.7667902703125 0.3196943484375 0.7708100124999999 0.32454463906250003 0.7690878765625 0.392576840625 0.7260673390625 0.4025083234375 0.7160108421875 0.3978876328125 0.5739861265624999 0.391819353125 0.488656203125 0.38356255 0.4202734578125 0.3850101359375 0.363578665625 0.37955847187499997 0.3520392203125 0.3463029609375 0.35938971406250003 0.196442565625 0.41373908281249994 0.16803734374999998 0.41936744218750005 0.1452487203125 0.431812225 0.136211675 0.4314966453125 0.10810714218749999 0.44375579218750005 0.0888709125 0.445921315625 0.0053527953125 0.47516049374999997 0.000489309375 0.4772604703125 0 0.4912724578125 0 0.9327193359375
7 0.3113828953125 0.3534415 0.31108601875 0.36194293437499997 0.313645015625 0.36486956406250004 0.36693223750000004 0.3478152796875 0.3919829796875 0.346798559375 0.46792688125000004 0.3210779078125 0.48204512031249996 0.3130591265625 0.479635815625 0.24488058124999998 0.4761709484375 0.2069293546875 0.4333468015625 0.21394570468750002 0.352251925 0.23475770156250003 0.3124853796875 0.2456638484375 0.305875384375 0.2520533125 0.3048566203125 0.29646825468750004 0.3068916453125 0.32964076875 0.3113828953125 0.3534415
7 0.2860720734375 0.377147275 0.29912713125 0.3690913671875 0.293957103125 0.28852158906250003 0.2893300953125 0.25336705 0.2862724953125 0.24947725312500002 0.0965757703125 0.3014897515625 0.0771086359375 0.3102675015625 0.076181209375 0.3215841828125 0.0802068421875 0.34347714375 0.08244359531249999 0.386114259375 0.0916937984375 0.4412911140625 0.24241945937499998 0.3926464953125 0.2860720734375 0.377147275
7 0.07538191718750001 0.3139902265625 0.07255522187499999 0.303488203125 0.0151802046875 0.315670959375 0.0060456359375 0.3181481203125 0.0006599875 0.47237290625000006 0.014056165625 0.4697898875 0.0895674359375 0.44121686093749996 0.07538191718750001 0.3139902265625
7 0.2635384125 0.21463615468750002 0.25699439062499996 0.21913641093749997 0.24742575625000002 0.2188022671875 0.24134735156249998 0.2252102953125 0.21789138125 0.2262827046875 0.21716949218749998 0.2621962140625 0.22401420156250001 0.2643267484375 0.2869690171875 0.24477279687500003 0.29368178125 0.250681746875 0.2918561046875 0.25723828125 0.29820220937499997 0.2584056484375 0.30444554375 0.24727460156249997 0.30932882031250003 0.24460786250000002 0.3463714390625 0.23549810624999998 0.34829607500000004 0.226107759375 0.344933978125 0.2004549484375 0.3402156328125 0.19839866875 0.3080233046875 0.20578628906250002 0.30011541406250003 0.203618628125 0.2966949640625 0.21011947343749998 0.27051506718749996 0.212988275 0.267127603125 0.21854451562500002 0.2635384125 0.21463615468750002
7 0.0697538921875 0.2617771265625 0.0669639921875 0.2654627234375 0.0704872109375 0.2712602921875 0.074879503125 0.297894834375 0.0928546328125 0.30135980625 0.2127188484375 0.2677153296875 0.216139296875 0.2612144828125 0.215633071875 0.2299868671875 0.20882135000000002 0.226911728125 0.0697538921875 0.2617771265625
7 0.066498375 0.26355495156250003 0.007565731250000001 0.274618275 0.0060755375 0.31729181562500003 0.0672723 0.3023579640625 0.0722215484375 0.29780201562499997 0.069889646875 0.2731309359375 0.066498375 0.26355495156250003
7 0.5445520625 0.23012390312500003 0.547873553125 0.22645686875 0.55979945625 0.220253040625 0.5580498765625 0.13318241875 0.47702097187500003 0.1521052078125 0.4773330890625 0.204132671875 0.48292431875 0.24215815 0.505416065625 0.2382148 0.512524665625 0.2327885046875 0.5303348640625 0.24097649531249998 0.5443871312499999 0.234846921875 0.5445520625 0.23012390312500003
7 0.5717406 0.2745781109375 0.6340648671875 0.25783940625 0.6557243374999999 0.24724670468749999 0.6650582578125 0.23906085156249998 0.6638555109375 0.212537690625 0.66911938125 0.13800680625 0.6689836265625 0.1266529984375 0.6669232359375 0.12468953593750001 0.57725693125 0.1470937234375 0.5680549546875 0.1515011625 0.5667278828125 0.159020865625 0.5649428125 0.194897246875 0.5685066375 0.230014659375 0.568316340625 0.26594673125 0.5717406 0.2745781109375
7 0.70884913125 0.112913040625 0.6739328765625 0.12209705 0.6717075546875 0.1248566078125 0.6690572203125 0.15502823906250002 0.6673381218750001 0.1890154125 0.669798159375 0.194775853125 0.6682769796875 0.223095403125 0.669941534375 0.23639411093749998 0.6734977390625 0.24124707500000003 0.6793452375 0.24145127500000002 0.702966140625 0.23565584374999998 0.714690315625 0.2199874140625 0.7156354875 0.1471972296875 0.730549209375 0.13164018125000002 0.7335408359375 0.1374191859375 0.7415146984375001 0.13769763906250002 0.758789496875 0.1307348421875 0.7603474734375 0.11660291250000002 0.7587159046874999 0.10235960156249999 0.74632438125 0.10665565937499999 0.7368841421875 0.11483779999999999 0.70884913125 0.112913040625
7 0.8296851890625 0.11240395 0.8236727578125 0.11692277031250001 0.8033733468750001 0.119051165625 0.7183264281249999 0.14634544375 0.7161340921875 0.1481603984375 0.715672284375 0.1613848515625 0.7167735671875 0.3127442234375 0.7732833203125 0.2948567171875 0.7792957515625 0.290337896875 0.7779318828124999 0.2836699796875 0.7834457109375 0.2781879921875 0.7833099546875 0.2668341828125 0.789853975 0.2623339265625 0.797860825 0.2616677765625 0.8077999312499999 0.281875728125 0.8385624171874999 0.26970939843749997 0.8410516296875 0.2593930109375 0.8435991968750001 0.2169229671875 0.842202340625 0.2111996515625 0.844804446875 0.12144372656249999 0.8429749609374999 0.11286803906250001 0.8296851890625 0.11240395
7 0.9015832078124999 0.24826624062499997 0.910018878125 0.23532024062499998 0.9320779937499999 0.22852451562499998 0.9392233890625 0.23728583906249998 0.9455694921875001 0.2384532046875 0.956399228125 0.23315685468749997 0.9592221125 0.228526653125 0.965582153125 0.1530882921875 0.9686536890624999 0.0803723640625 0.8946014359375001 0.097647271875 0.8472276890625 0.113016546875 0.8423165406249999 0.2688947390625 0.856203875 0.26748818281250003 0.9020158390624999 0.2511186140625 0.9015832078124999 0.24826624062499997
7 1 0.06987834375 0.9714106015624999 0.0776313703125 0.9691852796875 0.08039092812500001 0.9681918812499999 0.0935968171875 0.9619130546875001 0.22767486718750002 0.9935737937500001 0.2202686828125 1 0.21709252031249998 1 0.06987834375
7 0.9268597375000001 0.08837044375 0.979516409375 0.07413140781250001 0.9865590359375 0.07059431875 0.9886447921875 0.041348728125 0.9828302796875 0.040199925 0.9355225031250001 0.053679992187500004 0.9262545546875 0.0599766390625 0.9248653203125 0.08451777499999999 0.9268597375000001 0.08837044375
7 0.844661071875 0.07982546874999999 0.8437704421875001 0.10532977187499999 0.8505821656249999 0.108404909375 0.91506578125 0.0907958578125 0.9167595109375 0.0880177359375 0.9175181968749999 0.0662918484375 0.9156227375 0.05960536875 0.9119016 0.059475423437499994 0.870041678125 0.0693627109375 0.844661071875 0.07982546874999999
7 0.7662647546875 0.13005012968750002 0.833505284375 0.10970008281250002 0.83848751875 0.10419953281250001 0.8375194875 0.0861963703125 0.8312393546875001 0.0831397953125 0.780840990625 0.0936746703125 0.7619054484375 0.1024709828125 0.7609488468750001 0.12986449375 0.7662647546875 0.13005012968750002
7 0.765193953125 0.099748553125 0.824328675 0.08289846875 0.8253550593750001 0.06874797499999999 0.8206367140624999 0.0666916953125 0.7840267265625 0.0786538265625 0.74814625 0.08496689843750001 0.7130980484375 0.097929325 0.713200815625 0.11022773749999999 0.765193953125 0.099748553125
7 0.6701457671875 0.1238563140625 0.7024370546875 0.11363488125000001 0.7045266203125 0.099521515625 0.703595384375 0.09570597343750001 0.6998742499999999 0.095576028125 0.6428988765625 0.11155576250000002 0.6368864453125 0.11607458125 0.6369562296875 0.1293175984375 0.6701457671875 0.1238563140625
7 0.5680549546875 0.1515011625 0.5794492671875 0.1452787703125 0.6347968796875 0.13018794843749998 0.637586778125 0.12650235 0.6390787828125 0.11425962812499998 0.6322010890625 0.1130736984375 0.5624015625000001 0.130497115625 0.5645063703125001 0.176912646875 0.5680549546875 0.1515011625
1 1 0.4970271609375 0.9835091625000001 0.4932406203125 0.9652041703125 0.499221684375 0.9667507140625 0.43969308125 0.9754870734375001 0.433377871875 0.9736575859375 0.42480218281250004 0.973184346875 0.3926299640625 0.9623723578125001 0.3364528140625 0.9474142203125 0.3075577921875 0.9396382750000001 0.301611715625 0.9258499 0.300184459375 0.9155847421875001 0.304554771875 0.9013713531249999 0.33053958906249997 0.8886575890625 0.37454613281250004 0.88776315 0.3849182109375 0.8849402640624999 0.3895484125 0.8878329328125 0.39816122656249997 0.8859121078125 0.4226837984375 0.882623603125 0.4254062296875 0.8964944984375001 0.6226078 0.8644975828125 0.7463301984374999 0.8670565781249999 0.749256825 0.8719398546875 0.7465900875 0.89271881875 0.6697637359375 0.9872350703125001 0.7218539625 0.9840915921875 0.8271127249999999 0.9844252656249999 0.8327989109375 0.9885900281250001 0.8354663640625001 0.9958176921874999 0.6284931734375 0.993507925 0.6184295375 0.9962648390625001 0.6156885437499999 1 0.508727534375 1 0.4970271609375
8 0.3861838140625 0.8024503031249999 0.3915288984375 0.786559109375 0.3917268171875 0.7808914859375 0.38783693750000003 0.7703523359375 0.37238400625 0.7556263734375 0.3548744953125 0.754069171875 0.3423180421875 0.763088246875 0.33610769375 0.7732746890625 0.335909775 0.7789423125 0.3400343671875 0.7980014609375 0.3467471296875 0.803910409375 0.37525511875 0.810580465625 0.3861838140625 0.8024503031249999
2 0.76954705 0.630469521875 0.7949936296875 0.6181175546875 0.796720346875 0.61439483125 0.796807875 0.5661643468750001 0.8056431906249999 0.557015325 0.8069372781249999 0.550440225 0.796367621875 0.533047521875 0.79744855 0.4716111484375 0.7886753953125 0.46373873593750004 0.7863473046875 0.45419988125 0.7654833156249999 0.45725431875 0.7631044921875 0.5101335671875 0.7631641499999999 0.615114534375 0.7637325374999999 0.6293207187500001 0.76954705 0.630469521875