7 0.5660691703125 0.39182100000000003 0.554239896875 0.3954173796875 0.5376980609374999 0.3932272109375 0.5339055453125 0.3960131578125 0.526158425 0.4415122578125 0.5100261625 0.507780728125 0.475659909375 0.6688024359375 0.47434170781249996 0.6830401562499999 0.46517304218750005 0.7180565750000001 0.4655252328125 0.728520590625 0.4681322625 0.73236895625 0.5032551078124999 0.7424891796875001 0.6630280703125 0.7814052031250001 0.806342146875 0.8133789281249999 0.8154482625 0.812587159375 0.8196593249999999 0.816463525 0.8712908265625 0.8306747671875 0.8889186078125 0.831933178125 0.8917413046875 0.8234260109375 0.8937103125 0.8025446484375 0.9077052296874999 0.6135966171875 0.9070174375000001 0.5917181640625 0.912157528125 0.5423706968750001 0.9222476078125 0.39328454218750003 0.9198396546875 0.37803106875000003 0.7807072671874999 0.3822575109375 0.7744404421875 0.37359168593750003 0.7694050609375 0.3250173203125 0.76880021875 0.298386740625 0.7616299328125 0.2801979953125 0.6587726968750001 0.289811196875 0.6549967718749999 0.2916467171875 0.6527087515625001 0.300163215625 0.669560621875 0.3765145765625 0.6655118640625 0.3878524890625 0.6163786625000001 0.38984701093749996 0.60630273125 0.384917559375 0.5992192000000001 0.3923996359375 0.5660691703125 0.39182100000000003
7 0.29970003125 0.3928758015625 0.2740354921875 0.392427825 0.26915703125 0.39614553125 0.2395952671875 0.4964053328125 0.234600678125 0.50677601875 0.23149595625 0.5314404203125 0.2116707171875 0.5947922828125 0.206443871875 0.6184689265625 0.1942828046875 0.64107381875 0.192931421875 0.6572123859375 0.20402694062500001 0.6650117812499999 0.22422857187499998 0.672019409375 0.3721556734375 0.7154822359375 0.43976115312499997 0.7337751671875 0.4451742921875 0.73006679375 0.45073673750000004 0.7178045890625 0.446558853125 0.712027371875 0.461236390625 0.637177075 0.47229111718750005 0.5860314171875001 0.47571484999999997 0.57373188125 0.48005863125000003 0.5700048421874999 0.48368144218750003 0.5463002 0.48989469531249996 0.5273943515624999 0.48959227343749995 0.514079059375 0.5010655500000001 0.46959571406249995 0.5145244234375 0.40328057968750003 0.5152415890625 0.3928352328125 0.51108029375 0.386107590625 0.456398278125 0.3832516828125 0.44920696250000003 0.3764711515625 0.42065853906250006 0.2961127640625 0.35315640312499996 0.30254023124999996 0.35096792187500003 0.30535417656249997 0.35140306250000003 0.3110660625 0.3667134515625 0.35316477343749997 0.37585646875 0.3747715484375 0.3603249953125 0.3821080671875 0.347545828125 0.3788417671875 0.3398730109375 0.37718669375 0.328751709375 0.3769925703125 0.3288878421875 0.3753216890625 0.3255802375 0.3809682453125 0.305229296875 0.3825144484375 0.29970003125 0.3928758015625
7 0.1632217171875 0.643383790625 0.1851932796875 0.640915159375 0.1913069921875 0.6277118640625 0.2010103375 0.592704775 0.21470908125000002 0.5739295859375 0.223024059375 0.5265389671875 0.24485529062500003 0.4708278390625 0.25741451249999997 0.42541273437499993 0.27087719374999997 0.3895205515625 0.2726637140625 0.37909386875 0.2664300671875 0.3685271921875 0.24604594687499998 0.37197424843750004 0.2375574578125 0.36802321875 0.207006846875 0.31044704843750004 0.19738264375 0.31027905625 0.158135490625 0.32195329375 0.16010830468749998 0.3314948796875 0.1849101765625 0.3813649859375 0.1665984109375 0.3886510734375 0.10870388906249999 0.39619695625 0.102706303125 0.40274727343750005 0.0416725140625 0.5595006390624999 0.0233147828125 0.6000609546875 0.0170517640625 0.6218180828125 0.0239030359375 0.6276419625 0.0842055125 0.6353495515625001 0.1632217171875 0.643383790625
7 0 0.6254538328125 0.015899459375 0.62655154375 0.0188548734375 0.610440971875 0.02553644375 0.5953461578125 0.0284420890625 0.5820868640625 0.036143246875 0.5698619921875 0.0657254078125 0.49907471406250004 0.0798388921875 0.456538884375 0.0847505328125 0.4509203265625 0.09709408750000001 0.4178607546875 0.097811253125 0.40741540625 0.0582208859375 0.3468293 0.0265753515625 0.351981215625 0.0216637109375 0.3575997734375 0.029352084374999997 0.376748278125 0.03516718125 0.3806526421875 0.0414008296875 0.39121931718749997 0.03735946875 0.40826164687500005 0.001437975 0.4132550390625 0 0.49563658593750004 0 0.6254538328125
7 0.8346402718749999 1 0.83483563125 0.9888078703125001 0.8215146453125 0.9553003203125 0.7592393578125 0.9380511437499999 0.7569845171875 0.9446667921874999 0.7727134546875 0.9934278140625 0.7699405265625 0.999083703125 0.684839984375 0.9719289578125 0.6796297296875 0.9946551765624999 0.679342265625 1 0.8346402718749999 1
7 0.6791142109375 1 0.6815489671875 0.9766250890625001 0.6762851375000001 0.9717796328125001 0.64173015 0.9597678921874999 0.63287288125 0.946303275 0.6340915453125 0.9377681109375 0.6295448796875001 0.92247730625 0.6155399109374999 0.8975142546875 0.5697566859375 0.8853065250000001 0.569089290625 0.8929005968749999 0.5844992171875 0.9292967531249999 0.5827292859375001 0.9387730109374999 0.5221243890625 0.917750128125 0.5119489203125 0.91852323125 0.5085915453125 0.9270210656250001 0.494838315625 0.9999860671875 0.4956365265625 1 0.6791142109375 1
7 0.418086840625 0.8417783671875 0.4212451375 0.844685640625 0.433011859375 0.8753139140625 0.42434088281250004 0.8818175671875 0.42175044218749996 0.877018775 0.4094362625 0.8777545453125001 0.3940135515625 0.8727317640625 0.38928439843749996 0.867895640625 0.3737787390625 0.8676249890625 0.36941836562499997 0.8723024531249999 0.3440013078125 0.9802403249999999 0.33960775625 0.986818640625 0.33693010624999997 0.9972297687499999 0.4930649671875 0.9999551125 0.49745386875 0.9829188484375001 0.5006083609374999 0.955403171875 0.505768846875 0.93552823125 0.5055825546875 0.9155599593750001 0.47482007968750006 0.9007622718749999 0.476672959375 0.8865338875000001 0.47465037656250003 0.8798435781249999 0.45860623437500003 0.849140640625 0.42137785625 0.8370822359375 0.418086840625 0.8417783671875
7 0.21753229531249998 0.7676233765625 0.1928825515625 0.7580633953125 0.21098632187500002 0.7994626515625 0.15310542656249998 0.781714996875 0.09858433125 0.9146639499999999 0.20122178750000003 0.9666675124999999 0.23016383281250002 0.87739856875 0.24499329374999998 0.812229203125 0.2202373421875 0.808753846875 0.22034354843749998 0.802669221875 0.234807140625 0.80748606875 0.21753229531249998 0.7676233765625
7 0.252716396875 0.9957598125 0.334918071875 0.9971946484374999 0.36992645468749996 0.8615786999999999 0.3300107390625 0.8441446296875 0.32664190312499997 0.8410425859374999 0.34468672968749997 0.8367931765625001 0.328293928125 0.7954237859375 0.29239013125 0.7932749875 0.311296284375 0.8377314890625 0.245046396875 0.8091868906249999 0.20282655 0.972782003125 0.252716396875 0.9957598125
8 0.6033231140625 0.34113265312499996 0.5923309390625 0.35805365624999996 0.59002633125 0.36752057968749996 0.5972297953125 0.38380847500000004 0.6019589484375001 0.3886445984375 0.6228113875 0.38900857968749997 0.6292441109375 0.38817014843750003 0.634690428125 0.3825609234375 0.6425243046875 0.3627326453125 0.6432746484375 0.35038644531249996 0.640833515625 0.3370338234375 0.6340486000000001 0.32740824218750003 0.623388221875 0.32532073281249996 0.6033231140625 0.34113265312499996
8 0.35062334375000004 0.35573606406249997 0.342250984375 0.3451320578125 0.3337293171875 0.34308188125 0.3266457875 0.35056395937499996 0.3248260875 0.3628914921875 0.3266993625 0.37813563437500003 0.347518621875 0.380400465625 0.360384071875 0.378723603125 0.35062334375000004 0.35573606406249997
8 0.147043778125 0.34457684843749997 0.1472428546875 0.3331717421875 0.14473536250000002 0.3236208234375 0.12551633125 0.29096103906250004 0.11600825781249999 0.28414006875000003 0.107871959375 0.2906530546875 0.10705525625000001 0.30680095625 0.11629789531250001 0.3288287359375 0.1341949171875 0.3453032859375 0.147043778125 0.34457684843749997
8 0.1790080359375 0.7501394375 0.17314316875 0.74908635 0.16926770625 0.7566244249999999 0.1686500796875 0.7613672203124999 0.1722766953125 0.7680855281250001 0.177039028125 0.7710208015625 0.1824355765625 0.7682628515625 0.1842386875 0.7568857437500001 0.1790080359375 0.7501394375
8 0.2593628375 0.773408484375 0.2509407078125 0.765655753125 0.24607883749999998 0.768423034375 0.2448601734375 0.7769581999999999 0.25054255468750003 0.7884659671875001 0.2589978625 0.7943178468750001 0.2675693 0.793516746875 0.26668243125 0.7830434000000001 0.2593628375 0.773408484375
8 0.3641635140625 0.8056606703125 0.3525499078125 0.79690151875 0.34820612500000003 0.8006285578125001 0.3480070484375 0.8120336640625 0.3537226078125 0.82164058125 0.3659206625 0.827557790625 0.37343933125 0.8257876 0.37307055 0.8162740093749999 0.3641635140625 0.8056606703125
8 0.5004935984375 0.8394139218750001 0.4905006140625 0.8297323421874999 0.4835332125 0.8305614406249999 0.48169692187499996 0.8438394 0.48630994687499995 0.8553285015625001 0.4984748203125 0.8631465609375001 0.508132203125 0.8614137015625 0.5077800125 0.8509496875 0.5004935984375 0.8394139218750001
8 0.6795889374999999 0.9357101265625 0.6797382453124999 0.9271562953125001 0.677147803125 0.922357503125 0.66138949375 0.905920284375 0.650745703125 0.90288235 0.6473717390625 0.9123306093749999 0.649812871875 0.9256832296875 0.6571324656249999 0.935318146875 0.6672249875 0.9392971734375 0.6795889374999999 0.9357101265625
5 0.6662067656249999 0.813785 0.67608361875 0.830119559375 0.691489740625 0.836092765625 0.8410540546874999 0.877682740625 0.85500545 0.8750741171875 0.8546698484374999 0.8636596781250001 0.8498577468749999 0.8635756828125001 0.8441587765625 0.853018340625 0.8362215562499999 0.8481262203125001 0.6807094265625 0.8102352843749999 0.66949778125 0.8090888703125 0.6662067656249999 0.813785
5 0.5241445312499999 0.771375259375 0.50073483125 0.7643116359375 0.49694231718750004 0.76709758125 0.5000176671875 0.7747569828125 0.4977462375 0.7823230578125 0.49933368125 0.78330148125 0.603114771875 0.812683725 0.627092328125 0.8178558312499999 0.6298154874999999 0.8150512187500001 0.6316020078125 0.8046245359374999 0.629077925 0.7960240421875 0.5449306109375 0.7755409421875 0.5315304828125 0.7772084734375 0.5241445312499999 0.771375259375
5 0.46013249062500006 0.7617014890625 0.4597471203125 0.7531383265625 0.348965446875 0.72648603125 0.346258878125 0.72834021875 0.3470933921875 0.7392945203125 0.3503538140625 0.7388695625 0.35667041093749996 0.744684109375 0.3715584421875 0.74969755625 0.4535504578125 0.77109375 0.45784447031250003 0.7702179874999999 0.46013249062500006 0.7617014890625
5 0.31491195781250003 0.7163844734375 0.30911345 0.7115296843750001 0.2834820890625 0.7091808562499999 0.23664610000000003 0.6960040359375 0.232335496875 0.6978302234375 0.2295293890625 0.7053869640625 0.23158515156249998 0.7101764234375 0.2422123515625 0.7141647812499999 0.314078665625 0.7334828015625 0.32158074375 0.7326630359374999 0.32505424843749997 0.7175122218750001 0.3256884640625 0.7118190015625 0.3230814328125 0.7079706359375 0.3198733671875 0.7079146390625 0.31491195781250003 0.7163844734375
5 0.1444620265625 0.67633136875 0.1321810234375 0.6751662890625 0.1293583265625 0.6836734546875001 0.1479227453125 0.6925539328125 0.2038316703125 0.7068398390625 0.2086603609375 0.7059734078125001 0.21034734375 0.7012492796875 0.21156600781249998 0.6927141156250001 0.1444620265625 0.67633136875
5 0.4987104390625 0 0.49853414375 0.0017996796874999998 0.5064088109375 0.040916453125 0.5127088171875 0.047681426562500004 0.5943780140625 0.026289803125 0.620776309375 0.015342006250000002 0.6443684953125 0.011950948437500001 0.6605747296875 0.002726678125 0.5043634203125 0 0.4987104390625 0
5 0.2623710390625 0.11081253906249999 0.272546509375 0.1100394375 0.4336300609375 0.07387184062499999 0.4379406640625 0.07204565156250001 0.44128144999999996 0.06449824374999999 0.4424337546875 0.05976478281249999 0.44032822187500004 0.05782659999999999 0.42425470625 0.059447465624999994 0.2749838359375 0.092969109375 0.2626198859375 0.09655615625 0.2598303671875 0.1031624703125 0.2623710390625 0.11081253906249999
5 0.017057221875 0.1312491640625 0.0063093703125 0.13417299062500002 0.0056348734375 0.1728149234375 0.009927728125 0.1720054703125 0.0277877671875 0.1599579203125 0.0263994 0.1475743890625 0.017057221875 0.1312491640625
1 0.008651368750000001 0 0.007011089062500001 0.093971540625 0.0225660921875 0.09141528593750001 0.033980621875 0.1115795453125 0.038324403125 0.1078525046875 0.05008731875 0.108057828125 0.0588412421875 0.096802046875 0.0914655703125 0.035575021875 0.0921163765625 0.0289313765625 0.0874038140625 0.023144828125 0.0808549625 0.030636237500000003 0.0696764953125 0.027588971875 0.0679193484375 0.0056918515625 0.056173023437500004 0.0045361031250000005 0.053307853125000006 0 0.008651368750000001 0
1 0.11207602812499999 0 0.14714223906249999 0.0631668859375 0.159224165625 0.075737075 0.1730096625 0.08263270625 0.1906872125 0.0810398390625 0.22089461250000003 0.06635566875 0.2475047671875 0.0126293875 0.2508284796875 0 0.11207602812499999 0
2 0.4523573609375 0.7168821609375 0.464654953125 0.7170968171875 0.4879001203125 0.6110224671875 0.48754792968749994 0.600558453125 0.478823378125 0.5794904328125 0.473828790625 0.58986111875 0.472494 0.6050492609375 0.46461035468749995 0.627728815625 0.44477233125 0.7224540546875 0.44903316562500006 0.72347914375 0.4523573609375 0.7168821609375
1 0.5210311203125 0.45948634843749997 0.5228010515625 0.450010090625 0.521279965625 0.445229965625 0.5137612953125 0.44700015625 0.5095336421875001 0.44407421718749995 0.5067938921875 0.4478292546875 0.49219930468750006 0.517927425 0.49200022656250003 0.5293325328125 0.5048656765625 0.5276556703125 0.5210311203125 0.45948634843749997
2 0.3110954640625 0 0.301308803125 0.0371966640625 0.36667821875 0.0181321421875 0.4114215234375 0.0041219125 0.3943492625 0 0.3110954640625 0