3 0.652162746875 0.8792603 0.6438232312500001 0.884385428125 0.5785929656250001 0.8934296890625 0.5766375984375001 0.896345009375 0.5772746453125001 0.9085006124999999 0.5853743390624999 0.99621189375 0.8299615953125 0.9833936187500001 0.8068432046874999 0.84396301875 0.79751606875 0.8369509171875 0.773864315625 0.838190453125 0.76918296875 0.83937340625 0.7678022 0.843196228125 0.7697354562500001 0.8599719718750001 0.760141190625 0.8679757015625 0.6590444796875 0.8798372593750001 0.653445509375 0.8735673859374999 0.652162746875 0.8792603
7 0 0.51309296875 0.008035787499999999 0.6664249343749999 0.03011075625 0.665268034375 0.0466847625 0.65971135625 0.047147906249999996 0.648435709375 0.0354378171875 0.646236565625 0.029035548437499996 0.6346953296875 0.0284801890625 0.6240984484375 0.0365717703125 0.41646157031250003 0.036134621875 0.3377248578125 0 0.33961859375 0 0.51309296875
7 0.36121526406250004 0.3760073625 0.3591436625 0.3264223578125 0.3571748484375 0.3190246234375 0.3505246890625 0.312809840625 0.2572984484375 0.3139451625 0.2556726625 0.31309275312499996 0.2548395984375 0.29719696406249996 0.2475745015625 0.2591355140625 0.2404698625 0.2341922609375 0.1676438 0.23238322500000003 0.1529271546875 0.2331544921875 0.15054420156249998 0.23796745000000002 0.16946171875 0.307297115625 0.1648606015625 0.3150391671875 0.09076955625000001 0.3142340421875 0.0420852828125 0.320535934375 0.039604321875 0.3234788 0.0388115984375 0.33852217812499996 0.03181154375 0.5770431312500001 0.0328454015625 0.63699628125 0.040399740625 0.6403508343750001 0.1991782796875 0.6329672171875 0.366499896875 0.6176349609375 0.3715463796875 0.6033062671875 0.36833902812499997 0.5622193171875 0.3645782921875 0.38989533125000003 0.36121526406250004 0.3760073625
7 0.6713312546875 0.5913456671875 0.682172725 0.58702703125 0.6743061390625 0.5274319703125 0.66709004375 0.4903055671875 0.6669651453125 0.46780936406249995 0.6621588984375 0.4464961140625 0.6575304390625 0.37829281875 0.6470579890625 0.29914441875 0.633392534375 0.2998605953125 0.620533246875 0.29584644843749996 0.540923459375 0.2953305484375 0.5386740718749999 0.292635590625 0.5512076609375 0.230096171875 0.5518178171875 0.2216256640625 0.550094021875 0.2189031609375 0.4792233265625 0.2141788046875 0.46838185781249997 0.21849744062499998 0.46215540156249996 0.280706315625 0.45911328749999997 0.29305473593750003 0.3679894265625 0.2940798765625 0.36665766093749996 0.29883774375 0.37155325 0.3520252078125 0.3834390390625 0.5989325421875 0.3858354390625 0.6044326390625 0.3900891984375 0.6051473234375 0.44957938437499995 0.6039048046875 0.45355256875 0.6093222671875 0.603676578125 0.5977041421875 0.6245043421875 0.592862146875 0.6713312546875 0.5913456671875
7 0.9418952859375 0.41402107343749994 0.9413562453125 0.4037355640625 0.9445809281249999 0.3848142734375 0.9421931921875 0.3493100578125 0.931529509375 0.3067386484375 0.9270797343750001 0.30228377812499996 0.927836903125 0.2966184078125 0.923275675 0.2799803890625 0.822263525 0.283398984375 0.8108695687499999 0.2671190546875 0.8100989546875 0.26247136718749997 0.8233944921875 0.23458375625 0.8305789125 0.21076687187499998 0.82397775625 0.20548713749999997 0.7782020328125 0.2069485265625 0.7530224999999999 0.20920574374999998 0.732346528125 0.2571700546875 0.7302575953125 0.267593290625 0.72524666875 0.272543975 0.7263603078124999 0.28373698593749996 0.7202491890625 0.2878077140625 0.6571778515625 0.29111314374999997 0.6547103359374999 0.30436906406249997 0.660322753125 0.32095199218750003 0.6633340890625 0.35829875625 0.666991140625 0.3777970046875 0.6727822421874999 0.45812835625000004 0.67936606875 0.5234163328125 0.683597715625 0.54382208125 0.685228284375 0.5849916671875001 0.692355034375 0.5902438562500001 0.772819996875 0.58696448125 0.965272140625 0.5684399625000001 0.9632274328125 0.53948106875 0.9466035265625001 0.43346423125 0.9437795375 0.429861771875 0.9418952859375 0.41402107343749994
7 1 0.4869070375 0.9887887718749999 0.27298405937500003 0.93856691875 0.280116625 0.9361349593750001 0.2839945359375 0.93970745 0.31193574687500003 0.9688437328124999 0.4857427 0.97915094375 0.51145573125 0.98406864375 0.544952128125 0.9828838890625 0.5525151359375 0.9872981078124999 0.566348015625 0.9932756609375 0.569785203125 1 0.5694327953125 1 0.4869070375
7 0.8913727796875 0.58637708125 0.8039905296875001 0.59845750625 0.8004449328125001 0.5911424078125 0.7562238796874999 0.612212225 0.741507234375 0.6129834921875 0.739173284375 0.618731496875 0.7405809453125001 0.6355347874999999 0.7488126703125 0.6819841078125 0.7590179890625001 0.7761483390625 0.7625145812499999 0.78252839375 0.9142019296875 0.760514578125 0.9239922093749999 0.7562510328125 0.898000828125 0.612282928125 0.8913727796875 0.58637708125
7 0.7340019015625 0.6105639875 0.6304597859375 0.6159904 0.5761899875000001 0.6263354750000001 0.5741990625 0.6386288046875 0.5766713609375 0.6656900578125 0.5932866015625 0.801711015625 0.7545326578125 0.7810714796875 0.757490209375 0.7771660218750001 0.7479843875000001 0.7064054953125 0.744434009375 0.6587732203125001 0.738073090625 0.617851540625 0.7340019015625 0.6105639875
7 0.5461820984375 0.6269705078125 0.5088158843749999 0.6279911734375 0.39955468125000004 0.6449686859375 0.39790678281249997 0.6638073390625 0.406125959375 0.8105820749999999 0.4078632 0.8236176343749999 0.4185221 0.82587186875 0.5169418359375 0.8132129921875 0.5748417906250001 0.8017400531250001 0.5756345140625 0.786696675 0.5608631875000001 0.63557725 0.5461820984375 0.6269705078125
7 0.3949088921875 0.6367736296875 0.3916083140625 0.6341337609375 0.312341553125 0.6401631859375 0.3063284421875 0.6461040078125 0.293616165625 0.644895 0.2750377890625 0.652431953125 0.24245093125 0.6541397578125 0.2284558953125 0.658623665625 0.21827358437500002 0.6554068390625 0.21689281718750003 0.659229659375 0.22186818593750002 0.6636569859375 0.22276369843750002 0.690800875 0.2174366375 0.7098323468750001 0.21825625468749998 0.715415078125 0.22136081875000002 0.7143147609375 0.2240022375 0.724490090625 0.2280474328125 0.8217900046875 0.2271211453125 0.8443413 0.22889394218749998 0.8479988484375 0.252496690625 0.845824265625 0.40393901874999993 0.81913521875 0.40507477031250005 0.810637165625 0.4002012921875 0.7377586375 0.3994749015625 0.693728821875 0.3949088921875 0.6367736296875
7 0.0159743890625 0.8179024484375 0.01890288125 0.8737814171875 0.2130281 0.8469551125000001 0.2156426265625 0.8365043312499999 0.214172515625 0.8084529390625 0.2152093609375 0.6874463234375 0.2126880609375 0.659450021875 0.1223348125 0.66512285 0.024917260937499998 0.6767915906249999 0.02240074375 0.6891124640624999 0.0192164 0.73897291875 0.0159743890625 0.8179024484375
7 0.2268357875 0.8087268999999999 0.2185732875 0.8119727640625 0.21575408125 0.848687478125 0.17978208281250002 0.8561983796874999 0.179279496875 0.9471733312499999 0.295422434375 0.9307727765625 0.2929674671875 0.8437032828125 0.2875645109375 0.8411735968749999 0.22803876875 0.851794125 0.22515233124999998 0.8369435624999999 0.22766885 0.8246226890624999 0.2268357875 0.8087268999999999
7 0.4147093734375 0.8335726015624999 0.40103047187499996 0.823975721875 0.39051858125 0.8245266265625 0.298552990625 0.8396601 0.296121034375 0.8435380109375 0.300860946875 0.9239244546875 0.3038319453125 0.930332053125 0.3148694296875 0.9297536031250001 0.413569740625 0.91239195 0.418812240625 0.9018034421875001 0.41778316249999997 0.8821674671874999 0.41523975 0.8738622312500001 0.4147093734375 0.8335726015624999
7 0.4211990765625 0.8266691890625 0.41781393749999995 0.8324722843749999 0.42201480937499997 0.9025732171874999 0.42666059843750004 0.9107682718750001 0.4466331890625 0.909721553125 0.5364473984375 0.893763215625 0.5376321515625 0.886200209375 0.5318054921875001 0.8152468640625001 0.52324896875 0.81288245 0.4211990765625 0.8266691890625
7 0.6416412953124999 0.799176853125 0.634282971875 0.7995624875 0.592957021875 0.805478746875 0.5895094328125 0.8000337390625001 0.585740928125 0.7683523437499999 0.579286784375 0.7658777484375 0.5756210687500001 0.7763836203125 0.5783739421874999 0.7987420968750001 0.5724098328125 0.805617965625 0.5322820828125 0.8142842734375 0.5378771703125 0.8908754406250001 0.5396989734375001 0.8954680375 0.5465807046875 0.8960449953125 0.6501583765625 0.881240575 0.6528084609375 0.8614117828125 0.6454098 0.83085825 0.64283949375 0.8019269031249999 0.6416412953124999 0.799176853125
7 0.75573085625 0.783821528125 0.6514805781249999 0.7958483546874999 0.6494762093750001 0.797828628125 0.6529151328125 0.83327775625 0.65812685625 0.8723844328125001 0.6616234484375 0.8787644859375 0.763673340625 0.8649777453124999 0.7672544953125 0.8629148359375 0.76896484375 0.8553242843750001 0.7588488671875 0.793034265625 0.75573085625 0.783821528125
7 1 0.684473846875 0.994572765625 0.685043815625 0.976716 0.6962934078125 0.9750190984374999 0.714197015625 0.9561957031249999 0.7170587375 0.958128959375 0.73383448125 0.9772338265625 0.836908453125 0.9826367828125001 0.839438140625 1 0.8372325375 1 0.684473846875
2 1 0.5694327953125 0.9848661484375001 0.570225928125 0.983008790625 0.5750113390625 0.9838774109375 0.58152911875 0.9899308609374999 0.6065274640625 1 0.6070207515625 1 0.5694327953125
7 0.42163622656250005 0.9054059015625 0.41519552812500005 0.9132443609375 0.41644273125 0.9169294562499999 0.52184220625 0.9067176296874999 0.5243231671874999 0.9037747640625 0.52407815 0.8990995328125001 0.506109928125 0.898165978125 0.4397024546875 0.9082095484374999 0.424985809375 0.9089808140625 0.42163622656250005 0.9054059015625
8 0.0537415875 0.28148285624999997 0.0336219859375 0.2797244375 0.0170969859375 0.28621616250000004 0.0100816875 0.293147121875 0.0068435609375 0.3017553546875 0.0104871640625 0.31094054843749996 0.02478966875 0.322379975 0.03707435625 0.32548661874999996 0.04476980625 0.3147695578125 0.06171484687499999 0.312943890625 0.0626055796875 0.29977060624999996 0.059866153125 0.287725184375 0.0537415875 0.28148285624999997
8 0.30966965 0.1668078625 0.29830258593750003 0.17115404375 0.293781696875 0.1854551921875 0.2923922625 0.219282134375 0.2964634546875 0.2265696875 0.3056925828125 0.231711696875 0.31773225312500003 0.2301431109375 0.32226658750000003 0.22615501718750003 0.3255402734375 0.2081687734375 0.3207695859375 0.177477515625 0.30966965 0.1668078625
8 0.6287506281249999 0.22134424375 0.6219178984375 0.22170233125 0.612849228125 0.2296785171875 0.6032684078125 0.2479953046875 0.601339934375 0.27153673437500003 0.61477381875 0.2764583828125 0.6291964421875 0.2700768375 0.6350135390625 0.26039583125 0.637628065625 0.2499450484375 0.6369420125 0.2368543984375 0.6332494046875 0.22673416093749998 0.6287506281249999 0.22134424375
8 0.9707608499999999 0.160289978125 0.9822233640625001 0.1477086234375 0.9804277078125001 0.1134454609375 0.972466415625 0.1123822515625 0.9605737578125 0.1167559765625 0.9407126203124999 0.1299858453125 0.926780034375 0.1457178546875 0.9236889171874999 0.1571312265625 0.9249851234375001 0.1617513671875 0.9291053187499999 0.16997396874999998 0.9407664046875001 0.1712380671875 0.9522804812500001 0.169697025 0.9707608499999999 0.160289978125
8 0.3709717828125 0.6023987671875 0.37190285312500004 0.6201646484375 0.3773058078125 0.622694334375 0.3845171203125 0.6195035625 0.38627647187499997 0.6128480578125 0.383537046875 0.6008026359375 0.3818132515625 0.5980801312499999 0.3724015546875 0.5995109921874999 0.3709717828125 0.6023987671875
8 0.178938559375 0.6490297703125 0.183143315625 0.6488094078125 0.19025662031249999 0.6437485421875 0.19301815625000002 0.6361029 0.1703195875 0.635417253125 0.1705156015625 0.6391574390625 0.178938559375 0.6490297703125
5 0.027446621875 0.051270121875 0.03657774375 0.054542039062500006 0.28371860781249997 0.0537789234375 0.2872017546875 0.049845921875 0.28702785 0.026414671875 0.0844494921875 0.02109190625 0.02333914375 0.0242945640625 0.030404175 0.0473646640625 0.027446621875 0.051270121875