7 0.8380208328125001 0.547222221875 0.8401041671874999 0.553703703125 0.8541666671874999 0.5722222218749999 0.8546875 0.575 0.8484375 0.578703703125 0.8489583328125001 0.58148148125 0.8557291671874999 0.590740740625 0.8604166671875 0.5916666671875 0.86875 0.60648148125 0.9114583328125001 0.659259259375 0.9072916671875 0.671296296875 0.8630208328125001 0.6796296296875 0.8598958328125 0.6851851859375 0.8598958328125 0.69351851875 0.9119791671874999 0.7648148140625 0.9338541671874999 0.7638888890625 0.9390625 0.759259259375 0.9510416671874999 0.7574074078125 0.9598958328125 0.74351851875 0.9755208328125 0.74351851875 0.9854166671875 0.7518518515625 0.9911458328125 0.7518518515625 0.9994791671875 0.7620370375000001 0.9994791671875 0.3509259265625 0.925 0.303703703125 0.8630208328125001 0.26944444375 0.8572916671874999 0.272222221875 0.8536458328125001 0.29444444375 0.8463541671874999 0.38703703749999996 0.8276041671875 0.51944444375 0.828125 0.5370370375 0.8380208328125001 0.547222221875
7 0.7640625 0.4796296296875 0.7614583328125 0.49259259218749996 0.7270833328124999 0.5009259265625 0.7322916671875 0.5138888890625 0.7557291671875 0.5453703703125 0.8145833328125001 0.5370370375 0.8229166671874999 0.5287037031249999 0.8276041671875 0.5074074078125 0.8427083328125 0.39074074062499997 0.8546875 0.27777777812500004 0.8541666671874999 0.26851851875 0.78125 0.21944444375 0.7369791671875 0.1925925921875 0.7317708328125 0.1925925921875 0.7317708328125 0.2009259265625 0.7270833328124999 0.2203703703125 0.7223958328125 0.29351851875 0.7130208328125 0.3611111109375 0.7119791671875 0.372222221875 0.7145833328125 0.38703703749999996 0.7125 0.4129629625 0.7640625 0.4796296296875
7 0.6604166671875 0.3768518515625 0.6416666671875 0.378703703125 0.6375 0.384259259375 0.6458333328125 0.403703703125 0.6526041671875 0.41111111093749997 0.66875 0.40833333281249995 0.6890625 0.41111111093749997 0.7005208328125 0.403703703125 0.7015625 0.377777778125 0.7057291671875 0.3648148140625 0.7036458328124999 0.3601851859375 0.7052083328125 0.30740740781250003 0.7109375 0.27870370312500004 0.7161458328125 0.1888888890625 0.6885416671875 0.16851851874999998 0.6395833328125 0.140740740625 0.6359375 0.1416666671875 0.6270833328125 0.29814814843750004 0.6265625 0.3166666671875 0.6286458328125 0.322222221875 0.6640625 0.36759259218749996 0.6604166671875 0.3768518515625
7 0.5932291671875001 0.2888888890625 0.5895833328125 0.3083333328125 0.5791666671875 0.3101851859375 0.5776041671875001 0.3148148140625 0.5880208328125 0.33148148125 0.6239583328125 0.3296296296875 0.6244791671875001 0.146296296875 0.609375 0.13055555624999998 0.5885416671875 0.1166666671875 0.5791666671875 0.1129629625 0.5776041671875001 0.1175925921875 0.5770833328125 0.21944444375 0.575 0.24444444375000002 0.5786458328124999 0.2666666671875 0.5932291671875001 0.2888888890625
7 0.5364583328125 0.25 0.5317708328124999 0.2509259265625 0.5270833328125 0.2601851859375 0.5354166671875 0.271296296875 0.5401041671875 0.2731481484375 0.5604166671875 0.2648148140625 0.5682291671875 0.26851851875 0.5703125 0.26574074062499997 0.5708333328124999 0.2398148140625 0.5682291671875 0.1111111109375 0.528125 0.0870370375 0.5213541671875 0.0861111109375 0.5197916671875 0.0888888890625 0.5223958328125 0.21851851875 0.5296875 0.23055555625 0.5427083328125 0.2416666671875 0.5364583328125 0.25
7 0.8572916671874999 0.24351851875000002 0.859375 0.22685185156249998 0.86875 0.2296296296875 0.8734375 0.2166666671875 0.884375 0.1481481484375 0.890625 0.0916666671875 0.8067708328125001 0.0731481484375 0.8026041671874999 0.102777778125 0.79375 0.197222221875 0.8380208328125001 0.21944444375 0.8380208328125001 0.24444444375000002 0.8572916671874999 0.24351851875000002
7 0.9197916671874999 0.2740740734375 0.896875 0.27870370312500004 0.9197916671874999 0.2953703703125 0.9505208328125001 0.290740740625 0.9510416671874999 0.284259259375 0.9583333328125001 0.27777777812500004 0.9625 0.28055555625 0.9786458328125001 0.27870370312500004 0.984375 0.25555555625 0.9994791671875 0.1666666671875 0.9994791671875 0.11574074062499999 0.9088541671874999 0.0925925921875 0.8942708328125001 0.09074074062500001 0.8911458328125 0.09444444375 0.8854166671874999 0.1490740734375 0.8713541671874999 0.23148148124999998 0.9234375 0.2601851859375 0.9197916671874999 0.2740740734375
7 0.996875 0.1583333328125 0.98125 0.26574074062499997 0.98125 0.27777777812500004 0.9994791671875 0.2851851859375 0.9994791671875 0.1546296296875 0.996875 0.1583333328125
7 0.1786458328125 0.9990740734375001 0.1984375 0.9990740734375001 0.2010416671875 0.99444444375 0.20677083281250003 0.9490740734375 0.21197916718749998 0.9388888890624999 0.2109375 0.934259259375 0.2171875 0.884259259375 0.2208333328125 0.8296296296874999 0.2260416671875 0.8101851859375 0.2338541671875 0.8111111109375001 0.2328125 0.8259259265625 0.2375 0.8740740734375001 0.2552083328125 0.875 0.2671875 0.8648148140625 0.2640625 0.7953703703125 0.259375 0.7814814812499999 0.2625 0.7638888890625 0.2614583328125 0.759259259375 0.2328125 0.7481481484375 0.23020833281250003 0.74444444375 0.234375 0.6333333328124999 0.2338541671875 0.5129629625 0.23697916718749998 0.4981481484375 0.23697916718749998 0.48518518593750004 0.21979166718749998 0.3898148140625 0.2192708328125 0.3648148140625 0.21458333281250003 0.33888888906250003 0.21197916718749998 0.3351851859375 0.20677083281250003 0.3361111109375 0.20416666718749998 0.3453703703125 0.1994791671875 0.3898148140625 0.196875 0.39351851875 0.1833333328125 0.49444444374999996 0.1734375 0.5518518515624999 0.171875 0.5953703703125 0.175 0.952777778125 0.1770833328125 0.99351851875 0.1786458328125 0.9990740734375001
7 0.2359375 0.5601851859375 0.23541666718749998 0.61944444375 0.2427083328125 0.621296296875 0.27291666718749996 0.6148148140624999 0.275 0.60648148125 0.2744791671875 0.5722222218749999 0.2713541671875 0.5601851859375 0.2723958328125 0.55648148125 0.2692708328125 0.55648148125 0.265625 0.546296296875 0.2630208328125 0.5314814812499999 0.2640625 0.5129629625 0.253125 0.5009259265625 0.2536458328125 0.48981481406249994 0.2520833328125 0.48703703750000005 0.2416666671875 0.48148148125 0.24114583281250002 0.4620370375 0.24583333281250003 0.43240740781250003 0.24479166718749998 0.384259259375 0.24635416718749997 0.3703703703125 0.2453125 0.3453703703125 0.23125 0.22685185156249998 0.228125 0.2259259265625 0.2270833328125 0.23148148124999998 0.2208333328125 0.2398148140625 0.21770833281250002 0.275 0.21614583281250002 0.275 0.21197916718749998 0.302777778125 0.2104166671875 0.32592592656249997 0.2125 0.328703703125 0.225 0.425 0.2359375 0.5601851859375
7 0.2479166671875 0.3379629625 0.2494791671875 0.3379629625 0.24895833281250002 0.3611111109375 0.2510416671875 0.3638888890625 0.26614583281250004 0.36296296250000004 0.2723958328125 0.3574074078125 0.2692708328125 0.32685185156249996 0.2708333328125 0.3111111109375 0.2734375 0.30555555624999997 0.2697916671875 0.29814814843750004 0.2609375 0.290740740625 0.2567708328125 0.2740740734375 0.2526041671875 0.2009259265625 0.2427083328125 0.1546296296875 0.2359375 0.1324074078125 0.2322916671875 0.134259259375 0.23020833281250003 0.1425925921875 0.22916666718749998 0.171296296875 0.2442708328125 0.253703703125 0.24739583281250002 0.3296296296875 0.2479166671875 0.3379629625
7 0.25833333281250004 0.2870370375 0.2708333328125 0.2953703703125 0.2770833328125 0.29444444375 0.2791666671875 0.290740740625 0.2760416671875 0.25740740781250004 0.2791666671875 0.24722222187499998 0.2640625 0.2311731484375 0.2635416671875 0.1925925921875 0.2567708328125 0.1379629625 0.2479166671875 0.10648148125000001 0.2401041671875 0.097222221875 0.2401041671875 0.11388888906250001 0.2479166671875 0.13055555624999998 0.25052083281250004 0.1453703703125 0.25833333281250004 0.2870370375
8 0.1744791671875 0.9740740734375001 0.1661458328125 0.965740740625 0.153125 0.9583333328125001 0.1369791671875 0.9546296296874999 0.12291666718750001 0.9583333328125001 0.1067708328125 0.9703703703125001 0.09427083281250001 0.99351851875 0.09375 0.9990740734375001 0.1755208328125 0.9990740734375001 0.1765625 0.9861111109375 0.1744791671875 0.9740740734375001
8 0.1317708328125 0.7166666671875 0.1359375 0.709259259375 0.1380208328125 0.696296296875 0.1265625 0.6870370375 0.1119791671875 0.6879629625 0.0916666671875 0.7009259265625001 0.08333333281250001 0.7185185187500001 0.0838541671875 0.7324074078125 0.08854166718749999 0.74351851875 0.10260416718750001 0.74351851875 0.1317708328125 0.7166666671875
8 0.1916666671875 0.372222221875 0.184375 0.3796296296875 0.1854166671875 0.3925925921875 0.1963541671875 0.39351851875 0.1994791671875 0.372222221875 0.1916666671875 0.372222221875
8 0.8020833328125001 0.7731481484375 0.8333333328125001 0.76944444375 0.8421875 0.7620370375000001 0.8458333328125001 0.752777778125 0.8453125 0.7481481484375 0.8375 0.7361111109375 0.8161458328125001 0.7231481484375 0.7989583328125 0.7231481484375 0.7895833328124999 0.73055555625 0.7854166671875 0.7398148140624999 0.7854166671875 0.7518518515625 0.7880208328125 0.7620370375000001 0.7947916671875 0.7703703703125 0.8020833328125001 0.7731481484375
8 0.7802083328125 0.5740740734374999 0.7859375 0.5601851859375 0.7854166671875 0.5555555562500001 0.775 0.5453703703125 0.7578125 0.5453703703125 0.7515625 0.5527777781250001 0.7510416671875 0.5740740734374999 0.7588541671875 0.5833333328125 0.7734375 0.58055555625 0.7802083328125 0.5740740734374999
8 0.6395833328125 0.403703703125 0.6411458328124999 0.396296296875 0.634375 0.3861111109375 0.628125 0.38333333281250004 0.6177083328124999 0.38333333281250004 0.609375 0.39074074062499997 0.6083333328125 0.4 0.6140625 0.4074074078125 0.634375 0.40648148125 0.6395833328125 0.403703703125
8 0.6260416671875 0.3416666671875 0.6151041671875 0.3333333328125 0.6072916671875 0.334259259375 0.6015625 0.3398148140625 0.6010416671875001 0.3481481484375 0.6057291671875 0.3546296296875 0.6223958328125 0.3509259265625 0.6260416671875 0.3416666671875
8 0.5703125 0.27870370312500004 0.56875 0.2731481484375 0.5567708328125 0.2648148140625 0.5526041671875 0.2648148140625 0.546875 0.2731481484375 0.5473958328124999 0.2796296296875 0.5526041671875 0.2833333328125 0.5666666671875 0.2824074078125 0.5703125 0.27870370312500004
8 0.8661458328125 0.259259259375 0.8651041671874999 0.253703703125 0.859375 0.24907407343750002 0.8473958328125001 0.2509259265625 0.8463541671874999 0.25555555625 0.8557291671874999 0.26203703749999996 0.8635416671874999 0.2629629625 0.8661458328125 0.259259259375
8 0.9578125 0.315740740625 0.9598958328125 0.3101851859375 0.9552083328125001 0.303703703125 0.9442708328125 0.29814814843750004 0.9364583328125 0.3 0.934375 0.3018518515625 0.9364583328125 0.30555555624999997 0.9541666671875 0.3166666671875 0.9578125 0.315740740625
5 0.6182291671875 0.6703703703125 0.6505208328125 0.6555555562500001 0.6583333328125 0.6555555562500001 0.6671875 0.646296296875 0.6677083328125 0.6370370375000001 0.6651041671875 0.63148148125 0.5947916671875 0.5324074078125001 0.5833333328125 0.5324074078125001 0.553125 0.5490740734374999 0.5505208328125 0.5518518515624999 0.5520833328125 0.5583333328125 0.5635416671875 0.5833333328125 0.6182291671875 0.6703703703125
5 0.5682291671875 0.5074074078125 0.5723958328125 0.5018518515625 0.5697916671875001 0.490740740625 0.5317708328124999 0.41851851875 0.525 0.4166666671875 0.49895833281249996 0.4268518515625 0.49635416718750003 0.43240740781250003 0.5010416671875 0.4453703703125 0.5348958328125 0.5166666671875 0.5682291671875 0.5074074078125
5 0.10729166718750001 0.48148148125 0.11145833281249999 0.4620370375 0.0765625 0.475 0.07552083281250001 0.49351851875 0.0739583328125 0.49351851875 0.060416667187499995 0.5370370375 0.0489583328125 0.5648148140625 0.0489583328125 0.5722222218749999 0.05208333281250001 0.5768518515625 0.0770833328125 0.5694444437499999 0.10729166718750001 0.48148148125
5 0 0.7805555562500001 0.0098958328125 0.777777778125 0.0625 0.6101851859375 0.056770832812500005 0.609259259375 0.0328125 0.61944444375 0.0286458328125 0.6240740734375 0.0151041671875 0.627777778125 0.010416667187500001 0.634259259375 0.0052083328125 0.6555555562500001 0 0.659259259375 0 0.6638888890625 0.0036458328125000003 0.66851851875 0.0020833328125000002 0.6759259265625001 0 0.6768518515624999 0 0.7805555562500001
1 0.484375 0.9064814812499999 0.4927083328125 0.9481481484375 0.49583333281249997 0.9796296296874999 0.5 0.9990740734375001 0.7151041671875 0.9990740734375001 0.7166666671875 0.9898148140625 0.7145833328125 0.9740740734375001 0.7041666671875 0.9425925921875 0.6791666671875001 0.88148148125 0.6651041671875 0.85648148125 0.6578125 0.8490740734375001 0.6421875 0.840740740625 0.6286458328125 0.8398148140625 0.596875 0.847222221875 0.5291666671875 0.8731481484374999 0.5078125 0.740740740625 0.5005208328124999 0.7194444437499999 0.49010416718750005 0.6759259265625001 0.4770833328125 0.6574074078125001 0.4661458328125 0.6537037031249999 0.4625 0.6574074078125001 0.4609375 0.6777777781250001 0.459375 0.715740740625 0.4713541671875 0.8490740734375001 0.4739583328125 0.86944444375 0.484375 0.9064814812499999
1 0.4171875 0.46666666718750005 0.4192708328125 0.49629629687500004 0.4223958328125 0.5083333328124999 0.4234375 0.5388888890625 0.4328125 0.5925925921874999 0.44375 0.6972222218749999 0.44322916718750005 0.709259259375 0.44947916718750003 0.7388888890625 0.4348958328125 0.8129629625 0.4401041671875 0.8101851859375 0.44895833281249997 0.76944444375 0.4536458328125 0.7666666671875 0.45885416718750005 0.7787037031249999 0.46302083281249995 0.7787037031249999 0.4635416671875 0.7675925921875 0.45677083281249997 0.747222221875 0.45989583281249996 0.7240740734375 0.45989583281249996 0.6879629625 0.4609375 0.6805555562500001 0.4682291671875 0.66944444375 0.4721354171875 0.6555555562500001 0.47552083281249996 0.6555555562500001 0.48072916718750003 0.66944444375 0.4869791671875 0.671296296875 0.49114583281249996 0.678703703125 0.5005208328124999 0.7203703703125 0.5098958328125 0.7481481484375 0.5171875 0.7879629625 0.5432291671875 0.7851851859375001 0.5447916671875 0.803703703125 0.5536458328125 0.80601851875 0.5505208328125 0.8379629625 0.5572916671875 0.8416666671874999 0.5760416671875 0.8370370375 0.5828125 0.83055555625 0.5869791671875 0.8490740734375001 0.5932291671875001 0.8453703703125001 0.5947916671875 0.8416666671874999 0.5927083328125 0.7953703703125 0.59375 0.765740740625 0.6005208328125 0.746296296875 0.6041666671875 0.7194444437499999 0.5958333328125 0.7074074078125 0.55625 0.6203703703125 0.5416666671875 0.61851851875 0.4953125 0.6259259265625 0.46770833281249996 0.6370370375000001 0.45989583281249996 0.6324074078125 0.45625 0.6129629624999999 0.4583333328125 0.60648148125 0.45416666718750004 0.5953703703125 0.4479166671875 0.527777778125 0.44322916718750005 0.5009259265625 0.4401041671875 0.4953703703125 0.4369791671875 0.46851851875 0.43385416718750003 0.4611111109375 0.41614583281249995 0.440740740625 0.415625 0.45185185156249996 0.41822916718750003 0.45185185156249996 0.41979166718750005 0.45648148125 0.4171875 0.46666666718750005
1 0 0.628703703125 0.0020833328125000002 0.627777778125 0.0020833328125000002 0.61944444375 0.0078125 0.6074074078125 0.0041666671875 0.602777778125 0.0052083328125 0.5953703703125 0.0166666671875 0.590740740625 0.0270833328125 0.5796296296875 0.06302083281250001 0.4861111109375 0.0328125 0.4861111109375 0.0083333328125 0.490740740625 0 0.49629629687500004 0 0.628703703125
1 0.0395833328125 0.45648148125 0.0395833328125 0.465740740625 0.0442708328125 0.48333333281249996 0.0489583328125 0.48333333281249996 0.060416667187499995 0.47407407343749997 0.0640625 0.48055555625 0.0682291671875 0.4731481484375 0.07760416718749999 0.46851851875 0.0895833328125 0.46944444374999994 0.1140625 0.4583333328125 0.1276041671875 0.41851851875 0.1276041671875 0.4074074078125 0.071875 0.4203703703125 0.056770832812500005 0.43333333281249997 0.05208333281250001 0.42870370312499995 0.051041667187499994 0.3953703703125 0.0380208328125 0.3046296296875 0.0328125 0.2916666671875 0.0244791671875 0.2870370375 0.021354167187500002 0.2796296296875 0.0166666671875 0.2824074078125 0.017708332812499998 0.34629629687499996 0.0265625 0.3861111109375 0.03125 0.42870370312499995 0.0395833328125 0.45648148125
1 0.7213541671875 0.29351851875 0.7197916671875 0.2870370375 0.7151041671875 0.284259259375 0.7125 0.27777777812500004 0.7083333328125 0.28148148125 0.7046875 0.3101851859375 0.7026041671875001 0.396296296875 0.7119791671875 0.403703703125 0.7203125 0.32592592656249997 0.7213541671875 0.29351851875
1 0.4247916671875 0.38126111093750004 0.410625 0.361996296875 0.42062499999999997 0.45091203750000003 0.43562500000000004 0.46573055625000004 0.4480841984375 0.513541815625 0.4247916671875 0.38126111093750004
1 0.45159579375 0.5276835703125 0.4614583328125 0.6133333328125 0.548125 0.5946583328124999 0.515625 0.5087064812500001 0.45159579375 0.5276835703125
1 0.44729166718749996 0.514634259375 0.46229166718750003 0.49833333281250003 0.4647916671875 0.4360925921875 0.4318945921875 0.43330678593750005 0.43562500000000004 0.4672129625 0.44729166718749996 0.514634259375
1 0.4047916671875 0.37533333281250003 0.4139583328125 0.44202037031249997 0.378125 0.43461018593749995 0.3589583328125 0.320502778125 0.3422916671875 0.28641851875 0.33729166718750003 0.32939351875 0.343125 0.4212731484375 0.350625 0.502778703125 0.3722916671875 0.529453703125 0.3375 0.689259259375 0.375625 0.5324175921875 0.4247916671875 0.5235259265625001 0.40895833281250005 0.37236944375 0.410625 0.3590324078125 0.41797502499999994 0.37583751875 0.4114583328125 0.35606851875 0.4047916671875 0.37533333281250003
1 0.378125 0.431646296875 0.41312499999999996 0.43757407343750004 0.4097916671875 0.37533333281250003 0.4172916671875 0.37533333281250003 0.43562500000000004 0.42571851875 0.45229166718749997 0.39904444375 0.4422916671875 0.3649601859375 0.403125 0.36644166718750004 0.375625 0.3738518515625 0.3672916671875 0.3382851859375 0.3589583328125 0.2701166671875 0.3422916671875 0.2493703703125 0.340625 0.28925925937499997 0.3514583328125 0.308647221875 0.36312500000000003 0.335321296875 0.378125 0.431646296875