2 0.5925927875 0.5044497828125001 0.5866039359374999 0.501480459375 0.5782470125 0.49042726718749996 0.567353246875 0.4866206015625 0.5631604859375 0.48082115625000005 0.5450795328125 0.4697303828125 0.5363536437499999 0.4701876875 0.52836850625 0.4662285875 0.43526375625 0.47056080156249996 0.4181837625 0.47856950156250005 0.41268109218750004 0.4848770625 0.40398380156249997 0.48588006562499997 0.3956296984375 0.493431459375 0.39078198125 0.4936855171875 0.3679991265625 0.5041818828125 0.372106090625 0.5083442296875 0.3705101890625 0.51499424375 0.3579347265625 0.5162004921875 0.338889865625 0.5423697 0.340374190625 0.552141475 0.328882665625 0.555479709375 0.3217268953125 0.5673458859375 0.3238947734375 0.5716098546875 0.330795971875 0.573436971875 0.329228671875 0.580632684375 0.370040921875 0.6173448640625 0.41937323125 0.612570675 0.429637821875 0.6043719578125 0.48772462031249997 0.5996861640625 0.49180298437500003 0.6033028125000001 0.49764884218749994 0.6035436421875 0.5527412140625 0.5973731843750001 0.5574459359375 0.5943906296875 0.572132078125 0.596356953125 0.5847075421875 0.5951507015625 0.5980809546875 0.5906194453125 0.6104820078125 0.5675344156250001 0.6341772078125001 0.5558958406250001 0.6451253546875 0.542189321875 0.6350009390625 0.5345119484375 0.6177207546875 0.538700753125 0.6060576359375001 0.53876479375 0.591142703125 0.5324328781250001 0.5925927875 0.5044497828125001
2 0.975234096875 0.199853440625 0.9824184656250001 0.1885329640625 0.9606595312499999 0.18146533125 0.9574935109375 0.17670647343749998 0.8446490734375001 0.1382973625 0.7980538 0.1396449203125 0.7240225078125 0.1183536265625 0.6956483640625 0.11491587031249999 0.6354706171875 0.246661184375 0.6341321078125 0.258222490625 0.6376985109375 0.2706211375 0.6670993968750001 0.27509947968750004 0.6689240890625 0.272815059375 0.679531865625 0.271164734375 0.6816425453125 0.27433730624999997 0.687517003125 0.275123834375 0.6991515203125 0.2745140953125 0.71149819375 0.2689422515625 0.7154335640625 0.2698304046875 0.730545871875 0.2613776296875 0.7410964515625 0.25863590625 0.7480548484375 0.26155441874999996 0.75772168125 0.26050060468749997 0.7646800781249999 0.2634191171875 0.7898596015625 0.26155231562500003 0.805458090625 0.262376428125 0.822197715625 0.266423925 0.8464362968750001 0.265153634375 0.8835077312499999 0.2675883859375 0.9076605140625 0.2646809984375 0.920747940625 0.2546927484375 0.9463222124999999 0.22325656875000002 0.9530232171874999 0.2212637890625 0.975234096875 0.199853440625
2 0.3487822625 0.7125770390625 0.3296773859375 0.7190502640624999 0.31647274687500004 0.70825113125 0.292405759375 0.7127956156249999 0.2753257671875 0.7208043140625 0.1997614109375 0.744463603125 0.185135284375 0.7621932640625 0.18282723125 0.7738053828125 0.1771243671875 0.7762930484375 0.1773817578125 0.7812043421875 0.19668964375 0.7971555968749999 0.2113471875 0.79857621875 0.31557167656249996 0.783811678125 0.32116014531250003 0.7791412156249999 0.3327660640625 0.7779857765625 0.33441916250000003 0.7724271609375 0.358714940625 0.7722482703125 0.3647895921875 0.77685469375 0.381186028125 0.7743537968750001 0.399235565625 0.7662942875 0.40083146562499994 0.759644275 0.3962955171875 0.7472964390625 0.40005929531250006 0.7449103953125 0.4088137828125 0.744998790625 0.42800445624999994 0.7401626640625001 0.42672032499999996 0.734210784375 0.4031338796875 0.7108229875000001 0.39514874375 0.7068638875000001 0.3487822625 0.7125770390625
2 0.24517849218749999 0.6835332078125 0.209682815625 0.7297164953124999 0.2107667546875 0.73184848125 0.2309841671875 0.728052940625 0.235660290625 0.7245246890625 0.26349105625 0.717594159375 0.30631973281249997 0.700028059375 0.29037805781250003 0.6926555578125 0.27794277031250003 0.67798571875 0.250824159375 0.6799541437500001 0.24517849218749999 0.6835332078125
2 0.65516596875 0.93783446875 0.6485221625 0.9409186453125 0.66107184375 0.95777128125 0.694020953125 0.990517965625 0.9218224140625001 0.978579396875 0.9321778046875 0.9736591109375 0.9481738578125001 0.9635184265625 0.9316888046875 0.9457776390625 0.8950979140624999 0.915410603125 0.8576232750000001 0.886731478125 0.84869719375 0.8833688890625 0.8390303609374999 0.884422703125 0.7096863640625 0.9207500281250001 0.697339690625 0.926321871875 0.65516596875 0.93783446875
8 0.5130929625 1 0.5832828890624999 0.9963215015625 0.5899862390624999 0.9926870062500001 0.5890138765625 0.9741332328125001 0.5686792484375001 0.9571413906249999 0.5511416734375 0.9564189031250001 0.502409940625 0.972652775 0.4988749546875 0.9794044124999999 0.5026701499999999 0.996168653125 0.5079014609375 1 0.5130929625 1
1 0.411679309375 0.8367778796875 0.402610234375 0.83068679375 0.4024100421875 0.8268668984374999 0.37674151562499997 0.800852228125 0.37634113125 0.793212440625 0.371350421875 0.790738003125 0.374058859375 0.7867656734375 0.3711502296875 0.7869181078125 0.3704094765625 0.7913345125 0.3645636171875 0.791093684375 0.3502492609375 0.7962214515625 0.3249009609375 0.813418640625 0.302973253125 0.8216813984375 0.28343657499999997 0.8013645500000001 0.2571159125 0.8000079671875 0.1565694046875 0.8107493671875 0.11445288125 0.8233533625 0.10892160937499999 0.829115225 0.1093791921875 0.8378464109375001 0.15877997500000002 0.9085819578125 0.1928940375 0.9658915 0.2010221703125 0.9725790968749999 0.21288547812499997 0.9763349515625 0.22363625156250003 0.9774131203125 0.24006128906250002 0.9754579250000001 0.25697250625 0.9827796171875001 0.35783078437500004 0.9594363234375001 0.40305894843749995 0.9691043718750001 0.40460046875 0.9799675453125 0.40845004218750003 0.9792185984374999 0.41252840781250005 0.9828352468749999 0.4192866125 0.9819338656250001 0.44035917343750003 0.9759047171875 0.44403715312500003 0.9718815765625 0.43995878906249997 0.9682649296875001 0.441999928125 0.9515598000000001 0.458234296875 0.945966428125 0.46804412500000003 0.9476411078125 0.476712815625 0.94609240625 0.504798153125 0.9254685859375 0.5035140218749999 0.9195167062499999 0.47807710625000005 0.9164722140625001 0.41707040468749995 0.84689210625 0.411679309375 0.8367778796875
1 0 0.2313136328125 0.01737975625 0.23254212343749997 0.042018721875 0.23891162187499998 0.0583865625 0.23586502812500001 0.1011064796875 0.25332530000000003 0.1166219921875 0.2711168984375 0.12052876406249999 0.2714593515625 0.1578720921875 0.186328175 0.1606635078125 0.1653883578125 0.1734621234375 0.13133853281250002 0.15495500625 0.13066685625000002 0.1483111984375 0.1337510328125 0.13103665 0.17514900625000002 0.10294849531250001 0.1771682421875 0.076456240625 0.17253746406249998 0.05897586406250001 0.17290637343749998 0.052987009375000005 0.1699370484375 0.059742395312499995 0.150431084375 0.0722578421875 0.12952885 0.06997556875 0.12308208437499998 0.0221819625 0.12011486093749998 0 0.11615946875000001 0 0.2313136328125
7 0 0.2299680875 0.022141675 0.23065096875000002 0.0410463609375 0.2203578484375 0.0481964921875 0.1712825046875 0.0649018796875 0.1375751328125 0.0759072234375 0.1249600109375 0.0893664328125 0.12206585156250001 0.10105815 0.122547509375 0.1342228140625 0.12463981093750001 0.1715516359375 0.1319858546875 0.1840127046875 0.1285968078125 0.24261428125 0.1337335984375 0.2620337453125 0.133263065625 0.2797058578125 0.08090029843749999 0.28709041874999996 0.073399715625 0.294958340625 0.056571435937500004 0.298178740625 0.0438171078125 0.294812528125 0.0352383546875 0.3043363671875 0.03145604375 0.3258379125 0.033612384375 0.327662603125 0.031327964062500005 0.325580521875 0.028701090624999998 0.310894378125 0.02673476875 0.303907384375 0.0232705546875 0.30878593125 0.009334931250000001 0 0.0255177171875 0 0.2299680875
7 0.48690703593749995 0 0.345852315625 0.007392364062499999 0.3461383046875 0.0128493578125 0.36943875937500004 0.030780162500000003 0.3550100046875 0.0337251328125 0.35147501875 0.040476768749999996 0.372293009375 0.0481409140625 0.37699773125 0.045158359375 0.40731096093749997 0.0484944921875 0.43192132812499995 0.054318290625 0.4449543734375 0.0618432296875 0.46560077031249997 0.0662331765625 0.49767585625 0.028984321875000003 0.5125567546875 0 0.48690703593749995 0
7 0 0.513092959375 0.0025741375 0.562210425 0.043179178125 0.557867240625 0.06818711093749999 0.5527262453125 0.07183649375 0.5481574046875 0.061797875 0.5421171296875 0.06145468750000001 0.535568740625 0.07585484218750001 0.5320780703125 0.084151746875 0.5234352765625 0.084008753125 0.52070678125 0.077164753125 0.5199710640624999 0.078589059375 0.51004685625 0.075537434375 0.50747079375 0.111264721875 0.484257684375 0.14043681562500002 0.4843704328125 0.170727084375 0.5243700359375 0.1900349703125 0.540321290625 0.202753428125 0.5418435359375 0.2176655453125 0.52957086875 0.24454972656249999 0.48602768125000007 0.24771292812499998 0.4721819546875 0.24163827968749998 0.46757553281249997 0.25010677812500004 0.462206934375 0.25321278125 0.447269809375 0.21964491718749998 0.41893313593750003 0.197514196875 0.40477141406249995 0.1727322359375 0.39567342031249997 0.146465953125 0.3768036515625 0.1660227734375 0.3418524453125 0.16485303906249998 0.33808336250000004 0.15786604375 0.33461915000000003 0 0.33579818281249996 0 0.513092959375
7 0.08632767031250001 0.7690131453125 0.0895194703125 0.7557131187499999 0.05911480625 0.71353071875 0.0406620671875 0.69534585625 0.03376086875 0.693518740625 0.0165407 0.7174035265625001 0.0123507578125 0.7302086671875 0.017513060937499998 0.7359573 0.011818368749999999 0.73860088125 0.013240142187500002 0.7657299265625 0.026215990625 0.772163465625 0.0264733796875 0.7770747578125 0.0421604828125 0.798140553125 0.05622026875 0.8067060765624999 0.063976615625 0.8062995828125 0.0786885390625 0.79020701875 0.0848747640625 0.7783916546875 0.077773375 0.7727446453125 0.0794836703125 0.768277428125 0.08632767031250001 0.7690131453125
2 0 0.2682521234375 0.008233340625 0.2806276921875 0.018271959375 0.2866679671875 0.08069451250000001 0.2905101140625 0.1098380078125 0.2900771640625 0.11690798124999999 0.27657389062500004 0.0948316390625 0.24489898281250003 0.03717100625 0.2391656796875 0.0323804875 0.2405111359375 0.020631573437500002 0.23893807812499998 0.015869653125 0.2408292359375 0.0100552125 0.2597386890625 0.0054362874999999995 0.26435834062499997 0 0.26464324375000003 0 0.2682521234375