2 0.644902978125 0.2108202125 0.636618528125 0.276442153125 0.6376288078125001 0.28798311875 0.6423473359375 0.30067576093750004 0.6386756421875 0.30909935 0.636087334375 0.348214434375 0.6453011828124999 0.357313328125 0.6529678515625 0.3548431140625 0.6608942859375 0.3782345609375 0.6681106453125001 0.38435676406249997 0.6978035984375001 0.37251021562500003 0.7095230515625001 0.292708271875 0.712511634375 0.24595548437499998 0.71165145625 0.23155038125 0.6814755296875 0.2012488796875 0.673422065625 0.20082681562500002 0.663144015625 0.22230686875 0.6571015203125 0.214331515625 0.6526562359375 0.216970553125 0.649785090625 0.21011873749999999 0.644902978125 0.2108202125
2 0.7934999640625 0.7346113828124999 0.806749228125 0.7180737171875 0.81218171875 0.706870403125 0.820098559375 0.699626628125 0.8240204265625 0.686429475 0.8224597687499999 0.6853903484375 0.7548933718749999 0.7316307609375 0.7496205781249999 0.7706051578124999 0.752591790625 0.7755475484375001 0.7575239375 0.7738913609375 0.78137453125 0.750250609375 0.78685705625 0.73809258125 0.7934999640625 0.7346113828124999
2 0.7921625171875 0.7498586484375 0.75970808125 0.7835791765625 0.7791960921875 0.8123632140625 0.7818670984375 0.823033878125 0.7804430625000001 0.8296605921875001 0.7734999484375 0.83887006875 0.7716256031250001 0.8540891984375 0.781999834375 0.8718649171875 0.792437578125 0.8781559453125001 0.7956955203125 0.8879000359375 0.7993037000000001 0.8909611375 0.8075573 0.8875643515625 0.8119756234375 0.9059852703125 0.816944325 0.9139043484375 0.8475474875 0.9155081921875 0.8531166015625 0.911970715625 0.8564015015625 0.9006548515624999 0.8676763515625 0.9012457421875 0.8727586015625001 0.8967254171875 0.87748101875 0.868252859375 0.8816395765625 0.860812121875 0.8868988906249999 0.8323677015625 0.8924314499999999 0.8192549625 0.8947426234375 0.805973396875 0.902272671875 0.7958373437499999 0.9099258609374999 0.8038971109374999 0.9136379968749999 0.7638835875 0.9101298859375 0.7589130625 0.90143945625 0.760372284375 0.8991552421875 0.7525938953125 0.9068989078125 0.7281090156250001 0.90693935 0.6965190812500001 0.9105244562499999 0.679474940625 0.9020976765625001 0.665630621875 0.8883019234375 0.6515049281249999 0.8828328796875 0.6531329765625 0.8802984953124999 0.6501281515625 0.854413859375 0.6612169484375 0.838480109375 0.677613925 0.7921625171875 0.7498586484375
2 0.605202215625 1 0.6025508234375 0.9984019546875 0.605348859375 0.9861032390625001 0.60930728125 0.9824813515624999 0.6146666656249999 0.9521275062500001 0.6212595390625 0.9496010203124999 0.6266419953125 0.9393524171875001 0.632415134375 0.8908308921874999 0.631104646875 0.885018203125 0.6029358 0.8883286125 0.5961928234375 0.8937192375 0.5704582921875 0.901943896875 0.52764310625 0.907358728125 0.52524534375 0.9120197421875 0.5241311078125 0.9435533984375001 0.5270118453125 0.9810404359374999 0.5271059140625 1 0.605202215625 1
2 0.5179059734375 1 0.5194491328125 0.940436021875 0.5168050859375 0.9087054015625 0.5061806828125001 0.8957032453125 0.4771612515625 0.9152437703125 0.471497775 0.9924910890625 0.47346882656249994 0.9992957328125 0.48690704218749997 1 0.5179059734375 1
2 0.56964815 0.88658408125 0.581209725 0.891976671875 0.5889081515625 0.8837641140624999 0.5977669624999999 0.884228384375 0.6232648015625 0.8702473109375 0.6261494265625 0.8665691484375 0.6258126671875 0.8627221609375001 0.61263080625 0.826609934375 0.60843569375 0.824475409375 0.5782423984375 0.8458690828125001 0.573883703125 0.8571286734375001 0.572796428125 0.867602375 0.568301109375 0.8711961265625 0.56964815 0.88658408125
7 0.4011032515625 0.31196606718750003 0.31116421875 0.33310060625000004 0.30935338749999997 0.33683504375 0.30785235625 0.3654764265625 0.3060163828125 0.5032364390625 0.3096476359375 0.5264027828125 0.30602208750000004 0.5750368578125 0.3069514859375 0.649757690625 0.3110965625 0.6528469296875 0.3357572984375 0.6445659953125 0.338641925 0.6408878328125 0.339679165625 0.6313688421875 0.3527148109375 0.62918000625 0.35631339687499997 0.6016058875 0.36226930625 0.6009606875 0.367501659375 0.593576225 0.401102996875 0.5790625015625 0.41794696093750006 0.5761159171875 0.42145118437500007 0.6222516421875001 0.3994249015625 0.6316279781249999 0.39038423125 0.6397701921875 0.3883232296875 0.6482781937500001 0.39027068125 0.6522095953125 0.3936748359375 0.7002547453125 0.39863005625 0.7187038015625 0.3986666109375 0.7282790671875 0.40877718906249993 0.761358328125 0.41369585625000005 0.77023211875 0.4427383609375 0.7707968375 0.4827324359375 0.7575754796874999 0.515460115625 0.7391866296875 0.535302253125 0.720122478125 0.5383369828125 0.7135801765625 0.538100290625 0.7078237625 0.529436821875 0.68822303125 0.5277895734375 0.6785633546875001 0.49769064375000005 0.6262471828125 0.5420107484375001 0.551025771875 0.545468825 0.5569510109375 0.5500642109375 0.5514478359375 0.5539591171875 0.5593106375 0.5587911953125 0.5595638765625 0.5753984671875 0.5508608796875001 0.5878684359374999 0.45673824375 0.5944055734375 0.3833660484375 0.6043372687499999 0.32740378593749997 0.6075760234375001 0.27587743593749997 0.5977252078124999 0.26865983125000004 0.589034778125 0.27011905468749997 0.495287428125 0.2920113421875 0.474871840625 0.3014720921875 0.46252319531249997 0.3008249265625 0.430782721875 0.3106494984375 0.4011032515625 0.31196606718750003
7 0.7115280609375 0.48045099843749994 0.7162100375 0.48356837500000005 0.74482919375 0.47166555312499997 0.747650303125 0.47947207968749994 0.7431049515625 0.4840205421875 0.7428547796875 0.48879410625 0.751131453125 0.5055025625 0.77271701875 0.5353538624999999 0.8037666031249999 0.5695304890624999 0.818849771875 0.56936363125 0.8220346031249999 0.5599571906249999 0.8247190906249999 0.5600978796875 0.8280270640625 0.56888725625 0.837791290625 0.5674843093749999 0.8571330843749999 0.557967284375 0.8751143578124999 0.5435922843750001 0.8806469171875 0.5304795453125 0.875104765625 0.5129570625000001 0.8278116296875 0.4702704671875 0.8357458390625 0.411331515625 0.837706771875 0.4047329390625 0.845960375 0.4013361515625 0.848981621875 0.40532382812499995 0.8480444500000001 0.41293339375000004 0.85173921875 0.42461504687499996 0.8728418078125 0.412318296875 0.8809453062499999 0.41178565 0.88334306875 0.40712463593750003 0.931706365625 0.2239362703125 0.941961340625 0.1823509734375 0.9417746843750001 0.1756398484375 0.928989209375 0.17305511875 0.7573512671875 0.2224573875 0.75763799375 0.2272590875 0.7473464625 0.2592691203125 0.730417728125 0.3665607703125 0.7104177125 0.4708194578125 0.7115280609375 0.48045099843749994
7 1 0.325866053125 0.9879053656250001 0.36378043125000004 0.9943346562500001 0.37464806093749997 0.9945213140625 0.3813591890625 1 0.38619385624999997 1 0.325866053125
7 0.6943188124999999 0.120548496875 0.682957375 0.11133705468749999 0.6884668625 0.078119071875 0.70589775625 0.0742459125 0.7166415953125 0.010667531249999999 0.6209304046875 0.0056515203125 0.6124005796875001 0.0913646375 0.619280178125 0.09363985 0.6312920625 0.0904400265625 0.6346866265625 0.1078499578125 0.6323889312500001 0.1106015453125 0.633749453125 0.115459521875 0.6611543046875 0.1369997828125 0.6816064453124999 0.1371143 0.69670309375 0.12641746250000002 0.6943188124999999 0.120548496875
7 0.423956553125 0 0.418239896875 0.11852516875 0.4517276859375 0.11645085 0.4527745203125 0.13756708125 0.45076355156250003 0.14512036875 0.456405775 0.160733425 0.4677672109375 0.1699448671875 0.5017418625000001 0.1688533984375 0.52269435 0.1594207875 0.5173388546875 0.1486094328125 0.5018323390625 0.1363087515625 0.50885245 0.1050846078125 0.5386820250000001 0.1009039 0.5489617203125 0.0018798015625 0.5130929640625 0 0.423956553125 0
7 0.16229689375 0 0.167941659375 0.148487665625 0.1758450203125 0.15177386875 0.2102699828125 0.1420899859375 0.23174588593749998 0.14321548906249998 0.2311002359375 0.17094436562499998 0.2193568 0.174158259375 0.216895521875 0.1903039609375 0.2217641546875 0.200132465625 0.230978003125 0.20923135624999997 0.25523846250000004 0.20858812499999999 0.2939085703125 0.20008405312500002 0.2963063328125 0.195423040625 0.29606964062499996 0.1896666265625 0.29125104375 0.1788834109375 0.280426503125 0.16970010625 0.2930657609375 0.1339837734375 0.32279526718749996 0.13171249062499998 0.325193028125 0.127051478125 0.32846263124999997 0.013299971875 0.328411859375 0 0.16229689375 0
1 0.3650933 0 0.35966620625 0.0034472640625 0.347877534375 0.0229334796875 0.3408709046875 0.043627646874999995 0.3302021703125 0.10338062343750001 0.33102579374999996 0.1082104609375 0.3400895390625 0.120173490625 0.4161057875 0.107882640625 0.42108226406249993 0.033471320312500004 0.419871846875 0.02574920625 0.41052137499999997 0.008984475 0.40022743906249997 0 0.3650933 0
1 0.5697297921875 0.022114909375 0.5649485046875 0.0027176343750000003 0.54908138125 0.0018860734375 0.542217096875 0.08481447187499999 0.5687752500000001 0.08141965 0.5710633515625 0.048032840625 0.5697297921875 0.022114909375
1 0.12103143125 0.1498585453125 0.12356581562499999 0.15286337187500001 0.16535724062499998 0.146437553125 0.1666485421875 0.0909798 0.16172416875 0.010305590625 0.1553314328125 0.0090132265625 0.13783702343749998 0.0243710765625 0.12452424375 0.05239343125 0.11819113437499999 0.0807815765625 0.11719044687499999 0.0998758296875 0.12103143125 0.1498585453125
1 0.24714248749999998 0.3938868109375 0.24938625781249998 0.43325513437499996 0.2501116296875 0.552960015625 0.25321946562500003 0.5655682453125 0.259325478125 0.5620589078125 0.2583787109375 0.5390332515625 0.26068988593750003 0.5257516859375 0.28568738125 0.5213177390625 0.30512924375 0.5098912890625 0.3059049046875 0.36154502499999996 0.3070256734375 0.34015945937500003 0.30965359375 0.3311067671875 0.4012533546875 0.3091019296875 0.40311421875000003 0.304412778125 0.39532440625 0.2886871734375 0.3726650453125 0.258779596875 0.33900408125000003 0.24361281250000003 0.3105850625 0.251696784375 0.2926037890625 0.266071784375 0.2776937984375 0.28347975000000003 0.258061390625 0.3293602703125 0.24714248749999998 0.3938868109375
1 0.5490119250000001 0.1914347515625 0.527545615625 0.2209444671875 0.517354153125 0.2510450734375 0.5113847640625 0.2622202515625 0.5103340421875 0.28226921875 0.513455359375 0.28434746875 0.600022903125 0.26590824375 0.608899990625 0.271160146875 0.6100603734375001 0.2798369734375 0.6069756109375 0.2873339875 0.6098467546874999 0.294185803125 0.6054745796875001 0.3159753703125 0.606098065625 0.3246240609375 0.6035502 0.33214921249999996 0.6007252015625 0.3655078828125 0.5962799171875 0.36814692031249996 0.5941919546875 0.397714878125 0.5943786109375 0.4044260046875 0.6105355734375 0.4043154203125 0.6125195796875 0.4178220875 0.6152541015625 0.4170080609375 0.61757875625 0.39319651875 0.622145365625 0.29578767968749997 0.62169894375 0.263214896875 0.618167759375 0.2381391265625 0.61185201875 0.21483209531249997 0.5994802984375001 0.1940796875 0.5839237500000001 0.1827337171875 0.565619196875 0.182731753125 0.5490119250000001 0.1914347515625
1 0.721269465625 0.191846371875 0.7126251828125 0.23351608124999998 0.70536060625 0.341314209375 0.702125740625 0.35167536093749996 0.7017119843749999 0.369843040625 0.703996196875 0.37762143125000003 0.706880821875 0.37394326875 0.710693028125 0.3320203203125 0.71592538125 0.32463585781250004 0.7200204234375 0.3286798078125 0.727536990625 0.329073734375 0.737014490625 0.322869084375 0.7458223578125 0.267805259375 0.74504876875 0.2620207078125 0.7499443625 0.2507892546875 0.7496576359375 0.24598755468750003 0.7574378562499999 0.23107793906250002 0.7561774046874999 0.2243105375 0.763557346875 0.21703862499999999 0.807846603125 0.20404236718750002 0.8089473593750001 0.1830386859375 0.7993371234375 0.1404122984375 0.786815303125 0.122524028125 0.7740798640625 0.1189845875 0.7642656046875 0.12134224843750001 0.7503428203125 0.1301859359375 0.736843384375 0.1514971640625 0.721269465625 0.191846371875