8 0.3203824234375 0.95639371875 0.3156252578125 0.9452255234375 0.305343459375 0.9448664750000001 0.2958676796875 0.95090519375 0.2945567484375 0.9589662046875 0.303285259375 0.9743264796875 0.31124814375 0.982132284375 0.317356634375 0.984082765625 0.3237478734375 0.9779363328124999 0.3203824234375 0.95639371875
8 0.1538669234375 0.47748975 0.1598340375 0.48348869062500005 0.168079671875 0.4831975796875 0.1684836015625 0.4716305546875 0.1645122578125 0.46743847812499995 0.1572342140625 0.4695005484375 0.1538669234375 0.47748975
8 0.5388762296875 0.3890206359375 0.5306305953125 0.38931174999999996 0.5094813 0.40536583593750003 0.5113962843750001 0.40948610468749996 0.5246818359375001 0.412266271875 0.5401449281249999 0.4116481421875 0.5455685781249999 0.40373074999999997 0.54393634375 0.391513565625 0.5388762296875 0.3890206359375
7 0.3509890328125 0 0.3354582328125 0.0530130609375 0.324465878125 0.1319599328125 0.3143236140625 0.15708424062499998 0.31309162968750004 0.1923636609375 0.325227821875 0.19857803125 0.343654275 0.20153772499999997 0.41556627500000004 0.205786115625 0.42780345156250005 0.2091087296875 0.43407351250000004 0.206432403125 0.46491890937499997 0.20750954843749997 0.49459474999999997 0.2125992453125 0.5644705875 0.21619747656250002 0.5686640921875 0.2140276921875 0.5923159109375 0.1557898734375 0.5919542125 0.1366683796875 0.5982040796875 0.134570403125 0.6037691046875 0.122604553125 0.6029832828125 0.115628434375 0.5898189078125 0.10937815937499999 0.5992340984375 0.10507449375 0.586069725 0.09882421875 0.5986116874999999 0.06393975156250001 0.60952875625 0.0608466453125 0.6265341156249999 0.060282371875 0.6296994421875 0.05807668125 0.6422414046875 0.0231922140625 0.6271014578125 0.014556725000000001 0.6386739890625 0.0074331125 0.6481999546874999 0.004870484374999999 0.5087275265625 0 0.3509890328125 0
7 0.0968029625 0.313361228125 0.09755023125 0.291962234375 0.0883572015625 0.2899040375 0.044105075 0.2895168328125 0.038742015625 0.2956991703125 0.0360595640625 0.313556246875 0.0383362453125 0.3367980078125 0.067105084375 0.33838169375 0.077306096875 0.3410541484375 0.085794090625 0.333822821875 0.0968029625 0.313361228125
7 0.0587768234375 0.3705180265625 0.0637359546875 0.3759027109375 0.08645689375 0.3738008625 0.0920825078125 0.36009995781250004 0.08613559062500001 0.3535226671875 0.0336984171875 0.3516915203125 0.02698219375 0.3966233859375 0.0299859484375 0.39904450625 0.04024755 0.3999819046875 0.044521840624999996 0.395498715625 0.047163898437500004 0.37879834218749997 0.053534940625000006 0.3732302578125 0.0587768234375 0.3705180265625
7 0.0206478625 0.460098396875 0.031917446875 0.4616500515625 0.039639815625000005 0.4468642546875 0.040629442187499996 0.418525046875 0.0272833 0.41747993437500003 0.024138170312500002 0.4191072734375 0.0206478625 0.460098396875
7 0.0420156390625 0.496746075 0.034002262500000005 0.49038614843749995 0.0333679140625 0.47907239687500003 0.0210297546875 0.47864153906249995 0.01786443125 0.48084722968750004 0.014475103125 0.518946596875 0.0504815953125 0.519624915625 0.054675101562499995 0.5174551296875001 0.05536178125 0.497791190625 0.051329846874999994 0.495334165625 0.0420156390625 0.496746075
7 0.014713781249999999 0.5710700109375 0.0230402015625 0.56846549375 0.027397118749999998 0.5321370859375001 0.014010584375 0.5322486734375 0.008605290625000001 0.5691195296875 0.014713781249999999 0.5710700109375
7 0.053424759375 0.5237810875 0.0349377171875 0.52255645 0.030764409375000003 0.524147884375 0.0273567265625 0.5332937875 0.024108775 0.5673446984375 0.0260035625 0.5720433171875 0.04039808125 0.572545984375 0.0487447 0.5693631156250001 0.053424759375 0.5237810875
7 0.0450946578125 0.585449234375 0.029671960937500002 0.5849106625 0.0213455390625 0.5875151796875 0.016988621875000002 0.6238435875 0.019951982812499998 0.627421409375 0.0312417640625 0.6283947140625 0.037431040625 0.6280317921874999 0.0395883828125 0.6252118453125 0.0450946578125 0.585449234375
7 0.07160149375 0.651808253125 0.06676354062499999 0.6429534593749999 0.0441233875 0.6427419046875 0.015172779687499999 0.646363378125 0.0099088609375 0.6791857765625 0.013819615625 0.6851129078125 0.0303108875 0.6845306828125 0.037409004687500004 0.6581419562499999 0.06631921874999999 0.6556771859375 0.07160149375 0.651808253125
7 0.0899985921875 0.478733759375 0.09834520937499999 0.47555088906250004 0.11280031718750001 0.474318503125 0.1073785078125 0.4527040828125 0.09116998750000001 0.44518938906249994 0.0736505375 0.4457357109375 0.0696589953125 0.44212198437500005 0.0663926875 0.4472194296875 0.0437323390625 0.44758622656249997 0.03834908125 0.45434691562499996 0.035646434375 0.47278234374999994 0.0338305921875 0.495302134375 0.0378221328125 0.4989158609375 0.055341584374999996 0.498369540625 0.061128770312500004 0.4800418265625 0.0899985921875 0.478733759375
7 0.11139392343750001 0.396675828125 0.10435823749999999 0.391797684375 0.10585093593749999 0.3785315109375 0.0801666359375 0.377055540625 0.06768710156249999 0.3806731390625 0.0610314671875 0.423869953125 0.06391404375000001 0.42976117968749994 0.0750826453125 0.434204590625 0.08227990625 0.43445592499999997 0.10201728750000001 0.42935460625 0.11139392343750001 0.396675828125
7 0.1829809421875 0.439709653125 0.1862674453125 0.43403385468750005 0.19979535625 0.42987380937499997 0.24828138125 0.42693452656249997 0.2535673359375 0.36400196406249996 0.26538406718749996 0.320406321875 0.2614733109375 0.3144791921875 0.2133306265625 0.307586503125 0.1844406078125 0.3094729234375 0.131056040625 0.30529246875 0.1256121953125 0.3137882109375 0.11352922968750001 0.42396604687500006 0.1227020625 0.42660259375000004 0.13098809218750002 0.42515477968750004 0.1400599421875 0.430683084375 0.139857978125 0.4364665953125 0.1829809421875 0.439709653125
7 0.13160870625 0.171549728125 0.0925984609375 0.168450290625 0.08223035468749999 0.25900009062499996 0.0923505828125 0.2639859484375 0.1149907359375 0.2641975046875 0.12944584374999998 0.26296511875 0.132631365625 0.2601810765625 0.144853865625 0.17548659687499998 0.13160870625 0.171549728125
7 0.1807428578125 0.12057139218749999 0.1860251328125 0.11670245937499998 0.1942322140625 0.088036234375 0.2026798140625 0.081961609375 0.1909273546875 0.06475856875 0.1694163625 0.061691162499999994 0.1623200875 0.058548071874999996 0.16224113906249998 0.0313296625 0.1109129328125 0.027221015625 0.09802395 0.131001084375 0.10100750624999999 0.1340005546875 0.14921078125 0.1391581875 0.151630678125 0.12881967656249999 0.16326380000000001 0.1199610109375 0.171549828125 0.1185131953125 0.1807428578125 0.12057139218749999
7 0.171526565625 0 0.164477428125 0.055728124999999996 0.1694769515625 0.059956107812500006 0.19608845 0.064359740625 0.20131013593749997 0.0622258609375 0.208345821875 0.0671040046875 0.2616899953125 0.0724411625 0.3034212453125 0.0860586359375 0.314912990625 0.0812484265625 0.321061875 0.0820422078125 0.3252755765625 0.07929407187500001 0.3310021734375 0.06270141093750001 0.3406817578125 0.0213473640625 0.3409847046875 0.012672098437500001 0.3318320671875 0.0094571984375 0.33321028125 0 0.171526565625 0
7 0.1572067 0.2639345484375 0.1643433703125 0.2659209359375 0.1695650546875 0.26378705468749997 0.1848665734375 0.2677957359375 0.202466809375 0.264936009375 0.23639674687499998 0.26612086874999996 0.23964285625 0.2616017734375 0.24798947500000001 0.25841890625 0.253534303125 0.2470314078125 0.2565802890625 0.21876400937499998 0.263294675 0.20336395624999998 0.27440636875 0.150478790625 0.28275298437499996 0.1472959234375 0.29297419375 0.149390025 0.295434484375 0.1378948109375 0.2709399359375 0.1318279359375 0.22485360937499999 0.12500705625 0.1898752984375 0.12436464375 0.17251741874999998 0.120284153125 0.16118724375 0.12046755312499999 0.1558847734375 0.12491483750000001 0.1533033046875 0.13988015781250002 0.1490290125 0.1443633484375 0.1336999375 0.259060278125 0.1356351203125 0.2626021953125 0.14480795156249998 0.26523874375 0.1572067 0.2639345484375
7 0.3039591453125 0.5128420218749999 0.3234137765625 0.51583761875 0.331497840625 0.520173315625 0.3408524421875 0.5176047031250001 0.3712737109375 0.5308272234375 0.3785113640625 0.5299218546875 0.398872996875 0.5364234625 0.41324731875 0.5375044812499999 0.4230462421875 0.52221214375 0.42552672812500003 0.5101385781250001 0.458489071875 0.5095524796875 0.4637713484375 0.50568354375 0.4773616859375 0.47025662968750004 0.4777050265625 0.460424659375 0.48415685625 0.4525431734375 0.5374900328125001 0.310799609375 0.530413953125 0.30707816875 0.5047498499999999 0.3050238453125 0.370078484375 0.2997419609375 0.33215700937500003 0.294943375 0.2910298140625 0.2935071828125 0.2823802484375 0.30536531718750004 0.23734961562499998 0.5041463453125 0.2444055 0.5084461359375 0.25069575781250003 0.505191459375 0.27321473281249997 0.508873121875 0.29482670624999996 0.5090487703125001 0.3039591453125 0.5128420218749999
7 0.35590056406250004 0.705744484375 0.361102053125 0.7041889546875 0.3857581734375 0.705629021875 0.3786618953125 0.7024859328125 0.42078239687499996 0.6165192890625 0.43667145312500005 0.5742239703124999 0.4326597171875 0.57118859375 0.3204871296875 0.5701667234375 0.281476884375 0.5670672875 0.24438162343749997 0.5680881171875 0.220511325 0.57362416875 0.1848389734375 0.7107729546875 0.18927299687500002 0.7311947703125 0.34279493906249997 0.727290971875 0.35214954062500003 0.7247223578125 0.35590056406250004 0.705744484375
7 0.06644591718750001 0.5636116343750001 0.070861584375 0.5550799875 0.081466525 0.546185415625 0.09684883125 0.5478806921875 0.10723161249999999 0.545347984375 0.14432687187499998 0.5443271515625 0.144650015625 0.5350735328125 0.15430756406249999 0.5238296546875 0.151748134375 0.5086848078124999 0.1335640390625 0.49878490312499996 0.13787872343750002 0.49314501093749996 0.15346299375 0.489056775 0.1496734171875 0.4796595359375 0.11578387500000001 0.4773179734375 0.066289865625 0.4796430015625 0.06207616406250001 0.48239113749999996 0.057377746875 0.49901970156250003 0.0534229203125 0.5533129015625 0.0480800546875 0.558916890625 0.0519706125 0.565422371875 0.056184315625 0.5626742359375 0.06644591718750001 0.5636116343750001
7 0.0682764359375 0.6291089359375001 0.072328565625 0.630987609375 0.113677921875 0.6260619390625 0.12033171718749999 0.6123969406249999 0.1373480953125 0.5967775859375 0.124082740625 0.5934190671875 0.116241034375 0.58214315625 0.1296679609375 0.580874865625 0.1328534828125 0.5780908234375 0.13900236562499999 0.5788846046875 0.1394466890625 0.566160878125 0.12499158125000001 0.5673932625 0.095234953125 0.5646169703125 0.0868883359375 0.5677998390625 0.051869631250000006 0.568314128125 0.0419476890625 0.6166083875 0.041624546875 0.62586200625 0.04563628125 0.6288973828125 0.058962228125 0.630520846875 0.0682764359375 0.6291089359375001
7 0.070492528125 0.6540857515625 0.0415823125 0.6565505234375 0.0353526453125 0.658070146875 0.029402046874999997 0.7105564859375 0.0385748796875 0.7131930343749999 0.06643671718750001 0.7112707078125 0.06944047187499999 0.7136918265625 0.07970575468749999 0.6555655984375 0.070492528125 0.6540857515625
7 0.0298243328125 0.727942925 0.025529843749999996 0.7330044671875 0.0200841578125 0.771032025 0.023027321875 0.7751881984375 0.041473970312500004 0.7775695390624999 0.0549816828125 0.7739878421874999 0.06480264375 0.7285853390625 0.0298243328125 0.727942925
7 0.0955415375 0.8211496828125 0.089614815625 0.813994040625 0.0939900890625 0.80661909375 0.078607784375 0.8049238187500001 0.0735678671875 0.8018525406249999 0.0581047765625 0.8024706687500001 0.0492752828125 0.7900021515625 0.031695243750000004 0.792283525 0.01824811875 0.7941301671875001 0.016110975 0.7963717609375001 0.011653075 0.8355919281249999 0.016551615625 0.842711665625 0.043405471875000004 0.840175084375 0.051994446875 0.8300520015625 0.0955415375 0.8211496828125
7 0.0933805140625 0.8830332593750001 0.118379975 0.8746413562500001 0.12892432812500002 0.8674818390624999 0.12404598281250001 0.8597837500000001 0.12940904375 0.8536014109375 0.14515488593749998 0.844886365625 0.1390867875 0.8417791796874999 0.1392887515625 0.8359956687500001 0.15174808906249998 0.83295641875 0.1564061140625 0.8174845578125 0.10792008906249999 0.8204238390624999 0.060280475 0.8286041859375001 0.048808924999999996 0.8328360437500001 0.03882639375 0.88286535625 0.0416281828125 0.8910699859375001 0.058119453125 0.8904877625 0.075861065625 0.8835795796875001 0.0933805140625 0.8830332593750001
7 0.1068441546875 0.9396718953125 0.1132152 0.9341038125000001 0.1256745359375 0.9310645624999999 0.1337806375 0.90529009375 0.131825259375 0.9023265296874999 0.11741054375 0.9024022125 0.034772421875 0.9105184984375001 0.02640376875 0.9438115312500001 0.025717089062499997 0.9634754718749999 0.08142056875 0.9602091734375 0.1072866390625 0.956479984375 0.10331529375 0.9522879062499999 0.1068441546875 0.9396718953125
7 0.022147834375 0.9772481859375001 0.0206862234375 0.9835667656249999 0.1105297671875 0.986704171875 0.11381741406250001 0.9758169062500001 0.11196301875 0.9699615843749999 0.10371738281250001 0.9702526984375 0.022147834375 0.9772481859375001
7 0.054153628125 0.797700240625 0.057157382812500004 0.8001213593750001 0.07467683281250001 0.7995750390625 0.0995551140625 0.79465324375 0.11394963281249999 0.7951559109375 0.1409448625 0.788570871875 0.14844506875000002 0.7801469375 0.1445343140625 0.77421980625 0.1728202796875 0.7601521078125 0.1681842921875 0.7455138031249999 0.1765107125 0.7429092875000001 0.1787892328125 0.736619234375 0.1773993578125 0.717461834375 0.1516342703125 0.7182992671874999 0.10298667343750001 0.725865359375 0.098732578125 0.7297701984375 0.085325846875 0.7304601374999999 0.07718119531249999 0.72785949375 0.067846790625 0.7298497562499999 0.057058240625 0.7734813015625 0.054153628125 0.797700240625
7 0.0775245359375 0.718027525 0.170565634375 0.7068001796875001 0.1924621984375 0.6693470984375 0.194136665625 0.650875765625 0.2009116390625 0.633740659375 0.1989764578125 0.6301987437500001 0.16603430937500002 0.6302064921875 0.1278098859375 0.6340831734375 0.10940363125000001 0.6305451296875 0.0896864453125 0.6350681 0.08545254687500001 0.6383945875 0.0705696328125 0.710835975 0.073452209375 0.7167272031249999 0.0775245359375 0.718027525
1 0.2268052203125 0.835577471875 0.260533190625 0.8425458421875 0.28416113125 0.84395000625 0.3025067953125 0.8492231015625 0.307768875 0.84593251875 0.334562140625 0.845130990625 0.342908759375 0.841948121875 0.3705888296875 0.8452309578125 0.3785902671875 0.8814118750000001 0.3826222 0.883868896875 0.46094563906249997 0.8813925046875 0.4628220703125 0.857137659375 0.467015575 0.854967875 0.4874983859375 0.857999375 0.6469268546875 0.861829571875 0.6470682296875 0.8577811140625 0.6430161 0.8559024390625 0.5227190546875 0.8517015750000001 0.5146753859375 0.8462091765625 0.518949675 0.8417259859374999 0.5468721046875 0.83806860625 0.5470134796874999 0.83402015 0.516026709375 0.8369914625 0.5089708234375 0.8326916703125 0.4956871125 0.8003796875000001 0.4877848171875 0.7908388296875 0.48996235468749993 0.7874405328125 0.5210703046875 0.7809991125 0.5841528125 0.7727789875 0.5533074171875 0.7717018421875 0.4664152 0.783722965625 0.430408709375 0.7830446484375 0.4234336109375 0.7764314515625 0.42028848124999996 0.778058790625 0.36990766875 0.7762994546875001 0.2753757109375 0.77126115625 0.27114181249999997 0.77458764375 0.2205186421875 0.7797685203125 0.198563328125 0.789424840625 0.1879179921875 0.7994761140625 0.1874938671875 0.8116214875000001 0.19140462187500001 0.8175486187500001 0.2268052203125 0.835577471875
1 0.172263934375 0.9529584765625 0.186618059375 0.954617846875 0.1906499921875 0.9570748703125 0.22959964843749997 0.9619093609375 0.268771465625 0.9603819890624999 0.2741143296875 0.9547780015624999 0.2932293015625 0.9085419390625 0.2926050515625 0.8969390109375001 0.2699245046875 0.8978841578125 0.25359480625 0.893839571875 0.20619755 0.89507970625 0.1854319890625 0.9001451218750001 0.153073696875 0.9129125 0.14301221875 0.9357234046875 0.1488783515625 0.9446141000000001 0.159986365625 0.950792565625 0.1672442140625 0.9493088453125 0.172263934375 0.9529584765625
1 0.31439704062499996 0.27289809531250003 0.3333265640625 0.290930821875 0.3497168515625 0.2932403515625 0.3588492921875 0.297033603125 0.5006977203125 0.303145171875 0.5060809765625 0.2963844828125 0.5336049953125 0.2156986828125 0.44431491875000007 0.20794815312499998 0.4257470921875 0.20903692031249999 0.3909303515625 0.20376769687500002 0.3405495390625 0.2020083609375 0.3290173984375 0.20797527031250002 0.3247431078125 0.212458459375 0.3266782890625 0.21600037656249998 0.316214721875 0.2208464890625 0.305084671875 0.244778190625 0.30669670937500004 0.257573725 0.31439704062499996 0.27289809531250003
1 0.2882592609375 0.1075333125 0.24898646093750001 0.1119524390625 0.2260029671875 0.12157285468750001 0.22378503749999998 0.1261278546875 0.3130145234375 0.1356134375 0.3158585453125 0.1131295515625 0.307814875 0.1076371515625 0.2882592609375 0.1075333125
1 0.2696785546875 0.31534478125 0.281172140625 0.281002759375 0.2865168453125 0.24586695625 0.2845210734375 0.24406009375 0.2761542609375 0.2478213140625 0.2596629890625 0.2484035375 0.24464238124999999 0.26582975625 0.19625733750000002 0.2658772828125 0.1848665734375 0.2677957359375 0.1845030375 0.27820605625 0.1962353015625 0.29598744843749997 0.21742314999999998 0.30830847499999997 0.2696785546875 0.31534478125
1 0.22498758125 0.5633574671875 0.239361903125 0.5644384859375 0.2435958015625 0.5611119984374999 0.2496253453125 0.5358440718749999 0.24454503437500003 0.5339294921875 0.219848521875 0.533646128125 0.1753540375 0.5401991374999999 0.1500112375 0.558423009375 0.149566915625 0.5711467359375 0.1564410296875 0.5806516875 0.1908740375 0.5969095828125 0.2083328984375 0.5980983156249999 0.22498758125 0.5633574671875
2 1 0.33612620312499997 0.9772682640625 0.33426379375000004 0.967974253125 0.3350973515625 0.9678328781250001 0.33914581093749996 0.9595670453125 0.34001527343750004 0.9504951953124999 0.3344869703125 0.936866303125 0.3415387734375 0.9342848343749999 0.35650409375000003 0.949303603125 0.3686096890625 0.9800682140625 0.3720002390625 0.9997854 0.3674772703125 1 0.3674767171875 1 0.33612620312499997
2 1 0.37865150625 0.966439321875 0.37905204062500003 0.9408560046875 0.37468431406249997 0.9276916296875 0.3684340390625 0.919324815625 0.37219525937500003 0.9148283625 0.38304031250000004 0.9763777796875001 0.3892430609375 1 0.39041824375 1 0.37865150625
2 0.9032999046875 0.32994359218749997 0.8815649109375 0.3627698640625 0.8833991109375001 0.3692035359375 0.8937213015625 0.36840588125 0.90851975 0.3573415265625 0.91565641875 0.3593279140625 0.91356150625 0.3308809921875 0.9032999046875 0.32994359218749997
2 0.8358659562499999 0.6101682937499999 0.8458852 0.6180459078125 0.8542318171875 0.6148630390625 0.8623562734375 0.6180420328125 0.8993909453125 0.61875625625 0.9180395593749999 0.615354084375 0.925135834375 0.618497175 0.9290061968750001 0.625581009375 0.9463861124999999 0.5995513328125 0.931024003125 0.59727770625 0.9124157828125 0.5995231734375001 0.898162640625 0.5949720484375 0.8158880546875 0.5926780125 0.7901027734375 0.5940937984375 0.746939415625 0.5920074421875 0.73087043125 0.6099761078125 0.730708859375 0.6146029171875 0.7367971515625 0.6171317515625 0.771694678125 0.62008756875 0.8358659562499999 0.6101682937499999
2 0.729339178125 0.59486716875 0.7108319421875 0.5942208812499999 0.70244493125 0.598560453125 0.697001084375 0.6070561953125 0.701637071875 0.6216944984375 0.715265965625 0.6146426968750001 0.7203866671875 0.615400571875 0.7291574093750001 0.600072328125 0.729339178125 0.59486716875
2 0.388758246875 0.7671137703124999 0.428756278125 0.7714058140625 0.43704230781250003 0.769958 0.43724427187500003 0.7641744874999999 0.423637415625 0.741116125 0.3944775 0.738939725 0.33045678125 0.7268601125 0.32733184843749996 0.7279091015625 0.3216658421875 0.7427667062500001 0.311081096875 0.7510829265625001 0.307370465625 0.7689040984375 0.3103540234375 0.77190356875 0.32172459062500003 0.77056346875 0.3371068953125 0.7722587437499999 0.388758246875 0.7671137703124999