1 0.9809531890625 0.9349011031250001 0.9878131734375 0.9294686296875 0.9909399015625 0.9025049968750001 0.9897708703125 0.8778228625000001 0.92562126875 0.88428975 0.9202115687499999 0.9024980265625 0.90427479375 0.9135179875 0.8846019984375 0.9109314234375001 0.8752522562499999 0.9046513328125 0.870129346875 0.8951040109375 0.863688475 0.8906016234375 0.8378477562500001 0.8953802468750001 0.8357688062499999 0.8975067328125 0.8393642015625 0.9170664234375 0.843792284375 0.9326056656249999 0.8558385718749999 0.9535555203125 0.8641516062499999 0.9529742171875 0.8672011015625 0.9487987546875001 0.8779377328125 0.9510196421874999 0.8929039609375 0.9420486609375001 0.9809531890625 0.9349011031250001
8 0.9114987984375 0.8575417421875 0.8853134328125 0.857391690625 0.8713866796874999 0.8652994328125001 0.87379920625 0.8998001640625001 0.87698379375 0.9055208078125 0.8857104031249999 0.910853915625 0.9042058640624999 0.912532253125 0.91813261875 0.9046245109375001 0.9234706203125 0.8933551359375 0.9202198718749999 0.8787241218749999 0.9114987984375 0.8575417421875
8 0.5236150796875 0.9173535359375 0.5207034421875 0.9235004703125 0.5194516453125 0.9374557781249999 0.5210425546875 0.9442784171874999 0.526581809375 0.9518155171875 0.5382172890625 0.9589263265625 0.5504814359375 0.951134846875 0.553947275 0.944949159375 0.550354646875 0.9174648359375001 0.54626844375 0.9147789046874999 0.5236150796875 0.9173535359375
8 0.32291663437499996 0.9541705109375 0.32208394687499997 0.9581909578125 0.32672435312500003 0.9608381343750001 0.33932484218750003 0.9817492390625 0.3468768859375 0.9782494828124999 0.3524216765625 0.9699373109374999 0.351456665625 0.9561370171875 0.34903306875 0.9533348265624999 0.32291663437499996 0.9541705109375
8 0.2017548984375 1 0.2117176984375 0.9966157296875 0.2165014984375 0.9853851078125 0.1975896921875 0.9857169953125 0.19708650156250002 1 0.2017548984375 1
1 0.469908203125 1 0.5080008109375 0.9966992578125 0.5222060500000001 0.984809821875 0.5245000906249999 0.9618666359375 0.5221481921875 0.9521255453125 0.5147395421875001 0.9417475015625 0.43645639843749995 0.9531649218749999 0.43264591093749993 0.9544219343749999 0.433404134375 0.9652650203125 0.4452753546875 1 0.469908203125 1
1 0.7437684640625 0.911864465625 0.71592049375 0.911830675 0.6607759859375 0.919648975 0.65841855 0.9257571546875001 0.659730975 0.9365614875 0.6653280890625 0.9767828640625 0.7248372859375001 0.9676688 0.731349853125 0.9652322874999999 0.7353009671875 0.9580221109375 0.73835323125 0.9459220125 0.7377384015625 0.9212011265625 0.7437684640625 0.911864465625
2 0.7111043265625 0 0.7701089234375 0.388594284375 0.8691962500000001 0.5154062296874999 0.977719984375 0.47452495 0.93447666875 0.187428065625 0.85508235625 0 0.7111043265625 0
2 0.6282072421875 0.5988429453124999 0.6038099156250001 0.3009159203125 0.4781657765625 0.16067773125 0.406545128125 0.21958798906250002 0.42867052031249997 0.5551099374999999 0.5538161359375 0.65636204375 0.6282072421875 0.5988429453124999
2 0.414257075 0.6994135265625 0.401705559375 0.44346203281249996 0.2847975375 0.3644424234375 0.243223509375 0.3943005890625 0.24062211875 0.669296196875 0.3869809109375 0.7298567765625 0.414257075 0.6994135265625
2 0.2152875328125 0.74661939375 0.2164698515625 0.521415209375 0.147763375 0.4818298828125 0.11339342187499998 0.5127691796875 0.1177049375 0.7432680484375 0.19887269531250001 0.7794739140625 0.2152875328125 0.74661939375
7 0.21898493437500002 1 0.21816687343750002 0.9773442109375001 0.248441209375 0.9722555578125001 0.24871969374999997 0.9682738640625 0.17625982499999998 0.9673974187500001 0.1504191078125 0.97217604375 0.1475074703125 0.9783229765625 0.14861310781249998 0.9861701046875 0.15720324218749998 0.9855694234374999 0.15801204062500002 1 0.21898493437500002 1
7 0.38667909218749996 1 0.386129590625 0.9597944593750001 0.398543721875 0.958926378125 0.45563326562500006 0.9343238062499999 0.37738516875 0.9239426 0.32140707343749997 0.9389541609375 0.3230660125 0.949935346875 0.35853495625 0.9474551171875 0.3593933625 1 0.38667909218749996 1
7 0.5430671421875 0.986868534375 0.5432305859375 0.998197971875 0.8866499359375 0.9741837515625 0.8825761453125001 0.9488597953125 0.665765928125 0.9830442546875 0.65714431875 0.9107204796874999 0.744047453125 0.8919615421874999 0.7388415515625 0.8812273921875 0.6755573984375001 0.8682139265625001 0.5725787999999999 0.8991951515625001 0.62843408125 0.9206555078124999 0.6369494875 0.9787177625 0.5430671421875 0.986868534375