2 0.6942489234375 0.151597165625 0.6990362218749999 0.16336431875 0.6985384531250001 0.1805435046875 0.7021240343749999 0.2075220828125 0.7093784234375 0.21407425624999998 0.722058234375 0.2172215703125 0.7292446203125 0.2147020625 0.72089131875 0.103343475 0.7169526765625001 0.0794150625 0.7101917046875 0.07181989375 0.6897619109375001 0.0712314984375 0.6894725015625001 0.0994895359375 0.6942489234375 0.151597165625
7 0.7519529781250001 0 0.7561367031249999 0.024233421875 0.7537376140625 0.03852008125 0.7635227453125 0.06506514531249999 0.77174874375 0.1260079921875 0.7800557953125 0.1476139484375 0.782371653125 0.1807322734375 0.9641148921875 0.22853311875 0.9756696874999999 0.22369115781249999 0.9729284125 0.2006875109375 0.956287921875 0.12470142343749999 0.9543558640625 0.105170915625 0.9326418562500001 0 0.7519529781250001 0
7 0.4825396140625 0 0.301408246875 0.012665939062500001 0.304275634375 0.04977966875 0.305470828125 0.0587725265625 0.3099072390625 0.0655217515625 0.4791131953125 0.10411436249999999 0.4978522015625 0.1048209890625 0.517716225 0.113516890625 0.5942183328125 0.13035418593749998 0.6158454953125 0.13186734375 0.6262730999999999 0.12710420312499998 0.626838871875 0.1189966984375 0.6231787625 0.107150725 0.6251524359375 0.10297873906249999 0.6101869515625 0 0.4825396140625 0
7 0.1771843296875 0.3218833921875 0.176054965625 0.3300303078125 0.18468245156250002 0.4696075234375 0.19010134843749998 0.49040694531250006 0.23751137500000002 0.49616815000000003 0.3361384125 0.4973394171875 0.34283138125 0.4958629078125 0.346708546875 0.48651535468749996 0.3325174578125 0.34026773593750004 0.2918004015625 0.3330300203125 0.28504595625 0.301230565625 0.2964603953125 0.2943814328125 0.3009735109375 0.277929959375 0.299355078125 0.27098368125 0.2697695765625 0.2609505875 0.2390547078125 0.25906440937499997 0.234688475 0.25331876875 0.22749991249999998 0.2639063703125 0.2218596078125 0.280436665625 0.2241096390625 0.2964152109375 0.2374934015625 0.30153028437499996 0.234668896875 0.3259316234375 0.206138234375 0.3228842171875 0.20028957187500002 0.32833565937500003 0.1918378140625 0.3208587203125 0.1771843296875 0.3218833921875
7 0.44075664375 0.4869983203125 0.44378297968749997 0.4978801203125 0.4558991953125 0.50106684375 0.49936622656249996 0.499035825 0.5069736781249999 0.5025378328125 0.5523420296875 0.5033993390625 0.56474113125 0.502532309375 0.566714803125 0.49836032656249996 0.550688221875 0.36635995625 0.54512461875 0.3596895515625 0.524765003125 0.36010474062500003 0.5138548562499999 0.325570403125 0.52414210625 0.31880009062500003 0.5273854984375 0.3084883625 0.5322473265625 0.3051229125 0.52309161875 0.29567821250000004 0.5149907484375 0.29321920156250003 0.4737781 0.295092578125 0.4641948 0.3038306515625 0.45996457187499995 0.31622837187499997 0.45953915468749995 0.3263430484375 0.4634777984375 0.350271459375 0.448824315625 0.35129613125 0.438892303125 0.34694818125000004 0.427197153125 0.3497829703125 0.44075664375 0.4869983203125
7 0.7240216015625001 0.5125726828125 0.73754789375 0.5116268328125 0.7227845078125 0.3976910046875 0.719547640625 0.3837984484375 0.701655115625 0.37899865781250003 0.6938436546875 0.34828160937499997 0.7096265046875 0.3391100234375 0.710755871875 0.3309631078125 0.7075168281249999 0.325138646875 0.6894839484374999 0.31833168437500003 0.680536596875 0.31996583749999996 0.6615125296875 0.3313810578125 0.64678451875 0.347538334375 0.6567867078125 0.35288987031249996 0.655231925 0.3711514625 0.6306464296875001 0.36782818281249996 0.6240236390625 0.3703082796875 0.6408945265625 0.5062835812500001 0.7240216015625001 0.5125726828125
7 0.4470921984375 0.5047081671875 0.43828302968750005 0.516417584375 0.4072150984375 0.5175815734375 0.41282930156250003 0.59786841875 0.4143052046875 0.610875621875 0.41740389375 0.6146929109375 0.49750463125 0.6101002156249999 0.4940659328125 0.560924521875 0.4875263703125 0.515999634375 0.47216893750000005 0.51505654375 0.4605439640625 0.5188949203125001 0.4527281546875 0.5043140625 0.4470921984375 0.5047081671875
7 0.2502352609375 0.5971361875000001 0.256926053125 0.6037277703124999 0.288344871875 0.6075817109375 0.332164965625 0.6025005250000001 0.337096971875 0.6001386609375 0.3409763125 0.5827230125 0.3432306953125 0.5825653703125 0.3378950265625 0.5143609640625 0.336063884375 0.5124720218750001 0.2502591875 0.5083871421875 0.2425092046875 0.5109460609375 0.2462242640625 0.580272284375 0.2502352609375 0.5971361875000001
7 0.1413470734375 0.5059180921875 0.101752859375 0.5147377468750001 0.0995708296875 0.5078308781249999 0.08984935 0.506493684375 0.0861147140625 0.509780315625 0.080902 0.5081278359375 0.078860325 0.503228140625 0.0460314296875 0.503506775 0.050656623437500006 0.59394770625 0.0526237703125 0.6139800078125 0.0544549109375 0.6158689468749999 0.1711871828125 0.61678266875 0.17246343125000002 0.5864386374999999 0.1684676609375 0.5130980703125 0.1645246671875 0.50530585 0.1413470734375 0.5059180921875
7 0.028114978125000002 0.5874560296875 0.0314024453125 0.674965025 0.0334441203125 0.679864721875 0.12087160156250001 0.6747596890625001 0.12229037812500002 0.6383547375 0.12180131093749999 0.6232615421875 0.119336396875 0.620408428125 0.059737259375 0.620542034375 0.048189532812500005 0.5991626875 0.0458671484375 0.590248646875 0.034807946875 0.5859795171875 0.028114978125000002 0.5874560296875
7 0.22520694843750003 0.6684723453125 0.23746786874999998 0.65753005 0.2381038171875 0.650426128125 0.235583953125 0.5900927640625 0.22910369218749999 0.5865119359375 0.213463371875 0.5896226 0.204165134375 0.586238825 0.20170021875000002 0.583385709375 0.19966072031249998 0.57041791875 0.196632209375 0.5676042140625001 0.190079596875 0.5710878953125 0.18937129531250002 0.585256325 0.1822550859375 0.5887794171875 0.17697219375 0.5861233546875 0.17386480625 0.6145784437499999 0.15892843750000002 0.61965686875 0.1570951203125 0.6258360234375 0.15913026875 0.6549400046875 0.1613824765625 0.6628504578125 0.1656083546875 0.6665889265625 0.22520694843750003 0.6684723453125
7 0.3430729375 0.6451029593750001 0.340261484375 0.6210957265625 0.337232975 0.618282021875 0.272208959375 0.6198034640625 0.2696716921875 0.624014859375 0.27367616250000004 0.6650830484375 0.2761410765625 0.6679361625 0.338700178125 0.663561603125 0.342434815625 0.660274975 0.3430729375 0.6451029593750001
7 0.3857788921875 0.5916920250000001 0.3776780234375 0.5892330140625 0.3626012984375 0.5923042671875 0.3692045140625 0.662437025 0.42957940937499994 0.65922369375 0.43105966406249996 0.65609470625 0.4272657265625 0.618037275 0.40092579375000004 0.5896243578125 0.3971976828125 0.5687067031249999 0.3933226921875 0.5699861609375 0.3889499328125 0.5884448046874999 0.3857788921875 0.5916920250000001
7 0.3605465734375 0.6358131390625 0.3453294953125 0.6368772218750001 0.3444084859375 0.656102990625 0.33891071093749997 0.6665723609375 0.313619090625 0.6693494156249999 0.3172046703125 0.6963279953125 0.3678580890625 0.69177746875 0.366879953125 0.66159108125 0.3605465734375 0.6358131390625
7 0.28142396875000003 0.670592225 0.27691520468749997 0.670907509375 0.27318274374999996 0.6661260437500001 0.2707221796875 0.6471367375 0.2664261234375 0.6423946828125 0.2614239421875 0.6437529640624999 0.2570577078125 0.638007321875 0.25423755625 0.6462724703125 0.245079671875 0.644895865625 0.23993495937499998 0.65231506875 0.2389437734375 0.67053725 0.22598107656250002 0.671443690625 0.2239372265625 0.6746120906249999 0.22632543906249997 0.700665903125 0.22921359375 0.7014724359375 0.283248584375 0.6966854484375 0.28142396875000003 0.670592225
7 0.1558934015625 0.6410474484375001 0.141520628125 0.6460864609375 0.1434768984375 0.7064592375000001 0.2077267875 0.701966446875 0.2051982203125 0.6739054624999999 0.164323728125 0.6757551921875 0.15666317968750001 0.660154984375 0.1558934015625 0.6410474484375001
7 0.046194109375 0.6840156203125 0.048792853125 0.713080190625 0.1186786953125 0.708193296875 0.1165733703125 0.6780857296875 0.046194109375 0.6840156203125
1 0.1374258328125 0.41744492031249997 0.15798727968749998 0.452312865625 0.1736934265625 0.466341978125 0.18468245156250002 0.4696075234375 0.1754913703125 0.33006971875 0.1275177484375 0.324347925 0.1310924515625 0.391666978125 0.1374258328125 0.41744492031249997
1 0.340473621875 0.35685576406249997 0.3423727671875 0.367816384375 0.34166229062500003 0.390052909375 0.34630923281250003 0.399812890625 0.3530636796875 0.4316123453125 0.36186415 0.45217530781250004 0.37383565937499996 0.4694910484375 0.38989486875 0.48046999375 0.4074365078125 0.4802518546875 0.42399565937499994 0.46598352031249995 0.434780678125 0.44203402187499996 0.429091946875 0.37687978125 0.4252914828125 0.3630266359375 0.353859559375 0.3539027421875 0.340473621875 0.35685576406249997
1 0.554135621875 0.38326326875 0.561372609375 0.454360203125 0.567352925 0.48318831093750003 0.5707344984375 0.4829518484375 0.5772191109375 0.47039648593749994 0.5811686296875 0.453984421875 0.58293611875 0.43066549218750005 0.580411903125 0.38646831718749997 0.554135621875 0.38326326875
1 0.40019677343750004 0.15804039375 0.40478006562499996 0.1425925046875 0.41548837968749996 0.14184370625 0.41809365 0.14670399375 0.4211243359375 0.141449603125 0.423663778125 0.1291701140625 0.41789616875 0.0952846671875 0.3871132984375 0.0843268078125 0.308216453125 0.0656399828125 0.3044627984375 0.05245623125 0.301343725 0.0126704515625 0.23199674374999998 0.017519664062500002 0.23361783906250003 0.0436271203125 0.246210071875 0.11031560781250001 0.2540258796875 0.12489646406249999 0.2639513671875 0.15344870156249998 0.2802189328125 0.1755064984375 0.2984601703125 0.19339230937500002 0.3278329640625 0.20848274218750001 0.3531947625 0.20670927187500002 0.3776442515625 0.191889190625 0.40019677343750004 0.15804039375
1 0.6321195875 0.12972085625000002 0.6292336078125 0.12084622812500001 0.6274704703125 0.12802896875 0.615562609375 0.135921096875 0.5252535 0.11601531093749999 0.51236098125 0.11792533593750001 0.5159487359375 0.136835821875 0.5147448421874999 0.160115340625 0.522624303125 0.19990406875 0.5437471703125001 0.2428007 0.5585366578125 0.259919390625 0.5710037625 0.268124040625 0.593758115625 0.26955837968749996 0.6073567609375 0.2615480203125 0.6194071484375 0.24759496875 0.6304772265625 0.21152362187499998 0.63436091875 0.17797178281249998 0.6321195875 0.12972085625000002
1 0.8324506015625 0.21656163281250002 0.8300602140625 0.1985759140625 0.8085755828125001 0.19100182968749999 0.7314745046875 0.044110840624999995 0.7254174843750001 0.0384834328125 0.71985170625 0.039881121874999995 0.7221545140625001 0.121408015625 0.7256677421875 0.1554511046875 0.7243278421875 0.16058726406249998 0.7276047812499999 0.175052865625 0.7307227000000001 0.21964116875 0.741488140625 0.26830452656250003 0.7595123218750001 0.3073838671875 0.777893915625 0.3272768515625 0.796632921875 0.3279834765625 0.812768834375 0.315761721875 0.8230604343750001 0.2928552203125 0.8299726359375 0.26211708749999996 0.8324506015625 0.21656163281250002