8 0.5521978015625 0.150390625 0.552747253125 0.1591796875 0.55659340625 0.166015625 0.5631868124999999 0.16796875 0.571978021875 0.162109375 0.572527471875 0.1552734375 0.5664835171875 0.1474609375 0.5571428578125001 0.1455078125 0.5521978015625 0.150390625
8 0.44560439531249996 0.2177734375 0.4521978015625 0.212890625 0.45164835156249994 0.205078125 0.44395604375 0.2001953125 0.43296703281250004 0.2021484375 0.43461538437499997 0.212890625 0.4379120875 0.216796875 0.44560439531249996 0.2177734375
8 0.340109890625 0.23828125 0.340659340625 0.2451171875 0.34450549375 0.2509765625 0.353846153125 0.251953125 0.358791209375 0.248046875 0.358791209375 0.2431640625 0.35219780156249997 0.236328125 0.34395604375 0.234375 0.340109890625 0.23828125
8 0.1263736265625 0.0166015625 0.1115384609375 0.0068359375 0.0950549453125 0.0029296875 0.0917582421875 0.0078125 0.09395604375 0.0224609375 0.1016483515625 0.0322265625 0.12252747187499999 0.0341796875 0.1296703296875 0.02734375 0.1296703296875 0.021484375 0.1263736265625 0.0166015625
8 0 0.0980747765625 0.0043956046875000005 0.1025390625 0.0148351640625 0.1025390625 0.0291208796875 0.0927734375 0.030219779687499997 0.0849609375 0.0208791203125 0.078125 0 0.078125 0 0.0980747765625
8 0.678021978125 0.109375 0.6796703296875 0.123046875 0.6829670328125 0.1259765625 0.696703296875 0.125 0.703846153125 0.119140625 0.7043956046875001 0.111328125 0.69945055 0.10546875 0.684615384375 0.103515625 0.678021978125 0.109375
8 0.9131868125 0.0126953125 0.903846153125 0.013671875 0.8928571421875 0.0244140625 0.8884615390624999 0.0400390625 0.896703296875 0.044921875 0.9049450546875001 0.04296875 0.9098901093749999 0.0390625 0.9148351640625 0.0283203125 0.915384615625 0.0185546875 0.9131868125 0.0126953125
8 0.6961538468749999 0.2880859375 0.6901098906249999 0.287109375 0.6857142859375001 0.291015625 0.6884615390625 0.30078125 0.6983516484375001 0.298828125 0.69945055 0.291015625 0.6961538468749999 0.2880859375
4 0.6252747249999999 0.5390625 0.6263736265625 0.4560546875 0.6247252750000001 0.4384765625 0.61868131875 0.4326171875 0.6082417578125 0.4345703125 0.60604395625 0.4443359375 0.6076923078124999 0.533203125 0.6120879125 0.5439453125 0.615384615625 0.5458984375 0.6208791203125 0.5458984375 0.6252747249999999 0.5390625
4 0.641208790625 0.54296875 0.6417582421875 0.533203125 0.6384615390625 0.46484375 0.6280219781249999 0.455078125 0.6247252750000001 0.4365234375 0.6219780218750001 0.4326171875 0.608791209375 0.43359375 0.60604395625 0.443359375 0.6071428578125 0.53125 0.609890109375 0.54296875 0.6076923078124999 0.546875 0.6082417578125 0.5615234375 0.6126373625 0.5693359375 0.6263736265625 0.5712890625 0.6324175828125 0.59375 0.6373626375 0.595703125 0.6395604390625 0.591796875 0.6373626375 0.5537109375 0.641208790625 0.54296875
6 0.9285714281249999 1 0.9274725281249999 0.994140625 0.9170329671875 0.98828125 0.79340659375 0.962890625 0.74395604375 0.955078125 0.740109890625 0.9580078125 0.7379120875 0.9677734375 0.7384615390625 0.97265625 0.74395604375 0.9755859375 0.7917582421875 0.982421875 0.8296703296875 0.99609375 0.8631868125000001 0.998046875 0.86868131875 1 0.9285714281249999 1
0 0.4131656796875 1 0.497252746875 0.955078125 0.503296703125 0.9462890625 0.5082417578125 0.931640625 0.5258241765625 0.9111328125 0.5225274718749999 0.884765625 0.515384615625 0.876953125 0.4379120875 0.8681640625 0.3857142859375 0.884765625 0.3576923078125 0.904296875 0.2978021984375 0.921875 0.2917582421875 0.927734375 0.26703296718749997 0.9375 0.2208791203125 0.9169921875 0.21098901093750003 0.921875 0.2043956046875 0.9326171875 0.202747253125 0.9560546875 0.20494505468750002 0.986328125 0.20186813125 1 0.4131656796875 1
7 1 0.23419586718750002 0.9335164828125 0.2509765625 0.9351648359375 0.326171875 0.9379120875 0.345703125 1 0.333521459375 1 0.23419586718750002
7 0.89395604375 0.26171875 0.8082417578125 0.283203125 0.8043956046874999 0.287109375 0.809340659375 0.373046875 0.8983516484375 0.3544921875 0.8978021984375 0.310546875 0.89395604375 0.26171875
7 0.7016483515624999 0.3955078125 0.7763736265625 0.37890625 0.7730769234375 0.3017578125 0.7703296703125 0.294921875 0.70659340625 0.3115234375 0.6961538468749999 0.3193359375 0.6989010984374999 0.38671875 0.7016483515624999 0.3955078125
7 0.6247252750000001 0.33203125 0.6 0.3427734375 0.6049450546874999 0.4150390625 0.6269230765625 0.4130859375 0.6708791203125 0.4013671875 0.6664835171875 0.3251953125 0.6543956046875 0.3173828125 0.6521978015625 0.3095703125 0.6384615390625 0.3046875 0.6164835171874999 0.3125 0.6170329671875 0.3173828125 0.6263736265625 0.326171875 0.6247252750000001 0.33203125
7 0.5373626375 0.4326171875 0.5791208796875 0.4208984375 0.578021978125 0.36328125 0.575274725 0.3515625 0.5670329671875 0.3505859375 0.5170329671875 0.36328125 0.51923076875 0.431640625 0.5373626375 0.4326171875
7 0.37087912031250003 0.287109375 0.3769230765625 0.3759765625 0.44450549375000004 0.35546875 0.43956043906250003 0.2646484375 0.4357142859375 0.259765625 0.43351648281250005 0.25 0.4120879125 0.2373046875 0.38626373593749996 0.25 0.3983516484375 0.2548828125 0.39780219843750003 0.2724609375 0.3763736265625 0.28125 0.37087912031250003 0.287109375
7 0.45054945 0.25 0.45384615312500004 0.2529296875 0.45494505468749996 0.265625 0.45549450625 0.30859375 0.4675824171875 0.34130859375 0.46813186875 0.3505859375 0.546703296875 0.3291015625 0.54395604375 0.2294921875 0.5395604390625001 0.2197265625 0.5181318687500001 0.228515625 0.5131868125 0.2177734375 0.508791209375 0.216796875 0.50604395625 0.2314453125 0.45054945 0.25
7 0.6478021984375 0.1796875 0.621428571875 0.1708984375 0.60604395625 0.19921875 0.5873626375 0.201171875 0.574725275 0.2099609375 0.572527471875 0.2705078125 0.575274725 0.3134765625 0.584065934375 0.3154296875 0.6258241765625 0.3056640625 0.6648351640625 0.29296875 0.66813186875 0.287109375 0.671978021875 0.2255859375 0.6642857140625 0.2109375 0.6664835171875 0.1904296875 0.6642857140625 0.17578125 0.6478021984375 0.1796875
7 0.7489010984375 0.2724609375 0.8032967031249999 0.2587890625 0.8219780218749999 0.25 0.8241758234375001 0.234375 0.81868131875 0.1279296875 0.809340659375 0.1259765625 0.7082417578125 0.1640625 0.70659340625 0.1787109375 0.708791209375 0.271484375 0.7115384609375 0.28125 0.7373626375 0.271484375 0.7489010984375 0.2724609375
7 1 0.045815910937499996 0.977472528125 0.0537109375 0.975274725 0.0576171875 0.9631868125 0.0576171875 0.9631868125 0.02734375 0.9082417578124999 0.044921875 0.903846153125 0.048828125 0.9082417578124999 0.080078125 0.8851648359375 0.08984375 0.8791208796875001 0.0986328125 0.86868131875 0.1025390625 0.8664835171874999 0.1083984375 0.8692307687499999 0.1943359375 0.8736263734374999 0.236328125 0.9923076921874999 0.2080078125 1 0.20458984375 1 0.045815910937499996
7 0.4675824171875 0 0.4675824171875 0.08984375 0.48076923125000004 0.0947265625 0.50659340625 0.0830078125 0.6164835171874999 0.025390625 0.6219780218750001 0.01953125 0.6207570203125 0 0.4675824171875 0
7 0.313029828125 0 0.2956043953125 0.01171875 0.290659340625 0.0185546875 0.29945055 0.1640625 0.3241758234375 0.1630859375 0.409340659375 0.1220703125 0.4175824171875 0.1142578125 0.40989010937500003 0.087890625 0.40714285781250004 0.0032548828124999997 0.40714285781250004 0 0.325 0 0.3203296703125 0.00390625 0.3173992671875 0 0.313029828125 0
7 0.178571428125 0.09375 0.177472528125 0.10546875 0.18406593437500002 0.2353515625 0.2604395609375 0.201171875 0.27142857187499997 0.1904296875 0.2736263734375 0.1767578125 0.2675824171875 0.052734375 0.265934065625 0.0498046875 0.178571428125 0.09375
7 0.1 0.1279296875 0.05659340625 0.1533203125 0.062087912499999995 0.279296875 0.06923076875 0.28125 0.146153846875 0.2470703125 0.141208790625 0.1240234375 0.15 0.1142578125 0.146703296875 0.1064453125 0.1049450546875 0.08203125 0.07032967031250001 0.09765625 0.0736263734375 0.1044921875 0.096703296875 0.1171875 0.1 0.1279296875
1 0.552747253125 0.0771484375 0.5516483515624999 0.0634765625 0.5483516484375001 0.0625 0.47307692343749996 0.0986328125 0.48406593437499995 0.125 0.4928571421875 0.138671875 0.5016483515625 0.14453125 0.5126373625 0.14453125 0.5263736265625 0.1357421875 0.534615384375 0.123046875 0.552747253125 0.0771484375
1 0.4120879125 0 0.41318681249999994 0.009765625 0.41043956093749995 0.01171875 0.41263736250000005 0.017578125 0.40989010937500003 0.0263671875 0.41263736250000005 0.0751953125 0.40989010937500003 0.0859375 0.41043956093749995 0.095703125 0.4148351640625 0.09765625 0.4175824171875 0.1123046875 0.4148351640625 0.1201171875 0.409340659375 0.1240234375 0.36593406562499997 0.1474609375 0.36868131875 0.1689453125 0.3769230765625 0.1845703125 0.3868131875 0.1923828125 0.397252746875 0.1923828125 0.4120879125 0.1806640625 0.4351648359375 0.138671875 0.44010989062499994 0.1142578125 0.44230769218750005 0.078125 0.45054945 0.064453125 0.46428571406249997 0.0625 0.4639155578125 0 0.4120879125 0
1 0.2637362640625 0.212890625 0.271978021875 0.2333984375 0.28076923125 0.2392578125 0.2890109890625 0.23828125 0.30384615312499996 0.224609375 0.31263736249999996 0.2099609375 0.32142857187499996 0.1787109375 0.3203296703125 0.1689453125 0.29945055 0.1767578125 0.2956043953125 0.18359375 0.278021978125 0.1962890625 0.26538461562500004 0.2001953125 0.2631868125 0.205078125 0.2637362640625 0.212890625
1 0.5417582421875 0.2177734375 0.5478021984375 0.2998046875 0.5549450546875 0.30078125 0.5670329671875 0.3095703125 0.5730769234374999 0.3076171875 0.5730769234374999 0.2421875 0.5708791203125 0.208984375 0.5642857140624999 0.20703125 0.5417582421875 0.2177734375