7 0 0.5174603906249999 0.002634115625 0.5551299984375 0.0130543625 0.5621272484375 0.0862874375 0.6069204125 0.0997304140625 0.607020265625 0.10271430781249999 0.5912134484375 0.1327711546875 0.18563920312499999 0.13373624374999998 0.11589992812500001 0.1357721234375 0.11159805468749999 0.1342500921875 0.0981860765625 0.073907778125 0.028574321875000003 0 0.0337424578125 0 0.5174603906249999
7 0.418590890625 0.8311743328125001 0.42745557968750003 0.832634209375 0.42886215625 0.7441462640625 0.423005753125 0.6436876671875 0.42410581093750005 0.6092947859375 0.420639778125 0.5346659781249999 0.424065159375 0.50011049375 0.4212406203125 0.46807180312499996 0.32630560468750003 0.3384863546875 0.3212232265625 0.32428346406249997 0.32878296875 0.31543581718749997 0.34237310625 0.3092861140625 0.367230496875 0.2888301203125 0.370648559375 0.27923220937500004 0.302447453125 0.1727344046875 0.29750736093749997 0.16892033906249998 0.2889321171875 0.17159973281250002 0.23616595937499998 0.2106453375 0.2183691 0.1900523859375 0.20253575625 0.16412274843750002 0.180307771875 0.138640265625 0.15103633125 0.0959723921875 0.146894653125 0.0952221296875 0.139262546875 0.1030349609375 0.1399138015625 0.1123483171875 0.13722423125 0.1156560234375 0.13903326875 0.141526459375 0.137506359375 0.14475286406250001 0.1417179609375 0.15485713437499998 0.13901375625 0.2080799828125 0.1355184515625 0.23328145781249998 0.133176053125 0.2916783953125 0.1236454765625 0.3308203046875 0.1263927734375 0.378462559375 0.124062571875 0.39526354218750004 0.1202827 0.399687365625 0.11466696093749999 0.4697518484375 0.11508893437500001 0.5175567062499999 0.11239936406249999 0.5208644125 0.10904146562499999 0.5730930921875 0.109181309375 0.591801109375 0.1132481890625 0.5998357453125001 0.15211524999999998 0.6293540984375 0.16156126875000001 0.6307733234375 0.176234390625 0.648465071875 0.22338236875 0.6878031421874999 0.381320659375 0.807783584375 0.39883051406250003 0.8159180734374999 0.418590890625 0.8311743328125001
7 0.578490259375 0.9541372750000001 0.5934577046875 0.9593299156249999 0.5750104031250001 0.6788130765625 0.5726151578125 0.669621671875 0.5620812749999999 0.6609993750000001 0.5532938281249999 0.6439359359375 0.5446462234375 0.6455805125 0.5392020375000001 0.626203534375 0.530195065625 0.6143548328125 0.527288409375 0.6145580859375 0.5158861921875 0.59351798125 0.5169090078125 0.5747286625 0.53704095 0.5618822484375 0.547362625 0.5507617125000001 0.50748738125 0.49011753281250003 0.49375252031250005 0.49419760156250003 0.4467297515625 0.5234826906250001 0.43074924687499994 0.5038026078125 0.42573191250000003 0.5155921046875 0.43392258281249996 0.8332218687499999 0.4345014734375 0.8415004078124999 0.439077321875 0.8484595765625 0.47772485937500003 0.8831926671874999 0.4869513546875 0.8898266296875 0.49218333437500006 0.8894607750000001 0.49741287500000003 0.8974141109374999 0.51506745 0.907618234375 0.51898960625 0.9135832359375 0.578490259375 0.9541372750000001
7 0.6099601875 0.685728046875 0.5972457062500001 0.6793379875000001 0.5891745546875 0.6975802953125 0.600759871875 0.7880714140625 0.61162125 0.9684585718750001 0.6397115984374999 0.9914513625 0.7007749484375 0.9871813968750001 0.686225128125 0.798941115625 0.6647256359375 0.767168428125 0.6629117203125 0.757936371875 0.6509980921875 0.7462909234375 0.646858853125 0.7372214703125 0.650496440625 0.7224088203125001 0.6687372265625 0.7159339140625 0.6728813453125 0.7083649859375 0.6504387140625 0.6714588609375001 0.6099601875 0.685728046875
7 0.1854394609375 1 0.187765884375 0.9721004890625 0.1880772828125 0.90136704375 0.1898237140625 0.8929259015625 0.18801467656249998 0.8670554656249999 0.1915774640625 0.8595271890625 0.19869816093749998 0.8611090156250001 0.19114329531250002 0.8533182828125 0.1854747078125 0.8557944234375 0.178284090625 0.8448585890625001 0.148568725 0.8292585734375001 0.10373875156250001 0.8147154734375001 0.1051233765625 0.8011002421875 0.13092390468749998 0.7857776875 0.1391373390625 0.7779242046875 0.1387755328125 0.7727501171875 0.08784524218749999 0.7461550640625 0.0536141953125 0.7662266484375 0.060298281249999995 0.7699187609375 0.06291061249999999 0.78221461875 0.0578932796875 0.7940041171875001 0.030356075 0.784491053125 0.0242557578125 0.7724390999999999 0.0181264421875 0.7766805875 0.0337424578125 1 0.1854394609375 1
7 0.3310111171875 1 0.327734134375 0.9186381000000001 0.26365275625 0.887763271875 0.2667813734375 0.874026090625 0.292290015625 0.8628834546874999 0.294907225 0.85854093125 0.291711125 0.854604915625 0.259598071875 0.8381326843749999 0.2254418265625 0.8509198953125001 0.193471428125 0.864891540625 0.1910103078125 0.9366280093749999 0.192635325 0.9465003203125001 0.18960969375 0.9566978359375 0.1894902296875 0.9683559374999999 0.18801275625 1 0.3310111171875 1
8 0.0428030640625 0.7118691296875 0.040624903125 0.7057821765625001 0.0297991359375 0.7013398 0.0128958875 0.701880165625 0.014772423437500001 0.7287158890625001 0.0291356875 0.7336223953125 0.0414184390625 0.725484359375 0.0428030640625 0.7118691296875
8 0.1804768875 0.8010303984375 0.1780044015625 0.8074425578125 0.1795288703125 0.8125353437499999 0.18403235625 0.81845969375 0.20466838906249998 0.8211761921875 0.21222813125 0.81232854375 0.21201348593749997 0.8009048999999999 0.20576600625000002 0.7951025031250001 0.1894887390625 0.7962407203125 0.1804768875 0.8010303984375
8 0.3016587953125 0.87990624375 0.306598890625 0.883720309375 0.3175718171875 0.881913128125 0.3202613890625 0.8786054234374999 0.3188117203125 0.8662282640625 0.31307321093749996 0.8593503968749999 0.30260925312500003 0.860082109375 0.3016587953125 0.87990624375
8 0.423108196875 0.29428166875 0.409009090625 0.30150683906250003 0.393091190625 0.316138334375 0.386110340625 0.333264521875 0.38683395468750004 0.343612696875 0.4067390546875 0.3609385921875 0.43050126562499996 0.35823709843749996 0.44503941874999997 0.340582453125 0.44780622968749995 0.32167118281249996 0.43981963593750006 0.29935235625 0.43124683125 0.2937125609375 0.423108196875 0.29428166875
8 0.6010621640625 0.5501263078124999 0.588921696875 0.5686531687499999 0.5871752625 0.5770943109375 0.588552571875 0.588436653125 0.6011946906250001 0.59379189375 0.6195078374999999 0.5883518046875 0.6256878343750001 0.5764810046875 0.6242406046875 0.5557846546875 0.6207550578125 0.5477093671875 0.6153059937500001 0.5449707703125 0.6010621640625 0.5501263078124999
8 0.64656696875 0.741401390625 0.6626198359375 0.7621162921875 0.6707584703125 0.761547184375 0.677592159375 0.7506705515625 0.6743984968750001 0.7384153437500001 0.668877071875 0.7346419281250001 0.64547910625 0.7341983203125 0.64656696875 0.741401390625
5 0.6105911140625 0.26869305625 0.60572338125 0.26591380937500003 0.5903868125 0.280504653125 0.588350934375 0.2848065265625 0.589294071875 0.2899399625 0.595756196875 0.3071660046875 0.6145661171875 0.34224639843750004 0.687630078125 0.4681618328125 0.6913351484375 0.47102238124999996 0.7079067421875 0.457385053125 0.7047130796875 0.4451298453125 0.6105911140625 0.26869305625
5 0.0665173046875 0.6249409140625 0.054531315625 0.6122606484374999 0.0281592140625 0.5943470921875 0.0043208359375 0.5792512109375 0.0064248562499999995 0.609340103125 0.035706759375 0.6270953984375 0.054306912500000006 0.6341137671875 0.0665173046875 0.6249409140625
1 0.63033864375 0 0.625200003125 0.0097818859375 0.6005596984375 0.03334233125 0.5871142828125 0.0415616703125 0.5789032875 0.041095959375000005 0.5677157140625 0.031479496875 0.5677856375 0.0408335046875 0.5713435453125 0.0499436078125 0.5795521015625 0.0587285078125 0.5700987640624999 0.082266853125 0.5736469171875 0.1246537203125 0.5835750749999999 0.216508571875 0.59512445625 0.231299121875 0.5991214109375 0.2299797515625 0.6019581453125 0.2204224890625 0.6113342421875 0.21248770625 0.6172199140625 0.21311601875 0.6477938609375 0.27441060625 0.6602863812499999 0.29433459375000004 0.707306709375 0.27336869531249997 0.7187910468750001 0.26216685625 0.7240953890624999 0.26283582031249997 0.7275134515625 0.2532379078125 0.7787527015625 0.2174187078125 0.7902394765625 0.1978976796875 0.791913546875 0.18842172031249999 0.798597634375 0.1921138328125 0.8139146921875 0.2440765125 0.8327197343750001 0.2957952875 0.837290703125 0.3193928359375 0.8457887062499999 0.33231700468750003 0.84687656875 0.3395200765625 0.862926996875 0.36855416875 0.8736779609375 0.38028091875 0.8776700390625001 0.3955999265625 0.8961953921875001 0.40990267031250005 0.9030990015624999 0.4083800453125 0.8991866046875 0.3691382828125 0.874580446875 0.2762300609375 0.87145670625 0.2733288625 0.8703688453125 0.2661257890625 0.8647750593750001 0.2613175578125 0.8622399671875 0.2334181375 0.855997365625 0.2109773578125 0.8286991984375 0.12969603125 0.8243404359375001 0.1258413171875 0.8030677859375001 0.0638963171875 0.8017604 0.0619079859375 0.7997220828125 0.0745290484375 0.7918704562500001 0.08755661718749999 0.7888914390624999 0.0867250515625 0.7830830078125001 0.070493178125 0.77763394375 0.06775457968750001 0.77661844375 0.0615863265625 0.7716783484375 0.0577722609375 0.768913978125 0.0683643390625 0.7637543609375 0.06976501406249999 0.7559824109375 0.058869828125 0.749303203125 0.038539334375 0.7425467546875 0.0338124046875 0.7324253828125 0 0.63033864375 0
1 0.7530164046875 0.509344184375 0.7811398171875 0.5021782171875 0.7977837734375 0.48957570468749995 0.8613756953125 0.4549724765625 0.8719868171874999 0.44799121093750005 0.8750406328125001 0.4415384015625 0.881435275 0.44109124531250005 0.9259392156249999 0.57628293125 0.946632971875 0.629949390625 0.9510640984375 0.6348389234375 0.9574587390625 0.634391765625 0.9674836499999999 0.6440895328125 0.9736612078125001 0.640537921875 0.9680023765625 0.6097373015625001 0.9692398390625 0.602371628125 0.9720741328125 0.6011335578125 0.971712325 0.59595946875 0.9659762546874999 0.5807624125 0.9573310906250001 0.5740877984375 0.9544992359375 0.567006678125 0.9269140625000001 0.47326689218749995 0.9064398265625 0.414385696875 0.9039697796875 0.41247866406249994 0.8967742828124999 0.418181209375 0.8877673109374999 0.40633250781249997 0.87817535 0.40700324375 0.8727275046875 0.400105053125 0.8497807828124999 0.3476360140625 0.845349659375 0.34274648124999996 0.8432462984375 0.3293751546875 0.8389598953125 0.32655525625 0.8296659156249999 0.3022480953125 0.8234184375 0.296445696875 0.82531203125 0.28175499843749996 0.817976690625 0.2687495296875 0.8150749140625001 0.25231440156249996 0.800896128125 0.283462325 0.7513285125 0.3181247546875 0.7411564375 0.314676546875 0.738621346875 0.286777125 0.734117859375 0.28085277343750004 0.7294672125 0.28117797968749997 0.7242327937499999 0.289863025 0.70598956875 0.3046571234375 0.700251059375 0.29777925625 0.69479955625 0.30335985 0.6964589921875 0.3437990328125 0.7006632765624999 0.378860875 0.726950821875 0.43733556562500003 0.731374628125 0.46718266875000003 0.7299900046875 0.48079789999999994 0.726863825 0.48621589062500004 0.7360878828125 0.50116904375 0.7530164046875 0.509344184375
1 0.7338572265625001 0 0.7419678625 0.0255338640625 0.758961428125 0.05970139375 0.7625941359375 0.0615271234375 0.7735695046875 0.05140075468750001 0.7881003421874999 0.058703679687499996 0.79347948125 0.0520882671875 0.794572221875 0.042652959375 0.7915306 0.007509815625000001 0.7900071109375 0 0.7338572265625001 0