1 0.91245594375 0 0.9139772718750001 0.0116220828125 0.9285078796875 0.0971045453125 0.9441102593749999 0.150303375 0.9584516234375 0.167391403125 0.9677184296875 0.1651134828125 0.9697444859375001 0.16015694375 0.968244896875 0.11721436874999999 0.954398165625 0 0.91245594375 0
1 0 0.2115825984375 0.005080471875 0.2133869078125 0.015275101562499999 0.20619079999999998 0.0409548421875 0.1701163640625 0.051497909375 0.1414106171875 0.06026111562499999 0.09322386875000001 0.018467771875 0.0614599609375 0 0.0506604765625 0 0.2115825984375
2 0.2921660296875 0.0587423109375 0.2910601765625 0.0900499765625 0.29270371093750003 0.1056271078125 0.31483494218749997 0.12537458125 0.3185765078125 0.1223124484375 0.317872228125 0.0549131578125 0.313653521875 0.044311742187499996 0.2955365109375 0.029309878125 0.293442290625 0.032314484375 0.2921660296875 0.0587423109375
4 0.5007684109375 0.726673765625 0.49891657343749996 0.7208754875000001 0.4926718125 0.7152306125 0.4925014046875 0.710350775 0.5026316828125 0.6855680734375 0.502461275 0.6806882359374999 0.4846169140625 0.6734941125 0.483897390625 0.66863345 0.495296309375 0.6486922359375 0.49801161875 0.6319857328125 0.49586851093749995 0.413177234375 0.48924884999999996 0.39679671562499996 0.46556870625 0.3956693296875 0.45544224062499994 0.4048173734375 0.4540523 0.4752212703125 0.455866025 0.6373661203125 0.4602210578125 0.65187140625 0.4701354140625 0.6681368703125 0.472328065625 0.6836948265625 0.4696809203125 0.7023532640625 0.470949559375 0.70719475 0.48409044687499997 0.7213932265625 0.5007684109375 0.726673765625
4 0.438631540625 0.5216861890625 0.44014637343749996 0.502090134375 0.4393284171875 0.47866691250000004 0.4334282796875 0.46714705624999997 0.408032625 0.4641252609375 0.40151139843749994 0.46630730312499996 0.3979402390625 0.47424927187500004 0.398129484375 0.5426437078124999 0.39627383437499997 0.5524800859375001 0.3976788015625 0.5612254421875 0.3952020625 0.58476371875 0.3972810375 0.6442977421875 0.40383253437500005 0.6587263250000001 0.42438839218749996 0.664848603125 0.43619628749999995 0.656619 0.4391501671875 0.646744271875 0.438510240625 0.596931571875 0.44075221875 0.5509268656249999 0.438631540625 0.5216861890625
7 0.3509286078125 0.308796978125 0.3201137703125 0.29228421718750003 0.3164782578125 0.28263959375000003 0.30800295 0.276095453125 0.289813965625 0.2747763109375 0.29729328593750004 0.28428670624999997 0.29749777499999996 0.2901425109375 0.2846598109375 0.3003624 0.30627600625 0.3211050171875 0.30654865781249996 0.3289127578125 0.2996146421875 0.3350178453125 0.2692390515625 0.34682732031249996 0.27053415 0.3839140890625 0.275900196875 0.4746023734375 0.2776497890625 0.47747275 0.35236743593750003 0.46020618593749996 0.3582373015625 0.4551154171875 0.353100409375 0.33950160625 0.35377643281250004 0.311629003125 0.3509286078125 0.308796978125
7 0.6027873453125 0.2159663109375 0.6036810874999999 0.210072153125 0.601314215625 0.2052690171875 0.5769524406250001 0.1846222796875 0.5496329765625 0.1894849265625 0.518193234375 0.20230872031249997 0.5201473156249999 0.21103490156250002 0.517640309375 0.217962553125 0.5200071796875 0.2227656890625 0.5261496984375 0.22548265937499998 0.5271418734375 0.23815106406250003 0.52031369375 0.3732372796875 0.522472265625 0.3878192671875 0.6059605203125 0.4327845234375 0.6137203359375001 0.27714546093750003 0.5768349515625 0.2442330046875 0.574263590625 0.2335740640625 0.5779029140625 0.22758402968749997 0.5866887671875001 0.22727722031250003 0.6027873453125 0.2159663109375
7 0.314906696875 0.253379740625 0.4425551671875 0.334912040625 0.44983000000000006 0.3385666296875 0.4574494578125 0.3363462359375 0.4597672234375 0.2610241515625 0.46289532031249997 0.240394603125 0.46197511875 0.21404347656249997 0.46487608125 0.139678184375 0.4561962828125 0.1272782375 0.4089837546875 0.0820233640625 0.4076810328125 0.076205909375 0.42388185624999997 0.06782290156250001 0.4419042453125 0.0486275484375 0.443793975 0.0397671375 0.42248832500000005 0.0121735734375 0.411414790625 0.0027886921875 0.36305419687499996 0.00447748125 0.3601315015625 0.0055567015625 0.34235149374999996 0.0159491703125 0.331679721875 0.009481732812500001 0.32786999375 0.0105919296875 0.3258439359375 0.015548468749999999 0.3247040015625 0.0458801671875 0.32116311249999996 0.0704327609375 0.31752357343750004 0.218110678125 0.3130889421875 0.2485574296875 0.314906696875 0.253379740625
7 0 0.052111975 0.0596438359375 0.091291109375 0.092037859375 0.105794409375 0.133626715625 0.13170251093750002 0.18605775 0.1689578890625 0.188701084375 0.165934109375 0.190007615625 0.15611690625000002 0.1927117109375 0.0446264921875 0.19899436718750002 0.035612678125000005 0.2033570234375 0.0188486484375 0.2020277984375 0.010100646874999999 0 0.0171556125 0 0.052111975
5 0.669037525 0.019198409375 0.6325496875 0.0449015359375 0.626816146875 0.053896176562499995 0.6275015875000001 0.057780870312499996 0.703495278125 0.1557743625 0.7090205171874999 0.1565585734375 0.72903106875 0.1470653703125 0.7537110124999999 0.1295918453125 0.752340128125 0.12182245625000002 0.6821140609375 0.015810293750000003 0.669037525 0.019198409375
8 0.7269027703125001 0.14909400781249998 0.7249107953125 0.155026515625 0.7256984828124999 0.1618391125 0.734688825 0.16738810937499998 0.7538397156250001 0.16476503125 0.762352915625 0.15665048125 0.7645531906249999 0.140939121875 0.7582061828125 0.13236634375 0.74028985 0.1388549421875 0.7269027703125001 0.14909400781249998