1 0.7636408859375 0.0666307671875 0.7804170984375001 0.10209263125000001 0.795145109375 0.1182499078125 0.8076165640624999 0.126181446875 0.8105748953124999 0.12437132656250001 0.8174470453125 0.020977110937499998 0.7315104484375 0.014967839062499998 0.7603887921875 0.024046659375 0.7636408859375 0.0666307671875
1 0.1673388890625 0 0.1668590703125 0.0077553390625 0.17074276093750002 0.041307178124999996 0.18540277031250002 0.066536134375 0.196043084375 0.0763566140625 0.208091296875 0.08224156875000001 0.2261965296875 0.08249911875 0.246200909375 0.07179604687499999 0.26437196875 0.05491382031249999 0.281271134375 0.023823753125 0.287050478125 0 0.1673388890625 0
2 0.14348865625 0 0.1395344765625 0.042150359375 0.16025585625 0.077888096875 0.16680847031249998 0.0813717796875 0.169273384375 0.0785186640625 0.172718609375 0.053547256249999994 0.1685542078125 0.0240097609375 0.1681923390625 0 0.14348865625 0
2 0.33674043125 0 0.33333897968750004 0.048643040625 0.343917815625 0.091739484375 0.3672357640625 0.09034455625 0.3752107078125 0 0.33674043125 0
5 0.7895200296875 0.15819627812499998 0.6734193546875 0.150077728125 0.6676430453125 0.15169079375 0.6613776671875 0.1683970546875 0.647570665625 0.17146554687499999 0.6598294109375 0.174339746875 0.7718445625 0.184189596875 0.8183401046875 0.18340690937499998 0.8051647000000001 0.17744313125 0.799951984375 0.1790956078125 0.7959344640625 0.171755225 0.7978336078125 0.1607946046875 0.7895200296875 0.15819627812499998
5 0.20422500625 0.11323449062499999 0.201056140625 0.11805536718750001 0.202678925 0.1272452796875 0.200707428125 0.1311413890625 0.204301709375 0.136435190625 0.3080032828125 0.14368671093750002 0.3246282640625 0.14081527031250002 0.3232861890625 0.1276110171875 0.32032568125 0.121353040625 0.2651635 0.1164872328125 0.20422500625 0.11323449062499999
5 0.025187503125 0.12234153750000001 0.027966493749999998 0.1230961375 0.15815705468750002 0.1321999484375 0.16287635312499998 0.129504475 0.16364830625 0.118465034375 0.15075578750000002 0.116555009375 0.1437141046875 0.1281645203125 0.1325782 0.10923295156249999 0.0300739953125 0.101056665625 0.026639789062500002 0.10157289218750001 0.025187503125 0.12234153750000001
5 1 0.1797579125 0.9970657078125 0.1787602421875 0.8793444234375001 0.1695198765625 0.8568729562499999 0.1750079671875 0.8552566968749999 0.190022340625 1 0.2019439625 1 0.1797579125
6 0.4520671375 0.9181982218750001 0.45164824687499994 0.9322878296875 0.454045159375 0.93850639375 0.564652409375 0.952291765625 0.5649331203125 0.9482774234375 0.553867390625 0.928342265625 0.5294200765625 0.9215902796875 0.45586977500000003 0.9124131703125 0.4520671375 0.9181982218750001
6 0.082561190625 0.8974023125 0.0909449453125 0.8989970546875 0.191618009375 0.9090622796875 0.221835109375 0.889996915625 0.22387678281249998 0.88509721875 0.2195785515625 0.881771178125 0.1263024078125 0.8712147046875 0.0828419 0.8933879703125 0.082561190625 0.8974023125
6 0.9432766593749999 1 0.9419850390625 0.9988472890625 0.8820970359375 0.97247266875 0.7996695609375 0.960657821875 0.79509061875 0.9613461234375 0.794669553125 0.9673676375 0.8373689828125 0.9965742859375 0.867666221875 1 0.9432766593749999 1
7 0.963234178125 0.379101575 0.956479734375 0.41090103125 0.9321771234374999 0.41827806093750003 0.9297122109375 0.4211311765625 0.9293634984375 0.43421719999999997 0.93354095 0.512163265625 0.9779882921875 0.49207599062499996 0.98010014375 0.486172709375 0.9772582390625001 0.3972266125 0.990499471875 0.386050615625 0.984157390625 0.3795561765625 0.963234178125 0.379101575
7 0.7209914875 0.22299030156250002 0.700631871875 0.2225751109375 0.6885901828125001 0.24089444062499998 0.6851384328125001 0.24166156249999998 0.68436648125 0.252701003125 0.6778160421874999 0.2572854171875 0.6592875671875 0.25498128750000004 0.6557019875 0.28195986562500003 0.649388184375 0.3803506609375 0.7606292078125 0.39317185625 0.7709518296875 0.26984906249999996 0.7357962015624999 0.2623482765625 0.7342457703124999 0.260222875 0.735158078125 0.24717626250000002 0.741493634375 0.229466415625 0.7209914875 0.22299030156250002
7 0.9513747468749999 0.2895249125 0.9279844453124999 0.28385533125 0.924392340625 0.286629625 0.9221336062500001 0.27033579375 0.9362893218749999 0.2541812796875 0.9367805640625001 0.24715618125 0.9290305828125 0.2445972625 0.8934538890624999 0.24311799218750002 0.8704933531249999 0.26369927656250003 0.8711293 0.270803196875 0.8654253437499999 0.279480771875 0.8491512515625 0.277334284375 0.8398856406249999 0.4017394828125 0.9150565515625001 0.412038409375 0.9525345656249999 0.4106251578125 0.9563372031249999 0.4048401046875 0.9608372671875 0.3728830109375 0.9662409375 0.29560692187500004 0.955530446875 0.28679002656249997 0.9513747468749999 0.2895249125
7 0.314009703125 0.21167574218750002 0.302169846875 0.19471193281250002 0.2819505859375 0.192289571875 0.2675799875 0.19531865312500002 0.27181239375 0.21578446874999999 0.2703364890625 0.2287916703125 0.2342663765625 0.22626940312500002 0.23215452499999997 0.232172684375 0.2231674484375 0.344495446875 0.23197444531250003 0.3481367703125 0.2821344453125 0.3516442984375 0.3279962125 0.3518257890625 0.33003788749999996 0.34692609218750003 0.3386017234375 0.23255674843750002 0.32063684531250003 0.230292028125 0.314009703125 0.21167574218750002
7 0.132319240625 0.1939282421875 0.1207622703125 0.18101818593750002 0.10744651093749999 0.1770615796875 0.081944359375 0.17729528125 0.08702106875 0.193786165625 0.085898228125 0.20984353437499997 0.049336871875 0.21434636562499998 0.0400669109375 0.3226153734375 0.0426041796875 0.32682676875 0.053735734375 0.32962214843750004 0.1427838234375 0.33584899687499997 0.15331915625 0.2175835421875 0.14711960468750002 0.217150028125 0.14028410625 0.20961259375000002 0.132319240625 0.1939282421875