7 0.6573430109375 1 0.6546818453125 0.998943140625 0.5080375203124999 0.903158959375 0.272275375 0.83827218125 0.2449021921875 0.8226104640624999 0.2192393046875 0.8114159640624999 0.205751496875 0.8090675046875001 0.194743334375 0.8150569671874999 0.1658286296875 0.810258425 0.1567595546875 0.8163495109375001 0.15661655937500002 0.81907800625 0.17743173125 0.830018446875 0.10815390312499999 0.9090146484374999 0.0830259390625 0.9432656187499999 0.0946004390625 0.9635713390625 0.08744185156249999 0.97030975 0.11242118593749999 0.97599644375 0.1267042671875 0.9811225718750001 0.22134680312500002 0.986082578125 0.226741490625 0.9836293109375 0.24137043593750002 0.9827543875 0.2553444265625 0.9758259625000001 0.256571359375 0.97096548125 0.24294055625 0.9713455156249999 0.236325346875 0.967715640625 0.2619966890625 0.9230963859375001 0.275713290625 0.921079253125 0.33938855625 0.9304355093750001 0.34868360468750004 0.9385834140625 0.35643995 0.93898990625 0.366904734375 0.9433687296875 0.398098890625 0.9603250890625 0.40457110625 0.9666834625 0.43425516249999996 0.9753527125 0.4529024546875 0.9905571234374999 0.453736034375 0.9982615812500001 0.4869070390625 1 0.6573430109375 1
7 0.4436074078125 0.9824092171875 0.4321730796875 0.977979584375 0.42661321093750004 0.972763421875 0.403687359375 0.9649955531250001 0.3997519890625 0.9658837046875 0.3831749296875 0.9945636312499999 0.4525379796875 0.99819879375 0.45193291249999995 0.9905063109375 0.4436074078125 0.9824092171875
7 0.98316444375 0.593174128125 0.9890674984375 0.5918419 0.9653263750000001 0.5068763859375001 0.9489585359375001 0.5038297921875 0.8239160562500001 0.4967293953125 0.8073194265625 0.49804839375 0.8203182359375001 0.5282783249999999 0.803750203125 0.5290516265625 0.7966802296875 0.5155483515625 0.791946909375 0.513111496875 0.7756878281249999 0.545091275 0.778422046875 0.5671224890625 0.7920786296875 0.5848013390625 0.7969549437500001 0.5845096984375 0.8024318359375 0.5727583734375 0.8028608187499999 0.564572884375 0.79824189375 0.559953234375 0.8081661171875 0.55609575625 0.82470555 0.5558681546875001 0.8324332968749999 0.556820346875 0.83987505625 0.56322953125 0.840415615625 0.5714658312500001 0.8486553234375 0.581200021875 0.98316444375 0.593174128125
7 0.9414080203124999 0.46239423593750006 0.944402446875 0.4609095734375 0.90814869375 0.33643724218750004 0.8178667765625001 0.333894559375 0.8099674359375 0.3362165625 0.806175059375 0.3343762171875 0.7480024656250001 0.3313275203125 0.7275848593750001 0.3313518765625 0.7216532046874999 0.333229803125 0.734737809375 0.3618226375 0.714062815625 0.366758284375 0.7104134328125 0.36218944375 0.7035694328125001 0.3629251609375 0.6823482390625 0.39683367812500003 0.6860806 0.418370003125 0.7058662109375 0.44895561562499997 0.7106567296875 0.4503010734375 0.718670465625 0.4457962734375 0.7232064109375 0.43344843749999995 0.7816049781250001 0.450736125 0.7970318734374999 0.453186209375 0.8939004015625001 0.4599044671875 0.9414080203124999 0.46239423593750006
7 0.5437373812499999 0.16631260625 0.5617269 0.1940680984375 0.5710505484375 0.2016703046875 0.5789212906250001 0.199894 0.5934386578125 0.1825972890625 0.660248525 0.20634497187499998 0.663526121875 0.2180079015625 0.764587409375 0.21892671562500002 0.805594215625 0.21560381093749997 0.8502789999999999 0.216304046875 0.8708396015625001 0.2135511953125 0.8703876562499999 0.1850732140625 0.8539710749999999 0.127304265625 0.8526897625000001 0.1146515609375 0.8557699859375001 0.1115298015625 0.8511796593750001 0.10636445000000001 0.8544600750000001 0.0994227953125 0.8487572109375 0.0969351296875 0.8392647906249999 0.074002534375 0.8308877234375001 0.029787670312499997 0.82607414375 0.0164026484375 0.6846137171875 0.008989021875 0.5767244015624999 0.019203525 0.5754688703124999 0.0246097046875 0.5981602921875 0.07395233749999999 0.5723229937500001 0.0846366171875 0.562627559375 0.0841285015625 0.5426075203125 0.0951176515625 0.5262368609375 0.11067564062499999 0.5248097359375 0.119356015625 0.53053838125 0.13990256875 0.5437373812499999 0.16631260625
7 1 0.1090678265625 0.9071843765625 0.1136771171875 0.8827742015625001 0.115681021875 0.8767853499999999 0.118650346875 0.8745030765624999 0.125097115625 0.8797197593750001 0.13686166718749998 0.8794623703125 0.141772959375 0.8725039734375001 0.1446914734375 0.8740684562500001 0.1704917703125 0.8876392421875 0.1898077171875 0.90511961875 0.190176628125 0.905545784375 0.20059572343749998 0.89955693125 0.20356505 0.905542965625 0.21920030937499999 1 0.2191094 1 0.1090678265625
7 1 0.2694455796875 0.9096700703125 0.270306015625 0.907444996875 0.275661384375 0.9179069609375 0.2986447890625 0.9156818859375001 0.304000159375 0.90478811875 0.307806825 0.8852256609375001 0.3100647875 0.884768078125 0.318795975 0.8904137453125 0.322375040625 0.9137685796874999 0.321957421875 0.9242333625000001 0.3263362421875 0.9299334078125 0.34742849531250003 1 0.348281846875 1 0.2694455796875
7 0.921906165625 0.064653634375 0.9300328875 0.06726832968749999 0.99542126875 0.0624872203125 0.9995568296874999 0.0577791734375 0.9950838375 0.025260071875 0.869632778125 0.018685459374999998 0.8727782765625 0.028152675 0.8721777 0.0396123578125 0.8699526234375 0.0449677265625 0.8531844015625 0.049560921875000004 0.8556354468749999 0.058444542187500004 0.8652164859375 0.06113545625 0.8658714406250001 0.067188959375 0.8697210156249999 0.0679379046875 0.878790090625 0.06184681875 0.921906165625 0.064653634375
1 0.8311684874999999 0.2470399921875 0.8472531578125 0.23693899218749997 0.8565510234374999 0.2264823140625 0.85201789375 0.2202255640625 0.8395854265624999 0.21629081718749998 0.8279795062499999 0.21513537968750002 0.7003401671875 0.2204844421875 0.6999683812499999 0.22757853125 0.7192392140625 0.2679867296875 0.72038035 0.2647633453125 0.735095090625 0.2622513234375 0.7897612984375 0.25800268437499996 0.8311684874999999 0.2470399921875
1 0.804919528125 0.3397823984375 0.8272762203124999 0.3398596671875 0.8333794687499999 0.3347075453125 0.8974837171875001 0.3358783140625 0.8967429656249999 0.33146190937500003 0.887333521875 0.3254968015625 0.8547694359375001 0.3161294171875 0.800446415625 0.3138296671875 0.7525670125 0.3184339875 0.7470043234375 0.331822409375 0.7517376437500001 0.3342592640625 0.7799115953125 0.334641403125 0.7845591187500001 0.3387153546875 0.804919528125 0.3397823984375
1 0.3832455609375 0.3718560046875 0.3923146359375 0.36576491875 0.4233972171875 0.366299490625 0.4303556125 0.3633809765625 0.46457561406250003 0.3597023921875 0.493092753125 0.353536140625 0.49779747499999993 0.35651869375 0.502816784375 0.35349855625000004 0.5125694140625 0.3529152734375 0.526714996875 0.342712653125 0.5425708765625 0.3369772484375 0.5578575953125 0.32355124218750003 0.565473765625 0.308081646875 0.563709090625 0.2861012453125 0.554814428125 0.27031355 0.5335730921875 0.2489540140625 0.5270436796875 0.24368704062500002 0.5212264203125 0.2433821703125 0.5091657374999999 0.232353334375 0.44332541093750005 0.20865646249999997 0.426986171875 0.20506416875000003 0.377682459375 0.19974428125000002 0.326210871875 0.19868836406249998 0.159132028125 0.21455604374999998 0.13050049531250002 0.2229050921875 0.1119361796875 0.2246681671875 0.092659709375 0.22146913750000002 0.051195323437499995 0.2335232296875 0.020052725 0.25268464062499996 0.0123192578125 0.2518415890625 0.008044678125 0.33340542812499996 0.0109151765625 0.3342854609375 0.19467967656250001 0.48235724687500003 0.246477128125 0.402992134375 0.2490739890625 0.390542675 0.2456247984375 0.3821539421875 0.2548654671875 0.3727886609375 0.2959580703125 0.36782865937500003 0.3491971515625 0.3722603953125 0.3542736578125 0.368148859375 0.3832455609375 0.3718560046875
1 0.3572572203125 0.626582678125 0.3678649984375 0.6282330046875 0.374051225 0.64004836875 0.4104906640625 0.6682235828125 0.42352370937500006 0.660698646875 0.429769953125 0.652818028125 0.46485355781250004 0.5955592968750001 0.4867840859375 0.5852174703124999 0.48727026718750005 0.575940584375 0.48082665 0.5690365109375 0.47851859843750005 0.5574243937500001 0.5281654953125 0.5561958921875 0.5678023718749999 0.5604619640624999 0.625177015625 0.560185653125 0.6878283609375 0.5519779140625001 0.713551265625 0.5434764296875 0.7255861671875 0.5364463796875001 0.7338000953125 0.5281216859375 0.736139565625 0.5205835203125 0.7348582546875 0.507930815625 0.7276166875000001 0.4977017375 0.7032665296875 0.480009659375 0.68413305625 0.474082134375 0.6758361500000001 0.46543934218749994 0.6662551140625 0.4627484296875 0.640077446875 0.46137651562500004 0.626675434375 0.4573909578125 0.58703855625 0.45312488437500004 0.562742778125 0.45294599375000005 0.5581524515625 0.44778064375 0.5570685140625 0.449912628125 0.29882400625 0.4615497140625 0.255537746875 0.45271480156250005 0.24601390781250002 0.448932490625 0.2209201796875 0.44542859218749997 0.21960744999999998 0.451926171875 0.25989928125 0.46224574531249996 0.26648589375 0.46642132187499996 0.231147715625 0.5099867609375 0.23285801093749997 0.5144539765625 0.2877187734375 0.5435946125 0.288545321875 0.54637391875 0.2803599921875 0.554152915625 0.3577434015625 0.6173057921875 0.3572572203125 0.626582678125
1 0.6234385328125 0.7417642812499999 0.5117694687500001 0.7391951406249999 0.503870128125 0.74151714375 0.513250971875 0.7480279515625 0.5395144359375 0.7477627671875 0.5587051093750001 0.75259889375 0.55816173125 0.7629671796874999 0.5928622765625 0.787220875 0.591234959375 0.7997211453124999 0.6228581 0.8084920171875 0.670279921875 0.8126188843750001 0.7383195421875001 0.8129015015625001 0.760847828125 0.8097045749999999 0.7936149234375 0.7966474796874999 0.798834425 0.7898074484375 0.795556828125 0.7781445171875 0.7814998609375 0.7681054578125 0.73462141875 0.7536103062499999 0.6941579921875001 0.7465649265625001 0.6234385328125 0.7417642812499999
2 0.3778451875 0.0667836953125 0.3482811640625 0.018722479687499998 0.339641071875 0.0166280765625 0.30060195156249997 0.01950690625 0.15476726406250002 0.0381295390625 0.1514582484375 0.0456168921875 0.15624876875 0.0469623484375 0.161579846875 0.0565441046875 0.1421861640625 0.0741324578125 0.131089384375 0.10036360156249999 0.13054600624999999 0.11073188593750001 0.1359342828125 0.11922224374999998 0.1748304078125 0.1190719109375 0.20614178125 0.11524089062500001 0.23534247343749998 0.1145824421875 0.25399258593749996 0.11118227031250001 0.300759453125 0.10925563281249999 0.3096283359375 0.1069844421875 0.34811400625 0.0868398703125 0.376332265625 0.0771011671875 0.3803248328125 0.0751216171875 0.3778451875 0.0667836953125
2 0.052216015625 0.08419166875 0.0637933375 0.0858928046875 0.07363176406250001 0.083672425 0.10522912499999999 0.0743844125 0.112473509375 0.06600890625 0.13112362187499998 0.0626087328125 0.14119083906250002 0.056022759374999995 0.1458125828125 0.042037828124999996 0.1430183484375 0.0397025953125 0.1216312015625 0.0396761390625 0.0814223453125 0.04632405 0.03650876875 0.04998940625 0.033485743750000005 0.052019768749999994 0.034995846875 0.0603068796875 0.052216015625 0.08419166875
2 0.121391134375 0.11846007031250001 0.12484596249999999 0.08963963593749999 0.12037003125000001 0.08229148750000001 0.11751859843750001 0.0810476546875 0.11349743125 0.0835729046875 0.104828740625 0.0820242015625 0.084125146875 0.0875055484375 0.0740865265625 0.093545821875 0.0724306109375 0.10659179218749999 0.0862301875 0.1215421453125 0.10265522499999999 0.123497340625 0.121391134375 0.11846007031250001
2 0.4298408328125 0.3732035625 0.47352747500000003 0.3743986875 0.4901813046875 0.37198828906250003 0.488785596875 0.36151838125 0.4821989859375 0.35734280625000003 0.47053587031250005 0.357278765625 0.42057438437499994 0.36450995937499997 0.322221534375 0.3675634734375 0.308476334375 0.3701263078125 0.318998315625 0.37341373125 0.36274215781249997 0.37351745625 0.3849844546875 0.375777521875 0.4298408328125 0.3732035625
8 0.034253096875 0.44549534843750005 0.0547307203125 0.42577501250000005 0.06639665624999999 0.4072344671875 0.066968634375 0.3963204828125 0.057902378125 0.383806984375 0.036089064062499995 0.37336143125 0.0147591125 0.37224357656249996 0.005844471875 0.37538788749999996 0.0033906875000000005 0.422208878125 0.034253096875 0.44549534843750005
8 0.3735050265625 0.6690212390625 0.36095534375 0.6858738734375 0.3673703609375 0.69332364375 0.3936596046875 0.7111173453124999 0.40606629375000003 0.6969932062499999 0.41068803750000005 0.6830082734375 0.40441601406250005 0.67283000625 0.3910998 0.6672073515625 0.3843415953125 0.6663059703124999 0.3735050265625 0.6690212390625
8 0.5812221203125 0.8238203046875 0.576202809375 0.8268404421875 0.5718098578124999 0.83645978125 0.57340575625 0.8431097953125001 0.5940207359375 0.8578701296875 0.6045169375 0.8430986687500001 0.604917321875 0.8354588796875 0.6004127921875 0.82865643125 0.5909175515625 0.8243284203125001 0.5812221203125 0.8238203046875
5 0.5406728968750001 0.8184120234375 0.5520786249999999 0.8233873546874999 0.555502034375 0.8137172046875 0.54618120625 0.7875104140625 0.43409725000000005 0.700103840625 0.4263981015625 0.6986059484375 0.42334647968750005 0.7011820109375 0.41823855312499997 0.7244438296875 0.5406728968750001 0.8184120234375
5 0.1164612625 0.4722388140625 0.0984089078125 0.4827838875 0.09626962812499999 0.48650215937499997 0.1007169609375 0.49439600781250004 0.2512366390625 0.6089880187500001 0.32528525468749997 0.661569365625 0.33911906875 0.6387648515625 0.3448247515625 0.6226479312500001 0.34120396875000003 0.6175333921874999 0.2738849578125 0.5663991265625 0.230175353125 0.528540534375 0.216944934375 0.52128078125 0.1993815796875 0.503944384375 0.16667731875 0.4787009125 0.1533897015625 0.47253255781250003 0.150795659375 0.46637743125000003 0.1349140015625 0.45405395156250006 0.1251899703125 0.454091534375 0.1164612625 0.4722388140625
5 0.6846345640625 0.9282827609375 0.6864076953125 0.8944494093750001 0.6953337765625001 0.8910868203125 0.6955339687500001 0.8872669265625 0.6749189890625 0.8725065890625 0.6387369390625001 0.8394200828124999 0.6133314421875 0.8233142906250001 0.60754278125 0.822463721875 0.602351878125 0.8287580546875001 0.6054864796875 0.84314948125 0.5969865640625 0.8569311671875001 0.597727315625 0.8613475718749999 0.6321132734375 0.891603959375 0.6846345640625 0.9282827609375
1 0.8670041203125001 0.1197793296875 0.8729929734375 0.116810003125 0.9228686609375 0.11121590625 0.9359303046875 0.10314527031250001 0.945228171875 0.092688590625 0.9479680281249999 0.07751063750000001 0.946372128125 0.0708606234375 0.9328557203125 0.0690578625 0.9320577703125 0.0657328546875 0.8637321609375 0.07090722968749999 0.8589416421875 0.0695617734375 0.852583825 0.0610206046875 0.854377096875 0.082455309375 0.86578000625 0.106035225 0.8670041203125001 0.1197793296875
8 0.88503674375 0.23946634531250002 0.8909398 0.2381341171875 0.8971288453125 0.2313448984375 0.900609453125 0.2205833484375 0.8979868109375 0.2149739203125 0.8902590640625 0.214021728125 0.8842988109375 0.21644535468749998 0.8813873609374999 0.2348975046875 0.88503674375 0.23946634531250002
8 0.848642815625 0.0991179265625 0.8543428609375001 0.12021017656249999 0.8644672765625 0.112532803125 0.863955315625 0.1037508046875 0.85842404375 0.09798894375 0.8506962984375 0.097036753125 0.848642815625 0.0991179265625