7 0.534611990625 0.3843560828125 0.5491600796875 0.4045083390625 0.5568077015624999 0.44653302500000003 0.5707994656250001 0.4452063328125 0.562540696875 0.3848435796875 0.534611990625 0.3843560828125
7 0.5221763796875 0.6166351625 0.5258453828125 0.6198410453125 0.5509994921875 0.61923283125 0.5808449390625 0.6166119453125 0.5836926328125001 0.6135198125 0.5823881 0.5815550046875 0.5771495796874999 0.5615652453125 0.5072729875 0.5634873859375 0.50438874375 0.568673440625 0.5221763796875 0.6166351625
7 0.5196404125 0.5485177015625 0.56626135625 0.5451423531249999 0.5700308703125 0.54258995 0.5678227921875 0.50903845 0.5598827749999999 0.4837651390625 0.490891453125 0.4883209296875 0.5038050078125 0.5487649343750001 0.5196404125 0.5485177015625
7 0.4847859375 0.464650559375 0.4987594296875 0.464370828125 0.555648309375 0.4596037875 0.54905043125 0.4107901046875 0.541949996875 0.3907678484375 0.48975245 0.3935222171875 0.46638715468749997 0.39835077343749997 0.47744793124999996 0.4582387953125 0.4847859375 0.464650559375
7 0.47342468281250005 0.368626134375 0.5228110859374999 0.366869978125 0.53779776875 0.361895171875 0.520476140625 0.2872359484375 0.43936410625000005 0.2926274515625 0.4435071953125 0.32202360625000004 0.457616690625 0.367302925 0.47342468281250005 0.368626134375
7 0.42071053125 0.18757385937499998 0.43798647187500006 0.2648504859375 0.4425316078125 0.271213503125 0.45557414218750003 0.2709175203125 0.519910678125 0.266280478125 0.5046062984375 0.1827545859375 0.4990571078125 0.1805631640625 0.4664096546875 0.18365878124999999 0.44132864375 0.1800791515625 0.439503278125 0.1779527296875 0.42071053125 0.18757385937499998
7 0.3018769953125 0.16664857500000002 0.266354434375 0.1744067640625 0.2686173375 0.20481738124999999 0.252717971875 0.2087289765625 0.250755546875 0.2144547625 0.2657777234375 0.26079729218750003 0.2694741390625 0.2624327328125 0.2882029265625 0.256475965625 0.3020302171875 0.2645719203125 0.3001226171875 0.2671568234375 0.305644396875 0.2709186875 0.30557129843749997 0.2751065296875 0.30088910156250004 0.27659572187500003 0.2998484953125 0.28286123750000003 0.3042931203125 0.29498253750000003 0.3499008703125 0.29630226406250004 0.3685382828125 0.2955803015625 0.38726706875 0.289623534375 0.4376301140625 0.285266225 0.4379407859375 0.2674678890625 0.4266789859375 0.21909643750000002 0.40812486718749996 0.16169581875 0.3018769953125 0.16664857500000002
7 0.313445240625 0.4108667203125 0.31911321875 0.406252896875 0.3405252265625 0.40662664531250003 0.34603786875 0.4109119875 0.3559128984375 0.4320299546875 0.361462090625 0.434221375 0.426702171875 0.4311710265625 0.4705485203125 0.42669996875000005 0.4434340953125 0.3262114515625 0.440677775 0.32406877968750003 0.416454621875 0.32469324374999997 0.331600484375 0.33106670781249997 0.2974372828125 0.36764882499999996 0.313445240625 0.4108667203125
7 0.3701868671875 0.4678866265625 0.37103101875 0.472875940625 0.34452106250000003 0.4978097453125 0.34438400156250004 0.505661953125 0.3578183875 0.53626756875 0.3701401234375 0.5239152859375 0.38684252343750003 0.5273486671875001 0.401207865625 0.5579705328125 0.42450006250000005 0.5573298203125 0.48978582968750006 0.5516620671875 0.5038324203125 0.5471944921875 0.4846214640625 0.474073209375 0.48195651875 0.46669573125 0.4746093734375 0.46080744687499997 0.414973309375 0.46290833593749997 0.3701868671875 0.4678866265625
7 0.386393734375 0.60641046875 0.3888485234375 0.62582799375 0.39603119375 0.641138928125 0.39977329687499996 0.6401569671875 0.40460168906250005 0.6302920875 0.4221984984375 0.6358356406250001 0.43293138593749997 0.6611577015625001 0.4785756859375 0.66038350625 0.5177215609375 0.6584485984375 0.527095090625 0.6549467359375 0.5255712609375001 0.6355454593750001 0.5106952812500001 0.580827240625 0.43432026874999996 0.58158866875 0.400714446875 0.5862384781250001 0.386393734375 0.60641046875
7 0.448729184375 0.71641565 0.4475880671875 0.72843945 0.45834836718750005 0.7521910703125 0.4648285171875 0.754398740625 0.5374614265625001 0.7546192734375 0.547729365625 0.7532275796875 0.5505861984375 0.74961196875 0.5330818203125001 0.685422353125 0.488423303125 0.683071915625 0.44182063437499997 0.6854003015625 0.438945528125 0.6900628765625 0.448729184375 0.71641565
7 0.4740424859375 0.973441075 0.35477035625000003 0.977642853125 0.34258567812499996 0.9821429281249999 0.3586829671875 0.997609465625 0.4884809265625 0.9998750984375 0.4885174765625 0.9977811765625001 0.48053177187499996 0.9751252671874999 0.4740424859375 0.973441075
7 0.3530933015625 0.8603182281249999 0.29719933906249996 0.8614371546875 0.29687953125 0.8797589718750001 0.30132415625000003 0.891880271875 0.31158295625 0.8910120593749999 0.3143392765625 0.8931547312499999 0.336754284375 0.9427681421875 0.34135424531249997 0.9459902765624999 0.3552911875 0.9478044656250001 0.453078209375 0.9474167843749999 0.46522633437499994 0.9450106312500001 0.46530857187499997 0.9402993078125 0.4350266453125 0.8612247406250001 0.419209515625 0.8604250109375 0.399604596875 0.8632246453124999 0.3968482765625 0.8610819734374999 0.3530933015625 0.8603182281249999
7 0.28754360625 0.8277556562499999 0.3117667609375 0.8271311921875 0.40591219062499995 0.8219671875 0.4171384984375 0.8190213046875 0.383461690625 0.7210364390625 0.37888914218749997 0.7162438671875 0.24091563906250002 0.72483196875 0.283883740625 0.8240262921875001 0.28754360625 0.8277556562499999
7 0.13067404375 0.5317791093750001 0.1405216625 0.55446751875 0.1973353328125 0.6607108359375 0.21591792031249998 0.66312975625 0.293306128125 0.657673253125 0.3641684984375 0.65262648125 0.36701619375 0.6495343484375 0.319777078125 0.5282725953125 0.3116086265625 0.5160862953125 0.26783537812499997 0.5163695109375 0.1335674265625 0.5260695734375 0.13067404375 0.5317791093750001
7 0.232627715625 0.2926843328125 0.22056182500000002 0.2903791625 0.020168521875 0.3004959234375 0.023079123437499998 0.3471506859375 0.002482096875 0.35343736406250004 0.001395996875 0.4156599515625 0.013995875 0.4407236890625 0.0261440015625 0.4383175375 0.053415871875 0.4230843703125 0.07293855625 0.424996059375 0.0998895625 0.4814959671875 0.1110153578125 0.48430836875 0.2853144546875 0.47530705156249997 0.292826071875 0.4717726875 0.2929357203125 0.46549092031250006 0.232627715625 0.2926843328125
5 0 0.86394094375 0.0801106625 0.9744195687499999 0.11244849999999999 0.93571103125 0.11373581562499999 0.9153115421875 0.0512267546875 0.8152524906249999 0.0475760265625 0.8109996468749999 0.04292124375 0.8109183968749999 0.028847240625 0.8169564156250001 0.010903212499999999 0.8313051203124999 0 0.8418998328124999 0 0.86394094375
5 0.0998136640625 0.1657397453125 0.108009528125 0.176355603125 0.12034848437500001 0.21636761718750003 0.18962200625 0.248995190625 0.195280846875 0.2449048453125 0.19156615625 0.24431636562499998 0.18525048125000002 0.2326860453125 0.1881073140625 0.22907043124999998 0.1530244046875 0.158290303125 0.10923288125 0.159620478125 0.0998136640625 0.1657397453125
5 0.090321346875 0.1760468546875 0.082015834375 0.1717127625 0.077187440625 0.1815776421875 0.0852279671875 0.20109266875 0.088924384375 0.20272810937500002 0.089891890625 0.2006504375 0.090321346875 0.1760468546875
8 0.22226486250000002 0.9397224421875 0.23434902812499997 0.9409806515625 0.2456484328125 0.9338469249999999 0.248587503125 0.9255199875000001 0.246990571875 0.9103065546875 0.238767296875 0.9012611375 0.22838970937499997 0.9089345953124999 0.2205308734375 0.9323612171875 0.22226486250000002 0.9397224421875
8 0.125010978125 0.749514484375 0.1305418953125 0.752752865625 0.1370677296875 0.7523431359375 0.152994509375 0.7468610984375 0.1568097109375 0.74169129375 0.1589274703125 0.727066340625 0.152538696875 0.7196238640625 0.13757942343750001 0.7230282296875 0.12524855 0.735903990625 0.125010978125 0.749514484375
8 0.05536599062499999 0.5781158390625001 0.0458553984375 0.589469909375 0.0502726125 0.6031616515625 0.0651496484375 0.6044686109375 0.0801363328125 0.5994938046875 0.086835778125 0.5891379437500001 0.0869911140625 0.5802387765625 0.0806206140625 0.571749340625 0.075062284375 0.5700813984375 0.065716165625 0.572012821875 0.05536599062499999 0.5781158390625001
8 0.2295354234375 0.203087925 0.237202375 0.1906543921875 0.22335680781249997 0.183605396875 0.207539678125 0.18280566874999998 0.2064533859375 0.1916885875 0.210980246875 0.1990985625 0.22021671562499998 0.20344890625 0.2295354234375 0.203087925
8 0.2704852203125 0.3645601734375 0.2816567015625 0.36475517343749997 0.28917745625 0.3606973296875 0.2893053796875 0.3533686015625 0.287525703125 0.3486247765625 0.2792019140625 0.3453376453125 0.269828384375 0.3488395109375 0.266871040625 0.358213409375 0.2704852203125 0.3645601734375
8 0.3226978734375 0.52099261875 0.3292237078125 0.5205828875 0.3367261875 0.517572003125 0.3378307546875 0.507642125 0.3323272484375 0.5028333015625 0.3267415078125 0.5027358015625001 0.3201517109375 0.5068098953125 0.3172126421875 0.515136834375 0.3226978734375 0.52099261875
8 0.3728486453125 0.635497875 0.3803785359375 0.63091655 0.380533871875 0.6220173828125 0.37225577187500003 0.6161128484375 0.36566597343749996 0.6201869421875 0.3617776734375 0.6295445921875 0.3644700328125 0.635351625 0.3728486453125 0.635497875
8 0.41014877031249997 0.7393060234375 0.4176786609375 0.7347246984375 0.417824859375 0.7263490109374999 0.41049599062500003 0.7194137656249999 0.4029021359375 0.7276594546874999 0.40183411874999997 0.7354954109375 0.404563028125 0.739208525 0.41014877031249997 0.7393060234375
8 0.4093085 0.3072883875 0.402718703125 0.31136248125 0.4035217359375 0.318707459375 0.41467494374999997 0.31994941875 0.41668305625 0.3116062296875 0.4093085 0.3072883875
1 0.25642737968749996 0.4763737453125 0.1119280390625 0.4853715796875 0.13080196718749998 0.5244503828125 0.1671366984375 0.5235136875 0.2500923734375 0.51920164375 0.2641206875 0.5157810296875 0.27730028125 0.5076328421875 0.2858616421875 0.49730948125 0.28713068124999996 0.477956953125 0.282512446875 0.47578178125 0.25642737968749996 0.4763737453125
1 0.065385478125 0.2175027953125 0.056961178125 0.2199739484375 0.0066712312499999996 0.2201434125 0.004797134375 0.2208088890625 0.0038899234375 0.2727830203125 0.019264978125000002 0.2989092328125 0.1944676203125 0.2914946078125 0.20938120468750002 0.29070764531250004 0.214081675 0.2881714921875 0.20877005468749998 0.272369578125 0.185870765625 0.25050063125 0.1360102765625 0.2260665140625 0.11656069375 0.21996698124999997 0.085875665625 0.2173368125 0.065385478125 0.2175027953125
1 0.21830874531250002 0.686211646875 0.2126773171875 0.68873155 0.2144021703125 0.6966162578125 0.2298538046875 0.718355203125 0.312763790625 0.7166605640625 0.339788953125 0.7155613703125 0.3603522421875 0.71120754375 0.3428650828125 0.699382225 0.30671309999999996 0.6898493109375 0.266764190625 0.684439240625 0.24535218125 0.6840654921875 0.21830874531250002 0.686211646875
1 0.39351349999999996 0.5719745046875 0.401663678125 0.5852077671875 0.47624987656249995 0.58022599375 0.4772813453125 0.5744839578125001 0.472736209375 0.56812094375 0.45618000781249995 0.556311875 0.419827003125 0.55829553125 0.3938515828125 0.5526057296875 0.38925162343749997 0.5493835953125 0.39351349999999996 0.5719745046875