1 0.4781695328125 0 0.46219184062499996 0.0013978671875 0.463872334375 0.005270715625 0.47360075312500005 0.0113108015625 0.46520131249999996 0.032145025 0.471869115625 0.04993823125 0.481547671875 0.055408412500000004 0.489695921875 0.066755153125 0.509053034375 0.0776955125 0.5247186015625 0.0814933625 0.545207140625 0.08199791875 0.55185958125 0.0762474953125 0.55172725 0.0630509171875 0.530210784375 0.0040609953125 0.52796070625 0 0.4781695328125 0
1 0.27464449375 0.0178061328125 0.30528371249999997 0.0386705234375 0.36418731718749997 0.057636365625 0.3908623046875 0.058748212499999994 0.3996932375 0.05453 0.40609637656249997 0.045930051562500004 0.3975492453125 0.030024067187499996 0.4000441484375 0.023488846875 0.3943984796875 0.0173787015625 0.391437340625 0.007588082812499999 0.27464449375 0.0178061328125
1 0.2681919578125 0.15217501718749998 0.292189853125 0.1460556 0.3854046203125 0.11320685625 0.509202615625 0.079405228125 0.5087538734375 0.07427608125 0.5193644140625 0.067030834375 0.52545114375 0.0664983140625 0.53246985625 0.05325036875 0.5056299265625 0.0268851765625 0.5002911015625 0.035966278125 0.4737158328125 0.0359942421875 0.4722027765625 0.030383940625 0.466116046875 0.0309164609375 0.46438629843749996 0.0345134 0.44788846875 0.0445707875 0.401306015625 0.0612801125 0.4115330359375 0.073019253125 0.42952667343749995 0.0800590265625 0.43245306718750004 0.0901398171875 0.4013539875 0.096880509375 0.3498987 0.116313221875 0.309918828125 0.12670221875 0.3081890796875 0.1302991578125 0.2856045203125 0.140889065625 0.2686080890625 0.1452474 0.2658140265625 0.1483631859375 0.2681919578125 0.15217501718749998
1 0.49343935781250003 0 0.49232693281250006 0.0033555296875 0.49859585156249997 0.0165894921875 0.5340346640625 0.024400084375 0.52803229375 0.0025287859375 0.5265312984375 0 0.49343935781250003 0
1 0.40380280468749996 0.0197144015625 0.41981739375 0.0275015875 0.417870953125 0.0403057671875 0.42207835468750005 0.041660470312499996 0.445311096875 0.038479334375 0.44383248281250004 0.0030041015625 0.40468492968750003 0.00642906875 0.3969681734375 0.0116983390625 0.40380280468749996 0.0197144015625
7 1 0.7833381453125 0.9748303609375 0.7863645499999999 0.951797059375 0.7918253078124999 0.870025096875 0.8035735687500001 0.814230078125 0.8084550015625 0.8042849703125 0.81162215625 0.7938738703125 0.8211470234375 0.776975271875 0.8616756593750001 0.779951525 0.87232635625 0.8284957796875 0.8663564812500001 0.83321903125 0.8619233749999999 0.8654150359375 0.8677206046875 0.8517401046874999 0.9567799562499999 0.8504653046874999 0.971248178125 1 0.9581655874999999 1 0.7833381453125
7 1 0.6190719390625 0.9351092328125 0.6244506171875 0.92024143125 0.6297712546875001 0.88468565 0.632307715625 0.86768921875 0.6366660484375 0.864628603125 0.6484191703125 0.8784148406250001 0.65410424375 0.8777992671874999 0.6587522406249999 0.883320284375 0.663437621875 0.910992478125 0.675947578125 0.9093452015624999 0.6921711890625 0.8693480796875 0.7140470484375 0.8395798671874999 0.7126315562500001 0.8306147140625001 0.7386836812500001 0.820303334375 0.749348359375 0.8075948859375 0.8027185609374999 0.8102221187499999 0.8093799203125001 0.8538436781250001 0.805563528125 1 0.784238109375 1 0.6190719390625
7 1 0.53611823125 0.9520097203125 0.548891490625 0.9444425437499999 0.5558704765625 0.9357094437500001 0.596258990625 0.925963778125 0.6017057671875 0.8956298515625001 0.6055081765625 0.8799297859375 0.624684053125 0.8826567390625 0.632485221875 0.8960440937499999 0.6336110500000001 0.9024798453124999 0.63706786875 0.9063382234375 0.634433234375 0.9115102187499999 0.6351292765625 0.9153685984375001 0.6324946437500001 0.9195261374999999 0.633279440625 0.9484965875 0.625576446875 1 0.6208190375 1 0.53611823125
7 1 0.4781695234375 0.9998742843749999 0.4767325875 0.958499109375 0.48285723125 0.9570512734375001 0.501360465625 0.9518121687500001 0.5115813765625 0.94394583125 0.51514093125 0.917570003125 0.5174485171875001 0.9078569484375001 0.5349520609375 0.9108830625 0.5461726625 0.9284279578125 0.5480832890625 1 0.538399525 1 0.4781695234375
2 0.2787674109375 1 0.2874212765625 0.991220496875 0.32816819062499997 0.9428627281249999 0.3052844703125 0.9500332031250001 0.289651515625 0.958292121875 0.285027984375 0.9638650359375 0.2710749171875 0.9679571093750001 0.21747375 0.99791438125 0.2132252234375 1 0.2787674109375 1
2 0.2105660875 0.8021191906249999 0.12488588593750001 0.8159321796875 0.11981361093750001 0.8163759453124999 0.11535690937500001 0.8121717171875 0.1146914765625 0.8162498078124999 0.1217754109375 0.8271153953124999 0.13692512343750002 0.8367010531249999 0.14741869531250001 0.8398028578125001 0.1867657453125 0.8455487203125 0.19995365781250002 0.8443949281249999 0.2164840984375 0.84639430625 0.2408310140625 0.844264228125 0.26792213593750003 0.8384484562500001 0.2805117265625 0.830455796875 0.275822971875 0.811915178125 0.258993371875 0.806496365625 0.25327291406249997 0.7995313609375 0.2105660875 0.8021191906249999
2 0.1255321796875 0.8583714421875 0.169435653125 0.8694613453125 0.2025463921875 0.874030009375 0.2889744984375 0.8687656 0.29780543125 0.8645473890625001 0.2908883265625 0.843904653125 0.2866310671875 0.8419800453124999 0.24447270312499997 0.8508368328125 0.19983668906250002 0.854741978125 0.145372534375 0.8514672265625001 0.1410155546875 0.8484028078125 0.1317857390625 0.8480617765625 0.1255321796875 0.8583714421875
2 0.18462680625 1 0.2149634875 0.9809059703124999 0.2233456765625 0.9715586093749999 0.24395118437500002 0.9617161140625001 0.26680229375 0.942488871875 0.289820234375 0.9134844843750001 0.298419115625 0.8949298828125001 0.294877146875 0.8894970890625 0.2534839390625 0.8954155953124999 0.0349791453125 0.8749078203125 0.030698420312500002 0.8727150203124999 0.0418344125 1 0.18462680625 1
2 0.0735475671875 0.825017840625 0.0798337375 0.82676494375 0.0877326859375 0.8352621578124999 0.1147566984375 0.8403633421875 0.11653630625 0.8373363093749999 0.1097016734375 0.829320246875 0.09069358125 0.8223692249999999 0.08141390625 0.8214582890625 0.0735475671875 0.825017840625
2 0.35221380468749997 0.6685561484375 0.3621090515625 0.6648190875 0.3384275671875 0.662871075 0.32364412656249997 0.64578789375 0.2973680203125 0.6492352921875 0.2848282890625 0.6577978546875001 0.253180746875 0.6582695843749999 0.20195751093749997 0.6920386875 0.2239073578125 0.7326141296875 0.2564006375 0.7768612828125 0.27248233437499997 0.7737315140625001 0.2873673859375 0.7569240140625 0.3299092703125 0.7290828421875 0.38136455625 0.7096501281250001 0.41936538125 0.7000085421875 0.4361623703125 0.6933705875 0.4165387046875 0.6910675625 0.3942878078125 0.6821031796875 0.3853571546875 0.68518158125 0.3787545734375 0.6915019078125 0.3622739953125 0.6900724328125001 0.35221380468749997 0.6685561484375
2 0.3246030546875 0.750220709375 0.3192143703125 0.75873190625 0.322090903125 0.768242790625 0.5062729515625 0.7469605421875001 0.5229203609375 0.7386128703125 0.5536550578125 0.7043392125 0.542862325 0.697817975 0.5392704984375001 0.691815275 0.544659184375 0.6833040796875001 0.539287746875 0.6803284125 0.505960315625 0.6849669890625 0.3714022 0.72430414375 0.33998670937500003 0.7391122640625001 0.3246030546875 0.750220709375
2 0.42648381406249997 0.6879004078125 0.4460077578125 0.689063621875 0.4929392328125 0.676343634375 0.51507505 0.6606245796875 0.5097036125 0.6576489140625 0.46086019843750003 0.6601993546875 0.4553890421875 0.656083878125 0.4209474359375 0.6596713953125 0.4011070796875 0.6665756109375 0.397847025 0.6760491109375 0.40235358750000005 0.680823246875 0.42648381406249997 0.6879004078125
2 0.4806180828125 0.6406684671875 0.48796856718750004 0.642896721875 0.5125149265625 0.6430462640625 0.51637330625 0.6404116296875 0.5182200234375001 0.6264676375 0.516557384375 0.619147621875 0.5111360890625 0.61560205 0.4112036578125 0.63008768125 0.4046010765625 0.6364080078125001 0.41798842968749994 0.6375338375 0.4277168484375 0.6435739234375 0.47173729062499997 0.644316775 0.4806180828125 0.6406684671875
2 0.39552273125 0.6027462031249999 0.396220775 0.610724878125 0.40902516718750004 0.628555471875 0.427335215625 0.6275278171875 0.4998773640625 0.615438525 0.5225942546875 0.6180451953125 0.5391918046875 0.6091276203125 0.59648451875 0.586312859375 0.6150112578125 0.5760779640625 0.6195350687500001 0.5693652390625 0.618837025 0.5613865625 0.5760975890625 0.5519176234375001 0.56083090625 0.5526790171875 0.528717371875 0.5595084609375001 0.5279023578125 0.5618768359375 0.5111053671875 0.568514790625 0.5056668203125 0.57645608125 0.4960879828125 0.5721257109375 0.48589357499999997 0.572443340625 0.4616962390625 0.5762831359375 0.4538299015625 0.5798426875 0.43542013281249997 0.57973053125 0.42466001093749994 0.5852660625 0.4125364125 0.5869010078125 0.40793012968750003 0.5809870609375001 0.40067936406250004 0.5798986171875 0.392912746875 0.5845979828125001 0.39680373593749996 0.5940201140625 0.40106099687499996 0.5959447234375 0.39552273125 0.6027462031249999