7 0.1677083328125 0.9861111109375 0.1708333328125 0.9990740734375001 0.23854166718749997 0.9990740734375001 0.23020833281250003 0.9481481484375 0.2265625 0.9370370375 0.11875 0.8259259265625 0.1078125 0.81851851875 0.1052083328125 0.8222222218749999 0.1067708328125 0.8379629625 0.13333333281249998 0.9425925921875 0.15677083281249998 0.9759259265625 0.1677083328125 0.9861111109375
7 0 0.8027777781250001 0.0265625 0.83148148125 0.028125 0.8388888890624999 0.0182291671875 0.8759259265624999 0.0182291671875 0.8879629625 0.0208333328125 0.896296296875 0.0369791671875 0.9175925921875001 0.04375 0.9120370375 0.0484375 0.8981481484374999 0.052604167187499995 0.897222221875 0.05625 0.8675925921875001 0.060416667187499995 0.8666666671875 0.075 0.88148148125 0.0796875 0.8916666671875 0.084375 0.890740740625 0.09114583281250001 0.8981481484374999 0.0953125 0.897222221875 0.096875 0.8916666671875 0.0921875 0.8740740734375001 0.1 0.8574074078124999 0.0994791671875 0.847222221875 0.0916666671875 0.8370370375 0.0838541671875 0.8379629625 0.08125 0.834259259375 0.0645833328125 0.7768518515625 0.0015625 0.7148148140624999 0 0.7148148140624999 0 0.8027777781250001
7 0.353125 0.46388888906250003 0.3572916671875 0.4620370375 0.3635416671875 0.471296296875 0.3697916671875 0.47222222187499996 0.40208333281249997 0.49259259218749996 0.4067708328125 0.48981481406249994 0.4010416671875 0.40833333281249995 0.39791666718749996 0.3981481484375 0.33125 0.3574074078125 0.3234375 0.3546296296875 0.3140625 0.35648148125 0.3140625 0.372222221875 0.3203125 0.3990740734375 0.3260416671875 0.447222221875 0.353125 0.46388888906250003
7 0.36666666718749996 0.5018518515625 0.3630208328125 0.490740740625 0.3625 0.4731481484375 0.353125 0.471296296875 0.35 0.478703703125 0.3473958328125 0.49629629687500004 0.3489583328125 0.502777778125 0.346875 0.509259259375 0.3645833328125 0.5101851859375001 0.36666666718749996 0.5018518515625
7 0.4390625 0.5111111109375 0.465625 0.5287037031249999 0.48125 0.5351851859375001 0.4848958328125 0.5425925921875 0.521875 0.5675925921875 0.5286458328125 0.5675925921875 0.5286458328125 0.48981481406249994 0.5260416671875 0.46944444374999994 0.4994791671875 0.4481481484375 0.49635416718750003 0.44166666718750003 0.49791666718750005 0.4388888890625 0.49375 0.4379629625 0.49010416718750005 0.44166666718750003 0.4859375 0.4379629625 0.48125 0.4388888890625 0.44114583281249997 0.4138888890625 0.43125 0.4166666671875 0.43125 0.42129629687500003 0.4348958328125 0.427777778125 0.4322916671875 0.44166666718750003 0.4390625 0.5111111109375
7 0.2520833328125 0.44351851875000003 0.26510416718749996 0.4388888890625 0.2635416671875 0.41203703750000004 0.265625 0.409259259375 0.29635416718749996 0.4268518515625 0.3026041671875 0.425 0.2989583328125 0.377777778125 0.2984375 0.340740740625 0.2958333328125 0.3333333328125 0.2911458328125 0.32685185156249996 0.2833333328125 0.32592592656249997 0.2526041671875 0.3101851859375 0.2421875 0.309259259375 0.22395833281250002 0.29814814843750004 0.2203125 0.3 0.2203125 0.3129629625 0.23072916718749997 0.38703703749999996 0.2536458328125 0.40092592656250003 0.2520833328125 0.44351851875000003
7 0.196875 0.377777778125 0.2026041671875 0.3759259265625 0.190625 0.29814814843750004 0.1875 0.2888888890625 0.1307291671875 0.259259259375 0.12291666718750001 0.25833333281250004 0.1359375 0.3333333328125 0.1395833328125 0.34444444375 0.1630208328125 0.353703703125 0.196875 0.377777778125
7 0.0817708328125 0.3296296296875 0.0838541671875 0.34351851875 0.0921875 0.33703703749999997 0.0921875 0.3166666671875 0.09375 0.3148148140625 0.1203125 0.3296296296875 0.125 0.328703703125 0.1208333328125 0.302777778125 0.12291666718750001 0.29722222187499997 0.1177083328125 0.28796296250000003 0.1078125 0.2453703703125 0.056770832812500005 0.2175925921875 0.05 0.21851851875 0.0682291671875 0.29814814843750004 0.0828125 0.3083333328125 0.0838541671875 0.31759259218749997 0.0817708328125 0.3296296296875
7 0.3296875 0.1925925921875 0.34427083281250004 0.1990740734375 0.3453125 0.221296296875 0.35208333281250004 0.21851851875 0.353125 0.20833333281250002 0.3567708328125 0.2018518515625 0.3770833328125 0.21203703749999997 0.3817708328125 0.21111111093749999 0.3817708328125 0.1888888890625 0.378125 0.17962962968750001 0.3765625 0.1611111109375 0.371875 0.1574074078125 0.3734375 0.1490740734375 0.3697916671875 0.1425925921875 0.3369791671875 0.1268518515625 0.3223958328125 0.12407407343750002 0.321875 0.13055555624999998 0.3255208328125 0.14444444375 0.32760416718749996 0.1851851859375 0.3296875 0.1925925921875
7 0.3083333328125 0.178703703125 0.3010416671875 0.1111111109375 0.2541666671875 0.0916666671875 0.259375 0.1453703703125 0.2635416671875 0.1601851859375 0.3046875 0.18055555625 0.3083333328125 0.178703703125
7 0.49635416718750003 0.26203703749999996 0.5104166671875 0.26203703749999996 0.5484375 0.2824074078125 0.5515625 0.2796296296875 0.5526041671875 0.20370370312500002 0.4869791671875 0.1768518515625 0.4838541671875 0.178703703125 0.4828125 0.1861111109375 0.48229166718750005 0.22870370312500002 0.4859375 0.23611111093749998 0.48645833281249995 0.25555555625 0.49635416718750003 0.26203703749999996
7 0.40416666718750005 0.2175925921875 0.4166666671875 0.225 0.42760416718750005 0.22407407343750002 0.43958333281249995 0.234259259375 0.4583333328125 0.24259259218749998 0.46197916718750004 0.2398148140625 0.4578125 0.177777778125 0.45989583281249996 0.16944444375 0.446875 0.1611111109375 0.40989583281249997 0.1481481484375 0.4 0.1481481484375 0.3984375 0.15092592656249998 0.39895833281250004 0.16944444375 0.4036458328125 0.17962962968750001 0.40208333281249997 0.2009259265625 0.40416666718750005 0.2175925921875
7 0.5796875 0.2916666671875 0.5963541671875 0.29907407343750003 0.6109375 0.29907407343750003 0.6197916671875 0.3101851859375 0.6494791671875 0.31944444375000003 0.6520833328125 0.31759259218749997 0.65625 0.29814814843750004 0.6557291671875001 0.2398148140625 0.6119791671875 0.22314814843750003 0.5927083328125 0.21203703749999997 0.5796875 0.209259259375 0.5765625 0.21574074062499998 0.5765625 0.26574074062499997 0.575 0.2675925921875 0.5770833328125 0.26851851875 0.5796875 0.2916666671875
7 0.8291666671875 0.79444444375 0.8885416671874999 0.8296296296874999 0.8927083328125001 0.8268518515625001 0.9072916671875 0.7601851859375001 0.9125 0.73148148125 0.9119791671874999 0.7240740734375 0.8994791671875 0.7120370375 0.8739583328125 0.7018518515625 0.8098958328125001 0.6648148140625 0.7557291671875 0.6388888890625 0.7515625 0.6416666671875 0.75 0.6583333328125 0.74375 0.74444444375 0.7901041671875 0.772222221875 0.8125 0.7805555562500001 0.8291666671875 0.79444444375
7 0.9994791671875 0.7518518515625 0.9703125 0.7370370375 0.9510416671874999 0.8194444437499999 0.9463541671875 0.8481481484375 0.946875 0.8546296296874999 0.9567708328125001 0.8620370375 0.9994791671875 0.884259259375 0.9994791671875 0.7518518515625
7 0.9223958328125 0.4675925921875 0.9270833328125001 0.4703703703125 0.9307291671875 0.477777778125 0.975 0.4953703703125 0.978125 0.49259259218749996 0.9817708328125001 0.475 0.9848958328125 0.4703703703125 0.9963541671874999 0.403703703125 0.9671875 0.3861111109375 0.9213541671875 0.3731481484375 0.9083333328125001 0.36759259218749996 0.9041666671874999 0.3620370375 0.8802083328125001 0.35925925937500003 0.8755208328125 0.36759259218749996 0.865625 0.4388888890625 0.8645833328125001 0.45 0.8682291671875 0.4546296296875 0.90625 0.46851851875 0.9223958328125 0.4675925921875
7 0.9619791671875 0.28148148125 0.9666666671874999 0.2833333328125 0.96875 0.290740740625 0.9994791671875 0.29814814843750004 0.9994791671875 0.21851851875 0.9963541671874999 0.2166666671875 0.9765625 0.21574074062499998 0.9557291671874999 0.20833333281250002 0.9515625 0.21111111093749999 0.9458333328125 0.20833333281250002 0.9447916671875 0.21111111093749999 0.9317708328125001 0.2046296296875 0.93125 0.21203703749999997 0.9244791671874999 0.22407407343750002 0.91875 0.2546296296875 0.9177083328125001 0.2759259265625 0.9192708328125001 0.27777777812500004 0.9489583328125001 0.2851851859375 0.9619791671875 0.28148148125
7 0.9526041671875 0.1620370375 0.959375 0.1583333328125 0.9760416671875 0.1601851859375 0.9822916671874999 0.1629629625 0.9848958328125 0.16944444375 0.9994791671875 0.1703703703125 0.9994791671875 0.1046296296875 0.9515625 0.09351851875 0.9354166671874999 0.0953703703125 0.9338541671874999 0.0990740734375 0.9322916671874999 0.11851851875 0.9260416671874999 0.1490740734375 0.9276041671874999 0.1546296296875 0.9526041671875 0.1620370375
2 0.44322916718750005 0.7425925921875 0.44166666718750003 0.7398148140624999 0.44322916718750005 0.7194444437499999 0.440625 0.7 0.43541666718750005 0.6981481484375001 0.4244791671875 0.703703703125 0.421875 0.709259259375 0.4223958328125 0.7166666671875 0.41979166718750005 0.7268518515625 0.4203125 0.7629629625 0.440625 0.7731481484375 0.44322916718750005 0.7611111109375 0.44322916718750005 0.7425925921875
2 0.43177083281249995 0.6870370375 0.4390625 0.68148148125 0.4390625 0.6768518515624999 0.43177083281249995 0.671296296875 0.41979166718750005 0.665740740625 0.4203125 0.6796296296875 0.42395833281249995 0.6851851859375 0.43177083281249995 0.6870370375
2 0.7291666671875 0.9990740734375001 0.7328125 0.9898148140625 0.7317708328125 0.98055555625 0.7375 0.959259259375 0.7380208328125 0.9472222218749999 0.7427083328124999 0.9361111109375001 0.7505208328124999 0.9037037031249999 0.7255208328125 0.8824074078124999 0.6994791671875 0.8666666671875 0.6963541671875 0.8768518515625001 0.6890625 0.95 0.6901041671875 0.9796296296874999 0.6869791671875001 0.9898148140625 0.690625 0.9990740734375001 0.7291666671875 0.9990740734375001
2 0.3385416671875 0.64444444375 0.3348958328125 0.625 0.334375 0.6101851859375 0.3359375 0.60648148125 0.328125 0.6046296296875 0.3244791671875 0.6074074078125 0.3239583328125 0.6777777781250001 0.3265625 0.70555555625 0.3390625 0.6888888890625 0.3385416671875 0.64444444375
2 0.2104166671875 0.5916666671875 0.2125 0.5935185187500001 0.21197916718749998 0.6046296296875 0.2078125 0.6120370375 0.2125 0.625 0.21510416718749997 0.6240740734375 0.2171875 0.6379629625 0.2203125 0.64351851875 0.2322916671875 0.647222221875 0.23333333281250002 0.625 0.2265625 0.5759259265625001 0.2265625 0.559259259375 0.2171875 0.547222221875 0.20729166718749997 0.5481481484375 0.2078125 0.5611111109375 0.2052083328125 0.5768518515625 0.20989583281250002 0.58148148125 0.2104166671875 0.5916666671875
8 0.9125 0.275 0.9078125 0.2666666671875 0.9026041671874999 0.26574074062499997 0.8989583328125 0.271296296875 0.8989583328125 0.2768518515625 0.9026041671874999 0.2824074078125 0.9119791671874999 0.284259259375 0.9125 0.275
1 0.7489583328125 0.0666666671875 0.7484375 0.061111110937500004 0.740625 0.05 0.7302083328125 0.048148148437499996 0.7213541671875 0.0546296296875 0.7223958328125 0.08055555625000001 0.7151041671875 0.16944444375 0.7161458328125 0.1981481484375 0.7145833328125 0.20555555625 0.7322916671875 0.22314814843750003 0.7489583328125 0.0666666671875
1 0.9729166671874999 0.38703703749999996 0.96875 0.3703703703125 0.9630208328125001 0.3583333328125 0.94375 0.340740740625 0.9229166671875 0.3398148140625 0.9 0.35925925937500003 0.9005208328125001 0.3648148140625 0.9046875 0.36666666718749996 0.9703125 0.3888888890625 0.9729166671874999 0.38703703749999996
1 0.9916666671875 0.209259259375 0.9859375 0.19537037031249999 0.9671875 0.1833333328125 0.9458333328125 0.1888888890625 0.940625 0.197222221875 0.9401041671874999 0.2009259265625 0.9442708328125 0.20277777812500003 0.9885416671874999 0.21203703749999997 0.9916666671875 0.209259259375
1 0.90625 0.6777777781250001 0.909375 0.6453703703125 0.9057291671875 0.61851851875 0.9020833328125001 0.6074074078125 0.8854166671874999 0.578703703125 0.8640625 0.5638888890625 0.8390625 0.559259259375 0.8234375 0.5675925921875 0.8104166671874999 0.5861111109375 0.8026041671874999 0.609259259375 0.7958333328125 0.6509259265625 0.796875 0.659259259375 0.896875 0.709259259375 0.9 0.7083333328125 0.90625 0.6777777781250001
1 0.5739583328125 0.5601851859375 0.571875 0.58055555625 0.5744791671875 0.597222221875 0.571875 0.6101851859375 0.5671875 0.703703703125 0.5682291671875 0.7120370375 0.5723958328125 0.70555555625 0.5770833328125 0.6231481484375 0.5838541671875 0.6074074078125 0.6 0.5981481484375 0.6010416671875001 0.6379629625 0.6046875 0.6379629625 0.6041666671875 0.5675925921875 0.6 0.5416666671875 0.603125 0.5296296296875 0.603125 0.5166666671875 0.5973958328125 0.5166666671875 0.5854166671875001 0.50555555625 0.5901041671875 0.490740740625 0.6026041671875 0.4879629625 0.6067708328125 0.4824074078125 0.6125 0.42129629687500003 0.6052083328125 0.3851851859375 0.5947916671875 0.3648148140625 0.5822916671875 0.35555555625 0.5677083328125 0.353703703125 0.5583333328125 0.3601851859375 0.5505208328125 0.3731481484375 0.5432291671875 0.4 0.540625 0.4388888890625 0.5401041671875 0.465740740625 0.5453125 0.46944444374999994 0.5453125 0.4796296296875 0.5401041671875 0.48703703750000005 0.5328125 0.48981481406249994 0.53125 0.49444444374999996 0.53125 0.509259259375 0.5776041671875001 0.5351851859375001 0.5807291671875 0.540740740625 0.5739583328125 0.5601851859375
1 0.6802083328124999 0.3296296296875 0.6755208328125 0.38055555625 0.6760416671875 0.384259259375 0.6796875 0.384259259375 0.6848958328125 0.39074074062499997 0.675 0.47407407343749997 0.675 0.48148148125 0.6776041671875 0.48333333281249996 0.6859375 0.4129629625 0.7010416671875 0.3916666671875 0.7036458328124999 0.3981481484375 0.703125 0.43981481406249995 0.7052083328125 0.44351851875000003 0.7067708328125 0.4388888890625 0.7088541671875 0.35 0.7130208328125 0.3324074078125 0.721875 0.2629629625 0.7203125 0.24722222187499998 0.7109375 0.2166666671875 0.6963541671875 0.2046296296875 0.6854166671875 0.20555555625 0.6744791671875 0.2148148140625 0.6677083328125 0.22870370312500002 0.6635416671875001 0.2509259265625 0.6578125 0.29814814843750004 0.6854166671875 0.3120370375 0.6848958328125 0.32777777812500003 0.6802083328124999 0.3296296296875
1 0.5114583328125 0.3759259265625 0.515625 0.36851851875 0.5088541671875 0.3611111109375 0.5010416671875 0.3379629625 0.49583333281249997 0.3296296296875 0.4791666671875 0.31759259218749997 0.46875 0.3203703703125 0.45885416718750005 0.334259259375 0.45416666718750004 0.34629629687499996 0.4505208328125 0.378703703125 0.44947916718750003 0.415740740625 0.45104166718750005 0.4203703703125 0.509375 0.45277777812500003 0.5114583328125 0.3759259265625
1 0.3854166671875 0.372222221875 0.3791666671875 0.3601851859375 0.3802083328125 0.33703703749999997 0.3614583328125 0.3046296296875 0.3453125 0.2953703703125 0.3255208328125 0.3148148140625 0.3203125 0.352777778125 0.3760416671875 0.38148148125 0.3859375 0.38148148125 0.3854166671875 0.372222221875
1 0.5765625 0.21944444375 0.5786458328124999 0.21111111093749999 0.5927083328125 0.2166666671875 0.6046875 0.2166666671875 0.596875 0.1870370375 0.5901041671875 0.1768518515625 0.5817708328125 0.172222221875 0.5734375 0.17314814843749998 0.5630208328124999 0.1824074078125 0.5541666671875001 0.21111111093749999 0.5536458328125 0.259259259375 0.5755208328125 0.2675925921875 0.578125 0.2398148140625 0.5765625 0.21944444375
1 0.4859375 0.20833333281250002 0.4838541671875 0.20555555625 0.4859375 0.196296296875 0.48333333281249996 0.1870370375 0.49375 0.17962962968750001 0.5151041671875001 0.1870370375 0.5177083328125 0.1870370375 0.51875 0.18148148125000002 0.5088541671875 0.15092592656249998 0.5015625 0.1425925921875 0.4895833328125 0.140740740625 0.48125 0.1453703703125 0.4734375 0.1583333328125 0.46770833281249996 0.19537037031249999 0.4682291671875 0.22407407343750002 0.48229166718750005 0.2296296296875 0.48645833281249995 0.2166666671875 0.4859375 0.20833333281250002
1 0.446875 0.1324074078125 0.43333333281249997 0.11574074062499999 0.421875 0.1175925921875 0.4109375 0.1379629625 0.40989583281249997 0.1453703703125 0.41510416718750004 0.15 0.45208333281249996 0.1601851859375 0.446875 0.1324074078125
1 0.3734375 0.1574074078125 0.3770833328125 0.1629629625 0.3786458328125 0.172222221875 0.3786458328125 0.1851851859375 0.38333333281250004 0.1925925921875 0.39114583281250004 0.1925925921875 0.3942708328125 0.1416666671875 0.3854166671875 0.11574074062499999 0.3734375 0.102777778125 0.36666666718749996 0.102777778125 0.3609375 0.1074074078125 0.353125 0.125 0.3536458328125 0.1324074078125 0.3723958328125 0.13888888906250002 0.375 0.15092592656249998 0.3734375 0.1574074078125
1 0.2984375 0.34444444375 0.2989583328125 0.31944444375000003 0.2916666671875 0.290740740625 0.2828125 0.2703703703125 0.2791666671875 0.272222221875 0.2744791671875 0.2629629625 0.2671875 0.26203703749999996 0.2578125 0.2731481484375 0.2494791671875 0.296296296875 0.2494791671875 0.3083333328125 0.2927083328125 0.3296296296875 0.2958333328125 0.3324074078125 0.2984375 0.34444444375
1 0.325 0.852777778125 0.31979166718749996 0.8601851859374999 0.30625 0.86851851875 0.28958333281250004 0.896296296875 0.3567708328125 0.9629629625 0.3578125 0.9731481484375 0.3453125 0.990740740625 0.3447916671875 0.9990740734375001 0.3880208328125 0.9990740734375001 0.403125 0.975 0.40416666718750005 0.9703703703125001 0.3994791671875 0.9629629625 0.403125 0.9472222218749999 0.3994791671875 0.940740740625 0.3927083328125 0.909259259375 0.3765625 0.8879629625 0.3796875 0.8759259265624999 0.39375 0.8851851859375 0.39895833281250004 0.8851851859375 0.41197916718750005 0.8731481484374999 0.41302083281249996 0.7981481484375 0.4067708328125 0.7629629625 0.39895833281250004 0.7416666671875001 0.38229166718749996 0.7120370375 0.3625 0.6916666671875 0.3453125 0.690740740625 0.3416666671875 0.6990740734374999 0.3333333328125 0.7046296296875 0.32864583281250004 0.7138888890625 0.31979166718749996 0.7453703703125 0.3182291671875 0.7990740734374999 0.3239583328125 0.8296296296874999 0.3234375 0.8490740734375001 0.325 0.852777778125
1 0.19375 0.80648148125 0.2635416671875 0.872222221875 0.2671875 0.8731481484374999 0.2666666671875 0.8398148140625 0.27395833281250004 0.8222222218749999 0.303125 0.7870370375 0.3140625 0.7879629625 0.3182291671875 0.7953703703125 0.3182291671875 0.7787037031249999 0.3145833328125 0.7740740734375 0.3145833328125 0.7648148140625 0.3182291671875 0.7509259265625 0.3088541671875 0.747222221875 0.3083333328125 0.728703703125 0.303125 0.7138888890625 0.3053817703125 0.703703703125 0.3109375 0.703703703125 0.3171875 0.7129629625 0.321875 0.7083333328125 0.3203125 0.6953703703125 0.3234375 0.6916666671875 0.3244791671875 0.634259259375 0.31979166718749996 0.5898148140624999 0.3088541671875 0.55648148125 0.2911458328125 0.5333333328125 0.2828125 0.5287037031249999 0.2744791671875 0.5296296296875 0.265625 0.5370370375 0.2609375 0.54444444375 0.2578125 0.559259259375 0.2557291671875 0.5870370375 0.2552083328125 0.6379629625 0.2578125 0.6453703703125 0.2557291671875 0.6574074078125001 0.2588541671875 0.665740740625 0.2588541671875 0.6731481484375 0.253125 0.68148148125 0.23958333281250002 0.6861111109375 0.22760416718749998 0.6972222218749999 0.2104166671875 0.7185185187500001 0.1890625 0.7388888890625 0.18125 0.7546296296875 0.1817708328125 0.7787037031249999 0.1932291671875 0.79444444375 0.1921875 0.8018518515625 0.19375 0.80648148125
1 0.125 0.6268518515625 0.12395833281249999 0.6324074078125 0.103125 0.6518518515625 0.0760416671875 0.6972222218749999 0.146875 0.7638888890625 0.1515625 0.7648148140625 0.1666666671875 0.7546296296875 0.16875 0.7833333328125 0.175 0.7898148140625 0.178125 0.7833333328125 0.1744791671875 0.7601851859375001 0.175 0.746296296875 0.178125 0.7351851859375 0.1932291671875 0.703703703125 0.2 0.6972222218749999 0.20625 0.702777778125 0.20833333281250002 0.7120370375 0.20989583281250002 0.7120370375 0.2104166671875 0.7046296296875 0.20729166718749997 0.6888888890625 0.2046875 0.6833333328125 0.20208333281250002 0.684259259375 0.2015625 0.671296296875 0.1932291671875 0.65 0.1838541671875 0.6416666671875 0.15703125 0.6333333328124999 0.159375 0.6148148140624999 0.184375 0.621296296875 0.196875 0.6166666671875001 0.20052083281250002 0.6203703703125 0.2036458328125 0.61851851875 0.1979166671875 0.5370370375 0.1854166671875 0.502777778125 0.1734375 0.48518518593750004 0.16458333281249998 0.477777778125 0.1520833328125 0.471296296875 0.1380208328125 0.4703703703125 0.1197916671875 0.48981481406249994 0.115625 0.515740740625 0.11510416718750001 0.5527777781250001 0.11822916718750001 0.5888888890625 0.125 0.6268518515625
1 0 0.627777778125 0.0447916671875 0.6675925921875 0.051041667187499994 0.66944444375 0.05989583281250001 0.6574074078125001 0.0645833328125 0.6425925921875 0.056770832812500005 0.5370370375 0.0473958328125 0.5083333328124999 0.0442708328125 0.4861111109375 0.0322916671875 0.4583333328125 0.021875 0.44629629687500005 0.013020832812499999 0.44629629687500005 0.0046875 0.4546296296875 0 0.46388888906250003 0 0.5333333328125 0.0020833328125000002 0.534259259375 0.0020833328125000002 0.54444444375 0.0114583328125 0.575 0.0125 0.5879629625 0.0078125 0.5953703703125 0 0.5953703703125 0 0.627777778125
1 0.215625 0.33703703749999997 0.22135416718749998 0.3361111109375 0.21979166718749998 0.29722222187499997 0.2244791671875 0.2925925921875 0.2234375 0.2768518515625 0.2125 0.2388888890625 0.2046875 0.22777777812500002 0.1901041671875 0.22407407343750002 0.18020833281249998 0.23611111093749998 0.1744791671875 0.25833333281250004 0.1744791671875 0.27870370312500004 0.1885416671875 0.2898148140625 0.1953125 0.32592592656249997 0.215625 0.33703703749999997