1 0.69713625 0.17063570781249998 0.6992238484375 0.168935771875 0.7340767484375 0.17648963281250002 0.744363246875 0.176669184375 0.7556278953125 0.17975977031249998 0.7576245968750001 0.1832673734375 0.769938096875 0.1852186828125 0.7752732421874999 0.1743147625 0.7640388921875 0.16948833125 0.7177900453125 0.1663658875 0.6377674484375 0.1528144578125 0.5432326562500001 0.1453764296875 0.4824413140625 0.1501032296875 0.43795687499999997 0.1637965484375 0.40154003749999995 0.18689135625 0.3868561453125 0.2028412203125 0.377275103125 0.22119532187500002 0.3828915171875 0.25312690781249997 0.3999846734375 0.275998153125 0.425408028125 0.293226884375 0.451971128125 0.304108796875 0.535120075 0.315399628125 0.641978465625 0.3242103515625 0.6523053625 0.32207544062500004 0.6687132625000001 0.3252558 0.672918759375 0.32012008125 0.6421299625 0.31553111718750004 0.6266497156249999 0.31815486875 0.6143968140625 0.3127318671875 0.6144372125 0.310417403125 0.6238768578125 0.3001639203125 0.6349814375 0.2534756125 0.6527714796875 0.2364223828125 0.6630377796875 0.2377591640625 0.6672836765625 0.230308984375 0.651975125 0.22309626875 0.655151971875 0.2179425953125 0.66553946875 0.21233599062500003 0.6625545171875 0.20649596875 0.675463903125 0.174308959375 0.6848530484375 0.166948553125 0.6930822484375 0.1670921953125 0.69713625 0.17063570781249998
1 0.3483658015625 0.4626257046875 0.3307676578125 0.4686852375 0.300623715625 0.4861016203125 0.2858287265625 0.5084162562500001 0.286544284375 0.5263712921875 0.2833876359375 0.5303677375 0.309819440625 0.548771653125 0.337421290625 0.5590929078125 0.35860884843749996 0.583193203125 0.363802596875 0.5803899015625 0.366061890625 0.5688535 0.37234488906249996 0.562596459375 0.41643849062499994 0.4533956640625 0.3557279484375 0.45349354062499997 0.3483658015625 0.4626257046875
1 0.23701453906249997 0.6522621640625 0.21821604687499999 0.6681402078125 0.215916353125 0.681991071875 0.2218761578125 0.694249728125 0.24736010937500003 0.708006765625 0.26989950937499996 0.71360931875 0.30583155624999997 0.7182880578125 0.3376995046875 0.7200019 0.387155496875 0.716234821875 0.44065539062500003 0.7165898734375 0.45207153906249997 0.711001225 0.45211193749999995 0.7086867625 0.416109190625 0.7080583328125 0.39778538750000003 0.6967414437499999 0.4021221828125 0.684083721875 0.42007382031249996 0.65777264375 0.4223937140625 0.6427645484375 0.48619020781250005 0.6427205375 0.4883384046875 0.6375489078125 0.4730197546875 0.630914809375 0.47207190312499997 0.6262679296875 0.47195070625 0.6332113171875 0.46334866718749995 0.63479754375 0.3587790171875 0.6323934812500001 0.301114025 0.6348596875 0.2618738328125 0.6428566234375 0.23701453906249997 0.6522621640625
1 0.270002621875 0.2361078375 0.2897605921875 0.165261315625 0.2899827875 0.1525317734375 0.2849405359375 0.14665584062499998 0.2736960859375 0.1424080265625 0.2418584375 0.1389583390625 0.20685404218749998 0.1400837109375 0.1851816953125 0.14375696093749998 0.1634588515625 0.1503232890625 0.140525559375 0.16728674375000002 0.13519041406250001 0.17819066249999999 0.1379228734375 0.1984960734375 0.149036025 0.21026589218749997 0.1734610296875 0.22574081875 0.184755978125 0.22709555781250002 0.20316057812500002 0.233783521875 0.25143642499999996 0.2386777234375 0.266856075 0.239525665625 0.270002621875 0.2361078375
1 0.102647309375 0.156207321875 0.07882676562499999 0.165052203125 0.06625067343749999 0.1781449 0.066159775 0.1833524390625 0.07436877343750001 0.18465331093749998 0.1278585671875 0.1855869796875 0.13248825625 0.15614940625 0.12737530625 0.154323784375 0.102647309375 0.156207321875
1 0.839106490625 0.7027083578125 0.9148629921874999 0.7248671984375 0.9528927390625 0.7272673859375 0.9960111953125 0.732881871875 0.999701653125 0.5214557453124999 0.9625490593749999 0.527752746875 0.895262625 0.550887515625 0.8495778406250001 0.57439934375 0.827713596875 0.5890662890625 0.7962784140625 0.621508721875 0.7919315203124999 0.6347450593749999 0.7926672765625 0.6515428671875 0.8055751359375 0.6783926 0.8177169390625 0.690180371875 0.839106490625 0.7027083578125
1 0.8324179765625 0.7911467625 0.802395234375 0.8016197593750001 0.6827890531249999 0.815738196875 0.623913615625 0.828601528125 0.5710686796875 0.84967320625 0.56273848125 0.8553157203125 0.5564352859375 0.862729990625 0.5529251453125 0.8869779796874999 0.5630702484375 0.8952581484375 0.58759625 0.9049469218749999 0.6306480484375 0.914380271875 0.6779053453125 0.918677903125 0.7560625359375 0.9211997249999999 0.825143675 0.913144871875 0.84795576875 0.9031248046875 0.8625790625 0.8906466343749999 0.874973359375 0.8879690171875 0.8823052062500001 0.8805727015624999 0.9317712984375 0.8762270093750001 0.9380340953124999 0.8711271999999999 0.9319530953124999 0.8658119281250001 0.934222490625 0.8536969109375001 0.9498239343750001 0.8441297750000001 0.9541102312499999 0.83436513125 0.962400028125 0.8310370796875001 0.9871179250000001 0.8297321562500001 0.9943642203125 0.8272370531250001 0.9946622265625 0.8101642484375 0.9750973187499999 0.8110009953124999 0.95974836875 0.80610274375 0.9391551703125 0.8069008703125 0.9196916203125 0.8019308 0.9157992171875 0.7891294359375001 0.9126223687499999 0.7942831109374999 0.846930171875 0.7850333640625 0.8448021750000001 0.7890477625 0.8376319249999999 0.7871862296875001 0.8324179765625 0.7911467625
7 0.775776115625 0.6170993109375 0.7880593140625 0.620786465625 0.7911654640625 0.6196830984374999 0.8648071203125 0.5272042375 0.85567046875 0.52009925625 0.855801765625 0.512577253125 0.8405740125 0.500735615625 0.8406447109374999 0.49668530625 0.8050560546875 0.47233363749999996 0.773450703125 0.4555757921875 0.7570832015625 0.45008096875000003 0.7509214015625 0.4493946234375 0.7436703546875 0.452162015625 0.72929955625 0.450174796875 0.76516243125 0.3998671015625 0.7673712265625 0.391223778125 0.7622784765625 0.38824092499999996 0.46190260937499994 0.3835766359375 0.44847966093749997 0.386236296875 0.434400228125 0.4265059703125 0.4174469421875 0.45457084999999997 0.37869858437500004 0.5522891109375 0.3713061390625 0.5631571203125 0.3507316140625 0.6218347609375 0.350640715625 0.6270423 0.35471491718750003 0.62942858125 0.43401185625 0.6256035890625 0.48350824843750007 0.6195220499999999 0.5277805921875001 0.617979659375 0.6195122296875 0.6091625875 0.649031509375 0.5685836265625 0.6634528078125 0.5676777671875 0.628599909375 0.5601239046875001 0.62774295625 0.5502694859374999 0.629850753125 0.54741231875 0.65049445 0.5437211125 0.6597623984375 0.54330409375 0.6638265 0.5462689921874999 0.668031996875 0.5411332718749999 0.69683419375 0.541636015625 0.70708029375 0.5441300296875 0.7332293046875 0.5787351828125 0.749425109375 0.59406646875 0.7431724109375 0.5985876625000001 0.7451792125 0.60151665 0.775776115625 0.6170993109375
7 0.5505593328125 0.7277689234375 0.539264384375 0.7264141859375 0.5093729390624999 0.72936518125 0.3041868203125 0.7535656515625 0.295785925 0.7632584765625 0.2774100984375 0.8138714078125 0.24214158125 0.8890775265625 0.2450962328125 0.8966533953125 0.3760882625 0.8786821546875 0.459701796875 0.8633566703125 0.47217689375000005 0.8560501296874999 0.4837445359375 0.841782246875 0.47671568124999997 0.831820096875 0.47982183125000005 0.8307167312500001 0.5426401734375 0.8277616859375 0.5457059234375 0.8289727828125001 0.5454635296875 0.84285955625 0.5504653828125 0.8510499499999999 0.5578376265625 0.8413391718750001 0.580437625 0.8434700312500001 0.6259911140625001 0.82748020625 0.6029482515625 0.7917716890625 0.5947998515624999 0.7869991234375 0.5696289921875 0.7553050046875 0.5605024390625 0.7476214046874999 0.5461518390625 0.7444769546875001 0.5535240859375 0.7347661765625 0.5505593328125 0.7277689234375
7 0.208889965625 0.96663401875 0.19399397812500002 0.9947348093749999 0.46710052500000004 0.9995019015625 0.4606667953125 0.9849198046875 0.43264227968749996 0.9398636609375 0.41209958125 0.9377687109374999 0.208889965625 0.96663401875
7 0.058535971875 0.5611704468750001 0.0935100703125 0.5617809234375 0.1924119546875 0.5548253843750001 0.1968396484375 0.536960121875 0.1948429484375 0.53345251875 0.187682796875 0.53101236875 0.20532134218750003 0.522638375 0.228929790625 0.5259444203125 0.232801996875 0.539903015625 0.2428965984375 0.5510762625 0.24803984843750002 0.5511660375 0.2577117890625 0.5276043953125 0.25804508125000003 0.5085100812500001 0.2399636734375 0.4833064203125 0.2358490734375 0.48323459843750005 0.22949537812499998 0.4935419484375 0.2109796796875 0.49321875625 0.21877611562500002 0.45920612343749995 0.204405315625 0.4572189046875 0.0726270328125 0.4612854171875 0.058535971875 0.5611704468750001
7 0.1362781359375 0.23377366875 0.1146663890625 0.233975225 0.110511390625 0.2362178671875 0.08675849218750001 0.3590859234375 0.08767604375 0.36546865156249997 0.09479579375 0.370223259375 0.2408842796875 0.3716156609375 0.24608812656249998 0.36823374375 0.244263121875 0.354889675 0.2494467703125 0.3526649890625 0.2516757671875 0.34286443437499997 0.2877492109375 0.33944255624999997 0.298842165625 0.3523696046875 0.3122449125 0.350867175 0.3243074453125 0.3082471296875 0.320364540625 0.2983388453125 0.3121353421875 0.29819520312500003 0.308061140625 0.2958089203125 0.29464829375 0.297889965625 0.269154240625 0.2847115453125 0.2695077328125 0.26446000000000003 0.2746711828125 0.26339254375 0.27783793125 0.2588174859375 0.282205025 0.2444239171875 0.27915947343749997 0.24205558906250002 0.1362781359375 0.23377366875
7 0.15121571875 0 0.139882228125 0.086244653125 0.1332659390625 0.11159600781250001 0.13412289375 0.121450428125 0.1484835921875 0.1240162609375 0.25336548125 0.12816215 0.3067946765625 0.13256751093750002 0.31308777499999996 0.12573185625 0.31768716406249997 0.098030128125 0.36941255 0.082148034375 0.375453153125 0.08977776875 0.3856790546875 0.09342901249999999 0.3937668546875 0.101673271875 0.40326709843749997 0.08794809375 0.4119305890625 0.063211265625 0.4206647765625 0.0344241296875 0.4198179234375 0.02399109375 0.415794221875 0.018711734375 0.40652627187499996 0.019128751562499997 0.405548121875 0.01621771875 0.3871738203125 0.007793909375 0.3830491203125 0.0083007046875 0.3819396734375 0.012911673437499998 0.345967225 0.010547396875 0.34903768749999997 0 0.15121571875 0
7 0.02258736875 0.026896871875 0.02768011875 0.0298797234375 0.0283653765625 0.0495706078125 0.022163178125 0.0511987234375 0.021415793750000002 0.0940162765625 0.0157069578125 0.126328971875 0.019760959375 0.1298724875 0.02799015625 0.13001612812500002 0.028927910937500002 0.13524162343749999 0.07929135468750001 0.1384358859375 0.1008223046875 0.1428632546875 0.13272055 0.14284124843749998 0.134959646875 0.132462078125 0.12898974218749998 0.1207820359375 0.1291917375 0.109209725 0.12203158750000001 0.1067695765625 0.1221224859375 0.10156203593749999 0.123472884375 0.083147034375 0.1337911265625 0.08150799843749999 0.1338921234375 0.07572184374999999 0.126832971875 0.0674955390625 0.13412441875 0.062413684375 0.1353045671875 0.0537524078125 0.1394696640625 0.05093115 0.1398635546875 0.028365142187499998 0.1039618078125 0.0219505578125 0.0289511625 0.01601090625 0.026742367187499998 0.0246542296875 0.02258736875 0.026896871875
7 0.124398928125 0.206941890625 0.12474232031250002 0.1872689609375 0.021927828125 0.18258036718749998 0.0116110296875 0.1841366625 0.0084932546875 0.2448553859375 0.00536690625 0.24711598437500001 0.00690911875 0.2766612890625 0.052159612499999994 0.2780299296875 0.0950902140625 0.29440666718749997 0.104369790625 0.23437428906250002 0.1209392859375 0.2282968 0.1191748796875 0.21148103906250001 0.12226082812500001 0.2115349046875 0.124398928125 0.206941890625
7 0.0936964453125 0.3742556140625 0.0824620953125 0.3694291828125 0.07946704375 0.364167778125 0.08596213593749999 0.3457598109375 0.089664171875 0.3105181265625 0.003247940625 0.309562209375 0.0018680203125 0.3886177515625 0.0924355015625 0.38754581875 0.0936964453125 0.3742556140625
7 0.0059435171875 0.155132696875 0.03266881875 0.1567222203125 0.0439940671875 0.156341109375 0.0460917640625 0.1540625578125 0.043238110937500004 0.14070053437500002 0.022725710937499997 0.1368697390625 0.012530109375000001 0.131482646875 0.0155872875 0.074235615625 0.012541735937500001 0.0718672875 0.007404428124999999 0.0714371515625 0.0059435171875 0.155132696875
2 0.5038565859374999 0.338005596875 0.431992490625 0.32864811875 0.4237632921875 0.3285044765625 0.42060664374999995 0.332500921875 0.40828304375 0.331128228125 0.3999528484375 0.33677074375 0.392499803125 0.3511104453125 0.3879307140625 0.3770763265625 0.41425142187499997 0.40184501250000004 0.4252433765625 0.4205582171875 0.4324641265625 0.41952667187500003 0.4401191640625 0.393614659375 0.449579009375 0.38220394375 0.48044860624999997 0.38216398281249997 0.48452280625000005 0.3845502640625 0.4937806546875 0.3847118609375 0.5123771515625 0.3804061296875 0.5185187515624999 0.38224970625 0.5298541 0.3812899828125 0.5421373 0.3849771375 0.586359146875 0.386327825 0.60179899375 0.3860185375 0.6090500421875 0.3832511453125 0.584796734375 0.3579397515625 0.5756398828125 0.35199199999999997 0.564365134375 0.34948003125 0.55114418125 0.3405673796875 0.53781213125 0.3380195015625 0.5285239828125 0.3395937515625 0.5038565859374999 0.338005596875
2 0.4834800640625 0.1495425703125 0.5349933578125 0.14581140312500002 0.6634533968749999 0.1549991828125 0.7157933437499999 0.1628582828125 0.7322618421875 0.16256695000000002 0.7374454906250001 0.16034226406250002 0.734430240625 0.1562380890625 0.691641034375 0.131760734375 0.667064534375 0.1249650390625 0.6599447828125 0.1202104296875 0.6393212875 0.1227444046875 0.6271087843750001 0.1150069390625 0.5952206375 0.11445032968749999 0.5809104375 0.10899141875 0.560327340625 0.10921092968749999 0.5336733421875001 0.10353655625 0.52327574375 0.1097217765625 0.49239604843749996 0.11034035312499998 0.4878673578125 0.1339917703125 0.47837721406249994 0.14713833125 0.4834800640625 0.1495425703125
2 0.6796593 0.16975185625 0.6744756515625 0.1719765421875 0.6645714171875 0.20884634218749998 0.6716608703125 0.2153367984375 0.69630806875 0.218082184375 0.712766465625 0.2183694671875 0.7360835484375 0.179418621875 0.7176587484375 0.1738878890625 0.6796593 0.16975185625