7 1 0.1934091375 0.9608757671875001 0.1994413625 0.95666543125 0.1940428640625 0.953956465625 0.199978334375 0.8977472296875 0.2082976015625 0.8933213796875 0.19777994999999998 0.8994424390625 0.1512504125 0.8952321046874999 0.1458519140625 0.8714786875 0.149294996875 0.8811828046875 0.15814010625 0.8814717625 0.1704101125 0.8868234734374999 0.1758884234375 0.8860469046875 0.20339616875000002 0.8826962140625 0.21030758125000001 0.861010040625 0.2087911359375 0.8565890062499999 0.2146068875 0.847957640625 0.2150241390625 0.8403231718749999 0.2093862015625 0.817995271875 0.20884570156249999 0.8104342484375 0.210358615625 0.8047297671875 0.21812625156249998 0.798807365625 0.212608034375 0.790817721875 0.21204934375 0.7882508265625 0.215953115625 0.7617860359375 0.2171649671875 0.75686535 0.22192496093749997 0.7605760312500001 0.2262677046875 0.763507734375 0.249951490625 0.7625890953125001 0.279490934375 0.7600221984375 0.28339470625 0.756186303125 0.3382505703125 0.7525165578124999 0.47274174843749994 0.9843534703125 0.470578665625 1 0.4698222890625 1 0.1934091375
7 0.6838292218750001 0.2576504421875 0.657006846875 0.2557748390625 0.5471552703125 0.2685096 0.54338559375 0.3060162125 0.542334515625 0.370254159375 0.5345158375 0.465664184375 0.5359437640625 0.4698473015625 0.555134078125 0.47425166875 0.7264093484374999 0.47704105312499995 0.7325424484374999 0.47134502187500005 0.7366672999999999 0.4287591625 0.741286990625 0.37089565625 0.74553465 0.26094449062499997 0.743107415625 0.25464986093749997 0.71171953125 0.25245500625 0.6838292218750001 0.2576504421875
7 0.545088028125 0.273469128125 0.5430870046875 0.261079403125 0.5133425593750001 0.26818681875 0.510060496875 0.26591568125 0.509416365625 0.25872492343750003 0.4974343078125 0.2660535890625 0.4920825953125 0.2605752765625 0.48280950312500004 0.26196847343749996 0.473751925 0.268480821875 0.46761642031250006 0.2660101515625 0.41354786718750003 0.27652074375 0.3818096234375 0.2957385375 0.369165375 0.4765597203125 0.41260876093750004 0.4785767609375 0.5265996375 0.4722563453125 0.532019978125 0.4685521078125 0.5356475828125 0.43307719375 0.5420431515625 0.34981745468750003 0.545088028125 0.273469128125
7 0.377601696875 0.29850674062500004 0.3458610453125 0.309557834375 0.29071974218749996 0.310806059375 0.252772546875 0.32040233281249997 0.2460783921875 0.3587252640625 0.235557971875 0.4845708609375 0.36267469218750004 0.479168296875 0.36695124687499997 0.4672175421875 0.3790296234375 0.30268985625 0.377601696875 0.29850674062500004
7 0.23622016562499998 0.3110783453125 0.23422155 0.306855321875 0.2131060640625 0.30537878281249997 0.12401479687500001 0.32466933125 0.110866078125 0.48810135312499997 0.2176535140625 0.486381309375 0.2219324765625 0.48259725781249996 0.2233555875 0.47044697187500006 0.23330050156249998 0.328228065625 0.23622016562499998 0.3110783453125
7 0.5457899515625 0.4766607140625 0.528740321875 0.474447671875 0.45448215000000003 0.4784423828125 0.43351114218750003 0.48310084687500005 0.4286073109375 0.54502775 0.43046385625 0.551282471875 0.5359702515625 0.5596810140625 0.5418902453125 0.55703253125 0.5471492515625 0.49002638125000003 0.5457899515625 0.4766607140625
7 0.38892637812499997 0.4810039921875 0.364460203125 0.4864388671875 0.3374957578125 0.48659496406249997 0.33194297968750003 0.52499770625 0.330664346875 0.54328299375 0.3333046859375 0.5465300734375 0.42411524375000004 0.55185935 0.4278945515625 0.5470195421875 0.4325118328125 0.4809893359375 0.38892637812499997 0.4810039921875
7 0.5416036953125001 0.5529292265625 0.543673346875 0.5561364 0.654100428125 0.5597749484375 0.661661453125 0.5582620328125001 0.6647966296875001 0.5462314671875 0.668843221875 0.480161353125 0.5751081874999999 0.47564839374999995 0.548430290625 0.47990779375 0.5416036953125001 0.5529292265625
7 0.6726959734375 0.482472396875 0.6678679953125 0.5597168546875 0.8056881390624999 0.5652709109375 0.8101561281249999 0.4767722984375 0.7510910390625 0.4767253328125 0.7484482921875 0.46531155156250004 0.7528596921874999 0.42682899531249996 0.7516448718750001 0.41959833125 0.7418010921875 0.4209516203125 0.7391041671874999 0.4677205953125 0.7306196843749999 0.48243955156249996 0.6726959734375 0.482472396875
7 0.9792907140624999 0.4773703578125 0.9773631343750001 0.4721314859375 0.898252903125 0.4717036421875 0.8130095718750001 0.47697183125000003 0.8083971062499999 0.559335440625 0.8103957203125001 0.5635584640625 0.9619834328125 0.5690544265625 0.9742520375 0.5658290640625 0.9789379468750001 0.49061630625 0.9792907140624999 0.4773703578125
6 0.38123999999999997 0 0.38101017812500004 0.0037290875 0.3702670203125 0.0999554296875 0.3661518015625 0.17520809375 0.37200316875 0.1817421609375 0.3788514328125 0.18222103750000002 0.4630220140625 0.1676904859375 0.4713668328125 0.1631699296875 0.5309291671875 0.1561059515625 0.55960326875 0.147902875 0.60069045625 0.1426094375 0.611389065625 0.1372326578125 0.6511928046875 0.1338911078125 0.6776551875 0.1245125546875 0.7920698671874999 0.1039303421875 0.8120415671875 0.0971603671875 0.8448549703125 0.0953716375 0.8583359890625 0.09121024062500001 0.8622573671874999 0.0843387328125 0.8661691156250001 0.044800421875 0.8670261734375 0.024444021875 0.51746038125 0 0.38123999999999997 0
7 0.3824028390625 0 0.3823646609375 0.0007613531249999999 0.370837709375 0.0999953359375 0.366293871875 0.1731763953125 0.36929179375 0.1795109296875 0.37771005625 0.18214122500000002 0.4946205953125 0.1586710921875 0.5286464125 0.155946325 0.63642593125 0.13183768906249999 0.652476253125 0.1319392203125 0.6770844984375 0.12447264843750001 0.8566239234375 0.0910905203125 0.861686678125 0.084298825 0.8653165734374999 0.024324475 0.5174603734375001 0 0.3824028390625 0
7 0.06051903125 0 0.0567313078125 0.0320941296875 0.0418825625 0.23623994062499998 0.0460928984375 0.24163843906250002 0.055152882812500005 0.24329279062500003 0.2127930265625 0.21144176718750002 0.2177847484375 0.2056659234375 0.22449094375 0.2081764984375 0.2453909171875 0.20453388437500003 0.3490335453125 0.1821776015625 0.356521125 0.173513834375 0.36419773437499997 0.08013550781249999 0.37025498125 0.0591219234375 0.3753105140625 0.0278301265625 0.37373810937499996 0.01751200625 0.3770177640625 0.01161644375 0.3777377515625 0 0.06051903125 0
7 0.0337424578125 0 0.016483518750000002 0.2468143109375 0.037532565625 0.24103984218750002 0.0416670484375 0.2311207875 0.04990230625 0.0969488609375 0.05846376875 0 0.0337424578125 0
8 0.7945211796875 0.1918919828125 0.7985894453125 0.1993221796875 0.8195628609375 0.2028304171875 0.8278366453125001 0.1993257109375 0.8354662984375001 0.1886302453125 0.8356035515625001 0.17026514375 0.827327359375 0.16560315 0.8000811828125001 0.17798934375 0.7945211796875 0.1918919828125
8 0.5878776484375 0.23562860468750002 0.60856451875 0.23503353906250002 0.608488665625 0.21971598750000002 0.6033500593750001 0.21119012656249997 0.588796290625 0.2060891625 0.583875603125 0.21084915781250002 0.582310425 0.22503114218750003 0.5878776484375 0.23562860468750002
8 0.3904903546875 0.220805125 0.390208621875 0.2330352234375 0.3954182640625 0.2405452328125 0.4078313484375 0.243454875 0.4173885796875 0.23799828125000003 0.415958246875 0.2256484640625 0.40518378437499997 0.21570768906249999 0.394982421875 0.21397352500000003 0.3904903546875 0.220805125
8 0.23755538281250002 0.24277700000000002 0.2354195140625 0.2569190796875 0.23741812968749998 0.2611421015625 0.24234122343750003 0.2645488078125 0.255038446875 0.26339505 0.2560329390625 0.2491731609375 0.25296398125 0.24385447500000001 0.24411710000000003 0.239152575 0.23755538281250002 0.24277700000000002
8 0.1404816984375 0.2860089609375 0.1361317015625 0.2908088625 0.1372754859375 0.29905537656250003 0.147621328125 0.30692454375 0.166380615625 0.30109060468750004 0.1677350984375 0.2981228703125 0.16580751875 0.2928839984375 0.15810201562499998 0.28826190937499996 0.1404816984375 0.2860089609375