5 0.32999999999999996 0.4269662921875 0.33105263125 0.4250936328125 0.330526315625 0.4157303375 0.32684210468749997 0.41104868906250003 0.24210526250000003 0.3754681640625 0.2352631578125 0.37734082343750003 0.2073684203125 0.40449438125 0.2057894734375 0.4091760296875 0.20894736875 0.41198501875 0.2847368421875 0.4447565546875 0.30789473749999996 0.431647940625 0.3221052625 0.4185393265625 0.32999999999999996 0.4269662921875
5 0.4337192984375 1 0.44894736875 0.973782771875 0.450526315625 0.964419475 0.4468421046875 0.9569288390624999 0.44263157968750005 0.9559925093749999 0.42894736875 0.977528090625 0.41680161875 1 0.4337192984375 1
7 0.28157894687499996 0.7930711609375 0.3468421046875 0.7134831453125 0.3547368421875 0.70037453125 0.3357894734375 0.47003745312499995 0.3336842109375 0.46161048750000006 0.3336842109375 0.43913857656250005 0.331578946875 0.4232209734375 0.3273684203125 0.417602996875 0.3152631578125 0.4185393265625 0.2968421046875 0.44007490625 0.2363157890625 0.48127340781249994 0.1768421046875 0.5262172281249999 0.1731578953125 0.5327715359375 0.1642105265625 0.5346441953125 0.1242105265625 0.5627340828125 0.0978947375 0.5767790265625 0.089473684375 0.589887640625 0.08105263124999999 0.593632959375 0.0763157890625 0.602059925 0.0768421046875 0.6207865171875 0.0873684203125 0.7069288390625 0.0931578953125 0.73595505625 0.1226315796875 0.9531835203125001 0.1273684203125 0.9691011234375001 0.1368421046875 0.9691011234375001 0.16894736875 0.9288389515625 0.1768421046875 0.9232209734374999 0.22578947343750003 0.9503745312499999 0.24894736874999998 0.9588014984375001 0.2557894734375 0.95786516875 0.2936842109375 0.910112359375 0.32631578906250003 0.8558052437500001 0.32684210468749997 0.850187265625 0.3247368421875 0.8455056187500001 0.2963157890625 0.811797753125 0.28157894687499996 0.8005617984375 0.28157894687499996 0.7930711609375
7 0.540526315625 0.269662921875 0.45842105312500003 0.3249063671875 0.438421053125 0.3417603 0.43684210468750007 0.3445692890625 0.43684210468750007 0.3632958796875 0.44894736875 0.5449438203125 0.43894736874999996 0.5777153562499999 0.45473684218750005 0.5889513109375 0.5142105265625 0.6086142328124999 0.52105263125 0.6048689140625 0.5431578953125 0.579588015625 0.5515789468750001 0.5627340828125 0.5510526312499999 0.55992509375 0.5321052625 0.5430711609375 0.5194736843750001 0.5383895125 0.5147368421875 0.533707865625 0.5142105265625 0.5290262171875 0.5621052625 0.4709737828125 0.5542105265624999 0.2687265921875 0.548421053125 0.265917603125 0.540526315625 0.269662921875
7 0.6663157890625 0.1853932578125 0.6036842109375 0.22191011249999998 0.60105263125 0.22659176093750003 0.6073684203124999 0.3689138578125 0.6052631578125001 0.38389513124999997 0.5921052625 0.3988764046875 0.5921052625 0.40823970000000004 0.5894736843749999 0.4157303375 0.6047368421875 0.4232209734375 0.6447368421874999 0.431647940625 0.6531578953125 0.431647940625 0.669473684375 0.4166666671875 0.6731578953125 0.41011235937499996 0.6731578953125 0.40449438125 0.66105263125 0.40168539374999995 0.6578947375 0.3951310859375 0.6457894734375 0.3932584265625 0.6442105265625 0.3810861421875 0.6778947375000001 0.3445692890625 0.6731578953125 0.1863295875 0.6663157890625 0.1853932578125
7 0.350526315625 0.30617977500000004 0.3447368421875 0.30898876406250003 0.3326315796875 0.3249063671875 0.3547368421875 0.33801498125 0.36105263125 0.33146067343749996 0.381578946875 0.329588015625 0.40052631562499996 0.3164794 0.40421052656249995 0.3005617984375 0.4057894734375 0.16011235937499999 0.3231578953125 0.1413857671875 0.3121052625 0.142322096875 0.3131578953125 0.2088014984375 0.31105263125 0.2780898875 0.350526315625 0.29213483125 0.350526315625 0.30617977500000004
4 0.50105263125 0 0.50105263125 0.1470037453125 0.5031578953125 0.2191011234375 0.5126315796875 0.22846441875 0.5352631578125 0.22846441875 0.5426315796875001 0.21816479375000003 0.5442105265625 0.21067415781249998 0.5447165984375 0 0.50105263125 0
4 0.4372368421875 0 0.43684210468750007 0.025280898437499998 0.4352631578125 0.029026217187499998 0.4352631578125 0.09550561875 0.4378947375 0.11610486874999999 0.43684210468750007 0.146067415625 0.44263157968750005 0.15449438124999998 0.45 0.1573033703125 0.468421053125 0.1573033703125 0.47789473750000006 0.15355805312499998 0.480526315625 0.147940075 0.481578946875 0.11516853906249999 0.47894736875 0.09176029999999999 0.47894736875 0 0.4372368421875 0
1 0 0.7474113234375 0.014736842187499998 0.739700375 0.0231578953125 0.7434456921875 0.03 0.7546816484375001 0.0252631578125 0.818352059375 0.031578946875 0.839887640625 0.0236842109375 0.9363295875000001 0.0263157890625 0.9410112359375 0.0326315796875 0.931647940625 0.039473684375 0.839887640625 0.0426315796875 0.8230337078125001 0.098421053125 0.7921348312500001 0.09736842031250001 0.7865168546875 0.0936842109375 0.7865168546875 0.05 0.8099250937500001 0.0436842109375 0.8014981265625 0.046842104687500004 0.7612359546875 0.052105262500000006 0.741573034375 0.0631578953125 0.7312734078124999 0.08842105312500001 0.7191011234375 0.0763157890625 0.6301498125 0.0742105265625 0.5992509359375 0.07736842031249999 0.593632959375 0.09736842031250001 0.5777153562499999 0.0977260828125 0.5751701953125 0.08105263124999999 0.579588015625 0.0336842109375 0.6011235953125 0.0263157890625 0.6095505625000001 0.0247368421875 0.62640449375 0.018421053125 0.6245318359375001 0.0121052625 0.6151685390625 0.0068421046875 0.593632959375 0.008421053125 0.5552434453124999 0 0.5079341609375 0 0.7474113234375
1 1 0.6955950578125 0.971578946875 0.6835206 0.9568421046875001 0.681647940625 0.9484210531249999 0.6853932578124999 0.929473684375 0.7106741578125 0.9178947375 0.7312734078124999 0.9052631578125 0.7631086140625001 0.9042105265625 0.7752808984375 0.9099999999999999 0.8127340828125 0.921578946875 0.8333333328125001 0.930526315625 0.8417603 0.9184210531250001 0.8782771531250001 0.9063157890625 0.9494382015625 0.9057894734374999 0.9653558046875 0.9147368421875001 0.9606741578125 0.920526315625 0.9325842703125 0.9247368421875001 0.9250936328125 0.9905263156249999 0.980337078125 0.9894736843749999 0.9728464421874999 0.9815789468749999 0.9653558046875 0.9763157890624999 0.966292134375 0.9678947375 0.9531835203125001 0.9526315796875 0.943820225 0.9494736843749999 0.9363295875000001 0.9447368421875 0.9335205999999999 0.9447368421875 0.9297752812500001 0.9578947375 0.8679775281250001 0.9926315796875 0.8838951312500001 1 0.890692190625 1 0.6955950578125
1 0.9829629625 1 0.9542105265625 0.9765917609375 0.9242105265625 0.9616104875 0.9131578953125 0.9616104875 0.9057894734374999 0.966292134375 0.89105263125 0.9850187265624999 0.8857894734375 0.9962546812499999 0.88508771875 1 0.9829629625 1
2 0.7036842109375 0.65168539375 0.7057894734375 0.6610486890625 0.7031578953125 0.6685393265624999 0.7021052625 0.6835206 0.701578946875 0.72565543125 0.7147368421875 0.7350187265625 0.72105263125 0.7331460671875 0.7368421046875 0.6966292140625 0.7426315796875 0.565543071875 0.7421052625 0.5346441953125 0.7378947375 0.5308988765625 0.7326315796875 0.5327715359375 0.6936842109375 0.5973782765625 0.6900000000000001 0.5992509359375 0.6873684203125 0.628277153125 0.6868421046875001 0.642322096875 0.7036842109375 0.65168539375
2 0.5984210531249999 0.9494382015625 0.6031578953125 0.9494382015625 0.62894736875 0.8904494375 0.6357894734375 0.7116104875 0.6336842109374999 0.709737828125 0.6263157890625 0.7191011234375 0.5478947375 0.853932584375 0.548421053125 0.8595505625 0.5847368421875 0.885767790625 0.5857894734375 0.8941947562499999 0.5810526312500001 0.9091760296875 0.580526315625 0.9344569281249999 0.5984210531249999 0.9494382015625
8 0.3347368421875 0.438202246875 0.3373684203125 0.46441947499999997 0.3578947375 0.45318352031250003 0.36157894687500003 0.445692884375 0.359473684375 0.43913857656250005 0.3547368421875 0.4353932578125 0.3347368421875 0.438202246875