7 0.6240564 1 0.6094868 0.9971992999999999 0.470132103125 0.9655070796875 0.4540850625 0.9641629859374999 0.45122210625000003 0.9657089984375 0.42495453124999993 0.998766240625 0.49563655000000006 1 0.6240564 1
7 0.8780608531249999 1 0.9622338515625 0.77247029375 0.9623823828125 0.7639609515625 0.95300629375 0.759541325 0.9218665328125001 0.7563377984375 0.8973977218750001 0.7500587375000001 0.773913684375 0.7298154546875 0.6880639734375 0.7198050078125 0.6777057125 0.7174962203125 0.67218403125 0.7088879046875001 0.6665138171875 0.7087889296875 0.620121671875 0.7670307000000001 0.6105599171875 0.7732477484375 0.577732465625 0.8125744375 0.5664477375 0.8091854875 0.565595534375 0.803850653125 0.55261568125 0.7892601984375001 0.553644265625 0.7844901890625 0.5444909734375 0.767306546875 0.5388950234375 0.762952903125 0.5341605625 0.7634022593750001 0.49760866875 0.7994719609375001 0.48112531875000003 0.823124059375 0.48097678750000006 0.8316334015625 0.5001912796875 0.8681445140624999 0.5086316171874999 0.8720158124999999 0.5085666343749999 0.8757386515625001 0.517840609375 0.8860084515625 0.4956034984375 0.9143480796875 0.48289100781250005 0.9385979953125 0.47039203125 0.9506157296875 0.47020636875 0.9612524078125 0.50315265 0.9692754296875 0.5501537843750001 0.9844597281249999 0.569971684375 0.9864016390625 0.6179642703125 0.9989432624999999 0.6235847609375 1 0.8780608531249999 1
7 0.708394296875 0.6382325046874999 0.69294138125 0.602851040625 0.688271903125 0.599577559375 0.6787008640625001 0.60632644375 0.650737840625 0.6377581015625 0.67159175625 0.688661721875 0.6713875265625 0.700362065625 0.6607693359375 0.7129446265625 0.7097719421875001 0.721779909375 0.8635156875 0.7414873859375 0.8824071171875 0.742349134375 0.93985934375 0.7545238796875 0.9568607015625 0.755352634375 0.9864371515625001 0.6856454328125 0.997437940625 0.65114371875 0.9984763328125 0.5916543 0.9881174109374999 0.5893835015625 0.9323881578125001 0.5868147546875 0.909772284375 0.5826960234375 0.81343435 0.5778224609375 0.8087370203124999 0.5761444828125 0.7850739984375 0.5778594265625 0.77658724375 0.5766472984375001 0.7660804531250001 0.5828478515625 0.7168624859375 0.6405083 0.708394296875 0.6382325046874999
7 1 0.48342344375 0.9862124734375 0.48188707343750004 0.9097202859375001 0.47735992187500004 0.8823513859375 0.4747542125 0.8663507625 0.4707509484375 0.8539446171874999 0.477450346875 0.8287888499999999 0.51052699375 0.8133990671875001 0.5256862453125 0.803087225 0.5207182875 0.7922202406250001 0.4933968125 0.7865685921875001 0.49223417031250005 0.766351515625 0.51316111875 0.7633771625 0.5210891375 0.7732526953125001 0.5510532875 0.7796637125 0.5628691031249999 0.7881040515625 0.5667404015625 0.7879833703125 0.5736542421874999 0.8304357078125 0.5786512171875 0.8559702359375001 0.5780329328125 0.9900538984375 0.586757321875 0.99851048125 0.5896979109375 1 0.504363465625 1 0.48342344375
7 1 0.4071163109375 0.9156986953124999 0.4056448265625 0.8838534125 0.44286067500000004 0.8763302609375 0.44060137499999996 0.875440925 0.43739387656249995 0.86980784375 0.43516756718750005 0.8671583999999999 0.42448140156249997 0.8615903015624999 0.4185322546875 0.8549564859375 0.419480453125 0.8414103578125 0.43733186562500004 0.8438834203125 0.45812287500000004 0.8511373593749999 0.4758053578125 0.8767090218750001 0.4730597375 0.9078394968750001 0.4767950984375 1 0.48251631875 1 0.4071163109375
8 0.8247227781250001 0.47268430937500006 0.8304022765625 0.47225145 0.839139675 0.4591040640625 0.8299028328125001 0.44670692812499996 0.8195074421875 0.44652547656249997 0.8147265640624999 0.4496340015625 0.8191175484375 0.4688624984375 0.8247227781250001 0.47268430937500006
9 0.7445042984375 0.5191637250000001 0.73124595 0.5205282859375 0.7282901609375 0.5273926390625 0.7307446578125 0.549247315625 0.732569746875 0.5530031453124999 0.7400836156249999 0.5557942796875001 0.74964536875 0.5495772296875 0.75551053125 0.5385076921875 0.75381540625 0.5273061890624999 0.7445042984375 0.5191637250000001
9 0.609035590625 0.6439461343749999 0.615771521875 0.6371477624999999 0.6187830109375 0.62709240625 0.618032921875 0.6159074 0.6087310953125 0.6072331 0.6030887328125 0.605538625 0.5851052046875 0.6068207078125 0.5793328765625 0.6125719078125 0.5856046484374999 0.63236523125 0.5939614359375 0.6410230328125001 0.60430113125 0.644395490625 0.609035590625 0.6439461343749999
9 0.48546060312500006 0.8455435625 0.47698313125 0.8437995984375 0.44670485781249997 0.8453990734374999 0.4419425484375 0.8474439296874999 0.4351509171875 0.8574333046874999 0.43868969687500003 0.8713269671875 0.4734703515625 0.882573984375 0.48107705312500004 0.8800467796874999 0.4936967109375 0.8611152046875 0.48546060312500006 0.8455435625
5 0 0.9507906421874999 0.0264295171875 0.9311624249999999 0.10133054374999999 0.86437435 0.1089558109375 0.8607834796875 0.1310443921875 0.8409531906250001 0.1301364890625 0.838809359375 0.15022359999999998 0.8253280875 0.1627504265625 0.8117148515625001 0.1857469109375 0.79402839375 0.184070353125 0.7817632234375 0.12443284375000001 0.7323106187499999 0.11596465625 0.730034821875 0.092078834375 0.7445137796875 0.0547397203125 0.771525809375 0.047030903125 0.7799031875 0.031771084375 0.7876167656249999 0.0317153859375 0.7908077687499999 0.00014859999999999998 0.8120686015624999 0 0.8125399874999999 0 0.9507906421874999
5 0.40270219531249996 0.65843243125 0.42472579374999997 0.6423249828125 0.42958093750000004 0.6349617859375 0.4410327625 0.628777728125 0.449723746875 0.6182895109375 0.4822262859375 0.5975770078125 0.4825511984375 0.578962821875 0.4696456109375 0.560117696875 0.46121455625 0.5557145640625001 0.45951014843750004 0.545044896875 0.451125509375 0.5379825953124999 0.44171228593749995 0.535690303125 0.425544565625 0.54126005 0.245687034375 0.6636716609375 0.2826344046875 0.7132602046875001 0.2994036828125 0.7273848078125 0.3069454015625 0.7285804406249999 0.32029658125 0.7218975390625 0.3385678875 0.7041286046875 0.3386235859375 0.7009376015625 0.34339518125 0.6983609093750001 0.351909784375 0.6979775375 0.359572184375 0.6922593296875 0.36253725625 0.6848631421875 0.3730626125 0.6775989203125 0.37216399375 0.6749232546874999 0.3787978078125 0.67397505625 0.388396696875 0.665630671875 0.40270219531249996 0.65843243125
5 0.630379634375 0.45014018437500003 0.6194012515625 0.42920071562500006 0.6101179921875 0.41946275 0.5958217765625 0.4261291546875 0.5355882937499999 0.46497746875 0.4953026703125 0.49832201875 0.5181023578125 0.5460676265625 0.5237354390625 0.5482939359375 0.5351129984375 0.5463645484375 0.6301568375000001 0.4629041984375 0.630379634375 0.45014018437500003
1 0 0.6517487531249999 0.002952125 0.6514547687500001 0.0315167078125 0.639717459375 0.050036807812499993 0.6618525625 0.0772664609375 0.6724357796875 0.1093141234375 0.6777831375 0.1253797296875 0.6780635640625 0.1632925515625 0.6723413828125 0.171909271875 0.6661078375 0.1672212265625 0.6638980234375 0.164488234375 0.6579983640625 0.1692969609375 0.6532943375 0.2877810265625 0.58088305625 0.28645723125 0.548408196875 0.2764610171875 0.5253578875 0.26853125312500004 0.49223572656250003 0.259405809375 0.47345658437499993 0.2519754875 0.46587894375000005 0.2672167390625 0.459229034375 0.309836175 0.454653 0.338289359375 0.449297696875 0.34489532500000003 0.44994500156250006 0.35440138125 0.44691895312499996 0.3600437453125 0.4486134296875 0.36386102187499997 0.44655207656250007 0.3761557671875 0.4462346859375 0.46054243437500003 0.4317477828125 0.4729300125 0.4261120546875 0.4787673234375 0.41663801874999995 0.4920720875 0.4126142875 0.48941336093750004 0.40245995625 0.48566106875 0.40079847187500006 0.46864114375000004 0.40103338437499997 0.31434040625000004 0.4132359390625 0.284006434375 0.41802641874999996 0.2726938578125 0.41623296875 0.26128844687499997 0.4197578578125 0.24615859375000002 0.4200257609375 0.222412021875 0.426527209375 0.13149365468750002 0.43611213906249996 0.121107546875 0.435398853125 0.0222965484375 0.4097342828125 0.0015619281250000001 0.406153784375 0.0014017921875000001 0.41532791874999997 0.0738836140625 0.43297856718750005 0.09081070625 0.43806199375 0.09262651250000001 0.44234965624999995 0.067962753125 0.447239109375 0.0007150484375 0.4546715078125 0 0.49563659062500004 0 0.6517487531249999
1 0.032402278125 0.20988021406250001 0.037043909375 0.2147491984375 0.1944285484375 0.242500165625 0.22455829062500002 0.24941003125 0.23581516875 0.25439448593749997 0.239251834375 0.274138321875 0.243912028125 0.2779436359375 0.24285559375000002 0.2843091484375 0.2683604234375 0.3395499171875 0.2596880046875 0.3489744640625 0.263403165625 0.35276328437500004 0.2737707078125 0.3545402390625 0.281117478125 0.3669043828125 0.2800796125 0.3722062265625 0.21571507343750002 0.37693469375 0.12112796249999999 0.380071634375 0.1163656515625 0.38211649062499997 0.118162890625 0.38746782031250004 0.303556971875 0.3811279609375 0.3177696390625 0.37924805781250004 0.3358367140625 0.3731794703125 0.3528659203125 0.3724127234375 0.3630849328125 0.38269902031249997 0.374332528125 0.38821530625 0.393140409375 0.393863559375 0.4177020515625 0.3948242796875 0.47275548125 0.381953346875 0.4936855140625 0.3743387421875 0.5061195078125 0.3660438453125 0.5110025 0.357085146875 0.507853615625 0.32085446093750003 0.49684738125 0.30151049375 0.4951615421875 0.28977715625 0.47523409531249994 0.2399537 0.46584872187500004 0.23606590781249998 0.4649686671875 0.232326575 0.4470779734375 0.22829031875 0.44057412031250004 0.22179284375 0.4680822703125 0.2164210453125 0.48035845000000005 0.2171673234375 0.49651688906249997 0.212129409375 0.5325210734375 0.20743790624999997 0.65583058125 0.18352248124999998 0.6663095234374999 0.178917428125 0.6683109921875 0.1725684140625 0.67696484375 0.1642075328125 0.6742318515625 0.158307871875 0.5880757953125 0.16584794375 0.5529609468750001 0.173746946875 0.5122501500000001 0.17729230468749999 0.396528775 0.19974419375000002 0.293306378125 0.2101783453125 0.197163390625 0.194136271875 0.1970241421875 0.20211378125 0.284680375 0.216943725 0.27501650624999996 0.22901094687499998 0.268410540625 0.2283636421875 0.265491884375 0.2331006609375 0.2531692890625 0.235013553125 0.2493241640625 0.2386704078125 0.220028059375 0.2381590421875 0.0683229171875 0.20997521562500002 0.0428719359375 0.2058069953125 0.034348050000000005 0.206722203125 0.032402278125 0.20988021406250001
1 0.509734403125 0.3214192859375 0.5123095796875 0.336360121875 0.5089082 0.3687525015625 0.5163756515625 0.3742028046875 0.5352392312500001 0.376660053125 0.55795721875 0.3749286140625 0.5845574640625 0.367412984375 0.611287675 0.35245168125 0.6152627640625 0.3413491515625 0.6147261890625 0.31793196562500003 0.5958180453125 0.263870334375 0.5941786203125 0.249477828125 0.627616909375 0.2293136546875 0.6456561359374999 0.2248405671875 0.6512892171875 0.2270668765625 0.6684298234375 0.21991812500000002 0.691138528125 0.21871851874999998 0.7015989015625 0.21517713437500002 0.7290699171874999 0.21193267031250002 0.7585238359375001 0.20340286093749999 0.7776659125000001 0.1899050921875 0.7767951421875 0.1856339265625 0.7560229234375 0.184207353125 0.679270809375 0.19457154999999998 0.6556727671875 0.1925636578125 0.6413672671875 0.19976189687499998 0.5636608328125 0.2106414328125 0.5228572046875 0.219505128125 0.49460825 0.21316008593750002 0.47469751875000005 0.21653651406250002 0.47546617500000005 0.226657853125 0.463199278125 0.22537974218749998 0.455694690625 0.22205677499999998 0.43487605937499996 0.22328937031249999 0.4395176890625 0.22815835468749998 0.4640421984375 0.2312464109375 0.49304124062500004 0.2487764609375 0.4844523703125 0.2534145046875 0.49788525000000006 0.29620864999999996 0.509734403125 0.3214192859375
1 0.7891808703125001 0.23426174687499998 0.8053857234375 0.226564665625 0.8197840546874999 0.2140480890625 0.835988909375 0.20635100624999997 0.8352295375000001 0.1956978328125 0.826779915625 0.19235836875 0.8031818734374999 0.190350475 0.770976396875 0.19404429375 0.623669671875 0.2388206828125 0.59694874375 0.253250153125 0.6165698453124999 0.3206241265625 0.6161335343750001 0.34562031875 0.610231240625 0.358817190625 0.6167815078125 0.3626554984375 0.6469855156250001 0.3653106953125 0.6649968921875 0.362433109375 0.6783852046875001 0.3536228734375 0.6938121203125001 0.336336284375 0.6978243421875 0.3231064203125 0.69618491875 0.30871391406250004 0.67433955 0.26045296875 0.6848277734375 0.25531608281249996 0.7483401078125 0.2452527796875 0.7891808703125001 0.23426174687499998
7 0.0323244046875 0 0.039468673437500004 0.021677003125 0.052281428124999994 0.0458404671875 0.056005871875 0.049097453125 0.0720343453125 0.051505214062500006 0.19957702187499998 0.055859464062499996 0.21191818437499998 0.052882904687499996 0.21959915 0.0461010296875 0.2318567625 0.047910975 0.22893810781249999 0.052647992187500006 0.2317267984375 0.0553566484375 0.23560905625 0.0495724578125 0.2535740171875 0.0493540421875 0.2678238171875 0.0453468046875 0.2664257546875 0.01712661875 0.265204946875 0 0.0323244046875 0
7 0.44758674374999996 0 0.45888811093750004 0.03910591875 0.4635575890625 0.0423794 0.47392513125 0.044156354687499996 0.5202690109375 0.042837307812499996 0.5326101734375001 0.039860746875000005 0.5470177875 0.026812334375000003 0.5565145609375 0.024318121875 0.5640748453125 0.024450085937499998 0.566854253125 0.027690578124999997 0.566650021875 0.039390921875 0.5798898046875001 0.039090028124999995 0.5913044968750001 0.03503330625 0.5866443015625 0.0312279890625 0.5848934781249999 0.023217490625 0.59346378125 0.0196431140625 0.5974574375 0.0074769171874999995 0.597559553125 0.00162674375 0.5043634546875 0 0.44758674374999996 0
7 0.6391411203125 0.002352553125 0.6452829265625 0.02959155 0.6546868671875 0.0324156765625 0.6679173656249999 0.032646615625 0.672735375 0.0274107546875 0.6974084171875 0.021989470312500002 0.7343297890625 0.0189099640625 0.74004641875 0.0163497671875 0.7449479765625 0.0063274015624999996 0.7449851093750001 0.0042000671875 0.6391411203125 0.002352553125
7 0.828120396875 0.0072471875 0.8281482468749999 0.0056516843749999995 0.8158627812500001 0.005437240625 0.8205415437499999 0.0081788890625 0.828120396875 0.0072471875
7 0.8092104000000001 0.0074491078124999995 0.8092475328125 0.005321771875 0.76577589375 0.004562971875 0.76747101875 0.015764473437500003 0.7787743125000001 0.018089757812500003 0.8044202390624999 0.011089465625 0.8092104000000001 0.0074491078124999995