5 0.4097877828125 0.48223358281250006 0.389461959375 0.3902315328125 0.38406021562500003 0.3796791578125 0.3197525546875 0.3830554640625 0.2626208765625 0.3901383921875 0.27190645 0.42542904843749996 0.283518190625 0.44085240781249996 0.279062871875 0.45740215937500006 0.29237013749999996 0.492552375 0.29651013593750003 0.49579969999999995 0.406830665625 0.48403279687499995 0.4097877828125 0.48223358281250006
7 0.2404032875 0.4457499109375 0.24915649687500002 0.465795621875 0.26116242500000003 0.4636804171875 0.27403575625 0.45757770937500003 0.2801077296875 0.4584963046875 0.29237013749999996 0.492552375 0.29651013593750003 0.49579969999999995 0.3686640109375 0.4864962390625 0.405825240625 0.48406790781250003 0.40976806562499996 0.48166895624999995 0.386110496875 0.38073819375 0.296647534375 0.384427625 0.262601159375 0.3895737640625 0.2670171984375 0.400725875 0.23677578437500002 0.4283517859375 0.2404032875 0.4457499109375
7 0.31095804843749997 0.0159070921875 0.3106228546875 0.0063084234375 0.168076165625 0.011286264062499999 0.1713619375 0.025304425000000002 0.1775127828125 0.0284815296875 0.306049234375 0.0194704078125 0.31095804843749997 0.0159070921875
7 0.4171224359375 0.6634439296875 0.42540243125000005 0.669938578125 0.42717667031250006 0.663092828125 0.4331303421875 0.6606236562500001 0.49960658750000003 0.66169415 0.5146485046875 0.6600382437500001 0.526969753125 0.6381259640625 0.52864540625 0.6284570734375 0.48125248750000005 0.62615485625 0.45004492812499997 0.62611401875 0.44344074375 0.6387815953125 0.416412615625 0.6431173343750001 0.4125092265625 0.6466455421874999 0.412745834375 0.653421071875 0.4171224359375 0.6634439296875
7 0.31784138125 0.5877666421875001 0.305007484375 0.5949986046875 0.29183839375 0.5926318984375001 0.28799415625 0.5978539875 0.29241019375 0.6090060984375001 0.30074934062500003 0.6171946312500001 0.30755069687500003 0.6101733296875 0.3145689421875 0.60936293125 0.3258849234375 0.6163168781249999 0.33605761562500003 0.6481846578125 0.409453521875 0.6456216171875 0.43949791875 0.641180546875 0.44541215625 0.6375821203125 0.4459443671875 0.6239959484375001 0.42526378749999993 0.550661715625 0.4111484265625 0.550024003125 0.3137800984375 0.557946709375 0.31784138125 0.5877666421875001
7 0.34378599374999996 0.7253630859375 0.3304790375 0.7478751046875 0.33637371250000003 0.7725431687500001 0.340533428125 0.7763551203125 0.34843879375000003 0.772121846875 0.354215009375 0.7645710265625 0.3621992453125 0.7625962625 0.368409240625 0.7674672484375 0.37018363593750003 0.789452615625 0.3794887703125 0.7964767828125 0.4648117359375 0.7895400265625 0.47876935937500004 0.78566071875 0.46183443437499994 0.7042812609375 0.3593601203125 0.71012100625 0.3554172953125 0.7125199578125 0.35673819375 0.7215188890625 0.34378599374999996 0.7253630859375
7 0.286201596875 0.8636151640625 0.2775666921875 0.8469572187500001 0.257950690625 0.7752817609375 0.2515040890625 0.763635240625 0.20330291875 0.7670144125 0.186368459375 0.7721283046874999 0.1673245671875 0.7744892812499999 0.1401781359375 0.7754372546875 0.136038140625 0.77218993125 0.125944471875 0.7714117765624999 0.07275561875 0.776095753125 0.0683397359375 0.793774759375 0.030488712499999997 0.834103359375 0.0331502296875 0.8526658484375 0.0472657453125 0.8821346796875 0.0513663078125 0.8842527484374999 0.0583056859375 0.8811838390625001 0.0867531421875 0.8598390515625001 0.097773365625 0.858323584375 0.11971553593749999 0.9101317468750001 0.1379117421875 0.9123229015625001 0.1478082375 0.9074547796875001 0.289395478125 0.8974225984374999 0.286201596875 0.8636151640625
7 0.32755706562500003 1 0.32482236875 0.989462625 0.3183363328125 0.9766868515624999 0.1565026046875 0.9834688437500001 0.142128809375 1 0.32755706562500003 1
7 0.0005385046874999999 0.524148284375 0.0044452046875 0.636021540625 0.027353364062500003 0.6866653375 0.2130412109375 0.6711359171875 0.21365228906249997 0.6598082562500001 0.19910299375 0.6179176187500001 0.1986100625 0.6038019296875 0.1715617515625 0.5210796906249999 0.16629802968750002 0.5144797109375 0.1480623859375 0.5111593 0.0215959328125 0.5217940828125001 0.0005385046874999999 0.524148284375
5 0.192301015625 0.509614453125 0.1954750234375 0.51402614375 0.2005218578125 0.51441521875 0.2080527515625 0.5282851375 0.208348509375 0.5367545515625001 0.219427884375 0.5369329671874999 0.22329184062500002 0.5322755078125 0.216174853125 0.50143165 0.17753436250000001 0.3750195609375 0.1654298484375 0.37431162812499996 0.1584510375 0.37625128281250003 0.1679730609375 0.389486353125 0.1602057140625 0.39767202031250004 0.160363453125 0.402189040625 0.192301015625 0.509614453125
5 0.2442290515625 0.6706121296875 0.256175984375 0.6956341609375001 0.269345075 0.698000865625 0.26867468906249997 0.678803528125 0.23340537968750003 0.5624494062500001 0.2263279828125 0.561565921875 0.2163526171875 0.5641755328125 0.217929840625 0.5805146234375 0.2442290515625 0.6706121296875
5 0.31575306406250003 0.8450584046875 0.2854714375 0.727399475 0.266407828125 0.7291958234375 0.2668021734375 0.740488375 0.29781318125 0.8502074078125 0.305146903125 0.8584310515625001 0.30918831406249997 0.8588552375 0.31575306406250003 0.8450584046875
4 0.6256201671875 0.7533974015625 0.6553490890625 0.7399222890625 0.656236209375 0.7364994140625 0.6317117031249999 0.7260495062500001 0.6064972515625 0.7246687484375001 0.47279566093750003 0.7299030281250001 0.4689711390625 0.73568974375 0.474767228125 0.75753466875 0.6256201671875 0.7533974015625
4 0.5122436234375 0.7064781453125 0.5117114140625 0.7200643171875 0.5169159859375 0.7249704140625 0.5309327609375 0.722784990625 0.5993409828125 0.7215267562500001 0.667552034375 0.7146222437499999 0.6653637328124999 0.709610815625 0.6377835234375 0.6981369828124999 0.5161470140625 0.702949940625 0.5122436234375 0.7064781453125
1 0.20420975624999999 0.7641561625 0.21503280624999999 0.7569944203125 0.22073015312500002 0.7471850921875001 0.2202372234375 0.7330694015625 0.2011931765625 0.7065992609375 0.158117553125 0.6837949 0.1429573328125 0.6820630421875 0.07356340312500001 0.683921015625 0.052567815625 0.6880460953124999 0.07602805781250001 0.7544994640625 0.087718665625 0.7721813359375 0.1832338859375 0.7688458703125 0.1941358046875 0.7639426390625 0.20420975624999999 0.7641561625
1 0.2851370234375 0.8619563906250001 0.293081978125 0.887683490625 0.289474346875 0.8996811093750001 0.26826186875 0.8975952859375 0.23017408593750002 0.9023172359375 0.1668915640625 0.906223059375 0.1573894125 0.9223837343750001 0.1361966546875 0.9208625359375 0.1332395359375 0.92266175 0.135447553125 0.9282378046875 0.2332496625 0.93273690625 0.2613620828125 0.9306245671875001 0.28229851875 0.9248056046875 0.302978628125 0.9116464843750001 0.3115542265625 0.89777943125 0.311041578125 0.8830991140625001 0.2984046984375 0.8671462359375001 0.288133575 0.8612864328125 0.2851370234375 0.8619563906250001
1 0 0.508727534375 0.00041985625 0.5207506484375 0.0727739375 0.517180328125 0.146051540625 0.5112295203125 0.1540160578125 0.508690128125 0.1179981171875 0.48620462656249996 0.0713740140625 0.47709176875 0 0.4800988359375 0 0.508727534375
6 0.9316225390625 0.5222382734375 0.93398860625 0.5899935828125 0.9363740796875 0.6006512875000001 0.944673790625 0.6077105656249999 0.9523624234374999 0.626097503125 0.9570740656250001 0.6168879109375001 0.9556148343749999 0.5462743531250001 0.9396462078125 0.5213927640625 0.93442191875 0.5159220390625 0.9316225390625 0.5222382734375
6 0.9508617390625 0.17955016875000002 0.92978728125 0.18141673593750002 0.9251347937500001 0.1923202125 0.9275601671875 0.29060052187499996 0.9480629796875 0.301190871875 0.9508617390625 0.17955016875000002