8 0.2415090265625 0.5241514031250001 0.24688479531250002 0.5311854046875 0.25622401875 0.5320381734375 0.263967246875 0.5249356609375 0.2684082734375 0.5050785546875 0.26028033125 0.496368534375 0.2453449203125 0.49479370468750006 0.240574284375 0.49726029374999997 0.238482346875 0.50350688125 0.2415090265625 0.5241514031250001
2 0.19313015312499998 0.3802700921875 0.252248296875 0.3775948140625 0.2626334875 0.375324290625 0.29156855 0.3784412703125 0.3035323890625 0.35779359374999997 0.2965422546875 0.343330303125 0.255626003125 0.334528565625 0.20131523437499999 0.3336852640625 0.1857369375 0.350520265625 0.1998274140625 0.376290871875 0.19313015312499998 0.3802700921875
2 0.0924947609375 0.7401350828125 0.1094302671875 0.7380933 0.16084191875 0.7414685453125001 0.18807077656249999 0.7397862140625 0.1800714109375 0.727394228125 0.133412028125 0.722078390625 0.0941101421875 0.7207059390625 0.08354126875 0.728236415625 0.08605465625 0.73675036875 0.0924947609375 0.7401350828125
2 0 0.6347375937499999 0.0380411125 0.6360660171875 0.0447016359375 0.6331387890625 0.06906811093750001 0.6329364125 0.08433415 0.6250433281250001 0.0855270625 0.617712071875 0 0.6133751125 0 0.6347375937499999
1 0.5306401843749999 0.05184895625 0.4164311328125 0.0626065140625 0.345726209375 0.061717353125 0.34277198593749997 0.0658272828125 0.38489951875 0.066771771875 0.40528417031249997 0.073276621875 0.3992287796875 0.0857044421875 0.38315556093750003 0.0898828828125 0.32014743437500004 0.09663541249999999 0.320991353125 0.099298065625 0.32941318750000004 0.0995921625 0.3773389546875 0.0954727640625 0.5405457703125001 0.1169711703125 0.5536831359375001 0.1163766640625 0.5773526390625 0.10930367187500001 0.586949015625 0.102792509375 0.593811590625 0.0940793328125 0.5951147125 0.08359210624999999 0.5835927265625 0.06475746875 0.548419609375 0.05246982812499999 0.5306401843749999 0.05184895625
1 0.5009530437499999 0.043439346875 0.5042736140625 0.0556679453125 0.5100167453125 0.05218204375 0.5335025671875 0.050369004687499996 0.5475022187499999 0.05191115625 0.5827488078124999 0.062094815625 0.6428210796875 0.0589262203125 0.6606923453125 0.056917114062499996 0.667646759375 0.0455739640625 0.6652252125 0.0344300328125 0.6551890171875 0.0267066484375 0.5143291953125 0.036006903125 0.49172402968749995 0.03943060625 0.5009530437499999 0.043439346875
1 0.5571292328124999 0.20549859062500003 0.565403103125 0.2368590796875 0.5889256609375 0.2339940484375 0.6107420125 0.2263297078125 0.6205588078125001 0.2135066015625 0.58692658125 0.21075222968750001 0.5758260484375 0.20667813437500002 0.570468646875 0.1991181359375 0.56206518125 0.19829804374999999 0.5571292328124999 0.20549859062500003
1 0.58965631875 0.320387965625 0.610243021875 0.32110686875 0.634995228125 0.30985859375 0.6351054375 0.3067026234375 0.63141750625 0.304993928125 0.60145484375 0.3044742453125 0.588464421875 0.300860790625 0.5867031140625001 0.2976394640625 0.58965631875 0.320387965625
1 0.48515026250000004 0.174020015625 0.40819759062500005 0.1776524078125 0.3517214125 0.185159675 0.312511365625 0.1811572484375 0.23106357968750002 0.1793663015625 0.228201196875 0.18084625468749999 0.230898265625 0.1841002578125 0.2935941328125 0.186289646875 0.31128171718750003 0.1895404921875 0.3226026671875 0.187302646875 0.3326388640625 0.1950260296875 0.331390846875 0.2039352703125 0.31808816875 0.2092637328125 0.30306091562500004 0.21031887968750002 0.2900153921875 0.20828341093749997 0.2805292234375 0.211638603125 0.2110809921875 0.21500641874999998 0.1875400671875 0.2183974453125 0.1902187671875 0.22217744375 0.1948975625 0.22234083125 0.293501275 0.21577805312499998 0.32900501875 0.21859778125 0.3533898640625 0.217869409375 0.39661846875 0.21411261874999998 0.4078292109375 0.21503074375 0.4088843625 0.2116444515625 0.42858122656250003 0.21101569062499997 0.445019775 0.2500342078125 0.474046678125 0.2505212140625 0.5174773328125 0.2409784765625 0.5338077078125 0.22943610468750003 0.5398263625 0.21806027499999997 0.5384691515625 0.2032670546875 0.5276992468749999 0.189725046875 0.511131103125 0.181246925 0.48515026250000004 0.174020015625
1 0.21121980312500002 0.42566590781249997 0.229219646875 0.41997483750000003 0.24274172656249998 0.4351928640625 0.25853942343749997 0.43890434999999994 0.28086805 0.47022900781250004 0.2845743515625 0.47141170624999995 0.3052161578125 0.47055262343750004 0.3238762375 0.472784159375 0.3878935953125 0.4639603265625 0.41005894062500003 0.446302075 0.4173256140625 0.42601700625000005 0.4020789609375 0.4065256625 0.38464853125 0.39591088281250003 0.3661537640625 0.38894539375 0.31399003593749997 0.38027751875 0.28397226875000003 0.381335821875 0.27186250312500004 0.3793330296875 0.27085327187499997 0.381404334375 0.25580765156249996 0.382985475 0.25211971875 0.38127677968749996 0.23984464062500002 0.3840079453125 0.2361750765625 0.381773253125 0.2332575890625 0.3848311921875 0.223826525 0.3866083984375 0.1948914625 0.38349141875 0.17421291875 0.38540248906249996 0.1476626671875 0.3944814296875 0.0038300484374999997 0.38159424531249997 0.0036129250000000003 0.387811853125 0.061517715625000004 0.3930530921875 0.07902161875 0.40156389062500003 0.0491314125 0.425798659375 0.0335898515625 0.441581671875 0.0353695296875 0.44427700156250005 0.0438464671875 0.44299311250000006 0.0849647671875 0.4460089046875 0.20954931875 0.4466730375 0.22087026875000002 0.444435190625 0.21121980312500002 0.42566590781249997
1 0.38688436249999997 0.466031628125 0.37754513749999996 0.46517885937500003 0.326646778125 0.47393418125000003 0.290060328125 0.4752897375 0.2880786015625 0.47838035312500005 0.2951238390625 0.4912656578125 0.32545183125 0.5349822984375 0.33385529531249997 0.535802390625 0.33418592343750003 0.5263344765625 0.3521306609375 0.5222213921875001 0.363359771875 0.5226135203125 0.3753776953125 0.5272462890625 0.3987716765625 0.528063225 0.44196354531250004 0.5253584250000001 0.47216499375 0.5190401703124999 0.48838515937500004 0.51065376875 0.4962018578125 0.5014472750000001 0.4929915 0.48606270625 0.459084765625 0.4643398296875 0.4058750671875 0.4587952484375 0.38688436249999997 0.466031628125
1 0.46363091718750005 0.57561890625 0.44579638906249996 0.576576021875 0.4438513984375 0.578614646875 0.45344675937499995 0.598961915625 0.47735301406249997 0.63876785 0.474398790625 0.642877778125 0.48471051093749995 0.6427112359375 0.51685695 0.6343543546875 0.5302882062500001 0.6253439265625 0.5353527328125 0.6144614140625 0.5347843359375 0.603908834375 0.5221245437500001 0.590827465625 0.50186846875 0.5806406484375 0.46363091718750005 0.57561890625
1 0.527642175 0.7279456609375 0.5322842343749999 0.7291610390625001 0.5398805171875 0.7262664875 0.5571099140625 0.7158087828124999 0.5565047812499999 0.7063081921875 0.5492023890625 0.700786821875 0.532560771875 0.69441268125 0.5102127609375 0.6904724515625 0.5100107125 0.696258396875 0.527642175 0.7279456609375
1 0.5315495078125 0.750200846875 0.491477175 0.744061759375 0.47083536875 0.7449208421875 0.47977049374999997 0.75734550625 0.5366497546875 0.7651247765625 0.5533281078125001 0.7704469265625 0.5595110578125 0.781195571875 0.5670338687500001 0.7804050015625 0.5822815375 0.7730379109375 0.5890890062499999 0.7659027218750001 0.5865756203125 0.757388765625 0.5746311671875 0.75065201875 0.5420816453125 0.743722359375 0.5373844812499999 0.74408496875 0.5315495078125 0.750200846875
1 0.6306185234374999 0.5693376015625 0.6298297093749999 0.5650969625 0.623573284375 0.5564522968750001 0.604161128125 0.548928134375 0.5658684734375 0.5454843796875 0.56111620625 0.547424971875 0.5652990609375 0.5617902296875 0.5707666703125 0.56619425625 0.6306185234374999 0.5693376015625
7 0.517047815625 0.9240111515624999 0.5310474671875001 0.925553303125 0.54998306875 0.9198949093750001 0.57315663125 0.9270237874999999 0.6076511453125 0.9319148187499999 0.645998903125 0.9337805890625 0.6237070140625 0.9014039421875 0.5267003140625001 0.889063571875 0.532883265625 0.8998122171875 0.5183509374999999 0.9135239265624999 0.51174551875 0.91487316875 0.5115251 0.9211851109375001 0.517047815625 0.9240111515624999
7 0.45637244531250004 0.86396229375 0.4559867140625 0.8750081921874999 0.4596562796875 0.877242884375 0.469179184375 0.8728357015625001 0.4841145953125 0.8744105296875 0.5039492203125 0.8698368046875 0.5261502859375 0.8779849953125 0.5269942046875 0.8806476484375001 0.541104065625 0.879033828125 0.5857817203125 0.887440284375 0.6147167828125 0.8905572640624999 0.6149372015625 0.884245321875 0.5891043234375 0.8459520203125 0.4903914203125 0.8288123374999999 0.48384110625 0.8285835953125 0.48278595312499994 0.8319698859375 0.4657677921875 0.836378646875 0.45637244531250004 0.86396229375
7 0.43782664374999997 0.7511410640625 0.4293680734375 0.7518989578124999 0.43008341406249995 0.7582435765625 0.4434769171875 0.7771435703125 0.406761890625 0.7821810921875 0.40402808593749995 0.7799790796875 0.396853253125 0.797634171875 0.39927480000000004 0.808778103125 0.41373263906249996 0.82402880625 0.4694567390625 0.8112289109375 0.57664658125 0.8270847046875 0.5805365625000001 0.823007453125 0.549713646875 0.76663425 0.51241185625 0.7616451859375 0.4996051171875 0.7527717796875 0.4920823078125 0.7535623515625 0.48822906250000003 0.7565876109375 0.43782664374999997 0.7511410640625
7 0.34762944687499997 0.677948640625 0.3549869421875 0.681892025 0.3671518125 0.6823168328125 0.3815361796875 0.6996715171875 0.3785635875 0.7043074421875 0.3653343828125 0.7075319234374999 0.3466191984375 0.706878375 0.3415546703125 0.7177608875 0.34698554375 0.723216903125 0.37322353750000004 0.7230798796875 0.38175558125000003 0.72021800625 0.397718590625 0.7191955375 0.4066169796875 0.732672190625 0.41307545156250003 0.735530909375 0.46997308125000004 0.7427841843749999 0.5317331890625 0.7449408953125001 0.5258073921875 0.7268283156249999 0.4993877515625 0.678508428125 0.49392014062499995 0.6741044015625001 0.3604188328125 0.6604896109375 0.34728146875 0.6610841171875 0.34410682656249997 0.6715059875 0.34762944687499997 0.677948640625
7 0.3277050140625 0.6314354796874999 0.40421684999999996 0.640426971875 0.467811740625 0.6437010265625001 0.47160988281250005 0.6422537515625 0.4737752890625 0.6339031828125 0.42783429999999995 0.5543566703125 0.4188257015625 0.5440359875 0.3646802453125 0.53845873125 0.2571046734375 0.5336488359375 0.25770980468750004 0.5431494265625 0.3277050140625 0.6314354796874999
7 0.449183246875 0.2917838921875 0.44488916562499997 0.3074330375 0.4390725609375 0.31302291875 0.43164159062499996 0.311183515625 0.42677911249999995 0.3162800796875 0.4292373953125 0.3263720203125 0.43387945625 0.327587396875 0.446172903125 0.3243302375 0.4657687421875 0.32659445 0.47121798281249994 0.3315244703125 0.4709424609375 0.3394143984375 0.478905090625 0.352858375 0.535069009375 0.354293025 0.5611784265625 0.35783796875 0.57715980625 0.3562895046875 0.5802058703124999 0.3495495984375 0.5779496359375 0.3336717109375 0.5522830890625 0.2637860203125 0.46430335625 0.2612403390625 0.4408359046875 0.2625273828125 0.43878070312500006 0.2677219796875 0.449183246875 0.2917838921875
7 0.5001683640625 0.41469075 0.4747742890625 0.4174904265625 0.4783520125 0.4223550921875 0.47154454218749997 0.42949028125 0.47504879375 0.436458928125 0.47963575 0.4392522921875 0.4890668140625 0.4374750859375 0.504002225 0.43904991562499995 0.5150109171875 0.44575398593750004 0.5148272359375 0.45101393749999996 0.52205615625 0.45863929062500003 0.6109349109375 0.46226964062500003 0.6129901109375 0.4570750453125 0.6072663640625 0.43317651875 0.592002359375 0.387352740625 0.571507496875 0.3840038609375 0.5031970765625 0.3816184078125 0.490022975 0.38326490625 0.5001683640625 0.41469075
7 0.5326964671875001 0.5027216953125 0.512109765625 0.5020027921875 0.506127846875 0.5123266296875 0.5104392796874999 0.5230099218750001 0.51682428125 0.52797261875 0.5422734609375001 0.5235949578125 0.55296989375 0.539240946875 0.5622540140625001 0.541671703125 0.6390230046875 0.5432992624999999 0.6259795125000001 0.48754693125 0.6215211359375 0.48107160000000004 0.5335781390625 0.4774739265625 0.5288442390625 0.47888852656249997 0.5349720859375 0.49121515625 0.534623090625 0.501209065625 0.5326964671875001 0.5027216953125
7 0.547664546875 0.610678259375 0.5553526703125 0.6051537328125 0.570398290625 0.6035725890625 0.5793517828125 0.615471259375 0.58770014375 0.6178693359375 0.6587443703125 0.6224567999999999 0.644618175 0.5708797531250001 0.5614090796875 0.56586748125 0.563904096875 0.5749074328125 0.55311480625 0.5887498484375 0.54463786875 0.5900337390625 0.538747790625 0.5977276 0.547664546875 0.610678259375
7 0.5928728453125001 0.657547715625 0.5789466671875 0.6539015828125 0.5768363625 0.6606741656249999 0.5992578468749999 0.6625104140625 0.6064316625 0.6717137515625 0.6764666578125 0.6783725203125 0.6767421796875001 0.67048259375 0.6621200453125 0.6331074140624999 0.5948923265625 0.626546678125 0.5854979984375001 0.6272718937499999 0.585992921875 0.6399284546875 0.5958087015625 0.65396378125 0.5928728453125001 0.657547715625
7 0.6413914796875 0.502304315625 0.6467121453125 0.5109163031249999 0.7046924796875 0.5139942937499999 0.7067293109375 0.5093256921875 0.6967308671875 0.47369188749999996 0.6340901046874999 0.4699245140625 0.6356861015625 0.47787979687500004 0.6288418953125 0.48606697656250003 0.63019910625 0.5008601968749999 0.6413914796875 0.502304315625
7 0.6207527234375 0.4225881046875 0.61658721875 0.434555284375 0.6247518984375 0.44221331406250003 0.6272285484375 0.45177925781250006 0.631852240625 0.45352063125 0.6879794234375 0.456007271875 0.6928235328125 0.451436703125 0.6822383249999999 0.4057763109375 0.6691744328125 0.4042668375 0.6423129390625 0.3954292640625 0.6151942890625001 0.3939556234375 0.61220333125 0.3991175421875 0.6207527234375 0.4225881046875
7 0.61174514375 0.385408990625 0.6557625625 0.3858928390625 0.675450240625 0.385527075 0.6652140281250001 0.32987277656249997 0.6447008000000001 0.327049890625 0.594976984375 0.32899995312499997 0.5970495359375 0.3501377921875 0.6089929703125 0.3837329734375 0.61174514375 0.385408990625
7 0.575585228125 0.2672329328125 0.569640046875 0.27650478125 0.5804650578125 0.2884688046875 0.5829968125 0.296456765625 0.586666378125 0.2986914546875 0.5960423375 0.298492234375 0.6061336374999999 0.3046376328125 0.6576187625000001 0.3059088953125 0.658114703125 0.2917070265625 0.64591513125 0.2386173484375 0.624502878125 0.2347097953125 0.6216221265625 0.2367157453125 0.5690910359375 0.23856777343750002 0.5687236718750001 0.2490876765625 0.575585228125 0.2672329328125
7 0.555534253125 0.1706848765625 0.5600477359375 0.17558222031249998 0.5522861390625 0.183210728125 0.5521024578125 0.1884706796875 0.5614406640625 0.21618188124999999 0.5738443203125 0.2097687484375 0.610283825 0.2126211546875 0.617659690625 0.2160385453125 0.6412740875 0.21054353906249998 0.626304990625 0.12944540625 0.6001221015625 0.12800444375 0.540104934375 0.12959505468750002 0.5380129984375001 0.13584164062499998 0.54718589375 0.1682867984375 0.555534253125 0.1706848765625