1 0.8726176828125001 0 0.8602995640625 0.015352864062499999 0.8458695328125 0.047920265625 0.8435215171875001 0.0740736890625 0.84449035625 0.0879287453125 0.8522106859375 0.10873718750000001 0.8826484296875 0.1632281765625 0.9289286203125 0.227749596875 0.9386037296874999 0.23171398124999998 0.9500341515624999 0.2309146890625 0.980629575 0.2129960703125 0.9657354390625 0 0.8726176828125001 0
1 0.9490871500000001 0.32936872500000003 0.9560941484375001 0.3474424875 0.9939349765625 0.40327217656250003 0.9835360937500001 0.2545612390625 0.9671009453125 0.265920553125 0.95378033125 0.2844875734375 0.9483149296875 0.3108589859375 0.9490871500000001 0.32936872500000003
1 0.42367149218750005 0.55081856875 0.4173721265625 0.5503308765625 0.41561681562499997 0.5550945546875 0.41370952499999997 0.61741645 0.4150602015625 0.65166491875 0.4132232 0.700059096875 0.41490537187500004 0.7166488328125 0.41989869999999996 0.735791590625 0.448325625 0.78392588125 0.4626093765625 0.79406530625 0.472351925 0.7915276687499999 0.47572863125 0.6232897093750001 0.47243172656250004 0.5836082125 0.42367149218750005 0.55081856875
1 0.1903195421875 0.5736334359375 0.1963016609375 0.5546513859375 0.20733125624999998 0.41372389375 0.16908864375 0.38948065625 0.12058391718749999 0.367811390625 0.09874699218750001 0.5781804390625 0.098870471875 0.59487916875 0.10893311718750001 0.6043855765624999 0.123542665625 0.6117176609375 0.149647225 0.6191741203125 0.1691323234375 0.6140988421875 0.1878423484375 0.59793951875 0.1928470765625 0.587379496875 0.1903195421875 0.5736334359375
1 0.25161580625 0.77076375 0.244600259375 0.774967071875 0.246156103125 0.7822837734375 0.2441367328125 0.798204159375 0.2465379390625 0.8026771859374999 0.243459490625 0.8706500984375 0.24625108125 0.8732394515624999 0.2528116546875 0.86999613125 0.27003042499999996 0.8474437781249999 0.2745184375 0.8294943921875 0.27588906406249997 0.8117629984375 0.2741480015625 0.7793982015625 0.25161580625 0.77076375
1 0.13602550625 0.74543188125 0.15109002968750002 0.7518039625 0.1556369328125 0.7496296390625 0.1548590109375 0.7459712890625 0.14232772031250002 0.738493878125 0.090573578125 0.72262095625 0.09231748906250001 0.74756005625 0.1032758359375 0.792274934375 0.106974528125 0.8003699796875001 0.11586886406250001 0.808101709375 0.1189245125 0.7995343546875 0.11821688125 0.7819482859375 0.123036390625 0.74634016875 0.13602550625 0.74543188125
7 0.06489168281249999 0.9676017874999999 0.0770753375 0.8655774468749999 0.0758424390625 0.8628790984375 0.056295603125 0.8596050125 0.0485114859375 0.8926358734375001 0.026084865625 0.890491346875 0.031381190625 0.966232321875 0.0419016625 0.9673530328125001 0.06489168281249999 0.9676017874999999
7 0.1913311 0.9838213296875 0.194319309375 0.9817560000000001 0.19986355312499998 0.9191797828125001 0.1131048125 0.9029700593750001 0.1046369515625 0.968535275 0.1059990265625 0.9730809640625001 0.1913311 0.9838213296875
7 0.27552906875 0.9036786796875 0.2706649171875 0.8863832609375001 0.25690073125 0.876207503125 0.25286769375 0.8931968859375001 0.243448090625 0.9003528765625 0.24117036406249998 0.9125785828125 0.24220664374999998 0.9199316140624999 0.227201009375 0.9293345921875 0.223816715625 0.948134984375 0.2259510125 0.9711904140625001 0.22341492812500002 0.9797214359374999 0.224712415625 0.9833434546875001 0.233412984375 0.9883041734375 0.298094503125 0.99491944375 0.3006951765625 0.9873120906249999 0.3020126125 0.9389542453124999 0.2813620578125 0.934829153125 0.2747425953125 0.9222974140625 0.27552906875 0.9036786796875
7 0.34539009374999996 0.782770153125 0.31909176562499997 0.7725426796875 0.2859659609375 0.78414093125 0.28199751093750003 0.8020539843750001 0.2796466453125 0.8356331015625 0.27629843906249996 0.9296141125 0.30824738906250004 0.9385182671875001 0.3709152390625 0.9462025359374999 0.37321006562500003 0.8894226625 0.3782233421875 0.85658555625 0.3766817484375 0.8121403828125 0.3518761 0.80459309375 0.34539009374999996 0.782770153125
7 0.4570147953125 0.818589378125 0.4491567359375 0.8182106812500001 0.43337888125 0.80910391875 0.406164903125 0.8156478406250001 0.4075269796875 0.8201935296875 0.40186780781250003 0.8437939312499999 0.3988396984375 0.9498189890625 0.4699469109375 0.9661949875 0.4744292234375 0.96309699375 0.477196125 0.8608029484375 0.440573946875 0.8448000812500001 0.4438290625 0.8241523484375 0.45779271718750003 0.8222477296875 0.4570147953125 0.818589378125
7 0.18875703906250002 0.752882778125 0.1851286375 0.7308600125 0.18045540468750002 0.7237613015625 0.1714261890625 0.729033621875 0.1651885640625 0.7368952921874999 0.166031075 0.7414773140625 0.162781659375 0.74727365625 0.156414853125 0.7532879875 0.12472426249999999 0.7480785156249999 0.1166524859375 0.79690866875 0.11729267968749998 0.8209967640625001 0.112975634375 0.9011227187499999 0.23772433125 0.9230296078125001 0.242802196875 0.8911161734374999 0.24569827812499997 0.79066946875 0.235051478125 0.7802757234375 0.2236884953125 0.7745729921875 0.2044014421875 0.7712807390624999 0.18875703906250002 0.752882778125
7 0.037579876562499996 0.890615725 0.0486199109375 0.8917001046875 0.049984837500000004 0.8888200984375001 0.06001709374999999 0.8082944968750001 0.06445476875 0.75229296875 0.059848975000000006 0.7386922328125001 0.0521200953125 0.740160875 0.014910912500000002 0.730696365625 0.0258910984375 0.8877203359375001 0.037579876562499996 0.890615725
7 0 0.5174603859375 0.0084519796875 0.6383293234375 0.0139059828125 0.641660690625 0.0780622359375 0.66316368125 0.0864398609375 0.6635060484374999 0.08877932499999999 0.6596297109375 0.10480510000000001 0.53041928125 0.1156941171875 0.41734722656249995 0.11680923593749999 0.3884954546875 0.1140176453125 0.38590610000000003 0.1185056578125 0.3679567171875 0.11279614687499999 0.35350497187499996 0.1028626796875 0.34584590625 0 0.28190002812500004 0 0.5174603859375
7 0.31192331093750003 0.4983006125 0.22907413124999998 0.44840277500000003 0.21784032656250002 0.444547384375 0.2139393171875 0.45595841249999997 0.2039374515625 0.626516021875 0.203330496875 0.6850342421875 0.3957964109375 0.7569689125 0.40670726718749994 0.75620595 0.40808170468749994 0.559334209375 0.40509634375000003 0.5539738437499999 0.3619838828125 0.527286578125 0.3475681015625 0.5227255078125 0.31192331093750003 0.4983006125
7 0.5127554484375 0.6002804296875001 0.4964580265625 0.5912099984375 0.490936584375 0.5943806578124999 0.48782204531250006 0.5871729515624999 0.47989939843749996 0.5858705828125 0.476520803125 0.589819584375 0.47593379843749994 0.596357940625 0.48007891718750006 0.6257700671875 0.47637452500000005 0.6325264140625 0.47442733437499995 0.7988080375 0.52455534375 0.8212919781249999 0.604879840625 0.8500180593750001 0.6065705640625 0.8443307125 0.6054896453125 0.7840741453125 0.602605925 0.6831034171875 0.5999520625 0.6600843203125 0.5127554484375 0.6002804296875001
7 0.6617156609375 0.6548372015624999 0.6481423937499999 0.65485815 0.634501684375 0.6613811234375 0.6363833249999999 0.66589048125 0.6309207703124999 0.6848361984375 0.6215686078125 0.685490165625 0.6243003500000001 0.8440191109375 0.6272800078125 0.864230865625 0.7131876859374999 0.8981356546875 0.7171504359374999 0.895073990625 0.7111692781250001 0.7423413890624999 0.7019519953125 0.72999130625 0.6620215078125 0.704009721875 0.6594407859375 0.6596372109375 0.6617156609375 0.6548372015624999
7 0.744923878125 0.7845340109375 0.753123871875 0.9092658484375 0.8258515187500001 0.93388221875 0.8170730687500001 0.7934116515625 0.7669479109374999 0.7635020140625 0.762271828125 0.7638289968749999 0.7534420796875 0.7570209375 0.7451290453125 0.7576022421874999 0.744923878125 0.7845340109375
8 0.8432650171875 0.7423862234375 0.863586928125 0.75674435625 0.872290346875 0.7542793796875 0.8753459953125 0.7457120265625 0.8730768187500001 0.7356606453125 0.8602843218749999 0.7319142484375 0.8452815375 0.7338915328125 0.8432650171875 0.7423862234375
8 0.7676337015625 0.668778990625 0.7595790265625 0.6730549765625 0.7591211999999999 0.681440671875 0.7685996921875 0.690059740625 0.7891210703125 0.6923374953125 0.7968527984375 0.68344315625 0.7975072421875 0.6704027765625 0.7951060375 0.6659297515625 0.7882225203125001 0.6645547203125 0.7676337015625 0.668778990625
8 0.60283674375 0.5893403968750001 0.6010139921875 0.6006061 0.6110766375 0.61011250625 0.63575453125 0.6120996078125 0.6425117203124999 0.604201603125 0.6433627828125 0.5865065406250001 0.6366758828125 0.5804768234375 0.6088131609375 0.5852097359374999 0.60283674375 0.5893403968750001
8 0.479959246875 0.42993099062500006 0.46079994687500003 0.4321989265625 0.4417669734375 0.4437398984375 0.4377367859375 0.45330358593750003 0.43870847656249995 0.4597329484375 0.44890030000000003 0.47108669531249997 0.46221236250000003 0.4747967609375 0.47779930000000004 0.47370681562500006 0.48748011093750004 0.4628198125 0.48956691875 0.4403974 0.484829096875 0.43237501875 0.479959246875 0.42993099062500006
8 0 0.1293359375 0.0000097984375 0.1293450265625 0.0206575046875 0.140895815625 0.037086953125 0.144387890625 0.0505956328125 0.143443271875 0.0585857203125 0.138243615625 0.06605909374999999 0.1256545984375 0.0698983640625 0.105894203125 0.06743541875 0.09307181249999999 0.0574402125 0.0770633796875 0.0415977671875 0.06703294843749999 0.0289344484375 0.0651338921875 0 0.07336989687499999 0 0.1293359375
8 0.2471477421875 0.7367332703125 0.2607181609375 0.7441380171875001 0.267472503125 0.7436657078125 0.2726064078125 0.734953028125 0.2722834609375 0.730334675 0.2509195734375 0.7234749015624999 0.24754097968750002 0.7274239031249999 0.2471477421875 0.7367332703125
8 0.3900698 0.7870713375 0.396301725 0.7940610546875 0.4063672203125 0.79614176875 0.4112399203125 0.7911601015625 0.41143938750000003 0.779079721875 0.3926704734375 0.7794639859375 0.3893564671875 0.784336659375 0.3900698 0.7870713375
8 0.501107496875 0.8294289203125 0.5089009671875 0.8288839484375 0.5123470015625 0.8184329218749999 0.4963725265625 0.8139808437499999 0.491564415625 0.81988618125 0.49279731406250005 0.8225845312500001 0.501107496875 0.8294289203125
8 0.071953790625 0.6728726953125 0.070392246875 0.6804073859375 0.0788961984375 0.6900227875 0.0970135203125 0.695253209375 0.103509503125 0.6910862171875001 0.10708756562499999 0.6750568375 0.0967637125 0.66928144375 0.07695566875 0.66973836875 0.071953790625 0.6728726953125
8 0.07422770625 0.8397873375 0.0860456640625 0.8445300671875 0.0894888484375 0.8415047359375001 0.09040165 0.8321590375 0.0839085171875 0.8289003328125 0.07462094375 0.8304779703125 0.0727364515625 0.8333943078124999 0.07422770625 0.8397873375
2 0.48583690781250005 0.0062667390625 0.4833711140625 0.00087004375 0.41686684375 0.0055204749999999995 0.41808834062500005 0.037921601562500004 0.41567573593749996 0.06315135468750001 0.366426328125 0.12043005312499999 0.36122783125 0.1282190609375 0.36103121250000003 0.1328737453125 0.44996888906250004 0.22504243281249997 0.4676283859375 0.238658553125 0.47944919375 0.23597558749999997 0.481533153125 0.22097887031250002 0.4932922203125 0.209946540625 0.49433420000000006 0.2024481828125 0.48583690781250005 0.0062667390625
2 0.604942571875 0.1789345140625 0.60305808125 0.18185085 0.608407596875 0.288218275 0.56299745625 0.325736578125 0.5643566828125001 0.3377079625 0.5692236828125 0.347577684375 0.6282346296875 0.4074961375 0.6325203265625 0.409052825 0.642397753125 0.3935111359375 0.63943234375 0.336170909375 0.626817475 0.208035040625 0.604942571875 0.1789345140625
2 0.7310780328125001 0.310270490625 0.7263373625 0.3096738046875 0.7229587671875 0.31362280625 0.7346693859375 0.42882728906249995 0.7339532015625 0.43351830312499995 0.7105670953125001 0.450004609375 0.71295975 0.476754721875 0.7181468468750001 0.49866849062499996 0.7452848359375001 0.520903678125 0.7515196109375 0.5204677 0.769387125 0.49972635624999995 0.7671293484375 0.4599721953125 0.7545762203125 0.34018569374999996 0.7310780328125001 0.310270490625
2 0.8500716171875 0.43653675625000005 0.8452103187500001 0.41181564374999996 0.840017521875 0.40475326406249995 0.836638928125 0.4087022671875 0.8413036093749999 0.4380780625 0.823506384375 0.4448916859375 0.8150024312499999 0.4352762859375 0.8136375062500001 0.438156290625 0.8245787531250001 0.5274253375 0.8182090984375 0.5408653640625001 0.8108031640625001 0.546952359375 0.8124207484375001 0.5626184249999999 0.8177313234374999 0.6012309250000001 0.8209104500000001 0.6093623015625 0.8749223703125001 0.664989384375 0.8807021703125001 0.6655134078125 0.8757202421875 0.6166678703125 0.8690447406249999 0.5809353765624999 0.8500716171875 0.43653675625000005