0 0.17916666718750002 0.045370370312500005 0.1739583328125 0.048148148437499996 0.1052083328125 0.05 0.0869791671875 0.052777778124999994 0.0869791671875 0.055555556250000006 0.09635416718749999 0.0675925921875 0.1041666671875 0.0990740734375 0.1661458328125 0.15555555625 0.1859375 0.1574074078125 0.2171875 0.15370370312499998 0.2192708328125 0.15092592656249998 0.2484375 0.1518518515625 0.2567708328125 0.147222221875 0.25833333281250004 0.13055555624999998 0.2557291671875 0.11944444375 0.2479166671875 0.0953703703125 0.2286458328125 0.05648148125 0.21197916718749998 0.039814814062499995 0.1994791671875 0.015740740625 0.1932291671875 0.0111111109375 0.1885416671875 0.0120370375 0.1864583328125 0.0166666671875 0.18697916718750002 0.0268518515625 0.1848958328125 0.0361111109375 0.17916666718750002 0.045370370312500005
0 0.05208333281250001 0.0490740734375 0.0895833328125 0.0509259265625 0.1776041671875 0.045370370312500005 0.1833333328125 0.0361111109375 0.1833333328125 0.0166666671875 0.1817708328125 0.0083333328125 0.178125 0.0129629625 0.1734375 0.0129629625 0.1703125 0 0.003125 0.0018518515625 0.0166666671875 0.021296296875000002 0.0375 0.040740740625 0.05208333281250001 0.0490740734375
7 0.2104166671875 0.6583333328125 0.20729166718749997 0.6398148140625 0.2052083328125 0.5953703703125 0.20208333281250002 0.58055555625 0.1203125 0.5879629625 0.1260416671875 0.6703703703125 0.14010416718750002 0.671296296875 0.20572916718749998 0.6620370375 0.2104166671875 0.6583333328125
7 0.3104166671875 0.65 0.3244791671875 0.647222221875 0.32760416718749996 0.6425925921875 0.325 0.5768518515625 0.3223958328125 0.5675925921875 0.2791666671875 0.56851851875 0.27395833281250004 0.5731481484375001 0.24739583281250002 0.5768518515625 0.2416666671875 0.58055555625 0.24375 0.6481481484375 0.2442708328125 0.6537037031249999 0.2479166671875 0.6583333328125 0.3104166671875 0.65
7 0.3916666671875 0.6268518515625 0.3953125 0.628703703125 0.3963541671875 0.6351851859375001 0.4088541671875 0.634259259375 0.415625 0.627777778125 0.42864583281249996 0.6231481484375 0.4291666671875 0.5740740734374999 0.4270833328125 0.553703703125 0.3786458328125 0.5555555562500001 0.3494791671875 0.5638888890625 0.3536458328125 0.6388888890625 0.3817708328125 0.6370370375000001 0.3859375 0.6296296296875 0.3916666671875 0.6268518515625
7 0.4625 0.6240740734375 0.4739583328125 0.6240740734375 0.4765625 0.6129629624999999 0.48072916718750003 0.6138888890625 0.484375 0.6203703703125 0.49010416718750005 0.61944444375 0.4973958328125 0.6120370375 0.503125 0.615740740625 0.5088541671875 0.609259259375 0.5119791671875 0.6101851859375 0.5135416671875 0.615740740625 0.5192708328125 0.615740740625 0.5229166671875001 0.6083333328125 0.5296875 0.6083333328125 0.5322916671875 0.6166666671875001 0.5338541671875 0.6148148140624999 0.534375 0.54444444375 0.5328125 0.5416666671875 0.459375 0.55 0.45729166718750003 0.553703703125 0.45989583281249996 0.577777778125 0.4604166671875 0.622222221875 0.4625 0.6240740734375
7 0.5760416671875 0.6101851859375 0.5776041671875001 0.6009259265625 0.5817708328125 0.6018518515625 0.5838541671875 0.6074074078125 0.5932291671875001 0.6083333328125 0.5979166671875 0.6018518515625 0.603125 0.6074074078125 0.6270833328125 0.6046296296875 0.6307291671875 0.5962962968750001 0.6322916671875001 0.540740740625 0.6307291671875 0.5287037031249999 0.5614583328125 0.5398148140625 0.5635416671875 0.55648148125 0.5619791671875001 0.590740740625 0.575 0.6046296296875 0.5760416671875 0.6101851859375
7 0.0880208328125 0.85 0.096875 0.8435185187500001 0.1 0.8361111109375001 0.10729166718750001 0.8333333328125001 0.1177083328125 0.8370370375 0.11875 0.8425925921875 0.1708333328125 0.8351851859374999 0.1744791671875 0.8324074078124999 0.1765625 0.8166666671874999 0.17916666718750002 0.8120370375 0.1875 0.8138888890624999 0.1755208328125 0.8050925921875001 0.1760416671875 0.7981481484375 0.1729166671875 0.79444444375 0.1682291671875 0.7203703703125 0.165625 0.7175925921874999 0.060416667187499995 0.727777778125 0.0354166671875 0.734259259375 0.0411458328125 0.8166666671874999 0.0453125 0.852777778125 0.0479166671875 0.85648148125 0.0880208328125 0.85
7 0.21354166718749998 0.8240740734375 0.2166666671875 0.8296296296874999 0.259375 0.821296296875 0.2645833328125 0.81851851875 0.2671875 0.8083333328125001 0.2744791671875 0.80648148125 0.28125 0.8074074078125 0.2859375 0.8148148140625 0.3338541671875 0.80648148125 0.3338541671875 0.7966046296875 0.3385416671875 0.7796296296875 0.33541666718749996 0.7120370375 0.3296875 0.6925925921875 0.3229166671875 0.6851851859375 0.3098958328125 0.6759259265625001 0.2984375 0.6768518515624999 0.29799114531250004 0.69351851875 0.275 0.6925925921875 0.2619791671875 0.7009259265625001 0.2192708328125 0.7046296296875 0.209375 0.7074074078125 0.20625 0.7120370375 0.2078125 0.7398148140624999 0.2104166671875 0.7509259265625 0.2125 0.8138888890624999 0.21354166718749998 0.8240740734375
7 0.40833333281249995 0.7888888890625 0.4244791671875 0.7870370375 0.428125 0.7833333328125 0.4302083328125 0.775 0.4375 0.772222221875 0.4458333328125 0.7824074078125001 0.4895833328125 0.775 0.4927083328125 0.727777778125 0.49010416718750005 0.7111111109375 0.4916666671875 0.7 0.48802083281249997 0.684259259375 0.4890625 0.665740740625 0.48645833281249995 0.6629629625 0.3942708328125 0.6731481484375 0.3776041671875 0.6796296296875 0.37552083281250004 0.6861111109375 0.375 0.772222221875 0.3796875 0.79444444375 0.3942708328125 0.7953703703125 0.40833333281249995 0.7888888890625
7 0.5322916671875 0.771296296875 0.6359375 0.7518518515625 0.6369791671875 0.7351851859375 0.6348958328125 0.725 0.6380208328125 0.6574074078125001 0.6354166671875 0.64444444375 0.6166666671875001 0.64444444375 0.5755208328125 0.6537037031249999 0.5364583328125 0.6555555562500001 0.5296875 0.6601851859375001 0.5270833328125 0.6666666671875 0.53125 0.6879629625 0.5291666671875 0.752777778125 0.5322916671875 0.771296296875
7 0.7270833328124999 0.728703703125 0.7354166671875 0.728703703125 0.7385416671875 0.7361111109375 0.7432291671875 0.7379629624999999 0.7729166671875001 0.7370370375 0.7776041671875 0.73148148125 0.78125 0.65 0.784375 0.634259259375 0.7791666671875 0.6240740734375 0.6859375 0.6333333328124999 0.6739583328125 0.640740740625 0.6729166671875 0.6611111109375 0.6723958328124999 0.7361111109375 0.6739583328125 0.7453703703125 0.7135416671875 0.740740740625 0.7270833328124999 0.728703703125
7 0.696875 0.48703703750000005 0.7041666671875 0.4824074078125 0.7020833328125 0.4703703703125 0.69375 0.45 0.69375 0.4388888890625 0.6609375 0.440740740625 0.65 0.44629629687500005 0.6494791671875 0.4916666671875 0.6708333328125 0.490740740625 0.6729166671875 0.48703703750000005 0.696875 0.48703703750000005
7 0.7255208328125 0.4824074078125 0.7322916671875 0.46944444374999994 0.75 0.465740740625 0.7505208328124999 0.4370370375 0.7489583328125 0.43055555625 0.7078125 0.43518518593750005 0.7052083328125 0.4388888890625 0.7046875 0.471296296875 0.7057291671875 0.4824074078125 0.7078125 0.48518518593750004 0.7255208328125 0.4824074078125
7 0.7927083328125 0.46944444374999994 0.8020833328125001 0.4601851859375 0.8135416671875 0.4583333328125 0.8161458328125001 0.45185185156249996 0.8130208328125 0.44907407343749994 0.8109375 0.4388888890625 0.8109375 0.42314814843750004 0.7708333328125 0.4268518515625 0.7682291671875 0.4296296296875 0.7677083328125 0.46296296249999996 0.7703125 0.465740740625 0.7783854171875 0.46388888906250003 0.7927083328125 0.46944444374999994
7 0.8578125 0.46851851875 0.8645833328125001 0.46944444374999994 0.8703125 0.465740740625 0.8708333328125001 0.41851851875 0.8692708328125001 0.415740740625 0.8296875 0.4203703703125 0.8276041671875 0.43148148124999997 0.8276041671875 0.4574074078125 0.8484375 0.45555555625000005 0.8546875 0.459259259375 0.8578125 0.46851851875
7 0.928125 0.41851851875 0.9265625 0.41018518593750003 0.8885416671874999 0.4129629625 0.8854166671874999 0.415740740625 0.8838541671875 0.4509259265625 0.9239583328125001 0.447222221875 0.9260416671874999 0.44444444375 0.928125 0.41851851875
7 0.7463541671875 0.5305555562500001 0.7526041671875 0.5305555562500001 0.7552083328125 0.5231481484375 0.7677083328125 0.522222221875 0.7708333328125 0.5166666671875 0.7765625 0.525 0.7796875 0.525 0.7854166671875 0.490740740625 0.7833333328125 0.4703703703125 0.7791666671875 0.4675925921875 0.7328125 0.4703703703125 0.7286458328125 0.47407407343749997 0.7270833328124999 0.48518518593750004 0.7265625 0.5111111109375 0.7302083328125 0.5324074078125001 0.74375 0.5268518515625 0.7463541671875 0.5305555562500001
7 0.8260416671874999 0.5129629625 0.8473958328125001 0.5138888890625 0.8552083328125001 0.5101851859375001 0.853125 0.49444444374999996 0.8552083328125001 0.46851851875 0.8520833328125 0.4574074078125 0.8104166671874999 0.4601851859375 0.8015625 0.4620370375 0.7979166671875 0.46666666718750005 0.7973958328124999 0.5074074078125 0.8015625 0.51851851875 0.81875 0.5203703703125 0.8260416671874999 0.5129629625
7 0.9010416671874999 0.503703703125 0.9109375 0.5083333328124999 0.9239583328125001 0.5074074078125 0.9296875 0.5018518515625 0.9276041671874999 0.48703703750000005 0.9286458328125 0.4546296296875 0.9244791671874999 0.4481481484375 0.8776041671874999 0.45370370312499997 0.8734375 0.4703703703125 0.8677083328125 0.5101851859375001 0.8786458328125001 0.5111111109375 0.8973958328125 0.5074074078125 0.9010416671874999 0.503703703125
7 0.9994791671875 0.49351851875 0.9958333328125001 0.48518518593750004 0.99375 0.447222221875 0.990625 0.44166666718750003 0.9817708328125001 0.43981481406249995 0.9515625 0.44444444375 0.946875 0.44629629687500005 0.94375 0.4583333328125 0.9385416671875 0.4990740734375 0.9401041671874999 0.5046296296875 0.9859375 0.4990740734375 0.9994791671875 0.49351851875
7 0.9260416671874999 0.5833333328125 0.9322916671874999 0.578703703125 0.959375 0.5888888890625 0.959375 0.5796296296875 0.9619791671875 0.5768518515625 0.9708333328125001 0.5796296296875 0.9901041671874999 0.5731481484375001 0.9927083328125 0.5324074078125001 0.9958333328125001 0.5138888890625 0.9942708328125001 0.5018518515625 0.9317708328125001 0.5074074078125 0.925 0.5101851859375001 0.9229166671875 0.5175925921875 0.928125 0.5370370375 0.9223958328125 0.56851851875 0.915625 0.5833333328125 0.9260416671874999 0.5833333328125
7 0.8927083328125001 0.5870370375 0.8963541671874999 0.5833333328125 0.9 0.5601851859375 0.9015625 0.5129629625 0.8932291671874999 0.5111111109375 0.8390625 0.5175925921875 0.8338541671874999 0.51944444375 0.8296875 0.5287037031249999 0.8302083328125001 0.55 0.8239583328125001 0.590740740625 0.8276041671875 0.5962962968750001 0.8927083328125001 0.5870370375
1 0.20989583281250002 0.6564814812499999 0.2114583328125 0.659259259375 0.2208333328125 0.659259259375 0.240625 0.6546296296875 0.24114583281250002 0.6148148140624999 0.234375 0.5861111109375 0.228125 0.5759259265625001 0.221875 0.5722222218749999 0.2125 0.571296296875 0.2052083328125 0.575 0.20208333281250002 0.58055555625 0.20572916718749998 0.5953703703125 0.20677083281250003 0.63148148125 0.20989583281250002 0.6564814812499999
1 0.16875 0.728703703125 0.1671875 0.7361111109375 0.171875 0.7629629625 0.1708333328125 0.76851851875 0.175 0.784259259375 0.1765625 0.8148148140625 0.1817708328125 0.8166666671874999 0.196875 0.8111111109375001 0.1932291671875 0.7490740734375 0.1890625 0.73148148125 0.1807291671875 0.7129629625 0.1703125 0.702777778125 0.1578125 0.7018518515625 0.14010416718750002 0.7046296296875 0.1286458328125 0.715740740625 0.1546875 0.7185185187500001 0.159375 0.7138888890625 0.1661458328125 0.7185185187500001 0.16875 0.728703703125
1 0.484375 0.9861111109375 0.48072916718750003 0.934259259375 0.47447916718750005 0.902777778125 0.46197916718750004 0.8759259265624999 0.4479166671875 0.8629629624999999 0.43072916718750004 0.859259259375 0.41510416718750004 0.8648148140625 0.3942708328125 0.89351851875 0.3770833328125 0.934259259375 0.37447916718749996 0.9629629625 0.375 0.9990740734375001 0.43854166718750004 0.9990740734375001 0.484375 0.9861111109375
1 0.6052083328125 0.9703703703125001 0.6067708328125 0.9953703703125001 0.6515625 0.9925925921875001 0.6598958328125 0.9990740734375001 0.6723958328124999 0.9990740734375001 0.6744791671875 0.9583333328125001 0.6682291671875 0.8759259265624999 0.6640625 0.86851851875 0.6557291671875001 0.8379629625 0.6432291671875 0.821296296875 0.6192708328125 0.8083333328125001 0.6010416671875001 0.8129629625 0.5885416671875 0.821296296875 0.578125 0.8370370375 0.5692708328125 0.8611111109375 0.5645833328125 0.88148148125 0.5630208328124999 0.9064814812499999 0.5625 0.9648148140625 0.5651041671875 0.9685185187500001 0.5994791671875 0.9629629625 0.6052083328125 0.9703703703125001
1 0.8723958328125001 0.91944444375 0.8796875 0.925 0.8822916671875 0.9296296296875 0.8838541671875 0.9740740734375001 0.8859375 0.98055555625 0.8838541671875 0.98148148125 0.8838541671875 0.9898148140625 0.8885416671874999 0.99444444375 0.8864583328125001 0.934259259375 0.8802083328125001 0.8879629625 0.8692708328125001 0.8601851859374999 0.8520833328125 0.8398148140625 0.8348958328125 0.83055555625 0.8145833328125001 0.8351851859374999 0.7953125 0.852777778125 0.7802083328125 0.884259259375 0.7770833328125 0.9 0.7760416671875 0.9296296296875 0.7776041671875 0.9333333328125001 0.8645833328125001 0.91944444375 0.8723958328125001 0.91944444375
1 0.2927083328125 0.9768518515625001 0.2776041671875 0.95555555625 0.25833333281250004 0.9453703703125 0.2442708328125 0.94351851875 0.2260416671875 0.95 0.209375 0.9629629625 0.2026041671875 0.9703703703125001 0.1911458328125 0.9925925921875001 0.190625 0.9990740734375001 0.3020833328125 0.9990740734375001 0.3015625 0.99351851875 0.2927083328125 0.9768518515625001
1 0.8817708328125 0.7361111109375 0.8833333328125 0.7425925921875 0.8744791671875 0.7518518515625 0.8739583328125 0.765740740625 0.871875 0.7675925921875 0.8854166671874999 0.7833333328125 0.8911458328125 0.8101851859375 0.8859375 0.828703703125 0.8822916671875 0.872222221875 0.884375 0.8824074078124999 0.8885416671874999 0.8611111109375 0.8895833328125 0.8416666671874999 0.8927083328125001 0.83148148125 0.9010416671874999 0.821296296875 0.9083333328125001 0.83055555625 0.915625 0.8333333328125001 0.9177083328125001 0.8268518515625001 0.9197916671874999 0.7379629624999999 0.9192708328125001 0.7333333328125 0.9114583328125001 0.725 0.9125 0.7175925921874999 0.9520833328125 0.7111111109375 0.9567708328125001 0.7046296296875 0.9578125 0.6879629625 0.9567708328125001 0.6740740734374999 0.94375 0.6388888890625 0.9338541671874999 0.628703703125 0.9197916671874999 0.6240740734375 0.9114583328125001 0.625 0.9010416671874999 0.6324074078125 0.8911458328125 0.6453703703125 0.8864583328125001 0.6601851859375001 0.8838541671875 0.6620370375 0.8770833328125001 0.6925925921875 0.8786458328125001 0.696296296875 0.8776041671874999 0.7046296296875 0.8822916671875 0.7138888890625 0.8817708328125 0.7361111109375
1 0.7776041671875 0.6138888890625 0.7817708328124999 0.6120370375 0.7848958328125 0.6018518515625 0.7979166671875 0.5990740734375 0.7994791671875 0.5925925921874999 0.7942708328125 0.5527777781250001 0.7880208328125 0.5388888890625 0.7807291671875001 0.5324074078125001 0.7635416671875 0.5324074078125001 0.7572916671875001 0.5361111109375 0.7510416671875 0.5481481484375 0.7463541671875 0.5666666671875 0.7453125 0.609259259375 0.7479166671875 0.6240740734375 0.7734375 0.621296296875 0.7776041671875 0.6138888890625
1 0.6994791671875 0.5388888890625 0.725 0.5351851859375001 0.7276041671875 0.5287037031249999 0.7255208328125 0.515740740625 0.7192708328124999 0.5009259265625 0.7072916671875 0.4916666671875 0.6958333328124999 0.49351851875 0.6859375 0.509259259375 0.68125 0.522222221875 0.6828125 0.5481481484375 0.6848958328125 0.5509259265625001 0.6911458328125 0.5490740734374999 0.6994791671875 0.5388888890625
8 0.5322916671875 0.7861111109375 0.5354166671875 0.7824074078125001 0.5338541671875 0.7740740734375 0.5276041671875 0.7648148140625 0.5213541671875 0.7620370375000001 0.5151041671875001 0.76851851875 0.5140625 0.7768518515625 0.5182291671875 0.7824074078125001 0.525 0.7861111109375 0.5322916671875 0.7861111109375
8 0.3640625 0.6509259265625 0.3604166671875 0.6453703703125 0.3536458328125 0.646296296875 0.3526041671875 0.6555555562500001 0.3541666671875 0.659259259375 0.3645833328125 0.6583333328125 0.3640625 0.6509259265625
8 0.4635416671875 0.6416666671875 0.46197916718750004 0.6324074078125 0.45885416718750005 0.628703703125 0.4515625 0.6324074078125 0.45104166718750005 0.6379629625 0.4536458328125 0.64351851875 0.4614583328125 0.64444444375 0.4635416671875 0.6416666671875
8 0.584375 0.6120370375 0.5760416671875 0.615740740625 0.5760416671875 0.6203703703125 0.5796875 0.6240740734375 0.590625 0.6231481484375 0.584375 0.6120370375
8 0.259375 0.6703703703125 0.2598958328125 0.6601851859375001 0.2526041671875 0.6574074078125001 0.24739583281250002 0.6574074078125001 0.2479166671875 0.665740740625 0.2526041671875 0.6703703703125 0.259375 0.6703703703125
8 0.6984375 0.7518518515625 0.696875 0.74444444375 0.6833333328125 0.7481481484375 0.6833333328125 0.75555555625 0.6864583328125 0.759259259375 0.6932291671875 0.759259259375 0.6984375 0.7518518515625
8 0.825 0.5935185187500001 0.8166666671874999 0.5953703703125 0.8161458328125001 0.603703703125 0.8302083328125001 0.6074074078125 0.8302083328125001 0.602777778125 0.825 0.5935185187500001
8 0.9286458328125 0.5990740734375 0.9197916671874999 0.5861111109375 0.9125 0.590740740625 0.9119791671874999 0.5962962968750001 0.915625 0.6 0.9276041671874999 0.6018518515625 0.9286458328125 0.5990740734375
8 0.9619791671875 0.7148148140624999 0.9651041671874999 0.7231481484375 0.9682291671875 0.722222221875 0.9666666671874999 0.7138888890625 0.9619791671875 0.7148148140624999
8 0.7046875 0.5398148140625 0.7046875 0.5453703703125 0.7166666671875 0.5453703703125 0.7098958328125 0.5388888890625 0.7046875 0.5398148140625
8 0.6463541671875 0.4953703703125 0.6463541671875 0.502777778125 0.6520833328125 0.5018518515625 0.6505208328125 0.4953703703125 0.6463541671875 0.4953703703125
2 0.8630208328125001 0.79444444375 0.8645833328125001 0.7833333328125 0.8645833328125001 0.7675925921875 0.8604166671875 0.7648148140625 0.8604166671875 0.75555555625 0.8671875 0.7129629625 0.8661458328125 0.7009259265625001 0.8505208328125 0.7 0.8411458328125001 0.7074074078125 0.8385416671874999 0.7009259265625001 0.8338541671874999 0.7 0.83125 0.7083333328125 0.8302083328125001 0.73055555625 0.8302083328125001 0.8101851859375 0.8369791671875 0.8166666671874999 0.8505208328125 0.8138888890624999 0.8630208328125001 0.79444444375