5 0.46826425 0.5096517406250001 0.439869059375 0.474784534375 0.4248287640625 0.473430559375 0.42060315781249996 0.477169334375 0.39823457812499996 0.4810887703125 0.111193559375 0.5950359234375 0.10486993124999999 0.6003619875 0.10563804218749999 0.60492821875 0.1271484734375 0.636605875 0.164998875 0.6832835515625 0.1737746765625 0.6888351953125 0.184855478125 0.6888501687499999 0.31559164375000004 0.629131996875 0.33112417656250004 0.6274946421875 0.3475239484375 0.6221308999999999 0.3510701515625 0.6121333 0.48114605624999995 0.552192134375 0.48365803281249997 0.5427060796875 0.46826425 0.5096517406250001
1 0 0.5626067203125 0.0030460375000000003 0.5633437875 0.026537546875 0.5572202125 0.3118938359375 0.4561969484375 0.31319417656250004 0.45060762656250003 0.3048323328125 0.437157215625 0.2348637921875 0.3497597515625 0.23914853749999998 0.3448925828125 0.272745759375 0.33816713125 0.3116619515625 0.326062965625 0.325874996875 0.323979103125 0.33116439999999997 0.31916458593749997 0.3474163296875 0.3166218328125 0.40140305 0.2860720765625 0.4464950296875 0.2714628359375 0.46706193906250004 0.24425334687500003 0.4673576234375 0.23861137187499998 0.45400205781249997 0.22433350624999998 0.4430395296875 0.22206174218750002 0.41987327187499995 0.22197914531250001 0.356993140625 0.22999867968749999 0.3439030265625 0.229878403125 0.33568835625000004 0.23284237187499998 0.3196138359375 0.2319999421875 0.31275864375 0.22824619531249998 0.312936053125 0.224861009375 0.3076170828125 0.23023972499999998 0.3005549125 0.230435359375 0.29934327656250004 0.234332090625 0.2911877421875 0.23616766406249998 0.198640315625 0.2528158484375 0.17027335937500002 0.2558551765625 0.1406652 0.26335543125 0.116907575 0.274556784375 0.117675684375 0.279123015625 0.1081606734375 0.28767630781250003 0.09592737500000001 0.2904296703125 0.0111289140625 0.2745546984375 0 0.48690703593749995 0 0.5626067203125
1 0.5314178234375 0.284965403125 0.540341465625 0.2876960609375 0.5455717328125 0.2840099375 0.5360278187499999 0.2738920609375 0.5280496968749999 0.27234245156250003 0.5272224484375 0.268904615625 0.584133771875 0.25944077499999996 0.5919936203125 0.263247175 0.616696765625 0.25322686875 0.674642315625 0.243251484375 0.7338290671875 0.228815171875 0.772331303125 0.22460976875 0.7796004515625 0.220464753125 0.7876081453125 0.221450165625 0.7918928890625 0.21658299531249997 0.79990058125 0.21756840781250003 0.8131976734374999 0.21373930156249998 0.8073767078125 0.209474009375 0.7853925171875 0.20605887812499998 0.767160840625 0.20793213124999999 0.7574986531250001 0.2000710453125 0.7232811625 0.199409278125 0.6778054609375 0.20211772031250003 0.6453016015624999 0.2072032296875 0.632359328125 0.20426196562499999 0.572374896875 0.2146962453125 0.5325138484374999 0.2063839984375 0.510440953125 0.20466145937500002 0.5035561921875 0.201471909375 0.4894909875 0.20073478437499997 0.4766669875 0.195536728125 0.43476705468750004 0.1876833765625 0.42262246093750006 0.18874414687500002 0.4263158390625 0.19516092499999999 0.50125119375 0.20700858125 0.5051219812500001 0.21004017656250001 0.527135740625 0.21289110781249998 0.5379799953125 0.2174196625 0.5347294765624999 0.2217752859375 0.49604983125 0.22936587187500002 0.4877760234375 0.2334582375 0.4736221140625 0.23441370312499998 0.4694556421875 0.237024084375 0.4679483234375 0.2465627875 0.4532326140625 0.25823800625 0.44862261875 0.26931135 0.3838212109375 0.294768353125 0.36290015000000003 0.3095128453125 0.345347878125 0.31764492187500004 0.31361212968749996 0.3272966640625 0.302176509375 0.3340520609375 0.2961781328125 0.33317195312500003 0.28799303125 0.3355717234375 0.2848016484375 0.3387989546875 0.29523194531249997 0.35122627031250003 0.3107144328125 0.3825880171875 0.3074343453125 0.3875078375 0.292275778125 0.388410653125 0.2819335203125 0.393526109375 0.28784319062499997 0.3960988109375 0.3081433203125 0.393202465625 0.3189580046875 0.39829521562500003 0.3353860125 0.43083800781250003 0.3267869546875 0.44113654531249996 0.3146719296875 0.44163311875 0.32321118437499996 0.45169834062499997 0.3980887328125 0.42620365937500004 0.44643056562499994 0.426474159375 0.4563884359375 0.42869327031250004 0.458249909375 0.4316195609375 0.45689043125 0.438337278125 0.4455139484375 0.44396427968749996 0.449709321875 0.46002506875 0.45422994687499996 0.4698796859375 0.45715521406250004 0.471730234375 0.4652516109375 0.47102305468749994 0.5104618624999999 0.45415702031249994 0.5487873546875 0.434101440625 0.5649216781249999 0.41458010781250004 0.5668725218749999 0.39657844062500003 0.5619977421875 0.374258828125 0.5240895359375 0.290238815625 0.5314178234375 0.284965403125
1 0 0.54030279375 0.0068287875 0.5488326078125 0.0128863 0.5485843218750001 0.017761746875 0.5516685671875 0.01852985625 0.5562348 0.02863556875 0.5556329234375 0.3108300421875 0.4572726921875 0.3112439984375 0.44937392656249997 0.29706118593749997 0.43165822499999995 0.2954362609375 0.424218353125 0.23586844999999998 0.349812403125 0.24423096093750002 0.34402744687500003 0.3238656828125 0.3238738 0.3301893109375 0.3185477375 0.3444614953125 0.31533548125 0.3476824453125 0.311544053125 0.36295928593750004 0.30838445000000003 0.37460188437499997 0.29767967031250003 0.40158046093750005 0.2826868921875 0.42191015781249996 0.27922634999999996 0.4476475296875 0.2686945 0.45296649999999994 0.263315784375 0.452257525 0.2576211578125 0.46608685000000005 0.2436364984375 0.46540744375000004 0.23737767187499997 0.45400205781249997 0.22433350624999998 0.4228872453125 0.2221371 0.33264481562500003 0.2332486140625 0.312492528125 0.23332397187499998 0.17225310625 0.256524678125 0.16078791875 0.2638442734375 0.14166985781250002 0.2634080828125 0.14051735781250002 0.26617641875000003 0.119891978125 0.2752789375 0.1174391390625 0.28363659375 0.1009802296875 0.29012873125 0.0747999984375 0.289888178125 0.065551103125 0.2933636953125 0.0556523703125 0.29001618749999997 0.055948053124999994 0.28437421406249996 0.042917075 0.28312554218749997 0.04073035 0.286405421875 0.0347319734375 0.285525315625 0.0336090421875 0.2877294515625 0.041646303125 0.2881506671875 0.053436078124999994 0.2938602671875 0.05526798125 0.29735075625 0.049742032812499996 0.306678853125 0.008773926562500001 0.3194905421875 0 0.4869070296875 0 0.54030279375
1 0.7488693609375 0.230169146875 0.7559019640625 0.23053771093750003 0.8038009359375 0.2200358046875 0.8300698734375 0.2185837671875 0.8934230968750001 0.2015370734375 0.9119504562499999 0.1940218453125 0.9237408968749999 0.180496078125 0.9287641843750001 0.1807593375 0.929237278125 0.171732178125 0.8990088484375001 0.1718452140625 0.8604179078125 0.1777432078125 0.8513759890625 0.17726934218749998 0.8103617765625 0.19096079531250001 0.7788034390624999 0.1972273515625 0.7515002765625 0.1991909375 0.72440409375 0.19720513906249998 0.6929344609375 0.20177910312499997 0.6687931125000001 0.20107965625 0.6463358265625 0.20669168437500002 0.6343686421875 0.20436726875 0.578402840625 0.21501215624999997 0.5344640265625 0.207617696875 0.5133662203125 0.2065120078125 0.5161732140625 0.210619346875 0.5292041937499999 0.21186801718749998 0.5370936109375 0.2151102203125 0.5336361125 0.2234152265625 0.4704898671875 0.23651253906249997 0.44105778593749995 0.27909833906250003 0.4511043609375 0.2796248578125 0.45940773593750006 0.274968296875 0.46853835781250003 0.2737495703125 0.50387878125 0.2722072015625 0.515845965625 0.27453161718749997 0.51942106875 0.2832051859375 0.5313882546875 0.2855296 0.5458963171875 0.29703913125 0.5436208875 0.3020116046875 0.5475212453125 0.304479003125 0.5554395640625 0.3263923734375 0.556473125 0.34511619375 0.5685874859375 0.3638549875 0.56515955625 0.37159579531250003 0.568350271875 0.3876039328125 0.64059690625 0.393087459375 0.6858951984375 0.39376420156249997 0.6991331546875 0.391063490625 0.72292035 0.3792979421875 0.7359815625 0.36074704999999996 0.729245975 0.3162657796875 0.711430253125 0.25253417031250003 0.7058754015625001 0.2431911 0.7488693609375 0.230169146875
1 1 0.132360859375 0.992768578125 0.1320649328125 0.9815399359375 0.1348709484375 0.97359138125 0.132757140625 0.9631604171875001 0.13956518906249998 0.9531434109375001 0.1384744734375 0.85793683125 0.14819433125 0.7616953609375 0.177661103125 0.607126615625 0.14749636093750002 0.587003896875 0.147007521875 0.5857922609374999 0.1509042515625 0.5906677078125 0.1539884984375 0.649617246875 0.16330113125 0.7044003140624999 0.17522414375 0.7069116265625001 0.18497345625 0.6905118546875 0.19033719843750002 0.6973966140625001 0.1935267484375 0.720620678125 0.230951684375 0.7153904125 0.2346378078125 0.7192907703125 0.23710520468750002 0.7263818421875 0.2555807390625 0.7280356718750001 0.281691778125 0.736427084375 0.2945779890625 0.7464145234374999 0.296232903125 0.7541265312500001 0.3028602890625 0.754214571875 0.3204030640625 0.8247180046875 0.32070350937500003 0.8480025359375001 0.31852931875 0.859467725 0.31120972343750003 0.8671212625000001 0.29973014062500003 0.86732890625 0.27654539218749996 0.8572547625 0.21887697187500002 0.8644056375 0.21698874531249998 0.87087710625 0.20884169375 0.9046517390625001 0.198731059375 0.9349695390624999 0.1776900640625 0.9959586281249999 0.1673084359375 1 0.1657294140625 1 0.132360859375
1 0.922470125 0.185521203125 0.9170328796874999 0.193156709375 0.8706996968749999 0.21222687968749998 0.87043358125 0.21730465625 0.8934224296875 0.22077243906250002 0.8950473578125001 0.2282123109375 0.8999228031250001 0.23129655625 0.9031719890625001 0.26541166562499996 0.9110909765624999 0.26808966875 0.9342276671875 0.26873646562500003 0.967145484375 0.255752190625 0.971371090625 0.252013415625 0.9709282312499999 0.24124101250000002 0.9824229890625 0.2333572203125 0.9744764328125 0.1735373140625 0.9400223953125 0.17738912499999998 0.922470125 0.185521203125
7 0.906623475 1 0.9802204453125001 0.8905093484375 0.9872656703124999 0.75607845 0.9713242078125001 0.7526971312499999 0.7756532125 0.7186810703125001 0.7628587796875 0.7129188203125 0.7267798156249999 0.709330759375 0.7219339375 0.7056823156250001 0.69477861875 0.7048249140625 0.6828410015624999 0.7019363000000001 0.6757788312499999 0.7021319359375 0.6600880328125001 0.713190303125 0.50374119375 0.832289609375 0.49865876875000004 0.83315474375 0.49082848749999997 0.8287841468750001 0.477767940625 0.828099671875 0.465978165625 0.8223900734375 0.45678840625 0.8247371921875001 0.45554720312499997 0.829198121875 0.47197587656250006 0.8425055468749999 0.46981872031250005 0.84522123125 0.47664434375000003 0.8495391765625 0.476437365625 0.8534885578125 0.3295463984375 0.965162965625 0.3177855265625 0.9781245343749999 0.3293387546875 0.9883477125000001 0.3364600609375 0.987023684375 0.3382919671875 0.990514171875 0.34494881875 0.9925602843749999 0.48690704843750005 1 0.906623475 1
7 0.6982072125000001 0.6778487390625 0.6977341203125 0.686875896875 0.9879066218749999 0.743848346875 0.9984013859375 0.5435963265625 0.9094862953125 0.5293807265625 0.880321659375 0.5284180203125 0.8173514921875 0.576600878125 0.8002716484375 0.5949411625 0.7752136828125 0.6117318359375 0.7680923765625 0.613055865625 0.7521361296875 0.6099566453125 0.7469354312500001 0.613078571875 0.7542039140625 0.6281689218750001 0.6982072125000001 0.6778487390625
7 1 0.4438473640625 0.9537227890625 0.4734271125 0.8978745968749999 0.5010505765625 0.8786375968750001 0.52210654375 0.8794057078125 0.526672775 0.8833652000000001 0.528011778125 0.9875538953125 0.539129546875 0.9986051265624999 0.5397087171875 1 0.5130929531249999 1 0.4438473640625
8 0.5296875421875 0.760102278125 0.554419590625 0.7687531421875 0.570494109375 0.7695955718749999 0.5848549984375 0.7646907234375 0.6005162265624999 0.75419655 0.5907068640625 0.7299210875 0.5655312921875 0.729733184375 0.5441673687499999 0.7337052734375 0.527383209375 0.7464035828125 0.5296875421875 0.760102278125
8 0.7922639578124999 0.59395575 0.79631215625 0.5936021593749999 0.8247093453125001 0.57076326875 0.8183272468749999 0.5579823609375001 0.8065079046875001 0.552836959375 0.7891626125 0.5570196546874999 0.7857642499999999 0.5641962656249999 0.7895160999999999 0.5887200171875 0.7922639578124999 0.59395575
8 0.9301734749999999 0.44220835000000003 0.9370582359374999 0.4453979 0.9421406593749999 0.444532765625 0.950562309375 0.43761941249999997 0.9566204859375 0.41813576093749993 0.950090546875 0.4081758390625 0.937177840625 0.40467037968749997 0.9269242875 0.4080932421875 0.924146196875 0.4226570734375 0.9301734749999999 0.44220835000000003