2 0.20291224687499998 0 0.2012044203125 0.017161337500000002 0.20637325781250002 0.0212615640625 0.2379501484375 0.024831109375 0.24245894687499997 0.01070738125 0.24279671249999998 0 0.20291224687499998 0
1 0.2629013515625 0 0.27242514375 0.0141925125 0.29189008125 0.02287130625 0.29486129375000003 0.027813695312499997 0.3278487390625 0.035286503125 0.36165021406250003 0.016953931250000002 0.3690801921875 0.0087273046875 0.373455140625 0 0.2629013515625 0
1 0.678533346875 0.0211157171875 0.6806794359375 0.008782834375 0.5504050703125001 0.0019554453125 0.5505650609375 0.007707839062500001 0.56530758125 0.0448591890625 0.5690658640625 0.045056153125 0.5821245828125 0.062972559375 0.600852484375 0.07544206718749999 0.6163724796875 0.0772127703125 0.641033215625 0.068931834375 0.6562299312500001 0.0563255734375 0.6718269234375 0.0360816078125 0.678533346875 0.0211157171875
1 0.7744047078125 0.51342360625 0.786229934375 0.5035126562500001 0.7969448140625001 0.4839701640625 0.80235423125 0.45266160781250003 0.8026448453125001 0.4162981109375 0.7792715218749999 0.410286490625 0.7729327078125 0.3668742171875 0.727933378125 0.36260123125 0.7262726515625 0.36347153125 0.7296537328125 0.391411440625 0.72856645625 0.40188514218750004 0.72568183125 0.4055633046875 0.7014213703125 0.4062065375 0.7002340265625 0.418589665625 0.703005103125 0.42735090624999994 0.7041019703125 0.44751242500000005 0.7079333609375 0.46685991875 0.7238997796875 0.5012034046875 0.7331136265625 0.5103022984375001 0.74482530625 0.51283075 0.754139221875 0.5200202171874999 0.7622927546875 0.5185328546875 0.7744047078125 0.51342360625
1 0.9474936484375001 0.43633466875 0.9458464015624999 0.42667499062500003 0.942338290625 0.42170446406249995 0.9417148031250001 0.41305577343750005 0.9381566578125 0.4090399609375 0.932637578125 0.411622721875 0.9334612015625 0.41645256093749994 0.927155053125 0.42378074843749997 0.9178276578125001 0.42712126093749997 0.868046284375 0.421640325 0.8657986234375 0.42343719999999996 0.8645477640625 0.44730501875 0.8670551890624999 0.4713698 0.87186030625 0.4926829953125 0.888463690625 0.52514519375 0.8993882984375 0.5324190734375 0.9225749640625001 0.531719565625 0.928731009375 0.5272555140625 0.9455153468749999 0.4946284203125 0.9474936484375001 0.43633466875
1 0.6229630312500001 0.49591353437499996 0.636562534375 0.47269288125 0.6436326796875 0.44051402343749996 0.6432497734375 0.39645655 0.5865887984375 0.38870039843750004 0.5818702703125 0.37600775625 0.5803365734375 0.3539086765625 0.5708725546875 0.3495833484375 0.5530548640624999 0.3505642328125 0.5517404906250001 0.38591674062500003 0.550612771875 0.427980378125 0.5527699562499999 0.45872814999999995 0.5608464921875 0.47925545625000004 0.573855178125 0.49812657656250003 0.5879511390625 0.50652399375 0.6056187234375 0.5084072468749999 0.6229630312500001 0.49591353437499996
1 0.352484078125 0.4281275765625 0.35709683281250004 0.370929225 0.35753755 0.3317015890625 0.3458123921875 0.3397031140625 0.33658506250000003 0.34113420156249996 0.333049990625 0.3572236296875 0.3266938078125 0.3655065296875 0.261442471875 0.357300178125 0.25660650625 0.3982121375 0.255642371875 0.4268816578125 0.26199466718750003 0.45976395625000005 0.27641390781249997 0.482538340625 0.290559903125 0.48998104531250003 0.3023716484375 0.490600071875 0.32156334062499997 0.4839471859375 0.34395334375000003 0.4573578828125 0.352484078125 0.4281275765625
1 0.5034119296874999 0.465714753125 0.5091080734375 0.439207896875 0.5111594828125 0.400064675 0.505940609375 0.3969191609375 0.41696571093749996 0.3893841796875 0.4150143703125 0.4266179765625 0.417608384375 0.4593033109375 0.4295297921875 0.488648134375 0.44767076093749997 0.5020442140625 0.4685096984375 0.5050510078125 0.4801347890625 0.4989589078125 0.487564765625 0.49073228281250003 0.5034119296874999 0.465714753125
1 0.31975614375 0.713612859375 0.33506252187499996 0.7297323921875 0.34955875625 0.7304921078125 0.36167071093750003 0.725382859375 0.37590718125 0.7002809171875 0.3165116859375 0.6933387921875 0.31094257187499996 0.6968762671875 0.31975614375 0.713612859375
1 0.50744709375 0.7071746328125 0.5060365390625 0.7032713687500001 0.49910690312500006 0.701950865625 0.44107192812499996 0.6998667171874999 0.4392110640625 0.70455586875 0.43982106875 0.7237345359375 0.44277880156249994 0.739206903125 0.45558734999999995 0.7618968749999999 0.47412859375 0.7676552546875001 0.4868775125 0.76066471875 0.49953984374999993 0.745053628125 0.5056593375 0.7310143140625 0.50744709375 0.7071746328125
1 0.58988874375 0.746916609375 0.5960351968750001 0.7118173390625 0.593550846875 0.7078577984375001 0.5660043453125 0.7054568125 0.5607269859375 0.6869908734375 0.5598302546875 0.6630105046875 0.5395282140625 0.6600318515625 0.5332220671875 0.6673600390625001 0.52968310625 0.724614665625 0.53336439375 0.7468262984375 0.5392067515625001 0.7586205015624999 0.5514418484375 0.7717070703125 0.55988210625 0.7750214109375 0.5713570921875 0.77179345 0.5850932203125 0.7562386359375 0.58988874375 0.746916609375
1 0.68743870625 0.6524661515625 0.6606438609375 0.6501045578125 0.6592428984375001 0.676836515625 0.661377009375 0.68747904375 0.660663046875 0.711375 0.6589022515625 0.714154725 0.6273253624999999 0.71058518125 0.6239538718750001 0.71328049375 0.62409049375 0.7209463328125 0.6408805359375 0.7601196609375 0.665577825 0.761413990625 0.6779399515625 0.7515311765625 0.6862570671875 0.7366497 0.6896920703125 0.722469696875 0.6904060328125 0.698573740625 0.68743870625 0.6524661515625
1 0.8177046859375 0.6631224437500001 0.8120489843750001 0.6580393640625 0.7905730796875 0.6569138609375 0.7905691921875 0.698079059375 0.7940137890625001 0.7145342765625 0.7886813671875 0.723828165625 0.762860246875 0.7234322734374999 0.7621232124999999 0.7272229875 0.7697629203125 0.74581273125 0.783558675 0.759938425 0.7963441484375 0.762523153125 0.8107537953125 0.754662315625 0.8177469437499999 0.7444981265624999 0.8257773343749999 0.7248149484375 0.8177046859375 0.6631224437500001
1 0.6845385296875001 0.8208051093750001 0.68214076875 0.8254661234375 0.68182708125 0.8417243781250001 0.68292395 0.8618858953125 0.6881658953125 0.8851366515624999 0.702612096875 0.88685108125 0.7105289375 0.8796073062499999 0.7122031453125001 0.8682070265625 0.7048906046875001 0.8228290515625 0.6845385296875001 0.8208051093750001
1 0.61431460625 0.8458448781250001 0.6100098328125 0.81498455625 0.6031302328125 0.8127093421874999 0.591218415625 0.8139997390625 0.5911279406250001 0.8465443859375 0.5980306140625 0.86892484375 0.605196940625 0.876001759375 0.6138373359375 0.8754972484374999 0.615461509375 0.8650516843749999 0.614251090625 0.85732956875 0.62002034375 0.84997324375 0.61431460625 0.8458448781250001
1 0 0.5382952703125 0.0033889062499999996 0.5352431515625 0.0199230703125 0.507389621875 0.02674304375 0.479984328125 0.0302146 0.47537959062499996 0.041656921875 0.42141116562500003 0.046943196874999996 0.371906790625 0.045832848437500004 0.36227525156249996 0.0798422375 0.2577934296875 0.07858178437499999 0.2510260265625 0.07467339687499999 0.2536932015625 0.0586491703125 0.3026348234375 0.0516695015625 0.30226903437499997 0.034105871875 0.25731115781249997 0.033009003125000005 0.237149640625 0.049960809375 0.14996323125 0.047189734375 0.141201990625 0.04284451875 0.141931603125 0.041557106249999996 0.15622415625 0.032039165625 0.194018740625 0.03128865 0.20833943124999998 0.02066995 0.26713769374999996 0.0131899390625 0.2763190328125 0.0111424171875 0.2742970578125 0 0.486907046875 0 0.5382952703125
1 0.1357599640625 0.7317327421875001 0.14481800312499998 0.671895353125 0.147619928125 0.6184314390625001 0.157374559375 0.5863932703125 0.1693037453125 0.5334076953125 0.16452170156249998 0.5321997453125 0.1541166203125 0.5766491796875 0.1489343015625 0.58307893125 0.149507753125 0.59268233125 0.146422990625 0.600179346875 0.1426146734375 0.600937096875 0.13569177968749999 0.5943516046874999 0.131853646875 0.5802691 0.13280430000000001 0.5621295578125001 0.1372495859375 0.559490521875 0.1349153390625 0.55266684375 0.135765921875 0.536436728125 0.142462753125 0.4908356171875 0.14292654375 0.4717132234375 0.13901815625 0.4743803984375 0.13763067499999998 0.49058237812499994 0.0809907046875 0.6570622875 0.0734202140625 0.698788271875 0.0713187703125 0.7388862078125 0.074713334375 0.7562961375 0.081142625 0.7671637671875 0.0899696765625 0.7733703828125 0.10119449218750001 0.7749159859375 0.11961259375 0.7624785484375 0.128953471875 0.748608059375 0.1357599640625 0.7317327421875001
1 0.15371998125 0.8102181171874999 0.1537334625 0.7996881390625 0.150075246875 0.7975817515625 0.14552989375 0.8021302125 0.145366309375 0.8155243296875 0.14253171874999998 0.8182477796875001 0.12120591875 0.8142581375000001 0.11532311875000001 0.8340538656250001 0.11172453125 0.8616279859375 0.1047544546875 0.8918974171875 0.101492628125 0.9233185265625 0.109905925 0.947692821875 0.1268865109375 0.952412075 0.1342164203125 0.946094875 0.14928429062499998 0.843492375 0.15097197812500002 0.8215621203125 0.14912459375 0.81572129375 0.15371998125 0.8102181171874999
8 0.7568797015625 0.3239101765625 0.7512971078125 0.3379776296875 0.7507967640625 0.3475247578125 0.75620229375 0.35738139687500003 0.7615712703125 0.3576627734375 0.7672404515625 0.3522158734375 0.77287308125 0.3371937078125 0.7697286890624999 0.315010215625 0.7643096796875 0.31568355000000003 0.7568797015625 0.3239101765625
8 0.92753614375 0.35487260468750004 0.9281596296875 0.3635212953125 0.932154603125 0.369474671875 0.9441664875000001 0.36627485000000004 0.9548313328125 0.347687071875 0.9535843609375 0.3303896921875 0.946117828125 0.3290410515625 0.936490225 0.338109840625 0.92753614375 0.35487260468750004
8 0.8296069078125001 0.6311968234374999 0.8313311499999999 0.6188418343750001 0.8299706296875 0.61398385625 0.8206432328125001 0.6173243687500001 0.8164846750000001 0.62476510625 0.8166212984375001 0.632430946875 0.8296069078125001 0.6311968234374999
8 0.68147320625 0.62247613125 0.6819465890624999 0.633988959375 0.6833071109375 0.638846934375 0.6902867781250001 0.6392127234375 0.690500396875 0.6248638953125 0.6940720218750001 0.61834973125 0.6899269453125 0.6152604921875 0.6844579000000001 0.6168885421875 0.68147320625 0.62247613125
8 0.52958121875 0.6135584734374999 0.5296177734375 0.6231337390625 0.5331258859375 0.628104265625 0.5385949296875 0.6264762171875 0.5433904546874999 0.6171541890625 0.5440409015625 0.6047429234374999 0.53877199375 0.6025521234375 0.5320790515625 0.606988034375 0.52958121875 0.6135584734374999
2 0.40069011093749995 0 0.3988962859375 0.015076575 0.397131603125 0.059021500000000005 0.40579507187499997 0.0786222296875 0.4267975921875 0.06823490625 0.4349376453125 0.0772775234375 0.437608653125 0.0879481890625 0.444488253125 0.090223403125 0.4451117390625 0.09887209375 0.45833404218749996 0.103394384375 0.46615081406250003 0.09806003437500001 0.46280628593750006 0.0796953921875 0.47204709375 0.06773432812499999 0.471323540625 0.060995062499999995 0.4454855140625 0 0.40069011093749995 0
2 0.7602270734375 0.012951750000000001 0.7588178140624999 0.030109921875 0.760788340625 0.05414656718750001 0.761948725 0.0628233953125 0.7672676671875001 0.0640594828125 0.799631625 0.0628836015625 0.8031166624999999 0.0477488859375 0.800395621875 0.038032932812499996 0.8009594796874999 0.0170011140625 0.8003436859375 0.015054171875 0.7602270734375 0.012951750000000001
2 0.773856653125 0.10269819531249999 0.7839076046875 0.10609694843749999 0.7960330375 0.090457721875 0.7976572109375 0.08001215625 0.793512134375 0.076922915625 0.7761813078124999 0.078886653125 0.7693882953125 0.0852319890625 0.773856653125 0.10269819531249999
8 0.30600265000000004 0.7808628515625 0.3068262734375 0.785692690625 0.312632078125 0.7879116296875 0.3172274640625 0.7824084546875001 0.31875156875 0.7738723140625 0.3125589703125 0.7687610984375 0.30630285625 0.7751345749999999 0.30600265000000004 0.7808628515625
7 0.374140428125 0.898356659375 0.3580335 0.89751253125 0.35456194218750003 0.90211726875 0.351003796875 0.898101453125 0.34328709375 0.901526378125 0.340315878125 0.8965839890625 0.3275304046875 0.8939992609375 0.310049475 0.8988271328125 0.3112694859375 0.9371844703125 0.3152644609375 0.9431378468749999 0.31676160468750003 0.9556616640625 0.3209066828125 0.9587509031250001 0.36927750000000004 0.9603285734375 0.3709882625 0.9585035625 0.3756010171875 0.901305209375 0.374140428125 0.898356659375
7 0.44805134375 0.967328940625 0.45125354375000004 0.906227325 0.40220920624999995 0.8969556750000001 0.3940556734375 0.8984430375000001 0.3911575671875 0.9126511781250001 0.3886058140625 0.9613415281250001 0.44805134375 0.967328940625
7 0.47883545937500005 0.90384349375 0.4752638328125 0.9103576562500001 0.468670959375 0.9128841421875 0.4692809640625 0.9320628109375001 0.4752099109375 0.9524775671875 0.475433121875 0.9687639593749999 0.5321941640625 0.9746106843750001 0.53400499375 0.9708762453125 0.5357331234375 0.91735605625 0.5323751156250001 0.9095213921875 0.47883545937500005 0.90384349375
7 0.612659584375 0.918515596875 0.5846908749999999 0.9180071546875 0.5597068593750001 0.911911121875 0.5507162234375 0.9190986234375 0.5503024671875 0.9372663031249999 0.557255175 0.9586920484375 0.5575784546875 0.9730690140625 0.559625975 0.9750909890624999 0.615950190625 0.9790001515625001 0.6163774265625 0.9503024953124999 0.6146070359375 0.9224469984375 0.612659584375 0.918515596875
7 0.63623304375 0.9207083656249999 0.6328615546874999 0.9234036781249999 0.6363427046875 0.9494341593750001 0.63631574375 0.970494115625 0.6394736156249999 0.9821476328125 0.692039546875 0.9858598296875 0.6959479328125 0.98319265625 0.6913333609375 0.9274253890624999 0.68670141875 0.9233532999999999 0.675276465625 0.9256265484374999 0.63623304375 0.9207083656249999
7 0.6819040765625 0.8197097093749999 0.6818675234375 0.81013444375 0.6792831031250001 0.8080843312500001 0.66097855 0.8080823640625001 0.6489166328125 0.8122369015625001 0.640189646875 0.804120859375 0.6276908999999999 0.8063378312499999 0.6210114359375 0.8002437671875 0.613981734375 0.800832690625 0.6105101765625001 0.8054374281250001 0.6096826656250001 0.8417727875000001 0.61371419375 0.85730143125 0.6092554296875 0.870470446875 0.6143241984375 0.8764800984375001 0.6829970578125 0.8810364265624999 0.6863685453125 0.8783411140625 0.6776954843749999 0.8281051609375 0.6819040765625 0.8197097093749999
7 0.7771350890625001 0.820871215625 0.753751359375 0.8167737203125001 0.7501670671875 0.8012685171875 0.7525648296874999 0.7966075046875 0.75194134375 0.7879588125 0.740129596875 0.7873397859375 0.73966580625 0.8064621781250001 0.733846521875 0.8147732171875001 0.707101709375 0.8114569109374999 0.705914365625 0.8238400406249999 0.711679728125 0.8576489125 0.7127265625 0.8787651437499999 0.7151608781250001 0.8836793953125 0.763331559375 0.8890759171875 0.7839338062500001 0.886326296875 0.7840473546875 0.87388689375 0.7771350890625001 0.820871215625
7 0.5612657 0.7999846296875 0.5583310406249999 0.80461750625 0.5529620656249999 0.80433613125 0.5435480796875 0.7990560890625 0.5386159328125 0.8007122765625001 0.5301891546874999 0.7868679578125 0.52648090625 0.78571628125 0.5134182984375 0.8089650734375 0.5080493234375 0.808683696875 0.5045007703125 0.8353031046874999 0.5101795453125 0.8604914234375001 0.5150982109375 0.869365215625 0.5248989921875 0.87753753125 0.5924615 0.87246231875 0.5902081359375 0.8024587750000001 0.5881606140625 0.8004367984374999 0.5612657 0.7999846296875
7 0.41087085781250005 0.8035907890624999 0.40909269375 0.858065690625 0.416895984375 0.8632613203125 0.48352132187499997 0.8657956703125 0.48748363125000005 0.8210085843750001 0.4852494515625 0.81227548125 0.48561317343750005 0.795062515625 0.4149928625 0.7865747859375001 0.41087085781250005 0.8035907890624999
7 0.3630926765625 0.8728869625 0.3852690609375 0.8606464875000001 0.388103653125 0.8579230375 0.3913154453125 0.8274566421875 0.39165609218749997 0.7901384328125001 0.3768230984375 0.7855317281249999 0.359392203125 0.7894048890625001 0.347830628125 0.7840122984375 0.31996198593749997 0.781594428125 0.31726401718749997 0.79198371875 0.31325556250000003 0.79656031875 0.3109443890625 0.8098418859375001 0.31096746249999996 0.8299471281249999 0.308169425 0.84224584375 0.31035356875 0.851933659375 0.316496134375 0.8579995859375 0.3335267546875 0.861764128125 0.3401061484375 0.8697676187500001 0.344938228125 0.8700208578125 0.34797295625 0.8634785578124999 0.35236820468749996 0.86179423125 0.3630926765625 0.8728869625
7 0.36216923749999996 0.6028701140625 0.346012275 0.602980696875 0.3425407171875 0.6075854359374999 0.336097946875 0.6072477859375 0.323025746875 0.5998613546875 0.28973809687499996 0.5981168234375 0.2806800578125 0.6579542125 0.2791289921875 0.6875503078125 0.313140196875 0.6960341046875 0.3245651484375 0.6937608562500001 0.37713108125 0.6974730546875 0.380065740625 0.692840178125 0.384251259375 0.664339484375 0.3861795265625 0.6070004453125 0.36216923749999996 0.6028701140625
7 0.5094292828125 0.60771568125 0.41971735 0.6039714125 0.417369621875 0.6076777124999999 0.41621883125 0.62963610625 0.414408 0.6333705453125 0.4119928703125 0.689726734375 0.420283025 0.6959052125 0.4352661234375 0.697647778125 0.50833423125 0.7005197812499999 0.5118057890625 0.69591504375 0.5146077140624999 0.642451128125 0.5141112578125 0.6108330578125 0.5094292828125 0.60771568125
7 0.6598298312499999 0.675909940625 0.6620043828125 0.6549625359375 0.656798990625 0.64128704375 0.6567258828125 0.6221365125 0.616708734375 0.615252628125 0.6186465937500001 0.588548809375 0.6184233828125001 0.5722624171875 0.616525965625 0.567376303125 0.6138414765625 0.567235615625 0.6058110859375 0.58691879375 0.6091690953125 0.594753459375 0.607931715625 0.6080913 0.59571969375 0.615109975 0.562968940625 0.61339358125 0.5606904312500001 0.6774156109375 0.5603767453125 0.6936738640625 0.56417158125 0.7034460921875 0.649875059375 0.7117669609374999 0.6595892515624999 0.711318725 0.66311084375 0.705759275 0.6625008375 0.68658060625 0.6598298312499999 0.675909940625
7 0.7942639609375 0.7097607140625 0.792079815625 0.700072896875 0.7903729421875 0.6607327125 0.7851945125 0.6259972640625 0.760497221875 0.6247029328125 0.7536176218749999 0.62242771875 0.7485988859375 0.615463353125 0.75045975 0.610774203125 0.7490992296875 0.6059162265625 0.7582900046875001 0.594909875 0.752210953125 0.5773592578125 0.746455184375 0.5741856046875 0.7380514796875 0.58044653125 0.7344433 0.5773854296875001 0.730871671875 0.5838995921875 0.7358769281249999 0.6013939359375 0.7349262750000001 0.6195334781249999 0.732578546875 0.6232397781250001 0.7083681203125 0.6229282984375 0.688703046875 0.6180683546875 0.684307796875 0.6197526812499999 0.68365735 0.632163946875 0.685854975 0.6313217843750001 0.6896498125 0.6410940125 0.6920032453125 0.7091881296875 0.6948243546875 0.716994659375 0.7618364875 0.722421284375 0.7926397875 0.720206278125 0.7942639609375 0.7097607140625
7 0.871771646875 0.638193259375 0.8348758171874999 0.633387625 0.8176585390625 0.6229119562500001 0.8162710578124999 0.6391139359375 0.8183916859375 0.6602864421875 0.8247170203125 0.7142286953125 0.8284618234375 0.7249556375 0.9224189031250001 0.72987971875 0.9296487453125 0.72547194375 0.915160284375 0.6423818296875 0.910678446875 0.635445603125 0.871771646875 0.638193259375
7 0.9262448421875 0.4103303578125 0.9215128328125 0.40816769375 0.9135036968750001 0.3349904984375 0.9071514031250001 0.3021082 0.8890970218750001 0.2973326703125 0.7728904484375 0.28549853125 0.769418890625 0.2901032703125 0.770115484375 0.317902490625 0.7771008593750001 0.3900686984375 0.7800585921875001 0.40554106562500003 0.7836167374999999 0.40955688125 0.915293271875 0.424116434375 0.9234968390624999 0.42167435937500003 0.9259446359375 0.416058634375 0.9262448421875 0.4103303578125
7 1 0.309980871875 0.9554721875000001 0.304640584375 0.9509268343749999 0.3091890484375 0.9506766624999999 0.3139626109375 0.9548448125 0.33715709375 0.954094296875 0.351477784375 0.961283696875 0.37865994375 0.9687328609374999 0.43170375937500005 1 0.4366014546875 1 0.309980871875
7 0.7279064171875 0.3836611875 0.718573315625 0.3152012796875 0.71571565 0.29781948593749996 0.7121074703125 0.294758384375 0.58150473125 0.28025510625 0.5797804906249999 0.292610096875 0.5806868140625 0.3472256875 0.5822070296875 0.37985474531249996 0.5866388328125 0.38774568593750003 0.6676103015625 0.393903890625 0.7112856640625 0.40289416562499997 0.7241712078125 0.40356946718750003 0.72779286875 0.396100590625 0.7279064171875 0.3836611875
7 0.392280084375 0.26459425312499996 0.38335866875 0.33209748125 0.38090698437500004 0.3788784078125 0.4165288828125 0.3874466171875 0.50969889375 0.39711612343749997 0.523808334375 0.3949835640625 0.5266929593749999 0.39130539999999997 0.526993165625 0.3855771234375 0.5292755625 0.280389896875 0.392280084375 0.26459425312499996
7 0.20122153593749997 0.23256259531249998 0.1940648015625 0.2561209 0.179187478125 0.324269328125 0.17721306406249998 0.3413978828125 0.19677806874999998 0.3481672515625 0.3294783640625 0.3637377921875 0.3324130234375 0.3591049171875 0.336348371875 0.3353777859375 0.3448964734375 0.254452303125 0.3333348984375 0.24905971249999997 0.20122153593749997 0.23256259531249998
7 0 0.7205462421875 0.036197217187500005 0.7207708703125 0.0392319453125 0.7142285687500001 0.05813120625 0.6309735625 0.0163532609375 0.6268694046875 0.012408321875 0.6199613140625 0.013395528125 0.6113970359375 0.0195150203125 0.597357721875 0.0198152265625 0.5916294453125001 0.0249975453125 0.5851996953125 0.024023818750000002 0.5832339921874999 0 0.5791641875 0 0.7205462421875