7 0.395408840625 0.32727226875 0.400378203125 0.360074375 0.402850809375 0.4006992484375 0.40795466718749995 0.4137311578125 0.419196953125 0.4101687703125 0.4261699296875 0.40151356875 0.490668234375 0.353339925 0.49420644999999996 0.347531015625 0.49434094687499996 0.32776081874999996 0.48903364375 0.177286303125 0.4381329890625 0.20220491875 0.4247043203125 0.20470221249999998 0.38896695625 0.22520661875 0.39157061406250004 0.23024126250000002 0.390011865625 0.24304050937500002 0.395408840625 0.32727226875
7 0.261525628125 0.45212250625 0.26576389843750003 0.47402289218749993 0.26830547656250003 0.512672684375 0.2720540546875 0.5167585671875 0.3214269984375 0.4878316265625 0.3925844625 0.4240706109375 0.40351293125 0.41357605 0.4024335359375 0.3967296984375 0.38730130625000003 0.225148453125 0.2589909640625 0.28592490000000004 0.25670112343749996 0.2878224265625 0.2564597234375 0.29473520937500003 0.2494867484375 0.3033904078125 0.25908406093749997 0.3946900578125 0.261525628125 0.45212250625
7 0.020382075 0.4170054828125 0.026848104687500002 0.4706234921875 0.0371282390625 0.5105322671875 0.0503085921875 0.6424955671875 0.06170260625 0.6982631546875 0.08612871250000001 0.6832962171875 0.09889526093749999 0.667922121875 0.11926241875000002 0.65775716875 0.2613704328125 0.5361603796875001 0.2654638671875 0.5303708578124999 0.26611909375 0.5116075906249999 0.2502868109375 0.31231705 0.24677963281249998 0.30131838437499997 0.22547446875000002 0.3065068609375 0.10087821875 0.3723567296875 0.038214546875 0.3998308046875 0.027389535937499997 0.40736274375 0.020382075 0.4170054828125
7 0 0.7516357484375 0.0341210703125 0.7239960890625 0.0578160859375 0.698127434375 0.0413458078125 0.5967003281250001 0.03633506875 0.53324569375 0.026644637500000002 0.49236876875 0.017374928125 0.47128142500000003 0.0097639765625 0.41861218125 0.0028699375 0.409088221875 0 0.49127247343749997 0 0.7516357484375
7 0.01396086875 0.4098600390625 0.1536859234375 0.34058350000000004 0.18994401875 0.32108602343750003 0.19171312812500002 0.3181815671875 0.19170968125 0.3023615328125 0.1899716125 0.2884584140625 0.186119578125 0.287335153125 0.0047748703125 0.3545380671875 0.0030074 0.40515177812500003 0.01396086875 0.4098600390625
7 0.927510315625 0.3241012796875 0.922723721875 0.333821575 0.9243928203125 0.349699775 0.9192027375 0.4187306546875 0.9202855781249999 0.451397040625 0.9238927671875 0.44361305 0.9350902265625001 0.3935780984375 0.9402147843750001 0.34234233281250004 0.9585783484375 0.21444680312500003 0.9594060046875 0.19074583437499998 0.9549642687500001 0.1905907265625 0.9491017265625 0.1992847015625 0.9314175359375 0.2599693234375 0.9329452437500001 0.26397765 0.9319106734375 0.2936038609375 0.9254618750000001 0.31908602343750003 0.927510315625 0.3241012796875
7 0.8126818484375 1 0.8247709375 0.8465256734375 0.8270469921875 0.7813480109375 0.842555159375 0.6078705171875 0.8416861250000001 0.6009189578125 0.8299231078125 0.6034744171875001 0.8191739625000001 0.64067134375 0.81921189375 0.6555038375 0.8147736046875 0.6711687640624999 0.7967514484375 0.7733688546875 0.7918613984375 0.7860517703125 0.785102228125 0.8204217968749999 0.7747772484375 0.8932283406250001 0.7688836671875 0.9187298921875 0.758744825 1 0.8126818484375 1
7 0.8466383734375 1 0.8485693875000001 0.976882278125 0.8493625578125 0.95416885 0.847486546875 0.944215890625 0.8508385484375 0.880064546875 0.853783615625 0.8594037546875001 0.859139234375 0.7537951031250001 0.8639947984375 0.742099728125 0.863574078125 0.72231014375 0.8609704203125 0.7172754984374999 0.8614877062499999 0.7024623937500001 0.8640879171875 0.6916770046875 0.8711643499999999 0.6800591828125 0.8785270296875 0.5488132609374999 0.8818548875 0.5331095578125 0.8863655953125 0.5312895859375 0.8877519140624999 0.5234280421874999 0.88622420625 0.5194197140625 0.8863862953125 0.4670219109375 0.8925419765625 0.37033989843750004 0.8859483421875 0.3681321546875 0.8647293812499999 0.45044572031249996 0.8605324890625001 0.45919786250000005 0.8393893921875 0.571176415625 0.81369071875 0.9568781390625001 0.8163978328124999 0.9589501625000001 0.8250364625 0.9503531296875 0.8265986546875 0.9533739171875 0.8261503421875 0.9662119406249999 0.8288229703125 0.9692715046875 0.8294506046875 0.983135846875 0.8315335312500001 0.9871635624999999 0.8315559140625 1 0.8466383734375 1
7 0.9241100421875 0.325960028125 0.9274758296875 0.3250888203125 0.930179496875 0.31134080937499997 0.9337453078125 0.2729042921875 0.9277413749999999 0.26972839375 0.924723890625 0.27654423437500003 0.925941228125 0.289440425 0.923134103125 0.30615105625 0.92431695625 0.3200347875 0.9225133609375 0.3239267828125 0.9241100421875 0.325960028125
7 0.924644559375 0.3902470953125 0.925085978125 0.3457690015625 0.9273034015625001 0.3300265203125 0.9182095671875 0.3198215125 0.9165025375000001 0.28911081875 0.9123022000000001 0.2820429265625 0.9104606734375 0.27110242812499996 0.906574153125 0.2709667078125 0.8883416375 0.36327200937500004 0.905174028125 0.374736 0.9047946859374999 0.3855989421875 0.912433228125 0.40564057968749995 0.9097640468750001 0.41840104843750003 0.9135126234375001 0.42248693125000003 0.9085880875000001 0.43615738750000005 0.904598109375 0.4389842875 0.9007633078125 0.516961196875 0.9027462234374999 0.53977156875 0.90757075 0.5448837671875 0.9254411546875 0.54254158125 0.9351522843750001 0.5191508312499999 0.9356695703125 0.504337725 0.9404216765625 0.495604971875 0.940869990625 0.482766946875 0.9327486484374999 0.47655087500000004 0.9211235734375001 0.47515617499999996 0.9163680203125001 0.4680688953125 0.920420075 0.43162684531249995 0.9181957593750001 0.41572925625 0.9197889937499999 0.40194246875 0.924644559375 0.3902470953125
8 0.43440506875 0.45222712343750004 0.42964951406249996 0.4451398421875 0.4202453078125 0.44382269531249996 0.4070270015625 0.45621478125000003 0.411713584375 0.46527714375 0.429377075 0.46886020000000006 0.433991240625 0.46407760781249996 0.43440506875 0.45222712343750004
8 0.32349611875 0.5877670859374999 0.3304346078125 0.5800994265625 0.33136916875 0.569255871875 0.32928624375000004 0.56522815625 0.3200889515625 0.5579857671874999 0.3123159109375 0.5577143265625 0.29586975781249997 0.5670274609375 0.290458975 0.578703446875 0.29247293124999996 0.58470624375 0.29792164374999996 0.58786275 0.32349611875 0.5877670859374999
8 0.1436160875 0.788133159375 0.15208573281249999 0.8002938625 0.1674248984375 0.8067619859375 0.1805397484375 0.7973325203125 0.1825468109375 0.7716952484374999 0.180601828125 0.763717371875 0.17581178749999998 0.75761763125 0.1625555484375 0.755177225 0.15072355937499998 0.7597077640625 0.1403158234375 0.7712092546875 0.14017788125 0.7751594171875 0.1436160875 0.788133159375
5 0.291845253125 0.8892176640624999 0.301214971875 0.8915223515624999 0.334934934375 0.8491951156249999 0.415103475 0.7343340546875 0.4204108 0.7256206890625 0.418917578125 0.7206248203125 0.39174297812500003 0.7028672046875 0.3785557109375 0.6984517171875 0.25754939375 0.8366053062500001 0.248183121875 0.8501206531250001 0.2480451796875 0.854070815625 0.2548491734375 0.8661733500000001 0.291845253125 0.8892176640624999
5 0.2323197546875 0.98601345 0.2364821609375 0.9782488468749999 0.23689598906249998 0.9663983625 0.1953857546875 0.9293539875000001 0.18986806875 0.9281725609375 0.18400208125 0.9210465031249999 0.178970640625 0.9218595453124999 0.12628592968750002 0.9872543890625 0.22875433437499998 0.9908326640625 0.2323197546875 0.98601345
8 0.8704849765624999 0.7472700921875 0.892904021875 0.7579404296875001 0.903453146875 0.7583088140625 0.9110503109374999 0.7476979218750001 0.9114986249999999 0.734859896875 0.8999735624999999 0.7146825406249999 0.8858482890625 0.7052905734375 0.8613842484375 0.7054250140625 0.861491153125 0.718282428125 0.8680503015625 0.7214777125 0.8656604515625 0.74215789375 0.8704849765624999 0.7472700921875
8 0.9014805499999999 0.942146425 0.9095329218750001 0.950337578125 0.930286315625 0.960949746875 0.9522880859375 0.9676505343749999 0.9667582187500001 0.9671670984375 0.9749450859375 0.9555880546875001 0.9760520734375 0.9398067984375 0.9651511984375001 0.9176737484374999 0.9429390671875 0.9010781703124999 0.9118469078125001 0.8999924078125 0.9005011656249999 0.90651741875 0.8980733828125 0.91236510625 0.8971043390625001 0.9241962015625 0.9014805499999999 0.942146425
0 0.6347487796875 0.5254691671875 0.6246652 0.5913629296875 0.5973526578125 0.577555475 0.566815715625 0.5764891015625 0.5531801328125 0.5849116390625 0.5335785515625 0.6049907734375 0.5253571984375001 0.6175573562500001 0.5221672859375001 0.6293108984375 0.5230742515625 0.6510949515625 0.526409 0.6670313171875 0.5237053328125 0.6807793265625001 0.571522978125 0.6804716671875 0.6204545015625 0.69602281875 0.6289551875 0.6913759453125 0.6304449640625001 0.6805517796875 0.6277723359375 0.677492215625 0.6289138078125001 0.66072341875 0.636786859375 0.6422122031249999 0.6485016046875 0.577364146875 0.6632062421875 0.538327859375 0.67676940625 0.5160603703125 0.6795454921874999 0.5161573140625 0.6865564 0.52233460625 0.68742888125 0.5451062015625 0.6924948078125001 0.5433056171875 0.696615834375 0.5048884874999999 0.6973710718749999 0.467342565625 0.6947294828125 0.4474754265625 0.690494659375 0.4413950765625 0.6833458078125 0.4391679421875 0.6742899062500001 0.44379542812499995 0.664127015625 0.4642041671875 0.6526778171875 0.4736918 0.6347487796875 0.5254691671875
0 0.64718425625 0.5832506109375 0.6410527218750001 0.6314849796875001 0.6366489171875 0.646162365625 0.629537996875 0.6587677249999999 0.628951740625 0.6755559125 0.6326658328125 0.6806293328125 0.6323209765625 0.6905047375 0.628020628125 0.7022195 0.5626050171875 0.6811489890625 0.5347751890625 0.6821546390625 0.5187463125 0.6954373234375 0.49502025625 0.7381135546875 0.4900267484375 0.753759090625 0.490868190625 0.793338259375 0.49517543125 0.8132635625000001 0.532861225 0.8165570687500001 0.601956440625 0.8436885421874999 0.6120193203125 0.8420624578125 0.621454565625 0.8265720296874999 0.6277654203125 0.8050400265625001 0.6432597828125 0.727470278125 0.6660754234375 0.6471899609375 0.67270354375 0.648410165625 0.6784281437499999 0.6436663484375 0.674679565625 0.6395804671875001 0.6787005828125 0.6199459921875 0.6820663703125 0.619074784375 0.681714621875 0.5973101187500001 0.6837251296875 0.58749288125 0.6865357000000001 0.5866022828124999 0.689439390625 0.5352889625 0.6847183218749999 0.5272141421875001 0.6834664984375001 0.51530549375 0.6773935953125 0.514104678125 0.6680618078125 0.526632484375 0.6647684359375 0.5413486453125 0.6540503296875 0.5617379984374999 0.64718425625 0.5832506109375
1 0.648788721875 1 0.648280840625 0.9975728953124999 0.64761871875 0.9846960953125 0.679562703125 0.7544453640625 0.6849183203125 0.6488367140625 0.6755830875 0.6455444859374999 0.6638200703125 0.648099946875 0.6595921406249999 0.6736596625 0.6572678140625 0.67654473125 0.6582058203125001 0.6815212093749999 0.6515121749999999 0.6980961203125 0.643156325 0.7304329 0.6347694359375 0.7795772546874999 0.6255790375 0.8039749328125 0.6293965874999999 0.8060857328125 0.6253410859375 0.82670775 0.6202441203125 0.84531590625 0.615005765625 0.8520541921874999 0.6079948578125001 0.8458768984375 0.5222776125 0.8171762265625 0.4965996828125 0.8202345125000001 0.477101559375 0.837351025 0.44453340937499997 0.910369565625 0.4414469515625 0.9191604859375 0.4420745859375 0.933024828125 0.43891915781249996 0.9437908281249999 0.4403158171875 0.9833893859374999 0.445855446875 0.998414003125 0.4912724546875 1 0.648788721875 1
1 0.3464392984375 0.9336401484374999 0.3407146984375 0.9383839640625 0.32191318125 0.9673897390624999 0.314045996875 0.993811115625 0.36964521562499997 0.9957526828125 0.36157154999999996 0.9460335140625 0.3541433671875 0.9358866703125001 0.3464392984375 0.9336401484374999
1 0.6441805781250001 0.49415870625 0.6347142953125 0.5264567078125 0.6246996859375 0.590375390625 0.59568700625 0.577497309375 0.5684813671875 0.5765472671875 0.5480107515625 0.5896748421875 0.53298885 0.605958925 0.5265366046875 0.615621053125 0.5227569875 0.628342746875 0.5224845499999999 0.6520631031249999 0.5251606234375 0.6709427015625 0.523150115625 0.6807599390625 0.563818909375 0.6782251453125 0.6088984 0.6926530359374999 0.621078690625 0.6940671265625 0.629024159375 0.6894008656249999 0.629889746875 0.680532390625 0.6272171171875 0.6774728265625 0.62918969375 0.6528230953125 0.6373420765625 0.642231590625 0.6472877125000001 0.580287990625 0.6529398953125 0.561699221875 0.6630338124999999 0.5432655625 0.6675065890625 0.5266130953125 0.6790247593750001 0.5151503843749999 0.6850286921875 0.5183262796875 0.68742888125 0.5451062015625 0.69228789375 0.5492308593749999 0.6966503203125 0.503900946875 0.6973021015625 0.4693176453125 0.6947294828125 0.4474754265625 0.690494659375 0.4413950765625 0.6833458078125 0.4391679421875 0.6748451234374999 0.44381481562499997 0.66409253125 0.46519170781249997 0.65326751875 0.47272364843750003 0.6441805781250001 0.49415870625
1 0.6398733156249999 0.6334212828125 0.629017265625 0.6577607953125 0.6272860890625 0.675497746875 0.6294759187500001 0.6923828750000001 0.627082621875 0.697243021875 0.6197613421875 0.6999535906250001 0.5918246109374999 0.688101828125 0.55708733125 0.6799675625 0.5403963328125 0.6803734453125 0.5256848015625 0.6877696640625001 0.511080175 0.7080232953125 0.491899315625 0.747892015625 0.49079577343749997 0.77949330625 0.495765134375 0.8122954109375 0.5317852765625 0.8155307515624999 0.6036220921875 0.8437467078124999 0.6125745375 0.8420818453125 0.6208993484375 0.826552640625 0.6241582328125 0.81282401875 0.6234616265625 0.8009347578125 0.6298793859375 0.7922601703125001 0.6296345390625 0.7833529171875 0.63553156875 0.7736714 0.6459289640625 0.7147098078125 0.6525536375 0.700109978125 0.666665128125 0.646221809375 0.6806490125 0.6437439031250001 0.691177459375 0.5491920828125 0.6923499718749999 0.5156157109375 0.6901635890625 0.5145506171875 0.6808283546875 0.5112583875000001 0.6721897265625 0.519855421875 0.6669168875 0.527581246875 0.6630338124999999 0.5432655625 0.65103284375 0.5685538375 0.6472187421875 0.5822630703125 0.6398733156249999 0.6334212828125