7 0.49416516406250005 0.3270281671875 0.49340323750000004 0.456308315625 0.5425323484375 0.5513817296875 0.5436696578125 0.562810146875 0.5014818453125 0.5899118234375 0.49797373437500003 0.5948823515624999 0.497887146875 0.603502903125 0.510139609375 0.6421115109375 0.5389627906250001 0.6989983843750001 0.545555665625 0.7015248703125 0.5669315 0.698489940625 0.6062116140625 0.6878153421875 0.6193107734375001 0.7014888703125 0.6265040625 0.7154719093749999 0.6335337640625001 0.71606083125 0.6380656359375 0.7100793171875 0.640272853125 0.680286259375 0.6684647734375 0.6634914234375 0.6654666 0.647373859375 0.6666269828125 0.6386970296875 0.6749671734375 0.633473265625 0.685755159375 0.6338652265625 0.6893133046875 0.6298494109375 0.6704718546875 0.6298795140625 0.6581097296875 0.619996703125 0.649842646875 0.6060699359374999 0.6474314046874999 0.590878946875 0.6489150671874999 0.5678251515625 0.651349384375 0.5629109015625 0.65347960625 0.5111031734375 0.66631304375 0.3553423421875 0.6662360484375001 0.3333276734375 0.656795103125 0.3175477578125 0.630346609375 0.285427140625 0.617984484375 0.2755443296875 0.5166993109375 0.1611855921875 0.5087824703125 0.1539418171875 0.500779040625 0.1553185953125 0.49416516406250005 0.3270281671875
7 0.3729860015625 0.305616184375 0.37221241250000003 0.3114007359375 0.3826906015625 0.336699640625 0.39198144375 0.3496154171875 0.4572828140625 0.342363778125 0.4764109890625 0.3375319734375 0.47733468125 0.334611559375 0.4758971640625 0.31745486875 0.47163853749999995 0.3081047046875 0.467393390625 0.3092845171875 0.46068696875 0.2943186265625 0.451946503125 0.2919046890625 0.4461272171875 0.2835936515625 0.451020740625 0.1406942875 0.45035292499999996 0.07658784375 0.38104880625000004 0.0074624640625 0.3729453078125 0.0069298171874999995 0.3713675328125 0.22337020000000002 0.40203810000000006 0.2744162453125 0.40273858125000006 0.287782225 0.3806391921875 0.29755641875 0.3729860015625 0.305616184375
7 0.747359584375 0 0.7460585421875 0.19224545625 0.7465588859375 0.201792584375 0.7513544125 0.2111146109375 0.7817478453125 0.2363271375 0.802450159375 0.240986184375 0.8098301031249999 0.24825809843750002 0.842330684375 0.2417681390625 0.8501840125 0.23752722343750002 0.8497837374999999 0.22988952187499997 0.8199637546874999 0.19507359375 0.8266614953125 0.1841918953125 0.880069325 0.17086222499999998 0.884701265625 0.1667901359375 0.8859943843750001 0.1092822703125 0.8894255 0.082297075 0.8896813781249999 0.01527021875 0.8905562078125 0 0.747359584375 0
7 1 0.7047042671875 0.97829513125 0.67884595625 0.9710652890624999 0.67443818125 0.9234006593749999 0.6175814125 0.9139231578125001 0.6113767625000001 0.910101359375 0.6000890359375 0.9002235859375001 0.586246684375 0.8839530734375 0.5736966953125 0.8813186203125 0.574792096875 0.8761363015624999 0.568362346875 0.86179016875 0.5719862 0.8572717781250001 0.58849769375 0.8522068953125 0.6356725437499999 0.8277618468749999 0.7958712546875 0.8032848796875 0.9847916859374999 1 0.9744822828125 1 0.7047042671875
5 0.8526434703125 0.366638546875 0.8455271796874999 0.37467017343750003 0.8517967750000001 0.391573628125 0.88909676875 0.43557089531250004 0.9527239296875001 0.416918978125 0.9954974390625001 0.40099305625000004 0.9914593703125 0.323942121875 0.989848678125 0.324026534375 0.8526434703125 0.366638546875
8 0.84523475 0.4512722953125 0.8509404843749999 0.44714392968750005 0.8532246984375 0.439365540625 0.8518872500000001 0.424118275 0.8442071 0.41111808437499997 0.8281367265625 0.4023869484375 0.8124165937500001 0.4003388 0.8010551546875 0.40955024375000004 0.8073747843750001 0.427408409375 0.8371312515625 0.45073964687499996 0.84523475 0.4512722953125
4 0.5559892890625 0 0.555457825 0.0481034921875 0.5570819984375001 0.058549056249999995 0.5631514546874999 0.071633659375 0.5791217609375 0.078455371875 0.5974263140625 0.07845340468749999 0.6068402984375 0.0731733640625 0.6107352046875001 0.0653105609375 0.613542834375 0.0469740546875 0.61355754375 0 0.5559892890625 0
1 0.0897345015625 1 0.084634125 0.9774598343750001 0.0769905296875 0.9548843781249999 0.0643743453125 0.8990628046875001 0.056093781249999995 0.8746060609375 0.055693506250000004 0.8669683593749999 0.0670049109375 0.8568022046875001 0.0723873671875 0.86705080625 0.0791668984375 0.8628661671875 0.065090125 0.8099931421875001 0.07476387343749999 0.77885144375 0.077134675 0.762452503125 0.0767305125 0.7136496015625 0.06415088125 0.6482527625000001 0.05367269375 0.62295385625 0.040960328125 0.6063880546875 0.0331435546875 0.6010537046875 0.017523490625 0.6009149828125 0.0048203515625 0.6050707578125001 0.02293560625 0.9507304109374999 0.053576765625 0.9293060640625 0.059882915625 0.936634253125 0.06311778125 0.9469954046875 0.076538775 1 0.0897345015625 1
2 0.337749334375 0.6913541703125 0.340233684375 0.68739463125 0.3370084109375 0.646398259375 0.3277406421875 0.6133772390625001 0.3231048125 0.5762841296875 0.3083545171875 0.5311050828125 0.31654278593749996 0.635982796875 0.3282218 0.6841948078125 0.3323803578125 0.691635546875 0.337749334375 0.6913541703125
2 0.43843041875 1 0.42256592656249997 0.943474884375 0.418457403125 0.9369888578125 0.41960819374999997 0.9589472515624999 0.43074067656250004 1 0.43843041875 1
1 0.6606900078125 0.3096849546875 0.6568912828125 0.27829198437499997 0.6537564859375 0.2698402578125 0.6493112015625 0.2672012203125 0.6248640828124999 0.273269115625 0.6213059375000001 0.277284928125 0.6563582734375 0.319485321875 0.659479590625 0.31740706875 0.6606900078125 0.3096849546875