2 0.8429508531250001 0.105547865625 0.836006603125 0.10846569531250001 0.830652409375 0.10604626718750002 0.8175338640625001 0.10892670625 0.7836003171875 0.1090076484375 0.7746648296875 0.1126772609375 0.7592688171875001 0.1365495390625 0.8110995421875 0.21171985000000001 0.8185954093750001 0.21510705 0.8244688218749999 0.211705334375 0.8296224249999999 0.21183202343750002 0.832516309375 0.22139756249999998 0.8372185890624999 0.2163655921875 0.8306932640625 0.212315909375 0.8346255875 0.2102391609375 0.8480450156250001 0.21079782812499998 0.853968575 0.2079692953125 0.8840731921874999 0.1758793203125 0.8880556609375001 0.1743757546875 0.9016756796875001 0.1772271609375 0.9294349328125 0.177108828125 0.9415327859374999 0.1743176875 0.970496915625 0.1409477359375 0.9693356796874999 0.12767475156250002 0.9623362375 0.1182058703125 0.9524981015625 0.1115581609375 0.9429608500000001 0.10834956093749999 0.9253583624999999 0.10700171875 0.891525109375 0.10822902968749999 0.8860204749999999 0.1040900484375 0.8820881515625001 0.106166796875 0.860352753125 0.10460296718749999 0.8534085015624999 0.107520796875 0.8429508531250001 0.105547865625
2 0.8913236828125 0.30577621875 0.882488490625 0.3105922 0.884662565625 0.32368614375 0.9411276734375 0.404804290625 0.9428002781249999 0.41216639062500005 0.9529392937500001 0.42225320625 0.96120511875 0.42268518281249995 0.969069765625 0.418531684375 0.9932550156250001 0.4010739984375 0.9844685515625 0.3006442640625 0.9793538671875 0.3009624328125 0.9651143375 0.30278580312500003 0.9602114687500001 0.3055250359375 0.9487832765625 0.3042145859375 0.9429098640625 0.3076163015625 0.9251067890625 0.303975721875 0.9140296250000001 0.3066775640625 0.9057136546875 0.3056724015625 0.8947367859375 0.30952061249999996 0.8913236828125 0.30577621875
4 0.2602023453125 0.54523759375 0.3070538484375 0.5399834734375 0.31083573124999997 0.5361871703125 0.305717625 0.512954503125 0.3013841234375 0.5104457765625 0.283932078125 0.5108174875 0.14501776718749998 0.521815771875 0.1253060015625 0.5316263328125 0.1171404734375 0.532340725 0.11760954374999999 0.5259463953125 0.10199829375 0.523846771875 0.0822363796875 0.53308415 0.09135470625 0.5432602656250001 0.0985998390625 0.5437815406250001 0.10865631093749999 0.5411689984375 0.1243678578125 0.544414990625 0.145634184375 0.5523731484375001 0.1823289234375 0.5485852046875 0.2602023453125 0.54523759375
4 0.2183540015625 0.5488988484374999 0.1836003515625 0.551361828125 0.13976077343749999 0.555774865625 0.1012753859375 0.56260733125 0.09841390156249999 0.5651679656249999 0.10192730000000001 0.57005873125 0.133601128125 0.5794166374999999 0.263228921875 0.568075675 0.2679813484375 0.5636168890625 0.2676480671875 0.5480516078125001 0.2633647125 0.5461160656249999 0.2520368140625 0.545951984375 0.2266699734375 0.5499040109375 0.2183540015625 0.5488988484374999
1 0.9094978546875 0 0.895481378125 0.0241349859375 0.8921330703124999 0.0446429390625 0.913564490625 0.07799981406249999 0.939547746875 0.1046051640625 0.9598936765625 0.1137989921875 0.9689819156249999 0.1236311953125 0.9581655874999999 0 0.9094978546875 0
1 0.4694240515625 0.37387653125 0.468636346875 0.3883847421875 0.47917654218749994 0.4030570328125 0.48238905781249997 0.404508690625 0.489433603125 0.4027372296875 0.48828021875000005 0.389553984375 0.501248321875 0.3849539921875 0.546008296875 0.3793052859375 0.611432834375 0.374736525 0.61516456875 0.37036703593750003 0.6270116875 0.364709975 0.631094453125 0.3643527796875 0.6378705124999999 0.37126838281249996 0.6430742640625 0.3719682578125 0.6364987921874999 0.3673453921875 0.6436937765625 0.36729348281249996 0.6357141859375 0.34662145 0.6273480671875 0.3450431015625 0.542949321875 0.3443410296875 0.5224853484375 0.3455538234375 0.5022721109375 0.349632540625 0.480569109375 0.36019488437499997 0.4694240515625 0.37387653125
1 0.603874425 0.5117047515625 0.5756460999999999 0.5182174125000001 0.5709939671875001 0.5238225671875 0.576982325 0.5452463843750001 0.613774259375 0.577836959375 0.64253645625 0.58918231875 0.697385303125 0.59304724375 0.7373928515625 0.5918573234375 0.7525026328125 0.5882251015625 0.7234604 0.52665549375 0.7091560703125 0.5042265171875 0.67833474375 0.5046127453125 0.6305628421875 0.5111025328125 0.603874425 0.5117047515625
1 0.8544528796874999 0.7895417546875 0.803518609375 0.7951530703125 0.7039421875 0.809063025 0.6989891734375 0.8112290734375 0.698118921875 0.813037925 0.7131106609375 0.8198123234375 0.7497375046875 0.827004184375 0.789745053125 0.8258142640624999 0.8074624859374999 0.8519876375000001 0.8150586499999999 0.8565212046875 0.8349031078125 0.8599831874999999 0.8611903453125 0.8547954921875001 0.8729194218749999 0.8595450484375 0.8871589515625 0.8577216796875 0.8853359062499999 0.8486400265625 0.8544528796874999 0.7895417546875
5 0.8368081187499999 0.3174765734375 0.8253475265624999 0.30403995 0.8211644671875 0.3032507765625 0.813249671875 0.30683109062499997 0.8078275843749999 0.3153914671875 0.8881489218749999 0.44582635625 0.8996596609375 0.4598361640625 0.906754353125 0.45863788593750004 0.913598309375 0.45457368750000005 0.9171294546875 0.4479114609375 0.9155571453125001 0.44169573125 0.8763581468750001 0.38159229687499996 0.868511246875 0.37419280625 0.8368081187499999 0.3174765734375
5 0.7143260015624999 0.12835251718750001 0.7089718109375001 0.1259330890625 0.6972751328125 0.13330970625 0.6979771921875 0.1413342890625 0.7588082 0.2370873359375 0.7741687171875 0.2363210359375 0.7811129671875 0.23340320625 0.7249163453125 0.14359799374999999 0.7143260015624999 0.12835251718750001
5 0.57574555625 0.7192037078125 0.5870734546875 0.7193677890625 0.5909054828125 0.7161446703125 0.5869083625 0.693969071875 0.5432462671875 0.582852215625 0.5349981921875 0.5708672499999999 0.5278032046875001 0.57091915625 0.5234697046875 0.5684104296875 0.536248771875 0.6204290140625 0.5621610359375 0.693246321875 0.57574555625 0.7192037078125
5 0.475845984375 0.4120119984375 0.47054193906249997 0.410165753125 0.465739365625 0.4140513546875 0.4665417203125 0.42322230781250003 0.5055516828125 0.53994431875 0.521932890625 0.5390887203125 0.523992021875 0.5273571328125 0.5111273109375001 0.49787134218749995 0.5003718765625 0.45722715 0.4889290328125 0.4322375375 0.48078125156249996 0.4213989390625 0.47221454375 0.4175278546875 0.475845984375 0.4120119984375
5 0.6678252703124999 0.9017464796875 0.6221896874999999 0.7798284171875001 0.6198474234375 0.7765679078125001 0.611381009375 0.7738431921875 0.60509176875 0.74898026875 0.5987168859375 0.7466501390625 0.5876898703125 0.7499251671875 0.5874715328125 0.7591854171875 0.6558570109375 0.9530423156250001 0.6570281437500001 0.9546725703125001 0.6662143656249999 0.9538688796875 0.6761203953125 0.9495367828125 0.6710346875 0.9384302890624999 0.672492053125 0.9198204875 0.6678252703124999 0.9017464796875
7 0.36281689687499996 0.6130770359375 0.3523091 0.61053091875 0.2672908421875 0.614503621875 0.2487147109375 0.649050415625 0.30010030625 0.6485977625 0.33485395625000003 0.6461347828124999 0.337414559375 0.6401350421875 0.346099309375 0.63359950625 0.36281689687499996 0.6130770359375
7 0.47963548281249996 0.7021990875 0.47306001093749994 0.697576221875 0.4732282 0.6877427859374999 0.46518071250000004 0.6780505578125 0.46943166718749996 0.6678599265625 0.46872960781249995 0.6598353421875001 0.4566348515625 0.6273943296875 0.4525019390625 0.6271783421875 0.45434273281250004 0.6247070046875 0.4463276453125 0.62714095 0.35053310312499997 0.6372546015625 0.340677221875 0.6421598828125 0.33911956249999997 0.659623315625 0.35992836875 0.73288711875 0.3598103265625 0.7432937374999999 0.41385681874999997 0.7379877109375 0.48490403125 0.7271513109375001 0.47963548281249996 0.7021990875
7 0.4190143578125 0.5030423234375 0.407120190625 0.47289404843750005 0.3032102671875 0.48429527656250004 0.30429575625 0.5084583265625 0.318998165625 0.5707049328125 0.38033993593750004 0.566493365625 0.39953248124999996 0.5625039484375 0.41387230625000004 0.5618269484375 0.4328141171875 0.5549716078125 0.421740053125 0.5224412984375 0.4139433 0.5156149906249999 0.4195158296875 0.5087741671875 0.4190143578125 0.5030423234375
7 0.43844750625 0.8074552109375001 0.43625568281250005 0.80591425625 0.434414890625 0.8083855906249999 0.43869824218750003 0.8103211343750001 0.4347157734375 0.8118246984375 0.43501665625 0.81526380625 0.41261159375 0.8178015671875001 0.4092486375 0.81463035625 0.4131809609375 0.8125536078125 0.410068740625 0.81224831875 0.38055123750000003 0.8275373453125001 0.41060796718750003 0.9594819593749999 0.5334095515625 0.94065220625 0.550560715625 0.9368413875 0.5544428921875 0.934191453125 0.5391032234375001 0.8881726109375 0.5288137640625 0.8763662406250001 0.532796234375 0.874862678125 0.527467115625 0.872729840625 0.5261204687500001 0.8690934406249999 0.5288994078125 0.853833446875 0.5226927140625001 0.8416698828125 0.5145804296875001 0.80772530625 0.5090757953125 0.8035863234375 0.50822329375 0.7938421875 0.5061140156249999 0.805000590625 0.46946942343750003 0.8093617203125 0.46090271562499996 0.8054906359375 0.45435964218749997 0.8129939421874999 0.4442028765625 0.814460115625 0.4403384484375 0.8055570609375 0.43844750625 0.8074552109375001
7 0.6804648671875 0.4466692015625 0.6759986734375001 0.43088793125 0.6510716046875 0.381087303125 0.6422040140624999 0.3737771109375 0.619598365625 0.3740221328125 0.506351778125 0.384507496875 0.494404365625 0.389018190625 0.5119682578125 0.44870416406249997 0.5308390765625 0.48806078125 0.536977875 0.5112041515625 0.5413615203125001 0.5142860625 0.6799749484375 0.499848671875 0.7032001125 0.4949288734375 0.705091053125 0.49303072343750004 0.7054598328125 0.485490025 0.6804648671875 0.4466692015625
7 0.889481209375 0.70792740625 0.8967263421875 0.7084486828125 0.8962071234375 0.7142698265625 0.9131576984375 0.7081662671875 0.917859978125 0.7031342984375 0.9107506359374999 0.6806534109375 0.8980186171875 0.6644401640625001 0.8902396140625 0.64606086875 0.8790297578124999 0.6354901671875 0.8648403734375 0.637886721875 0.8600378 0.6417723234375 0.8478897984374999 0.643990278125 0.8474207265624999 0.65038460625 0.8441580640625 0.648359765625 0.8339511515625 0.6492527546875 0.8271573421875 0.6538901390625 0.8188915171875 0.6534581625 0.7859671078125 0.5945384890625001 0.7624912078125 0.5965923640625 0.74698025 0.595639109375 0.7430980734375 0.59828904375 0.6965975984375 0.6075554546874999 0.6538790062500001 0.6130255625000001 0.639489034375 0.613129378125 0.6355567093750001 0.6152061265625 0.6263704890625 0.6160098171875 0.6231078265625001 0.6139849765625 0.6182049578125 0.6167242078124999 0.6057059265625 0.614929871875 0.592737821875 0.6195298671875 0.588354175 0.616447953125 0.5905961453125 0.6185620953125001 0.5835014546874999 0.619760371875 0.58882015 0.645285778125 0.6009828015625 0.6667469859375 0.61834610625 0.72414021875 0.627965903125 0.7400481796875 0.6500638859375 0.8045356171875 0.658111375 0.8142278453125 0.773098459375 0.8001247749999999 0.78208409375 0.7970283484375 0.847308040625 0.7901668484375 0.8785482921875 0.78281310625 0.8854423953125 0.779322090625 0.866052359375 0.7457866171875 0.8660701078124999 0.7342336281249999 0.8707222390625 0.7286284734375 0.867509725 0.7271768171875 0.8625567109375 0.7293428640624999 0.8590433125000001 0.7244521015625 0.8624741640625 0.71664350625 0.86792865 0.7202093031250001 0.8741029453125 0.7202466937499999 0.8757431515625 0.7154826203125 0.8808466078125001 0.7150361249999999 0.8826372546875 0.7119916046875 0.8878410046875 0.7126914796875 0.891773328125 0.71061473125 0.889481209375 0.70792740625
7 0.62719226875 0.213947928125 0.6050703421875 0.231477784375 0.5996984015625 0.24061134687500002 0.5886713859375 0.2438863734375 0.5821962078125 0.24040987500000002 0.5822641046875 0.22943007031249998 0.5671072734375 0.19725695468749999 0.41753472656249996 0.203989565625 0.418587815625 0.2160264421875 0.4525298203125 0.31008896875 0.5601035828125001 0.3052980578125 0.6132296765625 0.3012277 0.620793440625 0.2936350921875 0.6447916578124999 0.250527921875 0.636661625 0.22813633437499997 0.62719226875 0.213947928125