7 0.2015625 0.984259259375 0.20572916718749998 0.9990740734375001 0.6317708328125 0.9990740734375001 0.6411458328124999 0.99351851875 0.6463541671875 0.9953703703125001 0.6494791671875 0.9870370375 0.6578125 0.98148148125 0.6619791671875 0.9824074078124999 0.6614583328125 0.978703703125 0.665625 0.9731481484375 0.6739583328125 0.9694444437499999 0.7151041671875 0.93148148125 0.7192708328124999 0.9388888890624999 0.7177083328125 0.965740740625 0.7223958328125 0.977777778125 0.7177083328125 0.9861111109375 0.7203125 0.9898148140625 0.8036458328125 0.9083333328125001 0.8197916671875 0.8861111109375001 0.8291666671875 0.847222221875 0.8302083328125001 0.8129629625 0.834375 0.8055555562500001 0.8411458328125001 0.7675925921875 0.8447916671875 0.70648148125 0.8473958328125001 0.7 0.8463541671874999 0.6888888890625 0.85 0.6833333328125 0.8494791671874999 0.6777777781250001 0.859375 0.640740740625 0.8651041671874999 0.6416666671875 0.8661458328125 0.6388888890625 0.8661458328125 0.6268518515625 0.8729166671874999 0.6074074078125 0.8734375 0.577777778125 0.871875 0.5768518515625 0.8729166671874999 0.5638888890625 0.8713541671874999 0.5574074078125 0.8895833328125 0.42870370312499995 0.890625 0.38703703749999996 0.8973958328125 0.372222221875 0.9026041671874999 0.3453703703125 0.9 0.334259259375 0.8963541671874999 0.3296296296875 0.8770833328125001 0.328703703125 0.290625 0.5962962968750001 0.28177083281250004 0.60648148125 0.2578125 0.6240740734375 0.2552083328125 0.61944444375 0.253125 0.625 0.2348958328125 0.6268518515625 0.23072916718749997 0.6324074078125 0.228125 0.6296296296875 0.2140625 0.64351851875 0.196875 0.640740740625 0.1932291671875 0.647222221875 0.1890625 0.647222221875 0.1822916671875 0.6555555562500001 0.1770833328125 0.6490740734375 0.1739583328125 0.6546296296875 0.1598958328125 0.6574074078125001 0.15625 0.665740740625 0.1552083328125 0.6944444437499999 0.175 0.809259259375 0.1864583328125 0.8953703703125001 0.2015625 0.984259259375
7 0.8875 0.6203703703125 0.8859375 0.6148148140624999 0.8776041671874999 0.6166666671875001 0.8765625 0.63055555625 0.8802083328125001 0.634259259375 0.884375 0.6324074078125 0.8875 0.6203703703125
7 0.8927083328125001 0.3240740734375 0.9 0.33055555625 0.9026041671874999 0.352777778125 0.8947916671874999 0.4 0.8958333328125001 0.41111111093749997 0.8911458328125 0.434259259375 0.8875 0.440740740625 0.8854166671874999 0.46944444374999994 0.8739583328125 0.5398148140625 0.8661458328125 0.6074074078125 0.85625 0.6601851859375001 0.8359375 0.7981481484375 0.8375 0.8194444437499999 0.8338541671874999 0.8231481484375 0.8307291671874999 0.8370370375 0.8307291671874999 0.8509259265625 0.8328125 0.852777778125 0.8692708328125001 0.8425925921875 0.9239583328125001 0.8194444437499999 0.9302083328125 0.7990740734374999 0.9380208328125 0.7870370375 0.9515625 0.777777778125 0.9588541671874999 0.7787037031249999 0.9875 0.7629629625 0.9869791671874999 0.7509259265625 0.9895833328125001 0.747222221875 0.9911458328125 0.7361111109375 0.9895833328125001 0.7296296296875 0.9932291671875 0.7194444437499999 0.9994791671875 0.7185185187500001 0.9994791671875 0.25740740781250004 0.9932291671875 0.25648148125 0.9875 0.2601851859375 0.9848958328125 0.25555555625 0.9776041671875 0.25555555625 0.915625 0.27777777812500004 0.8963541671874999 0.296296296875 0.8572916671874999 0.3129629625 0.8526041671875 0.3111111109375 0.8505208328125 0.3138888890625 0.8494791671874999 0.32777777812500003 0.8510416671875 0.3351851859375 0.8489583328125001 0.33703703749999997 0.8588541671875 0.3416666671875 0.86875 0.340740740625 0.875 0.32777777812500003 0.8927083328125001 0.3240740734375
7 0 0.9990740734375001 0.1140625 0.9990740734375001 0.08333333281250001 0.840740740625 0.07552083281250001 0.8138888890624999 0.06770833281250001 0.775 0.0625 0.76944444375 0.058333332812500006 0.7509259265625 0.0484375 0.7509259265625 0.05 0.7638888890625 0.0328125 0.7731481484375 0.029166667187500002 0.7814814812499999 0.0208333328125 0.7824074078125001 0.007291667187500001 0.7953703703125 0 0.796296296875 0 0.9990740734375001
7 0.08541666718749999 0 0.0828125 0.009259259374999999 0.084375 0.018518518749999997 0.0828125 0.025 0.1088541671875 0.1759259265625 0.1109375 0.2009259265625 0.1140625 0.20648148125 0.1145833328125 0.2148148140625 0.1197916671875 0.21944444375 0.1234375 0.2416666671875 0.1213541671875 0.25648148125 0.1260416671875 0.2953703703125 0.1354166671875 0.2953703703125 0.1927083328125 0.27870370312500004 0.20677083281250003 0.2666666671875 0.2088541671875 0.2611111109375 0.2088541671875 0.24259259218749998 0.240625 0.21111111093749999 0.24895833281250002 0.21111111093749999 0.253125 0.2166666671875 0.2557291671875 0.21574074062499998 0.25833333281250004 0.20740740781250003 0.2744791671875 0.2046296296875 0.2770833328125 0.1990740734375 0.2911458328125 0.2166666671875 0.2953125 0.2175925921875 0.2979166671875 0.23611111093749998 0.3223958328125 0.22777777812500002 0.3375 0.22870370312500002 0.3567708328125 0.221296296875 0.3875 0.20277777812500003 0.3890625 0.1990740734375 0.3885416671875 0.18055555625 0.39114583281250004 0.1703703703125 0.3973958328125 0.16944444375 0.40052083281249995 0.1620370375 0.3973958328125 0.15277777812499999 0.4 0.11574074062499999 0.3963541671875 0.08425925937499999 0.3973958328125 0.07962962968750001 0.3963541671875 0.071296296875 0.3921875 0.0666666671875 0.3927083328125 0.060185185937499996 0.3869791671875 0.055555556250000006 0.38333333281250004 0.045370370312500005 0.3807291671875 0 0.08541666718749999 0
7 0.3973958328125 0 0.396875 0.003703703125 0.3973958328125 0.0574074078125 0.40052083281249995 0.07685185156249999 0.40208333281249997 0.1203703703125 0.4015625 0.1675925921875 0.4046875 0.2 0.4078125 0.2046296296875 0.43645833281249996 0.20277777812500003 0.4578125 0.196296296875 0.5807291671875 0.15370370312499998 0.6072916671875 0.140740740625 0.6109375 0.1361111109375 0.6145833328125 0.0981481484375 0.6171875 0 0.3973958328125 0
7 0.6317708328125 0 0.6265625 0.10370370312499999 0.6255208328124999 0.14351851875 0.63125 0.147222221875 0.6697916671875 0.1351851859375 0.6791666671875001 0.1268518515625 0.696875 0.11851851875 0.696875 0.1129629625 0.6921875 0.1111111109375 0.6932291671875 0.1 0.6973958328125 0.0916666671875 0.696875 0.0870370375 0.7036458328124999 0.078703703125 0.7145833328125 0.0740740734375 0.7505208328124999 0.0648148140625 0.7583333328124999 0.05648148125 0.7640625 0.0648148140625 0.7645833328125 0.08148148125 0.7619791671875 0.0870370375 0.7651041671875001 0.0916666671875 0.7828125 0.08425925937499999 0.7869791671875 0.07962962968750001 0.7953125 0 0.6317708328125 0
7 0 0 0 0.28055555625 0.0020833328125000002 0.29351851875 0 0.29444444375 0 0.3231481484375 0.0239583328125 0.3148148140625 0.0453125 0.3166666671875 0.11614583281249999 0.2870370375 0.11614583281249999 0.27777777812500004 0.0973958328125 0.15925925937500002 0.0927083328125 0.1148148140625 0.0875 0.1 0.08125 0.0546296296875 0.0802083328125 0.00555555625 0.0760416671875 0 0 0
8 0.16458333281249998 0.35555555625 0.1734375 0.3481481484375 0.175 0.33148148125 0.17135416718750002 0.31851851875000003 0.1666666671875 0.3111111109375 0.1526041671875 0.3083333328125 0.14114583281249998 0.315740740625 0.1385416671875 0.325 0.1453125 0.3453703703125 0.15 0.352777778125 0.16458333281249998 0.35555555625
8 0.6588541671875 0.1851851859375 0.65 0.17314814843749998 0.6390625 0.16851851874999998 0.628125 0.16944444375 0.6192708328125 0.178703703125 0.61875 0.1925925921875 0.6229166671875 0.1981481484375 0.6505208328125 0.196296296875 0.6588541671875 0.1851851859375
8 0.7645833328125 0.3009259265625 0.7713541671875 0.290740740625 0.7677083328125 0.2824074078125 0.7682291671875 0.27777777812500004 0.7604166671875 0.27870370312500004 0.7614583328125 0.2833333328125 0.7583333328124999 0.2870370375 0.7578125 0.2925925921875 0.7645833328125 0.3009259265625
1 0.7135416671875 0.3648148140625 0.715625 0.3953703703125 0.7177083328125 0.3990740734375 0.8348958328125 0.3453703703125 0.8390625 0.2898148140625 0.8385416671874999 0.24444444375000002 0.8348958328125 0.2138888890625 0.8307291671874999 0.197222221875 0.8197916671875 0.172222221875 0.8052083328125 0.1574074078125 0.7802083328125 0.15555555625 0.7661458328124999 0.1629629625 0.7505208328124999 0.18055555625 0.7348958328124999 0.21111111093749999 0.7255208328125 0.23611111093749998 0.7192708328124999 0.2629629625 0.7161458328125 0.29444444375 0.7088541671875 0.3 0.7010416671875 0.3138888890625 0.7020833328125 0.33055555625 0.6994791671875 0.33703703749999997 0.7 0.3416666671875 0.7135416671875 0.3648148140625
1 0.5020833328125 0.48981481406249994 0.5640625 0.4574074078125 0.575 0.447222221875 0.5802083328125 0.4509259265625 0.5828125 0.4453703703125 0.5880208328125 0.44444444375 0.5989583328125 0.43333333281249997 0.6078125 0.4296296296875 0.6114583328125 0.4379629625 0.6125 0.43055555625 0.61875 0.4268518515625 0.6182291671875 0.42314814843750004 0.6208333328125 0.4203703703125 0.6203125 0.315740740625 0.6171875 0.2759259265625 0.6036458328125 0.2296296296875 0.5921875 0.21296296250000002 0.5833333328125 0.20555555625 0.5713541671875 0.2 0.5552083328124999 0.2 0.5401041671875 0.20555555625 0.5234375 0.222222221875 0.5083333328124999 0.246296296875 0.49375 0.2953703703125 0.48802083281249997 0.3351851859375 0.48854166718750003 0.415740740625 0.4921875 0.497222221875 0.49375 0.5009259265625 0.5020833328125 0.48981481406249994
1 0.2265625 0.5995370375 0.228125 0.6148148140624999 0.2364583328125 0.609259259375 0.240625 0.6101851859375 0.2421875 0.5888888890625 0.2822916671875 0.5759259265625001 0.2864583328125 0.590740740625 0.2916666671875 0.5898148140624999 0.2953125 0.5851851859375 0.3109375 0.5796296296875 0.3098958328125 0.5666666671875 0.31302083281250004 0.5611111109375 0.3692708328125 0.5314814812499999 0.378125 0.5296296296875 0.3828125 0.5324074078125001 0.3848958328125 0.5453703703125 0.390625 0.54444444375 0.390625 0.5166666671875 0.384375 0.4268518515625 0.38125 0.396296296875 0.3739583328125 0.3611111109375 0.36875 0.3453703703125 0.35208333281250004 0.315740740625 0.3375 0.29814814843750004 0.3260416671875 0.2898148140625 0.3078125 0.2833333328125 0.2828125 0.2851851859375 0.2677083328125 0.2916666671875 0.2510416671875 0.30555555624999997 0.2390625 0.321296296875 0.2203125 0.3620370375 0.209375 0.415740740625 0.2088541671875 0.4583333328125 0.215625 0.5120370375000001 0.2182291671875 0.5740740734374999 0.2265625 0.5995370375
1 0 0.9990740734375001 0.115625 0.9990740734375001 0.1145833328125 0.9861111109375 0.10833333281249999 0.965740740625 0.1098958328125 0.9583333328125001 0.1234375 0.9509259265625 0.1291666671875 0.9388888890624999 0.1369791671875 0.9361111109375001 0.1427083328125 0.940740740625 0.1541666671875 0.93148148125 0.1583333328125 0.9268518515625 0.15625 0.9203703703125001 0.159375 0.9120370375 0.1765625 0.9129629625 0.1817708328125 0.9175925921875001 0.1859375 0.9111111109375001 0.1854166671875 0.8925925921875001 0.1630208328125 0.7388888890625 0.15 0.6731481484375 0.1630208328125 0.6425925921875 0.1682291671875 0.6425925921875 0.17135416718750002 0.6379629625 0.1682291671875 0.6009259265625 0.1515625 0.49351851875 0.14010416718750002 0.4453703703125 0.1328125 0.427777778125 0.11510416718750001 0.4018518515625 0.0921875 0.3796296296875 0.0666666671875 0.36851851875 0.0375 0.36759259218749996 0.0098958328125 0.3759259265625 0.0041666671875 0.38148148125 0 0.3861111109375 0 0.9990740734375001