5 0.9856368062499999 0.7871590140625 0.959638459375 0.789452303125 0.9564522999999999 0.8073100249999999 0.9719243984375 0.909259490625 0.9790233687500001 0.9133509156249999 0.9856368062499999 0.7871590140625
5 1 0.43767505937499995 0.9280475671874999 0.4583451921875 0.9261551406249999 0.46225150312499996 0.926596828125 0.47529249218749997 0.9373860265625 0.56998693125 0.9457071031250001 0.67957260625 0.9503376671874999 0.6878262625 0.95538691875 0.6880908812500001 0.9910735984375 0.6834188421875 1 0.5130929484375 1 0.43767505937499995
5 1 0.0255177171875 0.875393775 0.018987381249999997 0.8817046109375 0.0974251609375 0.89516494375 0.2162925234375 0.9019579453125001 0.24769107343750002 0.9177190609375 0.24751570625000002 1 0.2284675671875 1 0.0255177171875
1 0.4439008125 0 0.4160765125 0.169154371875 0.4045899390625 0.291721184375 0.407397078125 0.3669712265625 0.41997403125000005 0.4597566125 0.430627225 0.5033739328125 0.44429490312500003 0.543143746875 0.45634649843749997 0.5708123984375 0.46993884062499997 0.5905508171875 0.5038851906249999 0.608351828125 0.521942753125 0.6072954390625 0.5354744234375 0.5959881359375 0.5459539437500001 0.5785126421875 0.548878421875 0.5656480671875 0.5671893328125 0.5275541796875001 0.5818117265625 0.46323130468749996 0.5894611078125 0.34947574375 0.5847322078125 0.30016066874999997 0.58562191875 0.28318396562500003 0.5891890984375 0.247321509375 0.597947865625 0.2197421109375 0.603924496875 0.2130457265625 0.615272725 0.23266653750000002 0.6299641203124999 0.2314337359375 0.77122813125 0.133692971875 0.8081429625000001 0.10558642656249999 0.831331446875 0.081767375 0.8449824578125 0.0574484859375 0.8524621640625 0.032806171875 0.8526461015625 0.0177952265625 0.513092959375 0 0.4439008125 0
1 0.794683946875 0.5985576359375 0.8408745734374999 0.575944075 0.8959369718750001 0.555798209375 0.9152359296875 0.541789040625 0.9158116250000001 0.530804115625 0.9051941015624999 0.42209946093750006 0.8998978390625 0.4158136609375 0.8952966124999999 0.38553135156249996 0.8828536640625 0.2687200515625 0.8812082484375001 0.2786475421875 0.8703917109375 0.2810847890625 0.8681686031250001 0.22689417343749999 0.8641137359375 0.2076555921875 0.856129675 0.11310816562499999 0.8477352609375 0.0585941265625 0.8429330234375 0.0643506859375 0.841235271875 0.07527680625 0.8542622468750001 0.2131475328125 0.8503057171874999 0.23497037031249998 0.8351579656249999 0.23417651093749997 0.827445915625 0.24178331874999998 0.8207135828125001 0.24143049218749998 0.72924504375 0.2907109359375 0.72133831875 0.291297934375 0.6895920765625 0.30665751406249997 0.685365534375 0.3014291484375 0.676523096875 0.27693279843749996 0.6607829828125 0.2230351609375 0.6577308328125 0.2168669703125 0.6513501828125 0.2205380640625 0.6518965421875 0.23158179375 0.6629684234375001 0.26721007812500003 0.7068142609375 0.396682228125 0.702977071875 0.40549348125 0.687343628125 0.4247016140625 0.679669246875 0.44232411875000005 0.6744859890625 0.4660854125 0.6668322703125 0.6980026828125 0.66809033125 0.7491386046875 0.6763717406249999 0.77360555 0.6739559546875 0.7874981578125 0.6762460671875 0.829675815625 0.6827250546875 0.8670661421875 0.697200771875 0.9128865375 0.7050404921875 0.9243124953124999 0.7178394609375001 0.9269860062499999 0.7298450562500001 0.9125946078125 0.740743265625 0.8871300765625 0.7412142890625 0.8781424109374999 0.7451561515625 0.8673339 0.7519911593749999 0.7905864375 0.749058346875 0.771406659375 0.7507330984375 0.739450515625 0.75591635625 0.7156892218750001 0.7494457015625 0.7103432468750001 0.74677456875 0.6861703234375 0.7415453109375 0.6678715671875 0.7404002546874999 0.6467827374999999 0.7351039921875 0.6404969390625 0.735118659375 0.6294826109375 0.739816225 0.6257233109375 0.7406536015625 0.6097452390625 0.7535719078125 0.5994071625 0.77412059375 0.6044895625 0.794683946875 0.5985576359375
1 0.793273978125 1 0.79428991875 0.9710474984375 0.79690038125 0.9641747 0.7976330859375 0.9501938875 0.794124578125 0.9419990359374999 0.794520265625 0.912979975 0.7919538046875 0.886809790625 0.7850561296875 0.8574085015625 0.7861175171875 0.8264215828125 0.7896553609375 0.8125877812500001 0.7926175062499999 0.809738903125 0.80193096875 0.8252475859375 0.8102940500000001 0.82668725 0.9066254953125 0.8026959687499999 0.92785455 0.794796184375 0.9413338843749999 0.7844875109375 0.9298183171875 0.6607152078125 0.9274318656249999 0.652579159375 0.910862709375 0.6467039453125001 0.908423921875 0.639566528125 0.9015472499999999 0.55609223125 0.8860854828125 0.5612901484374999 0.8844924046875 0.5702190109374999 0.8803558656250001 0.5740077125 0.836124671875 0.5807020046875 0.8302003765625001 0.5863997609375 0.8274999093750001 0.584255490625 0.834592259375 0.6206765890625 0.773710240625 0.6445229515625 0.7709051 0.6443759390625 0.76803929375 0.61318320625 0.7704404125 0.6103049265625 0.7695277 0.6062516046875001 0.752487521875 0.60936405625 0.7441014390625 0.5868943671875 0.735020321875 0.5884211921875 0.7316478203125001 0.6313034562500001 0.7362113796875 0.6515700703125 0.738455490625 0.651687678125 0.7506304234375001 0.8165508046875001 0.74167064375 0.8801690734375001 0.7444624390625 1 0.793273978125 1
7 0.396272178125 0.8690771125 0.417344225 0.8641732171875001 0.4233731890625 0.8564782031249999 0.43296299843749997 0.8559794125 0.43965766406249995 0.8463165406250001 0.44807308125 0.846757575 0.44605298125 0.8316311203125 0.438931296875 0.8172386749999999 0.4219727890625 0.79732384375 0.404700265625 0.7834007875 0.3924099890625 0.781755309375 0.3792970046875 0.7850735765625 0.322379846875 0.8191414515625001 0.321557140625 0.824105196875 0.32985321875 0.8375578171875 0.3252979921875 0.84933555625 0.30181649374999997 0.825073378125 0.2927353765625 0.8266002015625 0.27820805625 0.9890625500000001 0.4205792609375 0.9965239078125 0.42006968906250003 0.9624505437499999 0.41447407812500003 0.95114219375 0.41524445156249995 0.947177078125 0.40903547656250006 0.93683795625 0.401442765625 0.9314331765625001 0.3953991328125 0.9501425187500001 0.38719305937500004 0.9457069671875 0.3847019359375 0.9395681781249999 0.391664615625 0.88185348125 0.396272178125 0.8690771125
7 0 0.943428378125 0.05537908125 0.9773845781249999 0.145177309375 0.982090703125 0.1512096875 0.9293341125 0.150594325 0.855200309375 0.1583650453125 0.80353619375 0.16303761249999998 0.7036438375 0.1526020953125 0.68807635 0.143977334375 0.6916298359375 0.1360999453125 0.6701881796875 0.11291779375 0.650948553125 0.1076718703125 0.5685610921875 0.15482754375000002 0.549002225 0.16844921875000002 0.546711990625 0.1740741640625 0.535991684375 0.1792804234375 0.5332604171875001 0.17919041875 0.5242433484375 0.1857804125 0.5165777359375 0.1854287296875 0.512553815625 0.16722049375 0.47354741406249995 0.135547590625 0.4338353578125 0.10406936250000001 0.4011431109375 0.0877618875 0.39027475 0.08828524843749999 0.3802884546875 0.095997296875 0.372681646875 0.0968723390625 0.366719271875 0.08972131875 0.37435548125 0.066704509375 0.3841643171875 0.032190796875 0.40939258437500003 0.0025594515625 0.43806977968750005 0 0.486907046875 0 0.5011982015625 0.009303659374999999 0.513337215625 0.002998346875 0.5370397046875001 0 0.5342389125 0 0.943428378125
2 0.2516493578125 0.11847947031249999 0.2540881453125 0.1256168890625 0.25460517031249996 0.15868927187499998 0.2487332109375 0.1633883984375 0.23775966718750002 0.1688215328125 0.234056484375 0.153606871875 0.22227489843749998 0.15298942499999998 0.20922891875 0.1442947359375 0.20521172187499997 0.13507185156249998 0.2037003125 0.1209734296875 0.1698523 0.1442338390625 0.162282590625 0.15985908437500002 0.15704699687499998 0.1846190078125 0.147009165625 0.21513549062499998 0.14182590781249999 0.2388967828125 0.142005915625 0.2569309203125 0.138767421875 0.27578727187499996 0.1810705171875 0.3380866234375 0.1915730390625 0.3416411546875 0.20935425312499997 0.35659224218749996 0.2174179859375 0.3530093546875 0.2218392046875 0.36525752968749997 0.221772203125 0.3772704859375 0.21696996406250002 0.3830270453125 0.21670828281249999 0.3880201921875 0.245419040625 0.43058112656249997 0.254694834375 0.4360741109375 0.2719966921875 0.4279685125 0.2718543515625 0.4199500734375 0.2749735078125 0.4141053078125 0.28863285156249996 0.42183077031250005 0.2978333078125 0.4072923609375 0.303644596875 0.3715475125 0.3067030828125 0.33465702343750003 0.30035176875 0.3162994640625 0.302154190625 0.303376084375 0.2996254 0.2872215984375 0.3007097859375 0.2772647046875 0.3064770734375 0.2745628390625 0.3084741734375 0.26865926875 0.3159245421875 0.26604560781250003 0.3243169578125 0.24545661718749998 0.31971573124999997 0.21517430625 0.326006378125 0.20248614531250003 0.3305386015625 0.16967838125 0.31548719062499997 0.1348429109375 0.304019621875 0.1282336859375 0.30403428906249996 0.11721935937500001 0.290778965625 0.1125191875 0.2881978375 0.09736333124999999 0.2901949375 0.0914597609375 0.28780848593749997 0.0833237140625 0.282108203125 0.07401262343750001 0.27695428125 0.0757452625 0.2727277390625 0.070516896875 0.2569519546875 0.08170659218750001 0.25916673125 0.10385285468750001 0.2565039328125 0.11172428281249999 0.24935291093749998 0.1193604921875 0.2516493578125 0.11847947031249999
2 0.4279767546875 0.6934957734375 0.442182459375 0.712264965625 0.4466706828125 0.7125001828124999 0.4654086125 0.6984616109374999 0.48453589375000006 0.6984626578124999 0.486824009375 0.665537284375 0.4844375578125 0.6574012375 0.4853126 0.6514388624999999 0.48255979687500006 0.6502932218749999 0.4813128296875 0.6418834359375001 0.481077725 0.6141661453125 0.4601543546875 0.5840297999999999 0.4421554625 0.5410288796875 0.42352020625 0.47796716093749997 0.418575628125 0.4757052828125 0.414462090625 0.5005240093750001 0.414043403125 0.508513046875 0.4172002265625 0.512683978125 0.415801821875 0.5286326484375 0.375834840625 0.550571003125 0.3715936296875 0.556356965625 0.417413565625 0.6588955203125 0.4279767546875 0.6934957734375
2 0.38529897343749997 0.6061424765625001 0.3830695296875 0.5950105406249999 0.369230178125 0.5692509421875 0.3660586875 0.5760943375 0.365363653125 0.6000908484374999 0.40247515937499995 0.6541071421875 0.40645468906250004 0.653314328125 0.40666403281249996 0.6493198109375 0.38529897343749997 0.6061424765625001
2 0.5730336125 0.8883545109375 0.5771701499999999 0.8845658078125 0.5852192171875 0.8919972484375001 0.5985415453125 0.8846844624999999 0.6011143390625 0.8677959671875 0.60085899375 0.8297304359375 0.5958894171875 0.7313355015624999 0.5980581921875 0.711421715625 0.5962997718749999 0.6913021140625 0.5783092140625 0.6803455453125 0.5746960343749999 0.6741479515625 0.5575511828125 0.6792576625 0.5547167078124999 0.70113930625 0.5556607546875 0.7582670046875 0.5431988015625 0.7706317421875 0.544553203125 0.787726053125 0.53496339375 0.7882248453125 0.5347017140625 0.7932179921875 0.5259576125 0.8097830640625 0.5256812656250001 0.8257905375 0.5680890328125 0.88609263125 0.5730336125 0.8883545109375
8 1 0.295898825 0.99089335625 0.300417853125 0.9733298171874999 0.3135166 0.9627979609375 0.3319907234375 0.9628356296874999 0.3420064203125 0.9691492765625 0.3503482828125 0.994433196875 0.36168708125000004 1 0.36112909531250004 1 0.295898825
8 0.9748972171875 0.745190225 0.9878454390625 0.7450157921875 0.9898690625000001 0.706402778125 0.976728975 0.7102381906249999 0.967842534375 0.7187848234375 0.969196934375 0.735879134375 0.9748972171875 0.745190225