7 0.0770850609375 0.31653483437499996 0.084635321875 0.3225247859375 0.087333809375 0.33105759687499997 0.10552265624999999 0.344131728125 0.1016047859375 0.248824 0.096194625 0.2420138296875 0.07083216875000001 0.225766615625 0.0717631921875 0.2780284921875 0.0770850609375 0.31653483437499996
7 0.12959577656250001 0.3649732515625 0.124061784375 0.38053362812499997 0.1242435171875 0.3870697875 0.13251154062499998 0.38936785 0.1328039203125 0.38378891406250004 0.13861710625 0.372905053125 0.1592739765625 0.38890565625 0.164502403125 0.38917966718749997 0.15646370625 0.2824674578125 0.15105354843750002 0.27565728749999996 0.114906315625 0.2551153625 0.11294794687500001 0.2624717390625 0.12041908750000001 0.32999439218750004 0.1194444890625 0.34859084687499997 0.12959577656250001 0.3649732515625
7 0.2355430765625 0.44418345937500003 0.2387288625 0.443418040625 0.237151165625 0.41349931093750003 0.24081507968750002 0.37359913906250003 0.23921502499999997 0.3240993296875 0.19238047656249999 0.297403046875 0.17679265625 0.294721371875 0.17793178437499999 0.3330085046875 0.18795120625 0.4519454140625 0.2000253171875 0.45164581562499995 0.2009511859375 0.43397918593749996 0.2067156421875 0.42402514687500004 0.2355430765625 0.44418345937500003
7 0.2630020546875 0.5304687828125 0.269639634375 0.5438699140625001 0.27377364531250004 0.5450189453125 0.2897025765625 0.5411918625000001 0.300757375 0.520326559375 0.3102040875 0.5301454062500001 0.324989871875 0.5281231671875 0.3268152359375 0.51330080625 0.328063875 0.4294523609375 0.32633998750000004 0.4023230984375 0.3201897078125 0.3796237390625 0.3149257390625 0.370024103125 0.279350078125 0.3485797546875 0.25740387187499997 0.3371734609375 0.2540231671875 0.34165816875 0.2498943078125 0.41043764375 0.2630020546875 0.5304687828125
7 0.44433616093749995 0.6117650890624999 0.4467686421875 0.605365934375 0.4491827828125 0.5392937234375 0.44913806875000006 0.5001315671875 0.44766700156250006 0.49818972031250003 0.44953192499999994 0.45260100937500003 0.435672009375 0.4369566171875 0.42688114375 0.4346311546875 0.4005704625 0.41646949375000003 0.368411053125 0.399866065625 0.353722728125 0.4000286609375 0.351520709375 0.412034153125 0.35605373125 0.4355811296875 0.356452740625 0.4579790765625 0.356244634375 0.47195381718749996 0.3535685046875 0.483002084375 0.354681259375 0.5418001218749999 0.375666053125 0.5615474171875 0.3627904734375 0.61215334375 0.3523513921875 0.6162681375 0.3498214515625 0.6245269375 0.37083261875 0.6237633328125 0.3793798359375 0.6307379078124999 0.3907981 0.6229449265625 0.3890254828125 0.596745484375 0.39318586718750004 0.577383615625 0.4034965328125 0.5807211031249999 0.4305117890625 0.6054463250000001 0.44433616093749995 0.6117650890624999
7 0.3295682125 0.22067886718750002 0.3281326875 0.228062646875 0.3304241328125 0.29438146718749997 0.356637353125 0.3144027734375 0.370851565625 0.31328295625 0.3722819375 0.23597066875 0.3295682125 0.22067886718750002
7 0.3960414578125 0.3528305375 0.40174399843749997 0.354061771875 0.4027054109375 0.34572076875 0.40909017031249995 0.333934484375 0.41464651874999997 0.33795518750000003 0.43085464218749997 0.33880461875 0.43547997031249996 0.29056344375 0.4334768890625 0.2587576671875 0.43158043749999997 0.2549287734375 0.4197499765625 0.2505792578125 0.383540828125 0.24122260624999997 0.3836302546875 0.3195469171875 0.39583736875 0.3267133 0.3936708953125 0.34804441875 0.3960414578125 0.3528305375
7 0.4755003609375 0.36725094375 0.47315215312500003 0.382045903125 0.4745744921875 0.384917575 0.4788546921875 0.3832771359375 0.4787704203125 0.37488133281249997 0.484255684375 0.360250778125 0.49788513593749995 0.37028883281249997 0.5144699125 0.37395513281250004 0.518896303125 0.3695252296875 0.5229856015625 0.3315121046875 0.5203885921875 0.2810276703125 0.4724951703125 0.264532034375 0.4609439015625 0.2648590359375 0.45770135312500004 0.34673823125 0.4744678609375 0.3569406921875 0.4755003609375 0.36725094375
7 0.5758953265625 0.40234846874999997 0.60150143125 0.41394656875 0.6083471171875 0.4133729609375 0.612046575 0.382798415625 0.612817084375 0.338084725 0.610849546875 0.315604575 0.6017794875 0.3086025984375 0.5507977421875 0.291012734375 0.540668809375 0.29421140625 0.5341430140625001 0.3787156625 0.5523805921875 0.390859971875 0.5641755109375 0.3858838578125 0.570254703125 0.3899319625 0.5758953265625 0.40234846874999997
7 0.698709475 0.3397890265625 0.650147021875 0.3260554578125 0.64117040625 0.3572858125 0.6378567703125 0.4205137546875 0.63960703125 0.4271321171875 0.687961378125 0.454840425 0.7229786515625001 0.46693174375 0.7304750296875 0.40392301249999996 0.7314404578125 0.35549003125 0.7123876578125 0.34889725625 0.698709475 0.3397890265625
7 0.7985460546875001 0.36553352031249997 0.809512565625 0.37636439374999997 0.8529440515625 0.38796430625 0.8615044546874999 0.38468343125 0.8692668375 0.3366066640625 0.8684069031250001 0.30299604375 0.7985540890625 0.2853495640625 0.7933256609375 0.2850755546875 0.7915622140624999 0.28871264218750003 0.7864404171875 0.31641551562500003 0.7857450125 0.3396884828125 0.787300353125 0.3500261359375 0.7973186359375 0.358942559375 0.7985460546875001 0.36553352031249997
7 0.698947971875 0.2652114046875 0.6990322453125 0.27360721093749996 0.695066778125 0.289249790625 0.693773428125 0.3339360796875 0.7362922328125 0.352947171875 0.756683096875 0.3540158125 0.764822134375 0.30875591406249997 0.7637185484375 0.2797944046875 0.7359236124999999 0.26994634687499997 0.698947971875 0.2652114046875
7 0.67371851875 0.25643017343749996 0.6435042890625 0.24272581875000002 0.6226880421875001 0.2397701328125 0.6198789078125 0.24335241718749998 0.6187225765625 0.2554127109375 0.614948015625 0.3074279796875 0.6162728921875 0.3121592953125 0.6226931953125 0.3096986390625 0.66540691875 0.32499044062500004 0.669833309375 0.3205605375 0.67425053125 0.28629410312500003 0.67371851875 0.25643017343749996
7 0.6063297125 0.281802146875 0.5995723171875 0.250679584375 0.599160121875 0.2385370875 0.5526890390625 0.2249131234375 0.5493043156249999 0.269489809375 0.549849515625 0.2890982875 0.604539890625 0.3059501359375 0.6063297125 0.281802146875
7 0.4942413046875 0.2097291109375 0.49278857499999995 0.2674603203125 0.5261398609375 0.28132908125 0.53094290625 0.2797160453125 0.533538778125 0.22017999375000002 0.5088809000000001 0.210496340625 0.4942413046875 0.2097291109375
7 0.9744822828125 1 0.986069628125 0.7789003015625 0.9573170624999999 0.767317234375 0.8928165078125 0.7275742203125 0.8385647031250001 0.70235396875 0.83528145625 0.7049790296875 0.833699740625 0.7151522765625 0.81519843125 0.9081169750000001 0.8134086093749999 0.9322649625 0.8152075999999999 0.9379535015625 0.8679619671875001 0.98174280625 0.8939641171874999 1 0.9744822828125 1
7 1 0.451807896875 0.9710892953125001 0.4445043671875 0.9669908265625 0.4526809625 0.9633400984374999 0.482325684375 0.9522285359374999 0.584304765625 0.9581615390625 0.5911423359375 0.9869046984375001 0.6029048421875001 0.9851676250000001 0.5860310296875 0.9893148234375 0.576924609375 0.9964981765625 0.579911728125 1 0.5130929562500001 1 0.451807896875
1 0.5737912984375 0.8926682328125001 0.5728195796875 0.7611522234375 0.5698419 0.7479428968749999 0.5877332156249999 0.696667459375 0.5941575328125 0.654114825 0.5946224765625 0.6252355203125 0.596385925 0.6215984328124999 0.5997838328125 0.566766296875 0.5969299859375 0.531186428125 0.586136040625 0.4970551875 0.5684344921875 0.474682828125 0.541805059375 0.48261100468749996 0.530568525 0.4969401453125 0.5227482421875 0.5161102093750001 0.5087472890625 0.5731837921875 0.5069574671875 0.5973317796875001 0.5357361734375 0.6184199140625 0.5332864890625 0.675166496875 0.528860096875 0.6795964031249999 0.5294184828125 0.68894943125 0.5268885437499999 0.6972082312500001 0.525134265625 0.730681846875 0.5189404093750001 0.7788408171875 0.518546553125 0.8263713781250001 0.5161008875 0.8430259828125 0.5175719546875001 0.8449678296875 0.5417465515625 0.8238577312500001 0.545273446875 0.81658355625 0.55888054375 0.8070405328125 0.5662226984375 0.8270052265625001 0.5663253109374999 0.8950740875 0.5706897843750001 0.9018294546875 0.5737912984375 0.8926682328125001
1 0.511813259375 0.55469694375 0.52695735625 0.495818515625 0.5276527625 0.47254554843749996 0.5125207140625 0.411148040625 0.5045938 0.40234122031249997 0.49366283437499997 0.400835975 0.4804811203125 0.412266046875 0.4672862203125 0.43395156718749994 0.4608619015625 0.47650420000000004 0.45733098906249997 0.5238703546875 0.4609777015625 0.5343176109375001 0.46896653125 0.5319391578125 0.5046264640625 0.5617793109375 0.511813259375 0.55469694375
1 0.361604928125 0.369673325 0.35568109375 0.3926722828125 0.40973798125 0.4216118265625 0.4150151375 0.42095601406250005 0.41522324531250004 0.406981271875 0.4076993578125 0.38048042187500003 0.398398834375 0.36787210625 0.37777750781249997 0.36119712812500004 0.3698374078125 0.362645759375 0.361604928125 0.369673325
1 0.7930051640625 0.5712983390625 0.8021898875 0.5260932421875 0.8098679984375 0.4696206703125 0.8167887859375 0.4476063375 0.8129735281249999 0.42036747031250005 0.8066770578125 0.400457578125 0.7998445609375 0.3907757390625 0.7835521640625001 0.3815305015625 0.7730465796875 0.381912303125 0.7543927906250001 0.3977174765625 0.7428019609375001 0.42881082812500004 0.7366344781249999 0.4564588984375 0.737144134375 0.46674175 0.7673583625 0.4804461046875 0.7696406375 0.5169283953125 0.76223255 0.5482409546875 0.75349155 0.6550061546875 0.7428093875 0.7187803046875 0.7447545671875 0.7216793765625 0.7544621328125001 0.6765016796875 0.7578823984375 0.6412506234375 0.7678204265625 0.6016792640624999 0.7830184078125 0.6117995203125 0.7845341890624999 0.6529035249999999 0.7827799109375 0.6863771390625 0.7846763625000001 0.6902060343749999 0.7869626515625 0.6865963484375001 0.7926113078125 0.6188288984375 0.7930051640625 0.5712983390625
1 0.45151552968750003 0.314713246875 0.4484535765625 0.29310811718749996 0.44224138281250003 0.28159403125 0.4330251328125 0.277381521875 0.431572403125 0.3351127296875 0.43399169843749996 0.33896902500000003 0.4495307890625 0.3425805234375 0.45151552968750003 0.314713246875
1 0.9025338515625 0.3420796203125 0.8932556859374999 0.349052384375 0.883636409375 0.36253390625000004 0.8800475984375 0.380993353125 0.8764163453125 0.5803316171875 0.8741036828125001 0.6044522031249999 0.87557475 0.6063940515625 0.8874487890625 0.5398852359374999 0.8905503015624999 0.5307240156249999 0.89497669375 0.5262941109375 0.9054335453125001 0.52684213125 0.910174675 0.53641436875 0.9066924921874999 0.5828506984375 0.9083940234375 0.5903988828125 0.909634628125 0.5867343953125 0.9158548578125 0.5180645234375 0.9356242828125 0.4109449234375 0.9365988812499999 0.39234847031250003 0.93170239375 0.355729171875 0.919787659375 0.342983853125 0.9025338515625 0.3420796203125
1 0.78528006875 0.3685677859375 0.79730545 0.36919800937499997 0.7943765 0.3550588625 0.787774465625 0.35098335937499997 0.7864891468749999 0.3154856921875 0.7778932015625 0.30944093906250003 0.7715703578124999 0.31004195 0.7564394484375 0.35866492499999997 0.78528006875 0.3685677859375
8 0.8110827593750001 0.9666410000000001 0.8225142109375 0.9485925671875 0.8221862890624999 0.9448458750000001 0.8141131843749999 0.9388285218749999 0.8129832265625 0.930377915625 0.8153933515625 0.9043976828125 0.81392228125 0.9024558359375 0.8055568 0.9020174187500001 0.7989415765625 0.908197365625 0.7908421015625 0.9226909125 0.7864025234375001 0.9373762687499999 0.7858664937500001 0.9476043171875 0.7895132046875 0.958051575 0.8020969734375001 0.9680348265625 0.8110827593750001 0.9666410000000001
8 0.44889555625 0.6148011671875 0.44718083750000004 0.61750843125 0.44835952656250005 0.6250292171875 0.45690674218750005 0.6320037921874999 0.47881740625 0.6340844578125 0.48401028906250004 0.6250328390625 0.482977790625 0.6147225890625 0.4760478328125 0.6069003921875 0.45655646406250006 0.6086760234375 0.44889555625 0.6148011671875
2 0.5963463640625 0.6523647828125 0.5897403125 0.688381259375 0.5907240812500001 0.699621334375 0.6129007515625 0.7166339625 0.6310185125000001 0.7110568390625 0.6362113953125 0.7020052234375 0.6462508984374999 0.6204822390625 0.6599067265625 0.61000939375 0.663132071875 0.578477625 0.6489442328125 0.55908654375 0.6398122578125001 0.5632698390625 0.628185884375 0.5850375624999999 0.6041838515625 0.58284729375 0.602225484375 0.5902036703125 0.60454731875 0.5959196125 0.5980651 0.609565540625 0.596044815625 0.6281071921875 0.5963463640625 0.6523647828125
2 0.34927852656249997 0.8249594281249999 0.3458754640625 0.8098630578125 0.3468856046875 0.8005922312499999 0.335626715625 0.7953402953125 0.329583065625 0.8006178203125 0.3314176015625 0.8156319890624999 0.3269292921875 0.831247165625 0.32480753125 0.891740440625 0.3370989203125 0.9073026296875 0.344795371875 0.9105031109375 0.34920342187500003 0.8464001515625 0.34927852656249997 0.8249594281249999
2 0.24834639374999998 0.6900694671875 0.24697278437499998 0.6862679734375 0.2432154265625 0.6879358125 0.23623673906249998 0.6810434390625 0.233999178125 0.6837233031250001 0.2303971796875 0.7124382 0.2327190125 0.7181541421875 0.2285677984375 0.7673525390625 0.230548521875 0.7795772390625 0.24512620156249998 0.7915297406249999 0.249556609375 0.7470078578125 0.24834639374999998 0.6900694671875
1 0.9428913343750001 0.4523503375 0.9532679312499999 0.4044105765625 0.9718099375 0.2907000125 0.966448509375 0.2829600203125 0.956186575 0.278692709375 0.9514809906249999 0.2784461 0.9431023203125 0.288263134375 0.9335145718750001 0.3511622640625 0.9383978718750001 0.398037009375 0.9320710140624999 0.4387299984375 0.9322040156250001 0.4461959796875 0.9394750843749999 0.44750941875 0.9428913343750001 0.4523503375