5 0.6403961218750001 0.784486615625 0.6596789140625 0.8256757046875001 0.66414066875 0.829000190625 0.7299722671875 0.789181103125 0.735805215625 0.788456575 0.7425391375 0.78159795625 0.80394845625 0.7487586359375 0.81541335 0.74008751875 0.8177932046875 0.727849621875 0.7750996625 0.66895013125 0.73698266875 0.68858709375 0.690236490625 0.7180740015625 0.636716915625 0.7441152765625 0.6268780656249999 0.7549320484375001 0.63174183125 0.772700659375 0.6403961218750001 0.784486615625
5 0.8981802546875001 0.6867329140625 0.9938708078125 0.6300449218749999 0.995839409375 0.5924817625000001 0.98716064375 0.5811628046874999 0.9739907562499999 0.5670797609375 0.9677414265625 0.564691809375 0.86705929375 0.617107515625 0.85743581875 0.6238147015625 0.8566425328125 0.6278940000000001 0.8588859640625 0.6403741953125001 0.8642343218749999 0.6488962390624999 0.8930867453125 0.6844055390625 0.8981802546875001 0.6867329140625
5 0.5164109265625 0.817137128125 0.512365553125 0.8169251203125001 0.5079432734375 0.8239048859375 0.3956885578125 0.8870465046874999 0.3781753421875 0.900551734375 0.366979665625 0.904085865625 0.3500982015625 0.9165939859375 0.29710269375 0.94369294375 0.293943921875 0.9486784921875 0.294198771875 0.9548731609375001 0.29649604687500003 0.9663259578125001 0.2997481359375 0.9706172671875001 0.30271794375 0.9903470578125001 0.4133578046875 0.9961454484375001 0.4253019 0.9854390093750001 0.43476384218749997 0.9818140140624999 0.5517638984375 0.90552825 0.5543447593749999 0.900512415625 0.5396708828125 0.8708972734374999 0.5347389031249999 0.86548770625 0.5329656984375 0.8550925906250001 0.5286654734375 0.8486859156250001 0.5212352171875 0.8246014875000001 0.5164109265625 0.817137128125
5 0.162554046875 0.48128498906250006 0.2137476109375 0.46645421562499995 0.22773952031250003 0.453794659375 0.2504539359375 0.44056201406250006 0.28072066093750003 0.438027353125 0.2937972296875 0.44283353906249995 0.309777721875 0.43645951250000004 0.31004693906249997 0.4313225296875 0.29867899531250003 0.40497129843749996 0.2941633984375 0.40267420937500004 0.1712263375 0.437440090625 0.1631355890625 0.437016071875 0.14825707500000002 0.44447806874999995 0.15625087499999998 0.4799244359375 0.162554046875 0.48128498906250006
5 0.47929943125 0.37528891249999996 0.4795148046875 0.37117932656249997 0.4845688390625 0.36320245 0.49928582187500004 0.3588226421875 0.4979828390625 0.3505126078125 0.39108011249999997 0.3778770640625 0.38692705156249996 0.3797198484375 0.38555585625 0.38376886093749996 0.3880685046875 0.3911120734375 0.3937399234375 0.3934697359375 0.4479845703125 0.375708209375 0.47929943125 0.37528891249999996
5 0.5759612953125 0.3442971015625 0.5816865578125 0.3456273671875 0.5941995859375 0.33907161874999997 0.669410546875 0.319318234375 0.6725154734375 0.3153600828125 0.6698412953124999 0.3110990609375 0.6605014078125 0.3013376109375 0.5998459 0.319793378125 0.5941206359375 0.3184631109375 0.5910157093749999 0.32242126249999997 0.5733553296875 0.3276770328125 0.5719302890625 0.332753440625 0.5759612953125 0.3442971015625
8 0.8594997171875001 0.6950079390624999 0.8642845328125001 0.6921680453125 0.8659393156249999 0.6716504 0.8597043546875 0.6579307984375 0.8405938296875 0.6466270749999999 0.8289279296875 0.6480761265625 0.8249220312500001 0.6581683703125 0.839287215625 0.68261624375 0.8492050140625 0.6924079796875 0.8594997171875001 0.6950079390624999
8 0.5818619875000001 0.8288090203125 0.5863237421874999 0.8321335062499999 0.5854766140625001 0.8372402031249999 0.5917115734375 0.8509598031250001 0.6015216859375 0.8628063328125 0.60672288125 0.8630789156249999 0.617502178125 0.85643230625 0.62024456875 0.84833428125 0.62020509375 0.8380300265624999 0.61649715 0.8203219875000001 0.6012848375 0.8009808109375 0.5898881546875 0.7972928828125 0.5784771046875 0.8049366015625001 0.578879115625 0.8193807281250001 0.5832870265625 0.8237326109374999 0.5818619875000001 0.8288090203125
8 0.12959877343749998 0.490890278125 0.1305679578125 0.47239713906249997 0.12810915312499999 0.46402653125000004 0.12243773437500001 0.4616688671875 0.1094006390625 0.4671669328125 0.10707462812499999 0.47837743593750004 0.10800070625 0.4938792453125 0.1125163046875 0.496176334375 0.12959877343749998 0.490890278125
1 0.23794090781250002 0.44711776406250003 0.2185324265625 0.463614321875 0.1984778234375 0.49243964062499995 0.1887861359375 0.5115058718750001 0.1810830296875 0.5368576296875001 0.1746039578125 0.549910915625 0.17700891875 0.559308921875 0.1735127171875 0.5817905 0.15973618125 0.5903404671875 0.14599911875 0.609194690625 0.14295877343750002 0.6450929984375 0.14505504062500002 0.6493237328125 0.143145409375 0.6636467109375 0.14459555625 0.6802062046875 0.152564246875 0.6940166671875 0.15955301875 0.693352715625 0.19808639374999998 0.67682823125 0.214806325 0.6674023015625 0.22038442656249999 0.66048310625 0.2260020015625 0.6638681671875 0.2622775765625 0.6461951390625 0.2804081796875 0.64302445 0.319465621875 0.6275576484375 0.32204648125 0.6225418140625 0.3234607828125 0.5844978515625 0.3207794984375 0.5029700734375 0.3197457328125 0.48952305625000003 0.31488196875 0.4717544421875 0.2941597671875 0.44697341249999994 0.2817687953125 0.4401427203125 0.265641140625 0.4382672875 0.23794090781250002 0.44711776406250003
1 0.952694740625 1 0.97556975 0.9792498953125 0.9768716609375 0.954407971875 0.9631141984375 0.9404790453125 0.962859346875 0.934284378125 0.9687066671875 0.922228203125 0.9732510015625 0.901861990625 0.9799454484375 0.8846991187500001 0.980577203125 0.8837020078125001 0.9873184187499999 0.7550719484374999 0.985990296875 0.75829904375 0.9336194375 0.7071341359375001 0.8571162328125 0.751545040625 0.8537026109375001 0.750335921875 0.850612053125 0.742962425 0.8538390375 0.7256178296875 0.8528447453125001 0.7224750640625001 0.8434366453125 0.7250726625 0.8403317171875001 0.7290308140625 0.8348181984374999 0.7678901640625 0.82860834375 0.77580646875 0.8298969578125 0.7954481515625 0.835446321875 0.8111922593750001 0.8285508687500001 0.8211330671875 0.8231737734375001 0.835274325 0.8116370375 0.9006036921874999 0.8064214734374999 0.9116627578125 0.8028463203125 0.9135358296874999 0.8060984109374999 0.9178271375 0.8068773265625 0.9250794890625 0.7946549921875 0.9924333624999999 0.79969465625 0.9957881359374999 0.8040630921874999 0.9898357640625 0.8116334046875 0.9449028953124999 0.815693146875 0.9337832546874999 0.8175094609375 0.91018341875 0.822979875 0.90531901875 0.8219855828125 0.9021762546875 0.8424816734375 0.8980993171874999 0.846326040625 0.8910892609375001 0.852158990625 0.8903647359375 0.8537994046874999 0.8811787390625 0.8709500859375 0.8635336359375 0.8740944875000001 0.8698797390624999 0.873301203125 0.8739590390625 0.88764128125 0.87677100625 0.890879003125 0.8923939656250001 0.9040094156249999 0.89617275625 0.905944153125 0.90348568125 0.915754265625 0.9153322109375001 0.9159014265625001 0.9235816703124999 0.9198785890625001 0.9361527265625 0.92224044375 0.97954568125 0.9002259968749999 0.979422171875 0.8947161078124999 0.9739823187500001 0.8938689796875 0.9790890140625 0.8993250234374999 0.9855562656249999 0.9034780859374999 0.9837134796875 0.90499644375 0.987913928125 0.9030473375 0.991932653125 0.908354121875 1 0.952694740625 1
1 0.688546178125 0.3522578609375 0.6842423234375 0.3901503890625 0.6811193953125 0.4497393953125 0.6831618203125001 0.45499752656250003 0.6900429031249999 0.4563883671875 0.6887255515625 0.45940998281249995 0.692070959375 0.47297814687499995 0.7090457421874999 0.469746884375 0.7109948484374999 0.46572815937499995 0.7270759203125 0.3800325828125 0.72932298125 0.348213571875 0.7254140312499999 0.3232834703125 0.715133696875 0.3093518609375 0.70258119375 0.30560335625 0.68580741875 0.3160566828125 0.6899461109375 0.32554555 0.687997003125 0.32956427499999996 0.688546178125 0.3522578609375
1 0.5132741015625 0.39046229062500004 0.5100327484375 0.41913853593750006 0.5101224359375001 0.47271459531250004 0.5110305140625 0.5438472609375 0.5135431609375 0.5511904703125 0.5253167484375 0.5476866265625 0.5278437640625 0.5436981875 0.5326502125 0.4409282359375 0.533594290625 0.4007991921875 0.531928771875 0.388349284375 0.5308806374999999 0.3862339171875 0.5234611171875 0.39511704375 0.518152234375 0.396899253125 0.5141607046875001 0.395659846875 0.5132741015625 0.39046229062500004
2 0.0911765609375 0.6269259296875 0.09051606875 0.650586340625 0.09355278593750001 0.658987234375 0.0923143828125 0.6826173578125 0.0950280359375 0.6971826328125 0.0947982921875 0.7126238703125 0.09626280625 0.7178517140625 0.10030818125 0.7180637234375 0.09561668437500001 0.7301804734374999 0.09856008125 0.7293045125 0.10184090781249999 0.7109325203125 0.118291621875 0.7066435734375001 0.1320681578125 0.6980936046874999 0.1431561484375 0.696614265625 0.1440032765625 0.69150756875 0.1391933546875 0.6727115593749999 0.1397317890625 0.66243759375 0.1431059359375 0.6533424578125 0.1408086609375 0.6418896593750001 0.141347096875 0.6316156937499999 0.1449366171875 0.618410971875 0.1431024609375 0.531776496875 0.14053596875000002 0.52546068125 0.08923471875 0.5423462484375 0.0872712421875 0.5576966234375 0.0903725390625 0.5980376765625001 0.08900134374999999 0.6020866890625001 0.0911765609375 0.6269259296875
7 0.10639281874999999 0.270237575 0.1094402703125 0.31160602187499997 0.11384818125 0.31595790468749996 0.151534428125 0.3045401171875 0.1625147296875 0.30511557031250003 0.1769768640625 0.294541096875 0.1789798125 0.28949497343749997 0.18181552343750002 0.29067380625 0.1816001484375 0.2947833921875 0.2093937 0.295209771875 0.2118668734375 0.2922487296875 0.2476040125 0.2848496671875 0.24541805781249998 0.2270428734375 0.24610728750000002 0.1807191625 0.24405412499999998 0.14249347968749998 0.10406333281249999 0.15988211562500002 0.10078250625 0.1782541078125 0.10462324375000001 0.21554325468750002 0.1030905171875 0.2226744578125 0.106999465625 0.2476045609375 0.10639281874999999 0.270237575
7 0.34168154375 0.1373077296875 0.34105326406250003 0.25987079999999996 0.44342602343750004 0.24154090468749997 0.44532128593750003 0.238549575 0.44828631406249997 0.13774355625 0.44467168749999997 0.12931237499999998 0.411569253125 0.1306682046875 0.394339621875 0.1277048015625 0.39228282812500004 0.1337783203125 0.38314394531249996 0.1312389359375 0.3771494640625 0.13504565156249998 0.34168154375 0.1373077296875
7 0.5299116078125 0.2388618921875 0.5701643468750001 0.23375992031249998 0.5750568484375 0.22886523281249999 0.61131805625 0.2225238546875 0.6132671609375 0.21850512812499998 0.618127453125 0.1147077828125 0.6173485359375 0.10745543125000001 0.6110453625 0.10609487656250001 0.529800446875 0.11935072656250001 0.52716574375 0.1253939578125 0.526142715625 0.14491449375 0.5248181 0.23653451718750002 0.5299116078125 0.2388618921875
7 0.5360567265625 0.36487059843749997 0.533633765625 0.4111034453125 0.53449163125 0.438964303125 0.531964615625 0.4429527421875 0.5345311046875 0.44926855625 0.533522446875 0.45745744374999997 0.531049275 0.460418484375 0.5337234515625 0.46467950625 0.533185015625 0.474953471875 0.5301339328125 0.47788422812500003 0.5319215093749999 0.47694769218750005 0.5333321796875 0.48320293281250004 0.5308590046874999 0.486163975 0.531691765625 0.492388928125 0.5292185921875 0.49534997187499996 0.5325783687500001 0.4975864859375 0.5319860890625 0.5088878484375 0.5340285140625001 0.51414598125 0.5280196640625 0.529284346875 0.5301159328125 0.5335150828125 0.5281129828125 0.5385612046875 0.5289852171875 0.5550904109375 0.5358124578125001 0.5575086484375 0.5424386921875 0.552704821875 0.54816395625 0.5540350890625 0.5589145140625 0.5700517796875 0.5887755968749999 0.59737219375 0.6087476203125 0.5922375718749999 0.6391364 0.5763164656249999 0.640399909375 0.5743222484375 0.6390430828125 0.567039609375 0.6264654734375 0.5416552015625 0.6171794296875001 0.53086635625 0.6168707375 0.5256990859374999 0.6648122125 0.50657700625 0.6744356859375 0.49986982031249994 0.6773539765625001 0.47735795468750003 0.6752577078125 0.473127221875 0.674801853125 0.459710490625 0.6791164453125 0.4547855171875 0.680559484375 0.394078253125 0.68351725 0.381870640625 0.68370751875 0.3561251515625 0.68571046875 0.35107902968750004 0.6869488703125 0.32744890625 0.6821784234375 0.31895715 0.6683624125 0.317202865625 0.6522742328125 0.3256316859375 0.5894686140625 0.340884115625 0.583366446875 0.346745625 0.539215496875 0.3598850484375 0.5360567265625 0.36487059843749997
7 0.46217748593749997 0.37027071562499997 0.4561291625 0.37510483125 0.447460503125 0.37465052499999996 0.4461036765625 0.3673678875 0.44379203437500003 0.3672467390625 0.4336983359375 0.3718688421875 0.4309559453125 0.37996686875 0.41381963125 0.3862803203125 0.40888765468750005 0.3808707546875 0.40262395624999997 0.3898144546875 0.3915359671875 0.3912937953125 0.38537995625 0.3981827015625 0.3670339796875 0.4054629765625 0.355999834375 0.4059149203125 0.33807023593749996 0.416307671875 0.3239850078125 0.4196903703125 0.3214579890625 0.423678809375 0.3203380125 0.47822169218750005 0.32420385625 0.5371467453125 0.326641028125 0.6454474109375 0.3310489390625 0.64979929375 0.3565990625 0.637745478125 0.36237816875 0.6380483484374999 0.375117309375 0.6603505671875001 0.3979896203125 0.6883349328125 0.4238484359375 0.6814483890624999 0.4627048703125 0.658759525 0.46418375312500004 0.65265571875 0.4617787921875 0.6432577140625 0.44439126250000005 0.599077296875 0.5043755421875 0.5713143875 0.50937573125 0.56436490625 0.5098461125 0.400584821875 0.51345 0.37604845 0.50779295 0.3623591359375 0.5038552625 0.360092334375 0.47663962031249996 0.35969624218749996 0.46748636875000005 0.36848850624999996 0.460766815625 0.36401547500000003 0.45892539687499995 0.365979409375 0.46217748593749997 0.37027071562499997
7 0.7914715859375 0.4781875140625 0.8077464000000001 0.48831240625000005 0.819936365625 0.48792103750000004 0.8382823453125001 0.4806407609375 0.8461720859374999 0.47384271718750004 0.8464413046875 0.468705734375 0.8357984328124999 0.45063424999999996 0.8284471265625 0.447158328125 0.8214727234374999 0.43649063125 0.8305182890625 0.42975316093749993 0.8719412156249999 0.4133801109375 0.8882161875 0.2576398390625 0.8755021546874999 0.256973525 0.7778459984375 0.2848225734375 0.7755738296875 0.2950056796875 0.76409804375 0.4365744078125 0.7614633390625001 0.44261763906249996 0.7622422546875 0.449869990625 0.7914715859375 0.4781875140625