7 0.2778159359375 0.561504953125 0.277144328125 0.5659826 0.29219006406250003 0.5699150171875 0.2992201375 0.557792884375 0.3767113234375 0.55348184375 0.395467625 0.5682315 0.40847643125 0.5711986828125 0.593990646875 0.562656946875 0.6801855421874999 0.5560757765625 0.6827399234375 0.550358803125 0.6761060203125 0.525900103125 0.61877955625 0.382034734375 0.6167040874999999 0.380518359375 0.5806395453125 0.385809415625 0.5599069546875 0.3850438375 0.511026303125 0.39012341093749997 0.353142696875 0.399502203125 0.3101030578125 0.40361949687500004 0.2997092734375 0.4098846546875 0.27799675625 0.4091876 0.27286589375000003 0.4062233734375 0.250327609375 0.407799403125 0.24710161875 0.4179940234375 0.270972346875 0.44955493750000003 0.2608483390625 0.4596780765625 0.25389534375 0.47290248906250004 0.24515875625 0.5028666828125 0.2331355390625 0.52807618125 0.260617653125 0.5549538796875 0.2778159359375 0.561504953125
7 0.7099363734375 0.6858081984375 0.7063193234375 0.662246209375 0.6755613546875 0.5885215796875001 0.414741378125 0.5762989468749999 0.40784336093749995 0.5762274671875 0.40211796718750004 0.57884316875 0.40265752031249996 0.5865591328125 0.41161456875 0.6019940187499999 0.402085090625 0.6065372328125 0.39415217187499996 0.61983016875 0.38658254375 0.6242363359375 0.3771743484375 0.658678171875 0.39514342187499996 0.676252053125 0.41207192968750006 0.67894514375 0.4231758640625 0.66875348125 0.4546490953125 0.6682141640625 0.47295936093749996 0.6625031031249999 0.47997299687500006 0.6642280031250001 0.48940895781249993 0.6724295421875001 0.539021859375 0.677821634375 0.6942961078125001 0.6874557078125 0.7099363734375 0.6858081984375
7 0.48956311562500004 0.674634103125 0.4807273484375 0.6890978421875 0.47680764687500005 0.689371934375 0.4740991078125 0.6928843453125 0.474754278125 0.7022537328125 0.470124428125 0.7064543296875 0.4646744734375 0.7411732171875001 0.4739948140625 0.747721334375 0.5886846265625 0.7402552765625 0.6440614609375 0.743582809375 0.7343687546875 0.7394832499999999 0.735904671875 0.733283659375 0.72856061875 0.7127514640625 0.71812263125 0.6902202765625 0.710877759375 0.6851885359375001 0.696294496875 0.6878698015625 0.48956311562500004 0.674634103125
7 0.5804105140625 0.7768331546875 0.4728278546875 0.7732793609375 0.4677740703125 0.7714174140625001 0.4570719703125 0.7732734484375 0.4463976359375 0.817772859375 0.45010820156250003 0.828590096875 0.45825591875000005 0.8324510343749999 0.4680551734375 0.8317658046874999 0.48011693125 0.8071074453125 0.4899932640625 0.807524496875 0.512399490625 0.8181420765625 0.5482548984375 0.8239423531250001 0.6720723515625 0.8202687109375001 0.6830442296875 0.8222706593750001 0.711577684375 0.8219369109375 0.7281593375 0.8196697390625 0.72441023125 0.8083013609374999 0.7009248984374999 0.78225185 0.668548821875 0.7839619703125 0.585695534375 0.7820019421875 0.5804105140625 0.7768331546875
7 0.552273228125 0.74058606875 0.545837684375 0.7471282734375 0.5322728875 0.7502921578125 0.5294322921875 0.76599818125 0.5374864921875 0.7826038703125 0.5794691265624999 0.7774528171874999 0.5846770703125 0.781519325 0.5974161 0.780628525 0.6547913265624999 0.7843701515625 0.68524609375 0.7833482187499999 0.7123977890625001 0.7914186234375 0.7519802 0.794189103125 0.752420571875 0.786404615625 0.7385032546875 0.75636303125 0.7321612296875 0.7501604859375 0.6749401625 0.74862341875 0.5689705 0.7399723171875 0.552273228125 0.74058606875
7 0.7281978765625 0.820220878125 0.761515340625 0.8178910937499999 0.7517489625 0.7908822609375 0.712436328125 0.7919697625000001 0.71516696875 0.8028555234375 0.7281978765625 0.820220878125
7 0.48253961093750003 0 0.4691899390625 0.0009335 0.4705609421875 0.008591325 0.4780370515625 0.016929909375 0.483035859375 0.032087746875 0.455790646875 0.03676209375 0.45438678593750004 0.030768073437499998 0.4492944625 0.0283549875 0.44451045312500004 0.030351023437500003 0.4326413921875 0.057765084375 0.43568035 0.07305996718749999 0.444367621875 0.08463687187499999 0.48929003125000003 0.0792802484375 0.5111952453125 0.0827330046875 0.5064718781249999 0.099678353125 0.5281186421874999 0.1557635359375 0.7307319609375 0.1382724203125 0.7331707234375 0.1309020265625 0.7168758937499999 0 0.48253961093750003 0
7 0.555270890625 0.26241658437500004 0.5641344203124999 0.2905962234375 0.573014390625 0.304928828125 0.6113856390625 0.304460990625 0.7435984875 0.29410809531250004 0.736854078125 0.1976585328125 0.7313871328125 0.1476418078125 0.72696641875 0.140751075 0.527292875 0.15803662031250001 0.5288344546875 0.18008223437499998 0.538639371875 0.20764220781249998 0.5162937859375 0.211973940625 0.513122771875 0.2088726671875 0.5102215343750001 0.2096293765625 0.500714159375 0.22857076250000002 0.498545171875 0.2397991390625 0.5013143515625 0.251236040625 0.514576496875 0.27190823750000004 0.5151545890625 0.28017534374999997 0.52107268125 0.2803153453125 0.5255869125 0.2744613265625 0.5201862734375 0.2676391171875 0.5354411453125001 0.26048020312500003 0.5471231703125 0.258555646875 0.54829579375 0.26124282499999996 0.555270890625 0.26241658437500004
7 0.7437526453125 0.2963126578125 0.6986375375 0.29891357812499997 0.5839862671875 0.3069307765625 0.5763781 0.31078580312500004 0.5793785171875 0.3255295453125 0.5748642859374999 0.33138356562500004 0.5857131875 0.3453569546875 0.5843646796875 0.371149209375 0.5672259453125 0.3747227453125 0.5686106640624999 0.38277370781250003 0.5878623171874999 0.376442984375 0.5948759531250001 0.378167884375 0.5965660265625 0.37417285625 0.6023685000000001 0.3726594359375 0.606557978125 0.3762433265625 0.6203540125 0.376386284375 0.637904815625 0.4161428265625 0.6479837078124999 0.41100735781250003 0.6708754234375001 0.408852778125 0.7582814828125 0.40550992812500003 0.7468465796875 0.29831165 0.7437526453125 0.2963126578125
7 0.6646274671875 0.4884881265625 0.7489395890625 0.4831462828125 0.7606216140625001 0.48122172656249995 0.7672498546875001 0.4774352234375 0.758088784375 0.40275422499999997 0.7474252234375001 0.40516140156249997 0.6463772890625 0.41056585468750006 0.6381139515625 0.4050514953125 0.6367486312499999 0.399608615625 0.6329060078125 0.40098498749999995 0.64109793125 0.433642271875 0.6646274671875 0.4884881265625
7 0.7766365015625001 0.52717785625 0.7791523437500001 0.52090974375 0.7712080968749999 0.4777122703125 0.7666717625 0.46916811562499994 0.759641690625 0.48129025 0.7557605281249999 0.48211548125 0.66662585625 0.4889022203125 0.66614694375 0.4961355671875 0.680642353125 0.5344442578125 0.7130955078125 0.5338364171875 0.7766365015625001 0.52717785625
7 0.7615182468749999 0.35322307343750003 0.78405653125 0.3516470421875 0.788724921875 0.347997584375 0.781584340625 0.2881288546875 0.7501881890625001 0.28977045156250003 0.74834395625 0.29156092031249997 0.7554845359375 0.3514296484375 0.7615182468749999 0.35322307343750003
7 0.742937653125 0.2564935046875 0.746477621875 0.2789532140625 0.7495715578125 0.28095220625 0.7759910031249999 0.27855094375 0.7816778578125 0.275384103125 0.7782807203125001 0.198638546875 0.7720928515625001 0.1946405625 0.7387753874999999 0.19697034687499998 0.742937653125 0.2564935046875
7 0.7435208578125 0.1944231703125 0.7718230765625 0.1907825796875 0.7762987671875 0.18437742031249998 0.7682275765625 0.08303611875 0.731067490625 0.08674227500000001 0.7346187875 0.1656923921875 0.73815875625 0.1881521015625 0.7435208578125 0.1944231703125
7 0.7177289499999999 0 0.7271256875 0.0726181953125 0.73283464375 0.0838495265625 0.7641922578125 0.0816567890625 0.7669393359375001 0.07869551875 0.7645992015624999 0.0029837203125 0.764301525 0 0.7177289499999999 0
7 0.7658246953125001 0 0.768871421875 0.0359150953125 0.7875670828125 0.0357154390625 0.7912940875000001 0.03268564375 0.789008484375 0 0.7658246953125001 0
7 0.76904768125 0.052517829687499996 0.7729237312499999 0.12203003750000001 0.776981153125 0.1378075390625 0.7916029546875001 0.1356774125 0.7932930296875 0.1316823828125 0.7897031937500001 0.052181124999999995 0.7863394828125 0.0463241515625 0.7735619125000001 0.046663809375 0.76904768125 0.052517829687499996
7 0.7751369203125 0.1395980046875 0.7775360046875 0.17390649375 0.774801390625 0.19112815156250001 0.7801634921875 0.19739922031249998 0.793882446875 0.19643989687500002 0.7965909859375 0.1929274859375 0.789758721875 0.13746787968750002 0.776981153125 0.1378075390625 0.7751369203125 0.1395980046875
2 0.4962695375 0.869115171875 0.4883366171875 0.88240810625 0.4817197015625 0.9426850203124999 0.4969966765625 0.949924278125 0.654786765625 0.9532902375000001 0.674462353125 0.9530220593750001 0.6831660625 0.9507519296875 0.694561321875 0.8602337765625 0.6919791765625 0.8233073718749999 0.6641944109375 0.8202657546875001 0.563146475 0.8256702078125 0.5283480734375 0.820903690625 0.526234065625 0.8188361765625001 0.5134564953125 0.8191758359374999 0.505963946875 0.8246842828125001 0.4962695375 0.869115171875
8 0.48015602187499995 0.9062412328124999 0.47612070156249997 0.9048619046875 0.468551075 0.9092680703125 0.4613504046875 0.9330326718749999 0.4629855015625 0.9423335359375 0.47203606562499995 0.9450236703125 0.4806626984375 0.9416512609375 0.4877313109375 0.9300802703125 0.4855566609375 0.9130634421874999 0.48015602187499995 0.9062412328124999
8 0.282797203125 0.3933445328125 0.27749574374999997 0.4020227765625 0.2707904234375 0.404707 0.28074383593749996 0.4062263296875 0.32174654375 0.4011438 0.3191700625 0.3924626 0.310752565625 0.3847436796875 0.2921725234375 0.38659675781249997 0.282797203125 0.3933445328125
8 0.4036980859375 0.6014399218750001 0.4049256875 0.590831209375 0.397102721875 0.5775323609374999 0.38711077031249996 0.5754618921875 0.377542753125 0.5794539640624999 0.375852678125 0.5834489921875 0.3745315609375 0.60680245625 0.3760895796875 0.6150010390625 0.382277446875 0.6189990234375 0.39192254375 0.6161092312500001 0.4036980859375 0.6014399218750001
8 0.46301341718750005 0.027395664062500002 0.4690856671875 0.0297402265625 0.4773269046875 0.020856414062500002 0.4691570828125 0.002597303125 0.4670816140625 0.001080928125 0.46241322343749997 0.0047303859375 0.45937992968749997 0.017680707812499998 0.46301341718750005 0.027395664062500002
8 0.5143118328125 0.19771281406250002 0.521264828125 0.1844884015625 0.5205711171875 0.17456787499999998 0.512153621875 0.1668489546875 0.5005101359374999 0.1693246515625 0.5004772578125001 0.197018715625 0.5056081234375001 0.19998294218749998 0.5143118328125 0.19771281406250002
8 0.5704492343750001 0.3527380375 0.5753103203125 0.35184428125 0.5817458640625001 0.3453020765625 0.5787069078125 0.330007190625 0.5698875796875 0.3306238984375 0.5661605765625 0.33365369375 0.5649715140625 0.344813546875 0.5704492343750001 0.3527380375
1 0 0.32994841406250003 0.0781685046875 0.325685940625 0.1917242328125 0.3160838453125 0.1989855421875 0.3072685546875 0.20351621406249998 0.28756750468750003 0.18395058125 0.2612439015625 0.1952857515625 0.2543590796875 0.24232217031249997 0.25106997343750004 0.25129565781249996 0.2526578265625 0.2827581125 0.29421074687500004 0.2943080828125 0.3044798 0.38568881875 0.287566965625 0.4203109625 0.27573075 0.446901003125 0.261687015625 0.4587150859375 0.247568846875 0.4624585296875 0.23069202187500001 0.4530775453125 0.20919459218749997 0.43239993125 0.195133121875 0.3981189828125 0.183684396875 0.370218596875 0.178989359375 0.3336530421875 0.1771155890625 0.292496175 0.17999355781249998 0.025576737500000002 0.22136563125 0 0.21869163593750002 0 0.22949500312499999 0.005653475 0.2321740015625 0 0.2444057625 0 0.32994841406250003
1 0.4502267265625 0.3655754953125 0.3904512765625 0.369755403125 0.355482278125 0.37663135468750003 0.3526966609375 0.3790414859375 0.360943559375 0.398402878125 0.4699079765625 0.3935525203125 0.5157717734375 0.387576234375 0.5134650656249999 0.3827530171875 0.5021077953125 0.375239665625 0.4502267265625 0.3655754953125
1 0.58701555 0.5614831875 0.49192424843750004 0.5675787828125001 0.48808162499999996 0.56895515625 0.4873714765625 0.5728816625 0.49265649843750003 0.57805045 0.5105263921875001 0.5801238765625001 0.5545844953125 0.5764891984375 0.5799083984375 0.5725030390625 0.6019842078125001 0.5643133234375 0.58701555 0.5614831875
2 0 0.07849464375000001 0.034901020312499996 0.131324596875 0.2445047703125 0.1086924453125 0.2874460390625 0.0429955421875 0.2122659921875 0.053347928125 0 0.07792241562499999 0 0.07849464375000001
2 0.0124616921875 0.6956708859375 0.1493996109375 0.686900878125 0.20151626875 0.6433803859375 0.13865484374999998 0.64711148125 0.0092210421875 0.6493274421875 0.0124616921875 0.6956708859375
5 0.42284655000000004 0.8471114765625 0.41496860625 0.847108521875 0.4093973703125 0.8519287828125 0.39624573125 0.9032474468749999 0.450609765625 0.9343375671875 0.45935201406250004 0.932618578125 0.46115770625 0.9302769718749999 0.4753499109375 0.8938390953124999 0.4746562 0.8839185703125001 0.42284655000000004 0.8471114765625