0 0.1316126109375 0.7701764890625 0.107714584375 0.7793345031250001 0.069461809375 0.80083965625 0.05351242187500001 0.8185407453125 0.0298623015625 0.832429109375 0.0255176125 0.8389812624999999 0.026700565625 0.843662609375 0.0314859796875 0.84551996875 0.04174394375 0.8444553328125 0.05120458906250001 0.8460676734374999 0.06085805 0.8513591765624999 0.0639386421875 0.8564681109375 0.06944470781249999 0.9257485765625001 0.0732139296875 0.943997371875 0.0760190671875 0.9438503609375 0.0876788578125 0.9337526109375001 0.11905725468749999 0.92420256875 0.1728172 0.858667596875 0.1736405734375 0.838597 0.16824767499999999 0.8072573453125 0.16533235468750002 0.8053019765625 0.16472486875 0.7758196828125 0.1596089125 0.7676551890625001 0.142695440625 0.7669604734375 0.1316126109375 0.7701764890625
0 0.059108070312500004 1 0.06367512343750001 0.994565896875 0.071319275 0.9794082171875 0.0712061109375 0.9414674078124999 0.0609406859375 0.852935959375 0.051287225000000006 0.8476444578125 0.031651251562499996 0.8486735359375001 0.0233184703125 0.8506913515625 0.0281865171875 0.8541254953124999 0.028434425000000003 0.8588558453124999 0.0182787703125 0.8618726890625 0.0255177171875 1 0.059108070312500004 1
7 0.6950152968750001 0.8576522578124999 0.682194134375 0.7919173890625 0.678206040625 0.7873830546875 0.659670384375 0.7915166953125 0.6148983390625 0.79597125 0.6001028671874999 0.799908878125 0.6119078421874999 0.8820351828125 0.694823971875 0.8718923140625 0.6950152968750001 0.8576522578124999
7 0.6561125734375 0.6699573578125 0.58986200625 0.6760645921874999 0.58064926875 0.6791826015625 0.5838705703125 0.722757940625 0.5888212546875 0.7277688671875 0.593966246875 0.754378171875 0.5980094296875 0.759963696875 0.6661576359375 0.7542840484375 0.6717403671875 0.7534644296875 0.6762227828125 0.7495402515625 0.6645019359375001 0.6869099453125 0.6609530765625 0.6728659046875001 0.6561125734375 0.6699573578125
7 0.638505996875 0.602365128125 0.64499623125 0.6009709140624999 0.6434000984375 0.5884056484375 0.6364966859375001 0.5819159468749999 0.631132821875 0.569021103125 0.5815478187500001 0.5710927046875 0.5610869796875 0.5742731640625001 0.5655187796875001 0.62305544375 0.5754767296875001 0.652047703125 0.650995125 0.643873646875 0.6476375890625 0.615589553125 0.6399368562500001 0.6117768265625 0.6368287203125 0.6061422984375 0.638505996875 0.602365128125
7 0.6191059953125 0.464770825 0.6171532671875 0.4632920484375 0.546062196875 0.4664907359375 0.5433396921875 0.46821453125 0.5556389890625 0.5418823203125 0.5594893546875 0.5437886828125 0.583662834375 0.5398866156250001 0.628517515625 0.53700884375 0.630277428125 0.5348084562500001 0.6296714328124999 0.523245378125 0.61831315 0.52120545 0.619027834375 0.5169516921875 0.6253803437500001 0.512929503125 0.6241422984375 0.50719696875 0.61627629375 0.5002306734374999 0.6197134828124999 0.4942531203125 0.612865159375 0.48881460624999995 0.613634934375 0.48561203593749996 0.619162578125 0.48374123124999996 0.6188595796875 0.477959690625 0.611186390625 0.47467255937499997 0.610828303125 0.46783983124999995 0.6191059953125 0.464770825
7 0.6046916828125 0.42230912500000006 0.6102468703125 0.4209639125 0.6008137703124999 0.4198771671875 0.6015284546874999 0.4156234078125 0.6070285515625 0.4132270078125 0.607467784375 0.403717303125 0.600674553125 0.39932997812500004 0.606009378125 0.3937800109375 0.601937159375 0.369749675 0.5933289234375 0.366511546875 0.53714350625 0.3678749859375 0.5250705390625 0.3700888171875 0.5399546125 0.43940484062499996 0.556675265625 0.436420396875 0.59135461875 0.43618404218749995 0.6046916828125 0.42230912500000006
7 0.7430853125 0.8266729609375 0.7404179 0.82944794375 0.7562675484375 0.935078990625 0.7641350453125 0.9599645000000001 0.847051175 0.9498216296875001 0.8832976218749999 0.94370573125 0.8869000796875 0.94088174375 0.8782337734375 0.9007539937500001 0.871220178125 0.8921619125 0.8635745375000001 0.8894003765624999 0.8603837640625001 0.8821890640625 0.8635730453124999 0.8714811593749999 0.8691282328125001 0.8701359484375001 0.8588933375 0.817968528125 0.8558953812500001 0.814436378125 0.8398894125 0.8131670625 0.835076453125 0.810784109375 0.8365058234375 0.8022765906249999 0.828256421875 0.8148307984375001 0.8212160296875 0.81467273125 0.8176411171875 0.8180223140624999 0.7430853125 0.8266729609375
7 0.69071078125 0.6860634359375 0.6922518234374999 0.6975775109375 0.7091062640625 0.697145878125 0.7093871468749999 0.7203961999999999 0.7184911953124999 0.7330950296875 0.724490090625 0.7759977625000001 0.7278185890625 0.785837046875 0.7326590921875 0.7887455953125 0.7606278484375 0.7856987015625 0.7717106796875 0.7824826828125 0.8351836515625 0.7770480546874999 0.8454140718750001 0.7754578249999999 0.850859078125 0.7720102359375 0.8401849515625001 0.7293525203125 0.837104359375 0.7242435859375 0.8266811234375 0.7221546546875001 0.8244253968749999 0.7148943390625 0.82500235625 0.7080126078125 0.8322348187499999 0.7028902265625 0.8212852406250001 0.6549765671875 0.8113111 0.6554992890625 0.7939209875000001 0.6516673234375 0.725827871875 0.6583981609375 0.706494896875 0.665208778125 0.6993726140625001 0.6724335375 0.69071078125 0.6860634359375
7 0.690870084375 0.6175401359375 0.697525590625 0.6192994890625 0.78451245 0.6152677390625 0.8067056562499999 0.6093613 0.806869434375 0.59459565 0.7995803890625 0.580747625 0.79685639375 0.564552203125 0.7929233906250001 0.56106905625 0.78439779375 0.5594077125 0.7812070203125 0.5521963999999999 0.7910518062499999 0.5432478484375001 0.7812576359375 0.499489940625 0.7334049984375001 0.4988355609375 0.7167118890624999 0.5023456015625001 0.7054086984375 0.5013568609375 0.6897057265625001 0.5058690859375 0.6709497078125 0.5057979718750001 0.6682822953125 0.5085729546875 0.6834433125 0.6010641390625 0.690870084375 0.6175401359375
7 0.7501412625 0.3530229796875 0.7332553390625 0.3528538578125 0.723080009375 0.3554952765625 0.6546563515625 0.3559189796875 0.6417034296875 0.35923300468749997 0.6426950578125 0.37815440625 0.6542215953125 0.41918633281249995 0.65815758125 0.4585079125 0.6631909015625 0.4650956234375 0.6698739515625001 0.46738057031249997 0.69115965625 0.462048728125 0.756723084375 0.46072084843749994 0.775258740625 0.45658720625000004 0.7501412625 0.3530229796875
7 0.734816465625 0.275297446875 0.7219446875 0.26226903749999997 0.7215039625 0.25385952500000003 0.7288190640625001 0.2503139296875 0.7304412484375 0.24548557187500003 0.727936125 0.21557568906250002 0.7220779375 0.2111393609375 0.6396010390625 0.211772525 0.62353998125 0.20945202031250001 0.613529921875 0.21524700624999998 0.627810984375 0.3088383828125 0.6359248953125001 0.320535028125 0.65655100625 0.320508134375 0.7323173093750001 0.3170644296875 0.7415851359375 0.314997609375 0.734816465625 0.275297446875
7 0.431038065625 0.31124524375 0.43464350781250005 0.3442596890625 0.4408322375 0.3550031515625 0.4866770546875 0.35312756562500003 0.484612653125 0.33162719375 0.4807622875 0.32972083125 0.47949520625000003 0.305543484375 0.47443434062499995 0.2984301796875 0.46238891875 0.30116960625 0.44225862187500004 0.31065719999999997 0.431038065625 0.31124524375
7 0.419702853125 0.2559732609375 0.4265541578125 0.2972502078125 0.43043207031249997 0.2996821640625 0.4631862390625 0.2984926296875 0.4743517046875 0.296853396875 0.4770466625 0.29460400781249996 0.4733049859375 0.2768808046875 0.4598562484375 0.2707341296875 0.45517952343749996 0.25305993125000004 0.426165540625 0.25405345156250003 0.419702853125 0.2559732609375
7 0.44433863437500004 0.1893294328125 0.43765558281250005 0.1870444859375 0.43501571562499997 0.1903450640625 0.4248403859375 0.1929864828125 0.4089445984375 0.193819546875 0.41480576718749995 0.2340943078125 0.4177486328125 0.23657526875 0.45143784687500005 0.23533672968750002 0.454105259375 0.2325617453125 0.451808215625 0.2245130375 0.456661 0.20976516875 0.44681472343750006 0.20079450468750001 0.44433863437500004 0.1893294328125
7 0.3983791609375 0.1353449921875 0.40514782968749996 0.17504515468749998 0.41647856875 0.17655948906250002 0.44265986718750006 0.1751873859375 0.43968796406250005 0.15426161249999998 0.4430976078125 0.14775846406249998 0.45228279843749997 0.144114859375 0.4528597578125 0.137233128125 0.44881657343750003 0.13164760312499998 0.4011016625 0.1336211984375 0.3983791609375 0.1353449921875
7 0.39807168593750003 0.075805803125 0.3897389046875 0.077823621875 0.39455484687500003 0.1160450078125 0.39752525781250003 0.11905156406249999 0.43313965468750004 0.11876620625 0.4272784859375 0.07849144531249999 0.4243631671875 0.07653607812499999 0.39807168593750003 0.075805803125
7 0.523549584375 0.2695042546875 0.517223128125 0.2561328203125 0.5208255875 0.2533088328125 0.5204950453125 0.2470017 0.512876946875 0.24476575625 0.5112808156249999 0.23220049375000001 0.505505265625 0.22934094843750003 0.5136176859375 0.223118375 0.5134524140625001 0.2199648078125 0.4785527 0.21599640625 0.4580918609375 0.21917686406249998 0.45550708437500004 0.22352863125 0.46076375 0.27015953125 0.46472429687499994 0.2741682734375 0.47602748906250003 0.2751570109375 0.5022363328125 0.2743105015625 0.523549584375 0.2695042546875
7 0.4944976125 0.14453766562499998 0.47871200468749997 0.14747310625 0.45242052499999996 0.1467428328125 0.441365240625 0.1504844453125 0.4463739984375 0.1923849921875 0.448712359375 0.2012220921875 0.45358040937500005 0.20465623437499997 0.49474999375 0.20302566562500002 0.5057501906249999 0.198232865625 0.5067112890625001 0.1807902390625 0.49884528437500003 0.173823946875 0.49865097656249996 0.15222556874999998 0.4944976125 0.14453766562499998
7 0.48805650156249997 0.0753062046875 0.48214322656249997 0.0698186875 0.4672926640625 0.07270512343749999 0.43451095000000006 0.0733690640625 0.42818598750000003 0.077916846875 0.43627533749999997 0.124926328125 0.45332653437500003 0.12824901718749998 0.49383652656250004 0.13192339687500002 0.4941931234375 0.120836909375 0.4894613078125 0.1021115234375 0.4855283078125 0.0986283765625 0.489680178125 0.0883970640625 0.48805650156249997 0.0753062046875
7 0.47636320000000004 0.013201493750000001 0.4705233953125 0.0008586296874999999 0.46768743125 0.00100725625 0.46181414531250004 0.0039502546875 0.4235874234375 0.0080617828125 0.4181424171875 0.011509373437500001 0.41674059375 0.0205424859375 0.42301345 0.050781946875 0.42513145 0.055414290624999994 0.43745232500000003 0.057930809375 0.4788698171875 0.061030592187499996 0.48439745937499995 0.0591597859375 0.47636320000000004 0.013201493750000001
7 0.5498521984375 0.0736487421875 0.565171028125 0.0796974125 0.5646201234375 0.0691855234375 0.5596143484375 0.06312340625 0.5684675078125 0.035253453125 0.5591170421875 0.035743490625 0.556174178125 0.033262528125 0.558511046875 0.0241804109375 0.55094655 0.0050764406249999994 0.5096667828125 0.0046046312499999995 0.4908005828125 0.0024311390624999997 0.478727615625 0.0046449703125 0.487643321875 0.0674222859375 0.49080655 0.07410800468749999 0.498397103125 0.0758183515625 0.5177576234375 0.0695333296875 0.5498521984375 0.0736487421875
7 0.494851225 0.0976127453125 0.49342185625 0.1061202640625 0.5028318859375001 0.16043906562500002 0.5049774296875 0.165597003125 0.51454825625 0.16931172187500002 0.536026778125 0.1676590421875 0.5774993625 0.1718100125 0.5829168234375001 0.1678368296875 0.5701232046875 0.1026275546875 0.5661902015625 0.09914440937499999 0.5426212265625 0.09669034062500001 0.494851225 0.0976127453125
1 0.679085996875 0.7862828609375 0.6785901828124999 0.7768221609375 0.6728682312500001 0.7570945890624999 0.6326336921875 0.7586761531249999 0.6040053421875 0.7670279953125 0.594050375 0.773874171875 0.5906407312499999 0.7803773203125 0.5902014999999999 0.789887025 0.59432731875 0.7970493328125 0.6001028671874999 0.799908878125 0.61487079375 0.79544565625 0.6512825125 0.7924833234374999 0.6763634921875 0.78800665625 0.679085996875 0.7862828609375
1 0.74050351875 0.8668631609374999 0.741931396875 0.840436425 0.73700825625 0.83595109375 0.7413254015625 0.8288733453124999 0.751473184375 0.8257063328124999 0.7590361921875 0.8268910859374999 0.7859046296875001 0.820739628125 0.7915699968750001 0.8214967953125001 0.8072454234374999 0.816458975 0.83801931875 0.8132650703125 0.839613959375 0.8079111171875001 0.83320486875 0.7929629 0.7707495796875 0.7999253093750001 0.753204059375 0.8050611359375001 0.7349438546875 0.814450721875 0.72520925 0.8255016515625 0.7249352890625 0.8381649234375 0.7286769671875 0.8558881250000001 0.74050351875 0.8668631609374999
1 1 0.509069571875 0.9947236625 0.493573040625 0.9425538828125 0.499996409375 0.9110928484375 0.50796966875 0.8846375890625 0.52200504375 0.8722906609375001 0.536882146875 0.86945946875 0.55442278125 0.8758961046874999 0.56989659375 0.9059843515624999 0.5894012578125001 0.9480353859375 0.6045897140625 0.9771595484375 0.6056985703125 1 0.6041712015625 1 0.509069571875
1 0.8640025281250001 0.41451663906249997 0.8848214562500001 0.41816890781250005 0.91015034375 0.418422590625 0.9690858109375 0.41586095156249997 0.9726882703124999 0.41303696562500003 0.9652600046875 0.37864175 0.972437378125 0.3724681796875 0.9938730515625 0.3699979109375 0.9903700765625001 0.30315715625 0.9566182578125 0.3032011609375 0.8737296734375001 0.3138696265625 0.8664696640624999 0.31846641249999996 0.836053859375 0.3284930453125 0.819884109375 0.3419893796875 0.8080605406249999 0.366852778125 0.8136998562500001 0.38500356562500004 0.8227763593749999 0.3971768015625 0.839223053125 0.40685562812500004 0.8640025281250001 0.41451663906249997
1 0.9222604984375 0.2022293515625 0.9259180484374999 0.200456553125 0.9072922984374999 0.11341732812500001 0.9068791203125001 0.105533409375 0.912103765625 0.097881065625 0.9166412703125 0.09500807343749999 0.9614408609374999 0.0910791125 0.9678760046875 0.08863370937500001 0.9689212328125001 0.0906870828125 0.9773366484375 0.09024605 0.9791075796875001 0.08825590312500001 0.9789639203125 0.085514725 0.921096140625 0.09055830000000001 0.8746743640625001 0.09931561875 0.8472014218749999 0.1118232140625 0.8275393953125001 0.130245915625 0.819097925 0.14808056875 0.8248474203124999 0.1683337359375 0.8436324765625001 0.18684966249999999 0.8762228640625 0.2004257765625 0.8922839234375 0.20274628125 0.9222604984375 0.2022293515625
1 1 0.684787859375 0.995509846875 0.6874818515625 0.9748025921875 0.7038511765625 0.9655362562500001 0.7238372140625 0.964409884375 0.7381262703125 0.9719192937500001 0.756179053125 0.9858913906250001 0.7723120234375 0.9937298484375001 0.7787527234375 1 0.7815785875000001 1 0.684787859375
1 0.8152140453125 0.0739717453125 0.8176335515625001 0.0664664125 0.8109780453125 0.064707059375 0.7211034109375001 0.0673090375 0.7164557265625 0.06807965 0.7084534859375 0.0764046015625 0.700918025 0.0757454421875 0.6922792624999999 0.036143285937500005 0.68548603125 0.0317559609375 0.6686001046875 0.0315868390625 0.6546295 0.033373084375 0.6197863671875 0.048375087500000004 0.6100242171875 0.0589004234375 0.60609270625 0.07333649375 0.6074684765625 0.08169700156250001 0.615499753125 0.0918168625 0.6291137625000001 0.10111710625 0.6443224125 0.10506339687499999 0.64633023125 0.10759336093750001 0.6775448500000001 0.11280896874999999 0.6812023984375 0.11103616875 0.6896729078125 0.111646325 0.6987754640625 0.1064259375 0.7212441218750001 0.10577544375 0.7277068109375 0.10385563281250001 0.73752554375 0.112300703125 0.7515787859375 0.1120912421875 0.7535590578125 0.1140956125 0.7687386703125 0.09959709375 0.7955520171875 0.09239444687500001 0.8145283984375 0.0966703171875 0.85866839375 0.098046303125 0.868843725 0.09540488593749999 0.8471172953125 0.0923272140625 0.8274262296874999 0.092305103125 0.8169754484375 0.0896905765625 0.8062492156250001 0.08182010625 0.8152140453125 0.0739717453125
1 0.6110277796875 0.22117555625000002 0.6033270484375 0.21736283125 0.6012365921875 0.2132560828125 0.5907858109374999 0.21064155625 0.587292040625 0.1976487046875 0.5806640796875 0.196414946875 0.5407325390625 0.2037780515625 0.5270373859374999 0.2108202421875 0.5208776953124999 0.2185215890625 0.5217866875 0.23586620625000002 0.525857415625 0.24197732656249998 0.5383435609375 0.24764741250000002 0.557292396875 0.2513976890625 0.6003596203125 0.25019470781250003 0.6151826359375 0.2467826765625 0.6110277796875 0.22117555625000002
1 0.5199471234375 0.2723282421875 0.50696665625 0.275116671875 0.49233645625 0.2822078640625 0.48361953281250003 0.2947865765625 0.48609562031250003 0.306251646875 0.50251476875 0.31540487968750003 0.5158533249999999 0.319449178125 0.5419519875 0.31650029062499996 0.5446469453125 0.3142509015625 0.5424463109375 0.308041775 0.5317200765625001 0.300171303125 0.5266301734375001 0.2746131890625 0.5199471234375 0.2723282421875
8 0.77336259375 0.4740788359375 0.781833103125 0.4746889921875 0.7872230171875 0.47019021250000004 0.790605115625 0.4631614703125 0.7902194828125 0.455803146875 0.786314025 0.4528455953125 0.77798124375 0.45486341250000006 0.7689613234375 0.46166058281250005 0.7664867265625 0.4681147265625 0.77336259375 0.4740788359375
8 0.6584754968750001 0.6434816171875 0.66788105 0.6440427703125 0.6715386 0.6422699703125 0.6700526499999999 0.631807084375 0.6625998234375 0.6327247093749999 0.6571823625000001 0.6366978921875 0.6584754968750001 0.6434816171875
8 0.64798821875 0.5328261984375 0.638720390625 0.5348930171874999 0.6351454765625 0.5382426 0.639271296875 0.545404909375 0.64490911875 0.5456364812500001 0.650381671875 0.5427144859374999 0.6509035390625 0.534781565625 0.64798821875 0.5328261984375
8 0.6225662515625 0.40556121562499997 0.6116762390625 0.41245639531249995 0.6158571484375 0.420669890625 0.62053238125 0.420424871875 0.6240797484375 0.41654969687500004 0.6225662515625 0.40556121562499997
8 0.6750398296875 0.7448589046875 0.6753152828125 0.75011485 0.683703153125 0.749148221875 0.688130478125 0.744172853125 0.687772390625 0.7373401234375 0.6774593359375001 0.7373535703125 0.6750398296875 0.7448589046875
8 0.7438944625 0.305389896875 0.7513748328125 0.3049978671875 0.754949746875 0.301648284375 0.7545916578125 0.2948155578125 0.746835834375 0.2899516421875 0.7394381 0.2919204546875 0.7438944625 0.305389896875
8 0.589324421875 0.16486583125 0.580249409375 0.1706118125 0.5825602265625001 0.17892331875 0.5910031906250001 0.1790078796875 0.593999653125 0.1646208125 0.589324421875 0.16486583125
8 0.572816671875 0.0824589484375 0.57845449375 0.082690521875 0.5820018640625 0.0788153453125 0.583238415625 0.0666286640625 0.5803781859375 0.0657244875 0.56775580625 0.0753456453125 0.572816671875 0.0824589484375
8 0.7026459171874999 0.0192618125 0.694313134375 0.021279629687500003 0.6954960875 0.025960976562499998 0.7037462328124999 0.022366376562500002 0.7026459171874999 0.0192618125
8 0.537356409375 0.2824836609375 0.531169171875 0.2896594140625 0.5323796703125 0.2948663546875 0.5379899499999999 0.2945723328125 0.537356409375 0.2824836609375
8 0.49682483906249997 0.3499605515625 0.49036215 0.35188036093749997 0.4905825109375 0.356085115625 0.4980628828125 0.3556930859375 0.49682483906249997 0.3499605515625
2 0.8049620484375 0.1467132484375 0.8014407312499999 0.13319480156250002 0.7811436734375 0.1216096109375 0.7698404796875 0.120620871875 0.753944690625 0.12145393593750001 0.7513599156249999 0.125805703125 0.7420094500000001 0.1262957390625 0.6986392296874999 0.12171718281249999 0.6865387171874999 0.12340541875 0.686430028125 0.1392222578125 0.6944062140625 0.148290928125 0.6879986140625001 0.15126192656249998 0.687311475 0.15604127968749998 0.69586461875 0.1582282203125 0.7183608218749999 0.15810332031250002 0.7987748109374999 0.15388900156250002 0.8049620484375 0.1467132484375