9 0.5207502796875 0.09193812812499999 0.50983408125 0.0824439734375 0.49401973593750004 0.08011160625 0.46985626875 0.06945846875 0.461084128125 0.0781789046875 0.4395946109375 0.0857867171875 0.4358386203125 0.0920996390625 0.4325078828125 0.1240670984375 0.43934970937499995 0.1313072109375 0.4807991921875 0.1396775203125 0.51419344375 0.13026486875 0.5206812656250001 0.12324215937500001 0.5222931984375 0.0987146453125 0.5207502796875 0.09193812812499999
7 0.968995678125 0.6748111984375 0.9808402921875 0.6492813468749999 0.9812833390625 0.5648777953125 0.9783978812499999 0.5551374515624999 0.9569796109375 0.5741369765625 0.9544993765625 0.65741350625 0.9580438578124999 0.6596211875 0.961047315625 0.67411580625 0.968995678125 0.6748111984375
7 0.9008089531250001 0.5265271296875 0.89252218125 0.5846271109375001 0.8985981140625 0.5823123171875 0.9157082453125 0.59424595 0.9234673578124999 0.5787953531250001 0.9323441375 0.5444667421875 0.9295766796875 0.5394806703125 0.9307989843750001 0.4949944765625 0.9255824531249999 0.4935893 0.9050235843750001 0.5088688515625 0.9008089531250001 0.5265271296875
7 0.8963694468750001 0.5223435624999999 0.8914468031249999 0.5114761984375 0.8725243609375 0.5202573890625 0.8617150359375 0.5278508046875 0.8582774265625 0.54273069375 0.8484833625 0.5997500140625001 0.8492025015625 0.6159423609375 0.8660877593749999 0.6060341499999999 0.8716805546874999 0.59703555625 0.8753074125 0.5983016546875 0.878898646875 0.5938718984375 0.8939448656250001 0.543953609375 0.8963694468750001 0.5223435624999999
7 0.7955544 0.61883908125 0.7904692343749999 0.6525506265625001 0.7947083609375001 0.652921503125 0.8141250703124999 0.6384908140625 0.8162090109375001 0.6329803968750001 0.8297501671875 0.6246771921875001 0.8429952046875 0.5831404328125 0.8465018265625 0.5369565125 0.83618676875 0.53890043125 0.8084921843749999 0.556402059375 0.7955544 0.61883908125
7 0.7652593484375 0.6721672187500001 0.7736196 0.6681546953125 0.78109595625 0.649832990625 0.784791828125 0.6197950578125 0.7933034703125 0.5835369203125 0.7939268703125 0.5703083999999999 0.7777830125 0.571742365625 0.7431174703125001 0.589582903125 0.7377250546874999 0.6023941890625 0.7361955 0.6259801203124999 0.733087403125 0.6370936781250001 0.7269201953125 0.6953790984375 0.7555098046875 0.6798533546875001 0.7544144 0.674064778125 0.7568634750000001 0.6704838859375 0.7652593484375 0.6721672187500001
7 0.672682084375 0.6745044484375 0.6682670734375 0.688350034375 0.65806111875 0.7500772703125 0.6575668515624999 0.7557267671875 0.6599691734375 0.7587833140625 0.6728156828125 0.7523169171874999 0.681917334375 0.7398301484375 0.6867687296875 0.7393058 0.6972952984375 0.728841275 0.7053260375 0.728595084375 0.7085521375 0.7222358015625 0.7176894125 0.7154448890625 0.72757921875 0.687846434375 0.7323103796875 0.6398720671875 0.735665609375 0.6259337609375 0.7365828953125 0.603243053125 0.7278575093749999 0.6053260500000001 0.7263034609375 0.6108828296875 0.702082109375 0.619200425 0.681523240625 0.634479978125 0.678297140625 0.6408392609375 0.672682084375 0.6745044484375
7 0.657905225 0.471119365625 0.6514441296875 0.538866975 0.6703843843749999 0.5329337125 0.6756187265625 0.5371868171874999 0.6761018640625001 0.5438706171875001 0.6798934765625 0.54325355 0.6811291453125 0.5291298062500001 0.687616965625 0.5221070984375 0.693336659375 0.4628337359375 0.6898745578125001 0.4596844703125 0.657905225 0.471119365625
7 0.6079552265625 0.4866738984375 0.6039765984375001 0.5138407234375 0.6003519734375 0.5552703718750001 0.6015297562499999 0.5601173625 0.6208173343750001 0.5532656984375001 0.6277170453124999 0.541535075 0.6315442828125 0.5466138640625 0.6401872921875 0.54547245 0.6469200125000001 0.4929292453125 0.64689551875 0.4749000921875 0.6079552265625 0.4866738984375
7 0.519808571875 0.5482237359375 0.517219234375 0.5717169484375 0.520469828125 0.58338681875 0.5254859781250001 0.5809793062499999 0.53644893125 0.58383601875 0.5511322453124999 0.574683953125 0.5581032046875001 0.5743450421875 0.5617768171875 0.568973703125 0.56523891875 0.572122965625 0.578003053125 0.5665981546875 0.584337246875 0.5491253140625 0.5836069765625 0.5452662625 0.5874097218750001 0.5323159000000001 0.5944274328125 0.52533955 0.596676128125 0.517945965625 0.5959569890624999 0.5017536171875 0.592989153125 0.49295485625 0.5855706828125 0.49230582500000003 0.54671276875 0.503138046875 0.52414120625 0.5353197328125 0.519808571875 0.5482237359375
7 0.509578125 0.5919218203125001 0.5140287609375 0.5837720890625 0.514204646875 0.5695556265625 0.5199020796875 0.5349488578125 0.5184526703125 0.514897459375 0.50793723125 0.5130286875000001 0.4605543109375 0.5297566 0.45887113125 0.5428924015625001 0.4504062421875 0.5725131 0.44841804375 0.6074443859375 0.45297555 0.6163822265625 0.48070575781249997 0.6045764546875 0.4891127625 0.593926490625 0.496978746875 0.595563465625 0.509578125 0.5919218203125001
7 0.39062655625 0.6393910968750001 0.3940886578125 0.6425403609375 0.3996346984375 0.6401792078125 0.43638418124999995 0.6168282484375001 0.446719265625 0.5475219906250001 0.4450583453125 0.5359911984375 0.43535555625000005 0.5370398953125 0.379164871875 0.5567923875 0.37516174687500004 0.5659300593750001 0.3652608125 0.6058618109375 0.3679815140625 0.617485321875 0.3649446640625 0.639990590625 0.3659109375 0.6533581890625 0.37859269375000004 0.6487749593750001 0.39062655625 0.6393910968750001
7 0.24332581250000002 0.5714741296875 0.2497312546875 0.565393003125 0.2673000296875 0.5659812828125 0.27035024218750003 0.5738384609375 0.26949083906250004 0.5775584328125001 0.2761322859375 0.5809858546875 0.27796909375 0.578300184375 0.27822735625 0.5631421390625 0.28075880937500003 0.5586196625000001 0.29531299375 0.55704661875 0.3032257328125 0.5520461531249999 0.30483543125 0.4848228921875 0.268308590625 0.487319946875 0.24425199531250003 0.49375437968749997 0.2412730296875 0.4972889140625 0.23774191249999999 0.52544368125 0.23643723125 0.57087145625 0.24332581250000002 0.5714741296875
7 0.3185213171875 0.5419988640625 0.3244681171875 0.5472630921875 0.33115631875 0.5440530734375 0.3339349046875 0.536705846875 0.3366667359375 0.5359960609375001 0.3398817046875 0.5419700749999999 0.34579288125 0.5415384453125001 0.3507155234375 0.5524058109375 0.3499741234375 0.5608800578124999 0.3579224859375 0.5615754500000001 0.355778428125 0.5433608578125 0.3681774265625 0.5359065203125 0.3784212375 0.5225708874999999 0.3825401296875 0.47549174218749996 0.37960791875 0.47238883749999994 0.361426875 0.4726957828125 0.3294219171875 0.4784348203125 0.32619581875 0.48479410468750006 0.32262907812499997 0.507253015625 0.3185213171875 0.5419988640625
7 0.4085982859375 0.46448847656250003 0.40422113125000003 0.526725665625 0.4123342484375 0.5255378921875 0.41715001875 0.5193176859374999 0.42264930781250004 0.523593971875 0.4365556 0.51722029375 0.44837795312499995 0.5163570375 0.45460527656250005 0.48179662656250005 0.45495704843749996 0.45336370156249994 0.42470651875 0.45735865468750003 0.4085982859375 0.46448847656250003
7 0.49691192968750003 0.44375121875 0.47240782187499997 0.44919770625 0.4634954203125 0.47783046249999994 0.4626248859375 0.49388373124999996 0.457644359375 0.5019871031250001 0.45894014531250005 0.51158836875 0.49983524375000005 0.501883165625 0.506323065625 0.49486045624999997 0.5091840296875 0.48657164843749995 0.511136603125 0.44594450625000004 0.5087342828125 0.442887959375 0.49691192968750003 0.44375121875
7 0.5225938218749999 0.44315172187499996 0.5201142953125 0.46538980468749996 0.5166136296875 0.474887384375 0.5178982859375 0.49682194687500003 0.543862934375 0.499093559375 0.5454169828125 0.49353678125 0.5558967984375001 0.48970969531249997 0.5633130359375 0.44766298125 0.562794275 0.43528332656249996 0.529446778125 0.4380585375 0.5225938218749999 0.44315172187499996
7 0.422584721875 0.41447746875 0.40496919374999996 0.42052663125 0.402215103125 0.445903009375 0.4031813765625 0.45927060781250006 0.4115772515625 0.46095394062499995 0.43343190624999994 0.45527565625 0.43901133750000004 0.41591461093750004 0.422584721875 0.41447746875
7 0.3897693515625 0.4599947875 0.38866058125 0.42384376250000005 0.3842210765625 0.4196601953125 0.35266363125 0.42638717656249997 0.3484489984375 0.4440454546875 0.3458596625 0.4675386671875 0.3487094953125 0.47158315625 0.3854010921875 0.46720293437500005 0.3897693515625 0.4599947875
7 0.3092393140625 0.48331060312499996 0.334320065625 0.47127303437499996 0.33672015312500003 0.431633834375 0.3352952375 0.42961158906249997 0.29208019375 0.4353186625 0.2865007625 0.47467970625 0.288573571875 0.481502584375 0.3005606796875 0.47875615937499993 0.3092393140625 0.48331060312499996
7 0.222962853125 0.50517488125 0.22839089375000002 0.49805945156250003 0.23706952656250002 0.50261389375 0.242214809375 0.49262735781250006 0.2690032375 0.4854831421875 0.2725944703125 0.481053384375 0.2688139875 0.46933715468750004 0.267776465625 0.44457784218749996 0.2618652890625 0.445009471875 0.2590043265625 0.4532982796875 0.2481593765625 0.45519584062499996 0.23749031406249999 0.4428769375 0.21934489375 0.4488797390625 0.21443561562500002 0.4683748234375 0.21495437499999998 0.48075447968749996 0.21815821406250002 0.4990617890625 0.222962853125 0.50517488125
7 0.161520015625 0.5178263390625 0.1735538796875 0.5084424750000001 0.1885555765625 0.507857375 0.1939724859375 0.5130752421875 0.19951852812499998 0.5107140875 0.2037086671875 0.47502665781250003 0.201918615625 0.47107488750000004 0.2033190390625 0.45506797812500005 0.2000216921875 0.45003554843750004 0.147268615625 0.454908153125 0.141310684375 0.4619772203125 0.1380511953125 0.5053363921875 0.1391466 0.51112496875 0.1453761578125 0.5192603046875 0.151875678125 0.5141362 0.161520015625 0.5178263390625
7 0.10595939375 0.42662552343750004 0.0764858890625 0.42784208437500004 0.0524292921875 0.43427651718750004 0.0485797953125 0.45386431875 0.048346025 0.48705151718749995 0.056387895312500005 0.4744720296875 0.0691408984375 0.48128051406249994 0.097848509375 0.47050904375 0.10302941562500001 0.4662183640625 0.10752680625 0.45143119374999996 0.10305167500000001 0.44155177187500005 0.10595939375 0.42662552343750004
7 0.1726543859375 0.42107510000000004 0.17086433437499998 0.4171233296875 0.1216557375 0.42420361562500003 0.11978554062499999 0.463889175 0.12079856874999999 0.470619334375 0.125155696875 0.47574448281250004 0.133845459375 0.467965628125 0.1384497203125 0.4702660296875 0.14355937968750002 0.45458363593750006 0.16851100000000002 0.45012508906250004 0.171654721875 0.444707390625 0.1726543859375 0.42107510000000004
7 0.236699925 0.4152928765625 0.23515700625 0.40851635937499997 0.1935316359375 0.4143625109375 0.19126068125 0.44642268906250004 0.20035120312500002 0.4462692171875 0.20523822187500002 0.45144072656249995 0.206451628125 0.461983575 0.2117505375 0.4624471703125 0.22028667343750002 0.44421818437500005 0.2334159421875 0.440622896875 0.235865015625 0.437042003125 0.236699925 0.4152928765625
7 0.26851786718750004 0.43610359687500005 0.2794696875 0.45129360781249994 0.28803031875 0.45109377500000003 0.292761478125 0.40311940625 0.25333804843749996 0.4082094140625 0.251314228125 0.43744484375 0.26851786718750004 0.43610359687500005
7 0.334141946875 0.44279375 0.33613237812499996 0.450558209375 0.3406631578125 0.3987711515625 0.3123318125 0.39913885 0.30503134374999996 0.40324409218749996 0.303172278125 0.43059635468749996 0.3354599921875 0.4277284234375 0.3374148 0.42979702656249996 0.334141946875 0.44279375
7 0.1703099859375 0.62485984375 0.16992035625 0.6049011656250001 0.1670705234375 0.600856678125 0.146687540625 0.6019197671875001 0.0402284765625 0.6286598265625 0.0327454578125 0.74470631875 0.0358312953125 0.7582593546874999 0.095283703125 0.7378434375 0.09786190781250001 0.7266835203124999 0.10190065625 0.7232417046874999 0.1237441796875 0.729896715625 0.1601997734375 0.716007946875 0.1703099859375 0.62485984375
7 0.208101490625 0.93747171875 0.2148453421875 0.8725952171875001 0.2124897765625 0.8629012312500001 0.195368515625 0.8633008953125 0.157394496875 0.8884423 0.1454073890625 0.8911887249999999 0.11966761249999999 0.9107589546874999 0.017672550000000002 0.959711734375 0.2116125796875 0.9766792890625 0.208101490625 0.93747171875
7 0.3676342453125 0.9571217640624999 0.3682932671875 0.9495891015625 0.3707423421875 0.9460082078125 0.38408311875 0.9338923140625001 0.385848678125 0.91981493125 0.395279840625 0.9035618296875001 0.3994722140625 0.9105701453125 0.403145825 0.9051988046874999 0.4111298109375 0.9115900531250001 0.416593475 0.9101704828124999 0.4200889671875 0.87631985625 0.4254925125 0.8511752749999999 0.42456186406249996 0.843503534375 0.431083075 0.7994809359375 0.428480375 0.7926116984375 0.4336479171875 0.7579585703125 0.430798084375 0.75391408125 0.41314693281250003 0.7542673859375 0.2968336875 0.8143017562500001 0.2811262140625 0.8290569609375 0.269244225 0.9817214046875 0.304040675 0.9847657 0.304307846875 0.9790963328125001 0.3208168375 0.9795918921875 0.321099596875 0.9824630015625001 0.34321251406250003 0.9616266703124999 0.3489589359375 0.9630782078125 0.3516440125 0.9690058609375001 0.35055973749999997 0.9508839890624999 0.35908474375 0.9449883 0.3625824703125 0.9538334234375 0.3676342453125 0.9571217640624999
1 0.5387558625 1 0.5402339171875 0.9067557687500001 0.5588736015625 0.8951034703125 0.5650274453125 0.8064555999999999 0.5489303421875 0.8012521250000001 0.5374486296875001 0.7860157546875 0.5427920578125 0.7371461640625 0.54281431875 0.7124795703125 0.5371836671875 0.6730865625 0.5287632984374999 0.653374075 0.519189640625 0.6468437484375 0.511241278125 0.6461483578125 0.506672640625 0.6495438140625 0.5006323312500001 0.6575544640625 0.49001225625 0.68129386875 0.4852677328125 0.6989057875 0.48006456562500005 0.727863059375 0.4783235 0.759969596875 0.48073918437499996 0.7933885921875 0.479280878125 0.8283662375 0.485216546875 0.8459637624999999 0.482967853125 0.8533573453125 0.48711347031249996 0.8670031 0.4658176671875 0.9761483921874999 0.46340206874999995 0.9987080140625 0.468482175 0.9991524671875001 0.48053437499999996 0.9299964359375 0.4851141421875 0.9142676828124999 0.48784597500000004 0.9135578984375 0.5211712109375 0.935449278125 0.5235735312500001 0.938505825 0.5242570468750001 0.9490023140625 0.5279306578125 0.9436309734374999 0.5325349203124999 0.945931375 0.5341847109375 0.9697954624999999 0.533213325 1 0.5387558625 1
1 0.63074723125 0.6167545921875 0.622727621875 0.6046674859375 0.60752554375 0.6014398984375 0.5962219515625 0.6146828125 0.5864969 0.6403981015625 0.5830837875 0.6733071421875 0.58460444375 0.7047502531250001 0.5889036890625 0.7288461390625 0.5972171859375 0.7314710546875001 0.6309877015625001 0.7116546328125 0.6337306640625 0.6986115500000001 0.6366250171875001 0.6533228531249999 0.63074723125 0.6167545921875
1 0.67037550625 0.70086876875 0.6703866359374999 0.6885354718750001 0.6756966734375001 0.6766657703125001 0.678909409375 0.6399440375000001 0.6809933484374999 0.6344336187499999 0.7029415109375 0.615480453125 0.697310859375 0.57608744375 0.6924594640625 0.5766117921875 0.6798133328125 0.5868908796875 0.6700994125 0.600272871875 0.6625651734375 0.6375653109375 0.661565509375 0.661197603125 0.659116434375 0.6647784953125 0.6595773109375 0.6961288890625 0.6622623875 0.7020565421875 0.67037550625 0.70086876875
1 0.74589605625 0.582235678125 0.7380879578124999 0.5616279671875 0.72879705625 0.5579687484375 0.722473990625 0.5631082921874999 0.7142206109375 0.5842083859375 0.710936628125 0.60953840625 0.715623265625 0.6108972234375 0.737524675 0.5985814984375 0.74589605625 0.582235678125
1 0.7936084890624999 0.561741434375 0.7882027093749999 0.5441902703125 0.7809957484375001 0.5350206328125 0.7715289609375 0.545577875 0.7642173624999999 0.5620164140624999 0.7620866687500001 0.574164271875 0.7650188796874999 0.577267178125 0.7904647671875 0.567159134375 0.7936084890624999 0.561741434375
1 0.2111560984375 0.5790963359375 0.211672625 0.5487802453125 0.20232160625 0.5213960171875 0.18585936875 0.5142630171875 0.1689741109375 0.5241712281249999 0.15896630312499999 0.5470154093749999 0.156401459375 0.588537775 0.1583095140625 0.59724381875 0.1679299265625 0.5971367046875 0.170779759375 0.60118119375 0.1711693875 0.621139871875 0.16772065 0.6483530578125001 0.1686045453125 0.6626622390625 0.17084211093749999 0.6676019484375 0.1727390328125 0.6886412890625 0.17938047968749998 0.6920687109375 0.18175830625 0.677096103125 0.1928036359375 0.679011234375 0.1954152328125 0.630851428125 0.192447396875 0.6220526671875 0.1947784703125 0.6137174984375 0.19237615 0.6106609515625 0.19434208749999998 0.600396259375 0.1921869015625 0.594514965625 0.19292830156250002 0.58604071875 0.2111560984375 0.5790963359375
1 0.11618317656249999 0.48065222968750004 0.1014174828125 0.490745878125 0.08834833125 0.5180661765625 0.0876781796875 0.5379321359375 0.092894709375 0.5393373140625 0.095049896875 0.5452186078125 0.10072506875000001 0.53527843125 0.1372986640625 0.5261439359375 0.13909984687500002 0.5177624093750001 0.1366730328125 0.49667670937499997 0.125921590625 0.485299390625 0.11618317656249999 0.48065222968750004
1 0 0.7608153343749999 0.03233356875 0.749414234375 0.0381823953125 0.6825618484375 0.035967090624999996 0.6529555453125 0.030879692187500002 0.64397134375 0.02289570625 0.6375800953125 0.00039315937500000004 0.6384577484375 0 0.6386656421875 0 0.7608153343749999
1 0.1540481640625 0.8473515640624999 0.1448530046875 0.8731132109375 0.1424751765625 0.8880858187499999 0.14479511875 0.8920839468749999 0.20735562500000002 0.860554471875 0.2155867421875 0.864120971875 0.21561123750000002 0.8821501250000001 0.20700831874999998 0.9743788875 0.20825660625000003 0.9763856796875 0.210906059375 0.9766174765625 0.21495667968749999 0.9750742796875 0.251423403125 0.9488522140625 0.25378786875000003 0.9035171562500001 0.249969528125 0.843409325 0.2415959125 0.817059396875 0.2256746953125 0.7976394625000001 0.203501659375 0.7947507828125 0.1849443515625 0.8054614984375 0.164173971875 0.8292616562499999 0.1540481640625 0.8473515640624999
1 0.40299659375 0.5285161109375001 0.406538840625 0.48802804687499995 0.4058197 0.4718357 0.39411535 0.47745323281249996 0.38345965 0.49549678124999996 0.3800821578125 0.5341016796875 0.40299659375 0.5285161109375001
8 0.6388225281250001 0.7929872421875 0.6384217703124999 0.7853618609375 0.6242906031250001 0.76989369375 0.6168721328125 0.7692446609375 0.6115264703125 0.7754185062500001 0.6101728015625 0.7847879765625 0.6144475515625001 0.7908547078125 0.6272829328125 0.7967216078125 0.6388225281250001 0.7929872421875
8 0.0686956546875 0.7488003437499999 0.0521399078125 0.7549422234375001 0.0495617015625 0.7661021406249999 0.055508503125 0.7713663671875 0.06370399843749999 0.7692370125 0.07182824531250001 0.755715940625 0.07126273125 0.749973725 0.0686956546875 0.7488003437499999
8 0.2272532015625 0.5842998078125 0.23626134531249998 0.58508791875 0.238180528125 0.5814606671875 0.23272799531250002 0.570546940625 0.225062390625 0.5727226578125 0.22387347656249998 0.5802089625 0.2272532015625 0.5842998078125
8 0.31357641406250003 0.555798090625 0.31381241718749997 0.5653066375 0.323268075 0.567082690625 0.3261646609375 0.5644897390625 0.3225845578125 0.5565862015625 0.31357641406250003 0.555798090625
8 0.3716395296875 0.539055784375 0.370450615625 0.5465420890625 0.38272048125 0.546666771875 0.376655678125 0.5366482718750001 0.3716395296875 0.539055784375
8 0.3935854578125 0.4774068734375 0.3901589796875 0.47995346562499996 0.38337727187500004 0.49643836406249997 0.3791626375 0.5140966406249999 0.38087031250000003 0.51898999375 0.3780917265625 0.52633721875 0.3794698890625 0.5349969031249999 0.40001762812499997 0.5320506468749999 0.40357323906250003 0.5219250328125 0.406538840625 0.48802804687499995 0.405160678125 0.4793683640625 0.3935854578125 0.4774068734375
8 0.4498028703125 0.5183792796875 0.4479660640625 0.52106495 0.44861395625 0.525865584375 0.45823436875 0.525758471875 0.4542067515625 0.516866990625 0.4498028703125 0.5183792796875
8 0.3525701609375 0.665474084375 0.3514747546875 0.6596855078125 0.3441030375 0.6523990359375 0.338356615625 0.6509474984375 0.3324810640625 0.657074984375 0.33190441875 0.663666065625 0.33430673906249997 0.6667226109375 0.345881959375 0.6686841015625 0.3525701609375 0.665474084375
8 0.111040128125 0.5333345109375001 0.11144088593749998 0.54095989375 0.125382803125 0.5402820734375 0.12278010312500001 0.5334128359375 0.111040128125 0.5333345109375001
8 0.0451199265625 0.4934108015625 0.0449907953125 0.5009898234375 0.052574020312500004 0.4997556890625 0.051031103125 0.49297917187499996 0.0451199265625 0.4934108015625
2 0.2498604234375 0.7836260078125 0.251414471875 0.7780692296875 0.2632012015625 0.771510115625 0.2673445859375 0.7424601234375 0.2668614484375 0.7357763234375 0.258830709375 0.736022515625 0.255462115625 0.719598371875 0.2559563828125 0.713948875 0.2604426421875 0.7114950015625 0.261384421875 0.7068334453125 0.25568475468749996 0.6987444703125 0.25394145625000003 0.688155259375 0.24078769531250002 0.6737213953125 0.2380558625 0.67443118125 0.23413511874999998 0.6826272703125 0.22876942968749997 0.7561634546875 0.2297134421875 0.7941976453125 0.2498604234375 0.7836260078125