7 0.3283766 1 0.3309852390625 0.9987703609375 0.3335697 0.9843613578125 0.328705275 0.976466328125 0.32110785625 0.9744709578125 0.31586281875 0.9447707390625 0.3073574984375 0.9449192 0.3016037359375 0.9402316703125001 0.28809474062499996 0.9245075921874999 0.2831746171875 0.9134215593749999 0.2793480578125 0.910828371875 0.26988841875 0.91046149375 0.2735200296875 0.9018861703125 0.2551373265625 0.8777352281249999 0.1787472546875 0.8881125531249999 0.14958111406250002 0.8960695937500001 0.122193646875 0.897611634375 0.091128153125 0.9050698328125 0.09338026875 0.9257783625 0.1225925828125 1 0.3283766 1
7 0.045510245312499996 0.7287114546875 0.02099501875 0.7323313453125 0.045799875000000004 0.79946185625 0.04961715 0.8015232093750001 0.094941728125 0.7986040812499999 0.1863688203125 0.7831763234375 0.1880430578125 0.77077819375 0.1983757875 0.7670068624999999 0.1983108046875 0.763284025 0.1792801296875 0.7561682640625 0.15314219375 0.7209807765625 0.045510245312499996 0.7287114546875
7 0.23250288593750001 0.88079029375 0.2522465203125 0.8745937125 0.251180803125 0.8676963671875001 0.239524746875 0.8498119640624999 0.23939478125 0.842366290625 0.220057759375 0.8177000109374999 0.201517240625 0.7845078937500001 0.1890739625 0.7756811609375001 0.1873045734375 0.7826279921875 0.1760105609375 0.7854851109375 0.169386028125 0.7850687453125 0.0497007 0.8063097140625001 0.04984923125 0.81481905625 0.078712725 0.8978386 0.08732944375 0.904072146875 0.1552049125 0.89331145 0.18250883125 0.8869829031249999 0.23250288593750001 0.88079029375
7 0 0.47776327187499995 0.017753334375 0.49245776875 0.1310926265625 0.48675545312499996 0.1791223453125 0.47634116562499995 0.172414265625 0.47113829531249996 0.1400695390625 0.45946696875 0 0.46826728749999996 0 0.47776327187499995
7 0.20504676875 0.499296471875 0.185997525 0.49111704375 0.0254343 0.4992396453125 0.0284086546875 0.507167665625 0.0572331671875 0.5337963234374999 0.065784903125 0.5363070328124999 0.0761431625 0.5339982453125 0.22435594062500003 0.5223672515625 0.23661355468749998 0.5205573046875 0.23846649375 0.518396978125 0.23652072343750002 0.5152389671875001 0.2203901359375 0.5117965546875001 0.20504676875 0.499296471875
7 0.207384284375 0.579055059375 0.26597649218749997 0.578032328125 0.35746856718750003 0.56632740625 0.3649731546875 0.5630044375 0.3658160734375 0.55713776875 0.3610259140625 0.553497409375 0.3439595734375 0.550603328125 0.33251703125 0.5449511031250001 0.3249474625 0.544551234375 0.3211023375 0.54089438125 0.2735163609375 0.5225731437500001 0.248824753125 0.516088190625 0.24415527343750001 0.519361671875 0.2365949890625 0.5194936375 0.23002615624999997 0.5222682765625 0.06577561875 0.5357751984375 0.06392268281249999 0.537935525 0.0735587015625 0.548407246875 0.1214881578125 0.5864063374999999 0.207384284375 0.579055059375
7 0.35962226875000003 0.689712865625 0.46616065000000007 0.6734893421875 0.517961228125 0.6624772375 0.51881343125 0.6571424015625 0.5015335765625 0.6420161421875 0.48628304218749996 0.6348343984375 0.48431870468750005 0.6306127171875 0.365028853125 0.5661954406249999 0.33766923437499996 0.5693329828125 0.316016965625 0.5744988890625 0.2773169203125 0.57783438125 0.22362626875 0.5888794765625 0.21039577031249998 0.589110415625 0.140611665625 0.5988404375 0.1293176546875 0.601697553125 0.1275018484375 0.605985215625 0.20977006562499997 0.7157363671875 0.233386671875 0.714792140625 0.35962226875000003 0.689712865625
7 0.42835919218749996 0.9449350921875 0.4585353484375 0.94068439375 0.49241738437500004 0.9321130421875001 0.49904191718749996 0.9325294046874999 0.7995149796875001 0.8703610656249999 0.80607453125 0.8670545921875 0.8409294515625 0.860062246875 0.847442584375 0.8540966046875 0.8587551625 0.85230315625 0.8567165593749999 0.8438268046875 0.5380019234375 0.6732993390625001 0.47106220781249997 0.6835117078125 0.44556481249999996 0.6850207578124999 0.438995978125 0.687795396875 0.4088291046875 0.6925779296875 0.3663025015625 0.6933202328125 0.2277907234375 0.7191457859375 0.23274798125 0.7323591546875 0.42360616406249996 0.94342206875 0.42835919218749996 0.9449350921875
7 0 0.096274378125 0.039271971875 0.10053316406249999 0.0875244859375 0.10288288906250001 0.11115037812499999 0.10247049687500001 0.10630451875 0.095639134375 0.1098432984375 0.081745471875 0 0.0743780265625 0 0.096274378125
7 0 0.0730677296875 0.088079628125 0.08052936875 0.13722148125 0.0796715953125 0.14848764375 0.0752189765625 0.1698985515625 0.056225390625 0.19260725625 0.057424996875 0.21324950937499998 0.04855275 0.1158737046875 0.048124465625 0.07044701406250001 0.045193421875 0.023176665625000002 0.0449545375 0.0050910234375 0.0378222796875 0.002163084375 0.032553428125 0.0124563625 0.026521803125 0.013280715625 0.0195914671875 0.0085184046875 0.017546609375 0.00098596875 0.0192740765625 0 0.020790675 0 0.0730677296875
7 0.24674164843750002 0.017644375 0.26731892031250004 0.005049290624999999 0.267300353125 0.0039856234375 0.0269259671875 0.0081813734375 0.01523576875 0.0232813125 0.011724840625 0.038770478125 0.0070275109375 0.0404484578125 0.0193872390625 0.044488684375 0.15273009531249998 0.0474811359375 0.2018626640625 0.046091528124999996 0.21228590625 0.047505578124999996 0.216983234375 0.0458275984375 0.23939487812500002 0.0300085203125 0.24674164843750002 0.017644375
8 0.2315244828125 0.44563471093749996 0.22305629374999997 0.44791050625000006 0.21937826718750003 0.45382666250000003 0.2214354359375 0.46336668124999997 0.229116403125 0.47014855468750005 0.2366488375 0.46842108906249996 0.2402804484375 0.4598457640625 0.2400947859375 0.4492090875 0.2315244828125 0.44563471093749996
8 0.32393559375000003 0.4865813421875 0.31632889375 0.4840541375 0.30691566875 0.48634642968749997 0.3013754203125 0.493891078125 0.3102335015625 0.51395230625 0.3178587703125 0.5175431765625 0.326261975 0.51154454375 0.32589064687499997 0.4902711875 0.32393559375000003 0.4865813421875
8 0.43811222499999997 0.5830076265625 0.427698265625 0.5821254109375 0.4192764953125 0.587060378125 0.41653422031250004 0.592428203125 0.44236580937500003 0.610065171875 0.44616451875 0.61106285625 0.448008175 0.6083706953125 0.4448110234375 0.5876786625 0.43811222499999997 0.5830076265625
8 0.6710217171874999 0.71194115625 0.6708731859375 0.7034318140625 0.665063725 0.6955532796874999 0.6564934203125 0.6919789046875 0.621499253125 0.690993740625 0.6140132328125001 0.6953803765625 0.613300278125 0.7086927203125 0.636250346875 0.72372000625 0.6654350531250001 0.7168266359375 0.6710217171874999 0.71194115625
8 0.17693518125000002 0.7301413953125 0.18918351093750002 0.7277996156250001 0.190035715625 0.72246478125 0.1861720234375 0.7177442593750001 0.1748594453125 0.7195377093750001 0.17693518125000002 0.7301413953125
8 0.214562075 0.7736402765625 0.2251616984375 0.78515916875 0.231749096875 0.7834481984375 0.231535584375 0.77121601875 0.2285426625 0.7622243296875 0.22379891875000002 0.761243140625 0.2153678625 0.7656462734375 0.214562075 0.7736402765625
8 0.28983443124999997 0.8617017078125 0.2926138390625 0.8584612171874999 0.2894538203125 0.8398965171875 0.283644359375 0.8320179828125 0.274231134375 0.834310275 0.270562390625 0.840758265625 0.2706645046875 0.8466084390624999 0.27841973750000004 0.857644984375 0.2860542875 0.861767690625 0.28983443124999997 0.8617017078125
8 0.35847297031249997 0.9488149390625 0.367238221875 0.9635578265625 0.3748820546875 0.9682123671875 0.3796165171875 0.968661721875 0.3842859953125 0.9653882406250001 0.3840632 0.9526242281249999 0.379059525 0.936751690625 0.37426008125 0.932579496875 0.3704799390625 0.9326454796875 0.3638832546875 0.9338246171875 0.3601680953125 0.9376134359374999 0.35847297031249997 0.9488149390625
5 0.9403531703124999 0.5987127906249999 0.9450133671875 0.5949074750000001 0.9509973593750001 0.5586273015625001 0.9601877859375 0.543570996875 0.9682475125 0.517894509375 0.9633923703124999 0.5105313140625001 0.9349763187500001 0.5073033453125 0.9301954421874999 0.504194821875 0.9065138515625 0.5014162093750001 0.816373421875 0.482241775 0.8078681015625 0.4823902359375 0.8021421890625 0.4792982078125 0.7699367109375 0.47560438749999995 0.7224899828125 0.465260659375 0.6950468171875 0.46361169843749994 0.67224713125 0.5113573046875 0.6705705734375 0.5236224765624999 0.7476011859375 0.5499416890625 0.9157451109375 0.5970143421875 0.9403531703124999 0.5987127906249999
1 0.6699114984375 0.21507634687500002 0.7259378125 0.22952628593750002 0.7457835609375 0.2291798765625 0.838638415625 0.2413909828125 0.879302796875 0.242277171875 0.9208193828125 0.23782852499999999 0.9350598984375 0.241303928125 0.9493932484375 0.25009766875 0.950458965625 0.2569950140625 0.9344304921875001 0.259402775 0.9175869484374999 0.2692727078125 0.9056356796875 0.2886331703125 0.8913413140625 0.336230315625 0.8812429843749999 0.3534304515625 0.8807249765625 0.37791130625 0.87609263125 0.3833121234375 0.8685323453124999 0.3834440890625 0.8706916296875 0.3988342796875 0.8650306984375 0.3994650875 0.864132078125 0.40214075312500003 0.8671064328125 0.4100687734375 0.864456990625 0.4207549390625 0.868329965625 0.42600729375 0.8676262921875001 0.43985147031249994 0.8762708609375001 0.44768051875000003 0.8857769171875001 0.4507065640625 0.983403365625 0.4654943625 0.9994961796874999 0.46677276093750003 0.994345490625 0.1716899828125 0.9119316015625 0.1619082453125 0.8523015234375 0.1576291328125 0.72751040625 0.157147390625 0.678405684375 0.1601325 0.647293775 0.164931528125 0.6323124531250001 0.1731729671875 0.629718709375 0.187050134375 0.6459885437499999 0.198470053125 0.6489443328125 0.20533440781249998 0.6699114984375 0.21507634687500002
1 0.8490078078125001 0.2938775796875 0.88572495 0.28525674218749997 0.8874943406250001 0.278309909375 0.8799154874999999 0.2773782078125 0.7924170687500001 0.3012493265625 0.780150171875 0.3025274375 0.7659096546875 0.2990520359375 0.7166842546875001 0.29512330468750003 0.6910847421875 0.2907821828125 0.5556940015625 0.278781546875 0.4913758796875 0.27671224843750003 0.4111035515625 0.2813053828125 0.41115925000000003 0.2844963859375 0.40367322968749997 0.288883021875 0.45126848906249994 0.30773609375 0.50989783125 0.30884069687500004 0.5156051781250001 0.310869059375 0.5128443375 0.3151732171875 0.52611196875 0.3170696140625 0.5309114125 0.32124180625 0.5763381046875 0.324172853125 0.57816319375 0.3204170234375 0.59900039375 0.3227132875 0.6197447609375 0.3196912140625 0.646205759375 0.31922933593749997 0.6509680703125 0.32127419375 0.6539052921875 0.3270748796875 0.6492265296874999 0.3298165265625 0.634133809375 0.331675959375 0.6275835421875 0.335514265625 0.61467795625 0.354359390625 0.607221634375 0.41460507968750004 0.6077322109375001 0.44385594375000004 0.6127544515625 0.46079214999999996 0.6214083031250001 0.46915302968750006 0.637594590625 0.47578644375 0.6689014484375 0.48215592812499997 0.6783425203125 0.4814591390625 0.6835207249999999 0.45317296718750005 0.6823436093749999 0.43989361718750003 0.6776277140625 0.44050792968749997 0.6699745984375001 0.4353215546875 0.6698446328125 0.42787588125 0.6735969265625 0.426214396875 0.717068565625 0.425455596875 0.79763795625 0.437881146875 0.8080779140625 0.3860953125 0.8686808765625 0.3919534296875 0.8724424531249999 0.3908237796875 0.8838320875000001 0.33928736875 0.8931014203125001 0.32875165 0.8920264203125001 0.32132247187499996 0.811661259375 0.32059726718750003 0.8049624609375 0.31592623125 0.80389674375 0.3090288859375 0.8302463437500001 0.3021850015625 0.8490078078125001 0.2938775796875
1 0.4285040859375 0.303345484375 0.41431926875 0.3030610859375 0.407657603125 0.3005173859375 0.3423573125 0.29633724687499996 0.30925321562499997 0.29531909375 0.3007757453125 0.29706305624999996 0.2942626109375 0.303028696875 0.31224613749999997 0.30431078125 0.3303967625 0.31516587500000004 0.3758884359375 0.32181975937499996 0.4222601640625 0.3247343078125 0.44786895781249997 0.329607265625 0.4734034875 0.33022555 0.4829373921875 0.3348470984375 0.4745156203125 0.3397820640625 0.47051453125 0.381347584375 0.47252713437500005 0.44249198593749994 0.4773729953125 0.4493233484375 0.48308962343750006 0.45188354375 0.5114778249999999 0.45351600937500003 0.60594425625 0.44973910781250004 0.6055145734375 0.42512264375 0.6139464328125 0.36660806562500003 0.6126300703124999 0.34535120625000004 0.60577345625 0.33163899531249996 0.5905136390625 0.3239254171875 0.579136078125 0.321996028125 0.57923819375 0.3278462015625 0.5698156875 0.3296066609375 0.5584474109374999 0.32820910625 0.5434568046875 0.3359187125 0.5254082953125 0.3309137890625 0.5271869687499999 0.3244987921875 0.5327829171875 0.3201451484375 0.5251669328124999 0.31708610937500004 0.4996138390625 0.31540415624999996 0.452222809375 0.30825143125 0.44372677187500004 0.3089317265625 0.4285040859375 0.303345484375
1 0.43712450468749997 0.4181061328125 0.46921858437499997 0.4154179453125 0.4668736359375 0.3893910765625 0.46930028281249997 0.36594089687500003 0.4654830078125 0.3638795453125 0.469188884375 0.359558890625 0.4643058921875 0.35060019375 0.4725977 0.3382195546875 0.468771140625 0.3356263671875 0.4574492796875 0.3368879828125 0.4307840515625 0.3256495140625 0.384430890625 0.323798634375 0.3778434890625 0.3255096046875 0.37226610937500004 0.3309269171875 0.368634496875 0.33950224218749997 0.370895896875 0.36074260625 0.3678119921875 0.40069612968749996 0.3699248609375 0.4134271515625 0.374742871875 0.41866301093749997 0.43712450468749997 0.4181061328125
1 0.26380795625000003 0.29132437968749997 0.2080230046875 0.290702121875 0.181450609375 0.28478199375 0.17392745781250002 0.28704129375 0.1484114953125 0.28748667656250004 0.1475035921875 0.289630509375 0.161836940625 0.29842425 0.2783733859375 0.31341396875 0.28225564375 0.3191981578125 0.2805066703125 0.381472209375 0.33843233906250003 0.39642099062499997 0.3620489484375 0.3954767640625 0.36480050468749997 0.390640771875 0.356978440625 0.3216178375 0.2969584703125 0.2950017015625 0.26380795625000003 0.29132437968749997
2 0.630732459375 0.028497656249999996 0.639497709375 0.04324054375 0.64520505625 0.0452689046875 0.645279321875 0.0495235765625 0.634143125 0.0614218703125 0.6371638953125001 0.07200905937499999 0.640981171875 0.0740704140625 0.656083175 0.072742815625 0.6835263406250001 0.0743917765625 0.6863985796875001 0.076469625 0.71863190625 0.0817589453125 0.7614184390625 0.0959079890625 0.7708502296875 0.09467936406250001 0.7735460875 0.08665236875 0.7933639859375 0.084710459375 0.8001648984375 0.09523166718750001 0.8058629625 0.09672819375 0.8069008312499999 0.10203003749999999 0.8152112031250001 0.090713065625 0.8142011874999999 0.087006725 0.8226508078125001 0.083667259375 0.8434230250000001 0.08224068749999999 0.892388496875 0.07127806875 0.903745640625 0.0178802375 0.9016977546874999 0.008872053125 0.8931738687499999 0.007956846875 0.8491378046875001 0.03053733125 0.8029610234375 0.0387912921875 0.7112740015625 0.039327703125 0.6761591515625 0.0314287015625 0.634484753125 0.0268361703125 0.630732459375 0.028497656249999996
2 0.665647446875 0 0.6219764921875 0.014286601562500001 0.6258309015625 0.018475290624999998 0.6940684125 0.0284561140625 0.7593594203125 0.03210441875 0.7952800578125 0.0320094171875 0.8264291015625 0.029337725 0.829217790625 0.026629068750000002 0.8414846890625001 0.0253509578125 0.8621362234375001 0.017010543750000003 0.87335596875 0.00989875625 0.875143925 0.00401559375 0.8646953453125 0 0.665647446875 0