3 0.26016380781250004 0.6823206374999999 0.26167281875000004 0.6929514171875 0.2746147984375 0.812759134375 0.2823208875 0.8144972484374999 0.616320859375 0.776108815625 0.617491728125 0.7621246296875 0.6063083484375 0.63954728125 0.6018955609375001 0.62799769375 0.59932074375 0.5788672578125 0.5840067421875 0.46828723906249997 0.558320540625 0.46856240937500004 0.2462633796875 0.4897360703125 0.2406237484375 0.49110261718750003 0.23883716093750001 0.4933382203125 0.23899109062499999 0.49627536718750004 0.2580390796875 0.6599412734375 0.25614284062500003 0.678247421875 0.26016380781250004 0.6823206374999999
7 0.88403039375 0.88952614375 0.8810706421875001 0.887539284375 0.8796176062500001 0.8779765562499999 0.879475375 0.8570997734375 0.872018875 0.84196125 0.8510510265625 0.8414536484375 0.7516018234375 0.8509495062499999 0.71195648125 0.8573111765625001 0.7033850859374999 0.857224890625 0.70062124375 0.8589762171875 0.7020485875 0.8862115671874999 0.702300471875 0.89101780625 0.7154204578125001 0.989396465625 0.893690896875 0.9800537078125 0.8924967265625 0.9420962718749999 0.885709621875 0.9215677328125 0.8883895015625001 0.9182143265624999 0.893107853125 0.9174315546875 0.8945865812499999 0.909321659375 0.8907055500000001 0.9079185750000001 0.8859871984375 0.9087013468749999 0.88280355 0.9024422781249999 0.8813505140625001 0.89287955 0.88403039375 0.88952614375
7 0.87492035625 0.8246734046875 0.8546315296874999 0.67365661875 0.8507225109375 0.671719509375 0.81660485 0.6745785265625 0.6906601171875 0.6870694359375 0.6879242624999999 0.6893547890625 0.688068871875 0.6921141046875 0.6945223421875 0.7607650921875 0.7079355125 0.8532379609375 0.7128217875 0.8556593484375 0.720415928125 0.85526135625 0.870929671875 0.8393408656249999 0.875424125 0.8342858828124999 0.87492035625 0.8246734046875
7 0.8428677484374999 0.3765388953125 0.8456036031249999 0.3742535421875 0.8452957453125001 0.3683792515625 0.8181381468750001 0.2134384953125 0.81230260625 0.21106685781249998 0.6443102234375 0.2204064578125 0.6424956500000001 0.2221080359375 0.6426635734375 0.2253121953125 0.6673092125 0.386810515625 0.8428677484374999 0.3765388953125
7 0.6250312296875 0.1068212765625 0.64031724375 0.2168672703125 0.644198275 0.218270353125 0.8103760843750001 0.21063232968749998 0.81403321875 0.2077632015625 0.807383753125 0.1716981453125 0.8099236984375 0.16567460625 0.8070176265625 0.14654915156249998 0.8096135453125 0.141593665625 0.8052567296875001 0.13111213125 0.7941339140625 0.0460161375 0.7902528828125 0.044613053125 0.7352233484374999 0.048032521875 0.709481175 0.0472396390625 0.694376853125 0.049637703125 0.6543676781250001 0.049057029687499996 0.6278161718749999 0.050984028125000004 0.621367209375 0.05507045625 0.6215176390625 0.057940848437500005 0.6250312296875 0.1068212765625
7 0.6175292140625 0 0.6175632531249999 0.000649503125 0.6177871500000001 0.004921715625 0.6248004468749999 0.047929115625000004 0.629462821875 0.046078290625000004 0.6371689125 0.0478164046875 0.6628551125000001 0.047541234375000005 0.6770101656249999 0.0451929203125 0.7142554999999999 0.047524921875 0.794049953125 0.044414057812500005 0.7903668921875 0 0.6175292140625 0
8 0.9138495109375 0.8954602953125 0.9278926140625 0.890975875 0.9314937750000001 0.8870386937499999 0.9291474453124999 0.8785937671875 0.9222786749999999 0.8746697984375 0.905163871875 0.875031253125 0.8999440468750001 0.8844081984375001 0.8990227671875 0.8849919734375 0.9031276953124999 0.89066726875 0.9138495109375 0.8954602953125
8 0.91804573125 0.73941185 0.92326785 0.7482415546875 0.9320911296875 0.753134078125 0.9444875843749999 0.7535553937499999 0.9519697765625 0.7510212968750001 0.9514660078125001 0.7414088203125 0.9464397984374999 0.7363173 0.9317809765625 0.7290531375 0.9222603125 0.7290166015625 0.917821834375 0.7351396375 0.91804573125 0.73941185
8 0.83602268125 0.191438653125 0.836339859375 0.197490775 0.84136606875 0.2025822953125 0.8508587437499999 0.20208480468749998 0.8633648515625 0.1864355765625 0.8636424281249999 0.1735691921875 0.8588121296875 0.17221585781249998 0.847448903125 0.173346871875 0.8383200609375001 0.18078670624999998 0.835864078125 0.188412325 0.83602268125 0.191438653125
8 0.853356115625 0 0.8471203875000001 0.003612734375 0.8403098874999999 0.0189634671875 0.8404638156249999 0.0219006125 0.8447786484375 0.031581107812499995 0.8560019390625 0.027779960937499997 0.87113195 0.0077092734375 0.870727925 0 0.853356115625 0
1 0.5493332640624999 0 0.5472614734375 0.0032628765625 0.54740700625 0.0060398140625 0.5512870328125 0.0437493921875 0.5564531781250001 0.05151104375 0.5690175546875 0.055136518749999995 0.617374228125 0.05153126718749999 0.6210313625 0.0486621390625 0.61525745625 0 0.5493332640624999 0
1 0.7125579828124999 0.9777656296874999 0.7010993203125 0.8862613171874999 0.6953477390625 0.8854917578125001 0.6576009328125 0.8917539296875001 0.6578248296875 0.8960261421875 0.6861743984374999 0.9828967875 0.690139390625 0.98590195 0.7100180375 0.9837891687500001 0.7125579828124999 0.9777656296874999