7 0.49126598125000004 0 0.4781592078125 0.0629259171875 0.471453990625 0.107761728125 0.4715658734375 0.12006006093749999 0.4604392 0.18216416875000002 0.46065001875 0.196350271875 0.45362210000000003 0.21470164687499999 0.45345013281249996 0.2317472390625 0.42829352187499997 0.3513752296875 0.401595153125 0.5127289921875 0.40165757031249993 0.5240834421875 0.399248975 0.5289420546875 0.4120055984375 0.6707182515625 0.4192159796875 0.818463975 0.43083254374999996 1 0.5130929546874999 1 0.5338366531250001 0.99891286875 0.6138949765625 0.904801903125 0.7139853171875 0.7717820375 0.7157143265625 0.7641196109374999 0.7137980671874999 0.7377186906250001 0.7033698859374999 0.7013526156250001 0.699451384375 0.6570735703125 0.6651340734375 0.439289471875 0.6526023828125 0.34245912968750003 0.639268603125 0.26081445 0.63475883125 0.24590717031249998 0.6269477296875 0.17817021093750002 0.5977715921875 0 0.49126598125000004 0
7 0.43081943125000005 1 0.42288714531249993 0.8580235984375 0.4150866625 0.759998828125 0.41095967499999997 0.74223205625 0.40711420781249996 0.6790196500000001 0.40069050937500006 0.678409825 0.39444939843750004 0.6304665968750001 0.392915925 0.601206184375 0.38600817656249997 0.56086970625 0.3763478953125 0.5594830265625 0.3675415015625 0.5845529453125 0.3301357625 0.7956846468750001 0.3405898453125 0.85287185 0.34830050468749996 1 0.43081943125000005 1
7 1 0.8422433734375 0.982931409375 0.852334840625 0.970826015625 0.8652734531249999 0.968084103125 0.873935440625 0.98549306875 0.93170463125 0.985258684375 0.937395775 0.993697575 0.9662942890625 0.9949864234374999 0.9747450343749999 1 0.9744822843750001 1 0.8422433734375
7 0.8215073515625001 0.9838366859375001 0.9894820484375 0.97503350625 0.983295290625 0.9507493468750001 0.9793897390625 0.916880865625 0.9754606203125 0.9028896312500001 0.9689250390625 0.8899814734374999 0.9594002093749999 0.8810158828124999 0.9132624 0.9052028249999999 0.85714394375 0.94221703125 0.8326728734375 0.9529642718750001 0.8211610828125 0.9772294968749999 0.8215073515625001 0.9838366859375001
8 0.2820910234375 0.9562641734374999 0.26373389999999997 0.95154736875 0.253690834375 0.9530201796875 0.2505166703125 0.9635977765625 0.2536178 0.9719535421875 0.26299422968749997 0.97808748125 0.278250221875 0.97444851875 0.2852910890625 0.9665077078125 0.28547600625 0.95987268125 0.2820910234375 0.9562641734374999
8 0.307039146875 0.8631484578125 0.3088670890625 0.8573738000000001 0.30470358750000004 0.8490737078124999 0.29170779062499996 0.84502240625 0.2656302140625 0.8454425984375 0.25989905156250004 0.858047153125 0.26077650625 0.864626503125 0.265421728125 0.871954871875 0.2752798765625 0.8771170875 0.289572428125 0.8754215703125 0.307039146875 0.8631484578125
2 0.40760317031250004 0.3732820515625 0.41539899062499996 0.38991007031249997 0.419846346875 0.3934629015625 0.42167428906250004 0.3876882421875 0.43236870781250003 0.32749973906249996 0.43682668125 0.30076475937499997 0.4354675078125 0.29515713125 0.41890181249999997 0.29413235000000004 0.4127749140625 0.29918582968749996 0.40800719062499996 0.3098469390625 0.4038954859375 0.3431891078125 0.40468695625000006 0.35829125624999997 0.40760317031250004 0.3732820515625
8 0.4197968796875 0.39251901718750004 0.42167428906250004 0.3876882421875 0.434813821875 0.313174446875 0.4366288140625 0.296989221875 0.4289448765625 0.2926595375 0.4158136296875 0.2961871484375 0.40843944375 0.3079313328125 0.40451265625 0.334638475 0.40468695625000006 0.35829125624999997 0.40760317031250004 0.3732820515625 0.41597964374999996 0.3908261171875 0.4197968796875 0.39251901718750004
8 0.8784338500000001 0.81995225625 0.8790274531250001 0.8312788671875 0.8913071468749999 0.8419930375 0.9003867734375 0.8424636703124999 0.9199782359374999 0.8300792046875 0.9245975578125 0.8165864421875 0.9167652203125 0.8094251046875 0.88972420625 0.8117887406250001 0.8784338500000001 0.81995225625
8 0.7940423703125 0.91712974375 0.77496914375 0.9190758062500001 0.762949734375 0.923491621875 0.76238203125 0.9329861421875 0.7680896265625 0.9402588328125001 0.780455303125 0.9424502046875001 0.7922768437500001 0.9342588515625 0.797724153125 0.9264015562499999 0.797427353125 0.92073825 0.7940423703125 0.91712974375
8 0.683781796875 0.9882151468749999 0.684364803125 0.9910240234375 0.7126142375 0.9895435328125 0.7106744109375 0.9830198578125 0.6994205734375 0.9817166937499999 0.685708671875 0.9843282562500001 0.683781796875 0.9882151468749999
5 1 0.48690704843750005 0.9989910625 0.467655375 0.972448053125 0.499848440625 0.9584287328125001 0.5270845093750001 0.9596889718750001 0.5308043703124999 0.969015934375 0.5359944249999999 1 0.5470014109375 1 0.48690704843750005
5 0.8001811734375 0.6887071390624999 0.7758349375 0.7221632765625 0.7825554359375 0.7284364078125 0.8010609593750001 0.7359848640625 0.8234202359375 0.7357595406249999 0.832387978125 0.7239318421875 0.89128486875 0.66878896875 0.8931128109375001 0.663014309375 0.9507494609375 0.6041515765625001 0.9509343765624999 0.5975165484375 0.9450783828124999 0.587412203125 0.9337256109375 0.584221271875 0.8956233156250001 0.604201184375 0.8739618859375 0.6024969812500001 0.8001811734375 0.6887071390624999
5 0.7113340531250001 0.85331798125 0.7471190437499999 0.8145299765624999 0.7559018703125 0.8093373046875 0.7779384453125 0.7826275453125 0.778024428125 0.77410475 0.7705748765625 0.764083921875 0.7382090515625 0.756315375 0.7351338203125 0.7687807375 0.7285252046874999 0.7748059406250001 0.722843509375 0.7883543796875 0.7162843624999999 0.7953234671875 0.70773591875 0.7948249953125 0.7098736140625 0.8051242078125 0.7061682609375 0.8157296390625 0.700523084375 0.8198113984375001 0.69747141875 0.8123995140625 0.6927896796875 0.814537828125 0.689404696875 0.810929321875 0.6848713578125001 0.8158992859374999 0.6846369734375 0.82159043125 0.680252034375 0.8293920484375 0.6668004171875 0.8471335984374999 0.69617699375 0.8588447109375 0.7113340531250001 0.85331798125
5 0 0.15593979687499998 0.0025051375 0.1645185015625 0.01475064375 0.225397728125 0.0220023296875 0.2316430203125 0.083028625 0.25778554374999996 0.089168471875 0.2631426296875 0.09278784062499999 0.2610599921875 0.0647150671875 0.02212614375 0 0.0255177171875 0 0.15593979687499998
1 0 0.397014453125 0.0410118484375 0.41142382343749995 0.11366182031250001 0.42559945624999995 0.112276746875 0.399170696875 0.094975 0.2723030890625 0.009180832812500001 0.2512445 0 0.249639925 0 0.397014453125
1 0 0.4646300046875 0.0059559109375 0.453959525 0.0202355140625 0.4418534421875 0.0370071109375 0.440028003125 0.04182921875 0.4473471 0.030010009375 0.49623683124999995 0.0287756703125 0.5133381 0.0317543 0.5396833453125 0.040625443750000004 0.5666662515625001 0.04093519375 0.582740121875 0.044604028125 0.5816013703125 0.060133253124999994 0.6035029578125 0.0729936 0.615133175 0.0760452625 0.62254505625 0.11067128281250001 0.6226233375 0.141826334375 0.62761590625 0.1366711609375 0.5597397546875 0.12256947968750001 0.4431156828125 0.120147934375 0.43756373125000003 0.044495765625 0.4169200984375 0.0409753328125 0.420890503125 0.0245580359375 0.4226973734375 0.0094504453125 0.429167990625 0 0.44109082187500004 0 0.4646300046875
1 0.0016573640625000001 0.54471735625 0.013487878125 0.7704570203125 0.014793910937499998 0.764887178125 0.03378710625 0.6597793515625 0.029782621874999998 0.6240231015625 0.0327459703125 0.5992594062500001 0.039057784375 0.587570896875 0.0322513 0.5898205625 0.027483578125 0.600481671875 0.02217171875 0.6007600546874999 0.0027369421875 0.5449899874999999 0.0016573640625000001 0.54471735625
1 0.0658525078125 0.8142675296874999 0.071362234375 0.8177646828125 0.07811925 0.8145711328124999 0.0844675828125 0.79341594375 0.0938181125 0.778728753125 0.111334296875 0.767399525 0.089295390625 0.7534109078125 0.07381563125 0.7324532031250001 0.062488759375 0.7500834000000001 0.0609081515625 0.7605774796875 0.0647018203125 0.7821476265625 0.0658525078125 0.8142675296874999
1 0.11515153281249998 0.769092425 0.1198827390625 0.767897996875 0.127035490625 0.77225551875 0.1594872984375 0.77150126875 0.1569279703125 0.7328298531249999 0.1453232 0.643522746875 0.1429016546875 0.6379707953125 0.10628634374999998 0.6304249546875 0.0936733328125 0.6235141625 0.07821947343749999 0.6233775875 0.061617259375 0.6318194859374999 0.0515376765625 0.642758978125 0.044262425 0.6563909328124999 0.036666803125 0.6842368265625 0.014964896875 0.7986402078125 0.023927054687499998 0.9696483625000001 0.030209960937500002 0.9675717468749999 0.0409432328125 0.9386149390625 0.06579009218750001 0.802913078125 0.0650846046875 0.779288134375 0.061488804687499996 0.761493525 0.0653790734375 0.7442530656249999 0.070196265625 0.7345358390625 0.07748446718749999 0.73131445 0.0887642046875 0.7534387453125 0.11515153281249998 0.769092425
1 0.0844822859375 1 0.0859244 0.9939926546875 0.0999284375 0.9156476437500001 0.102743384375 0.8880522953125001 0.1146143921875 0.8808048265625 0.15687488125 0.88426890625 0.1668190140625 0.8809083281250001 0.16177572499999998 0.8253305093750001 0.16250244687499998 0.7883798328125 0.1598335671875 0.7781084593750001 0.13196456406249998 0.774836628125 0.1194010203125 0.76886971875 0.102551471875 0.7725921953125 0.09285467343750001 0.7806721984375 0.084084796875 0.796275434375 0.0704505953125 0.8613503874999999 0.050556378125 0.9797561109374999 0.0485265765625 1 0.0844822859375 1
1 0.738521378125 0 0.7811353828125001 0.0915320140625 0.7880667 0.1119912453125 0.8179897437499999 0.1747834609375 0.832136228125 0.210954665625 0.842587978125 0.22744349375 0.8415020390624999 0.247376415625 0.83580739375 0.2505142890625 0.8356224765625001 0.2571493171875 0.8308052874999999 0.2668665421875 0.83598169375 0.2741670734375 0.8356118578125 0.287437128125 0.8315107718749999 0.29049148593749996 0.8305108156250001 0.3019016140625 0.825977478125 0.306871578125 0.8272636171875 0.33141257031250004 0.842083734375 0.48207215156250005 0.8475333765625 0.5149132328125 0.8605939203125 0.5710173593750001 0.8728865640624999 0.5921420937499999 0.8802371828125001 0.6002751546875 0.8894652125 0.603577440625 0.9219535359375 0.5933565093750001 0.9295255890625 0.5853878609375001 0.9433470421875001 0.5543762562500001 0.94691694375 0.551349734375 0.963962028125 0.5107044187499999 0.9757447203125 0.47128136875 0.9775597109374999 0.4550961453125 0.9847725484375 0.43010974218750003 0.9858584875 0.41017681875 0.9907981781249999 0.3824701171875 0.9923696171874999 0.3413106734375 0.9875762781249999 0.2498482890625 0.981053203125 0.1965249203125 0.978001540625 0.1891130375 0.9781369906249999 0.1815341265625 0.9736142687499999 0.15621627968750001 0.97003141875 0.14883223750000002 0.9666205359375001 0.1244026 0.9564396875 0.092755946875 0.949818121875 0.088370584375 0.9482975984375001 0.0695207375 0.951125496875 0.0523359546875 0.9611921296875 0.030985896875000002 0.9615749156250001 0.028126404687500002 0.9588200515624999 0.026377828125000002 0.9622780687500001 0.011052973437499999 0.965946903125 0.0099142234375 0.9721362171875001 0.016215190625 0.9733066000000001 0 0.9201287640625001 0 0.9183745546875001 0.0067285234375 0.919178975 0.0322412359375 0.9232199765625 0.058530803124999996 0.9226652234375001 0.0784358875 0.9095963921875001 0.093317946875 0.9093620078125 0.09900909062499999 0.9054587890624999 0.1058389859375 0.9063857093750001 0.11336222343749999 0.9018523703125 0.1183321875 0.9011362671875001 0.12499505468750001 0.8969362468750001 0.12616164531250001 0.8910566843750001 0.135934546875 0.8914524203124999 0.1434856203125 0.88414065 0.1665842546875 0.8748289687499999 0.21250314062500003 0.8715064031249999 0.22024908281250002 0.8641402484375 0.225367509375 0.8573622500000001 0.224776253125 0.848701925 0.2119794484375 0.84820725625 0.20254060625 0.8425491296875001 0.1962117984375 0.8404609015625001 0.186856471875 0.8271553546874999 0.166731296875 0.82234878125 0.1461607125 0.8138863234375 0.13713944375 0.8038538765625001 0.10832444375000001 0.7916107015625 0.0881435953125 0.7815287859375 0.058384710937499994 0.7566467 0.0104719375 0.7529939328124999 0 0.738521378125 0
1 0.686969159375 0.5611871140625 0.6892187359374999 0.5837846578125 0.6994254843750001 0.6362524421875 0.7021826796874999 0.6786993953125 0.7068279015625001 0.6860277609375001 0.7074215046875 0.697354371875 0.7097806328125 0.6915518765625001 0.7168839171875 0.6949655156250001 0.713043115625 0.7131498609375 0.71668838125 0.7318883546875 0.7195421796875 0.7355247 0.7196540625 0.747823034375 0.7214454875 0.7515150562499999 0.717135915625 0.7810816890625001 0.7111939359375 0.7795001421875 0.707673503125 0.7834705453125 0.7064756796875 0.791105134375 0.70073156875 0.793299125 0.690714403125 0.815593065625 0.6854520109375 0.8168153328125 0.6856993453125 0.8215347546875 0.68063481875 0.8265325593749999 0.6774606546874999 0.837110153125 0.7074049328124999 0.8393267468750001 0.7093812749999999 0.8363837406249999 0.708388415625 0.8276023078125 0.7226220750000001 0.8044560890625 0.739039371875 0.8026492171875 0.735566071875 0.7668651296875 0.73972724375 0.7344668453125001 0.7452240203125 0.7275534343750001 0.74642184375 0.719918846875 0.750890434375 0.6628960562499999 0.750354584375 0.581527140625 0.753442765625 0.5794723453125 0.7569761500000001 0.585912503125 0.77083645 0.58613259375 0.77639564375 0.5905736328125 0.7853763375 0.589156496875 0.7931097421875 0.594430065625 0.8110711296875 0.5915957953125 0.818124946875 0.5940655515625 0.8282905140624999 0.5746032640625 0.8365916203125 0.5703823140625001 0.8473873078124999 0.5527799546875001 0.8504130734375 0.5393707078125 0.8410837796875 0.49348227656250004 0.8345823828125001 0.4304090625 0.83070273125 0.4173617125 0.8165950953125 0.4124222015625 0.8087627578125 0.40526086250000004 0.7760141484374999 0.40035180937500003 0.75112144375 0.3827268453125 0.734555746875 0.3817020640625 0.7310353140625 0.38567246875 0.7200547078125 0.4099098546875 0.7211064625 0.4401419890625 0.7159689046875 0.46407315625 0.7179840953125 0.4923618453125 0.71100564375 0.511657103125 0.705063665625 0.51007555625 0.701493765625 0.5131020765625001 0.7007906109375 0.5301755078125 0.6900938578125 0.5496656359375 0.686969159375 0.5611871140625