8 0.67890625 0.4609375 0.0640625 0.0671875
8 0.1984375 0.9734375 0.0265625 0.0265625
8 0.01484375 0.8578125 0.0296875 0.03125
1 0.92890625 0.04453125 0.1421875 0.0890625
5 0.66542553125 0.36200378125 0.5122340421875 0.0576559546875 0.504787234375 0.0576559546875 0.43457446875 0.1304347828125 0.427659575 0.139886578125 0.427659575 0.15595463125 0.5170212765625 0.31001890312499997 0.5962765953125 0.4404536859375 0.600531915625 0.4423440453125 0.606382978125 0.43856332656249997 0.6712765953125001 0.38657845 0.6712765953125001 0.3771266546875 0.66542553125 0.36200378125
2 0.7877659578125 0.884688090625 0.763297871875 0.6086956515625 0.754787234375 0.5680529296875 0.7329787234375 0.5245746687499999 0.7234042546875 0.5132325140625 0.7191489359375 0.5132325140625 0.54574468125 0.61342155 0.5430851062500001 0.6266540640625 0.54042553125 0.760869565625 0.54042553125 0.7882797734375 0.5425531921875 0.8024574671875 0.5414893609375 0.9224952734375 0.545212765625 0.9338374296874999 0.568617021875 0.9565217390624999 0.5856382984375 0.9706994328125 0.593617021875 0.9716446124999999 0.784042553125 0.9149338374999999 0.7867021281250001 0.906427221875 0.7877659578125 0.884688090625
7 0.534042553125 0.6124763703125 0.45691489374999994 0.4716446125 0.46063829843750004 0.4621928171875 0.5021276593749999 0.43761814687499995 0.5053191484374999 0.42911153124999996 0.47446808437500004 0.360113421875 0.45425531875 0.324196596875 0.44787234062500003 0.321361059375 0.4388297875 0.3251417765625 0.39308510625 0.3534971640625 0.3808510640625 0.33648393125 0.3303191484375 0.24480151249999998 0.327659575 0.2419659734375 0.31808510624999997 0.24763705156250002 0.2946808515625 0.3979206046875 0.29308510625 0.4243856328125 0.25531914843750003 0.6890359171875 0.254787234375 0.7088846875 0.42074468125 0.8884688093750001 0.484042553125 0.9517958406249999 0.50691489375 0.9716446124999999 0.52074468125 0.9725897921875 0.5234042546875 0.8695652171875 0.527659575 0.8487712671875001 0.534042553125 0.6124763703125
7 0.3781914890625 1 0.3787234046875 0.998109640625 0.3856382984375 0.9054820421875001 0.386702128125 0.8563327031249999 0.26542553125 0.7268431 0.25265957499999997 0.7098298671875 0.2579787234375 0.6568998109375 0.2627659578125 0.636105859375 0.274468084375 0.5444234406249999 0.2787234046875 0.526465028125 0.2787234046875 0.5094517953125 0.23191489375000002 0.451795840625 0.2303191484375 0.43761814687499995 0.22765957499999998 0.43289225 0.19042553125 0.39224952812499997 0.14202127656250002 0.345935728125 0.1388297875 0.345935728125 0.1329787234375 0.3534971640625 0.12872340468750001 0.3657844984375 0.127659575 0.4035916828125 0.1101063828125 0.4990548203125 0.09680851093750001 0.5879017015625 0.0941489359375 0.6181474484375 0.081382978125 0.6928166359375 0.0781914890625 0.7268431 0.06808510625 0.7684310015625 0.0648936171875 0.7741020796875 0.06648936093749999 0.77977315625 0.152127659375 0.8431001890625 0.16808510625 0.8610586015624999 0.1877659578125 0.87240075625 0.2212765953125 0.90075614375 0.245212765625 0.9139886578124999 0.322872340625 0.9735349718749999 0.3601063828125 0.9914933843749999 0.3638297875 1 0.3781914890625 1
7 0 0.7242299562500001 0.00425531875 0.7277882796874999 0.0537234046875 0.762759925 0.0648936171875 0.767485821875 0.06861702187499999 0.7618147453125 0.0787234046875 0.69470699375 0.0925531921875 0.6247637046875 0.1079787234375 0.508506615625 0.1265957453125 0.406427221875 0.12872340468750001 0.3657844984375 0.125 0.3516068046875 0.04042553125 0.2296786390625 0.036702128125 0.22684310000000002 0.0324468078125 0.23440453749999998 0.026595745312500002 0.2334593578125 0.0058510640624999995 0.2069943296875 0 0.2069943296875 0 0.7242299562500001
7 0.5550698140625 1 0.5526595750000001 0.945179584375 0.5446808515625 0.9357277875 0.538297871875 0.9177693765624999 0.5398936171875001 0.8393194703125 0.534042553125 0.8251417765625 0.5356382984375 0.8166351609375001 0.529787234375 0.8166351609375001 0.5287234046875 0.8223062375 0.5239361703125 0.8213610593749999 0.522872340625 0.824196596875 0.5239361703125 0.829867675 0.5265957453125 0.8289224953125001 0.529787234375 0.8431001890625 0.5260638296875 0.8553875234375001 0.5239361703125 0.8563327031249999 0.525531915625 0.884688090625 0.522340425 0.9650283546875 0.5218085109375 0.9711720234375001 0.5164893609375001 0.9792060484375 0.5031914890625 0.9716446124999999 0.4356382984375 0.9073724000000001 0.41648936093750005 0.8856332703125 0.399468084375 0.87240075625 0.397340425 0.96786389375 0.3986968078125 1 0.5550698140625 1
7 0.650531915625 1 0.650531915625 0.9971644609375 0.6468085109375 0.980151228125 0.6388297875 0.97542533125 0.6356382984375 0.9612476375 0.6058510640625 0.9706994328125 0.5856382984375 0.9725897921875 0.5670212765625 0.955576559375 0.5622340421875001 0.9546313796874999 0.5611702125 0.9565217390624999 0.5648936171875001 0.9688090734375001 0.5633890578125 1 0.650531915625 1
7 0.1925531921875 1 0.17819148906249999 0.9914933843749999 0.1648936171875 0.9763705109374999 0.111702128125 0.948960303125 0.10425531875 0.9357277875 0.1031914890625 0.92911153125 0.1074468078125 0.9102079390625001 0.1111702125 0.9035916828125 0.127659575 0.8931947062500001 0.11702127656250001 0.8856332703125 0.1218085109375 0.86483931875 0.1164893609375 0.8676748578125 0.1111702125 0.8818525515625 0.093617021875 0.87240075625 0.09042553125 0.8742911156250001 0.09308510625000001 0.9054820421875001 0.088297871875 0.931001890625 0.0835106390625 0.9357277875 0.034042553125 0.9035916828125 0 0.887847321875 0 1 0.1925531921875 1
7 0.276418440625 1 0.275 0.994328921875 0.2643617015625 0.987712665625 0.2601063828125 0.9886578453125001 0.2579787234375 0.9839319468750001 0.24627659531249999 0.97542533125 0.211702128125 0.9820415875 0.20904255312500003 0.9886578453125001 0.22393617031250002 1 0.276418440625 1