7 0.748234615625 0.3601404265625 0.7570255359375 0.3570539703125 0.767946646875 0.35834027968750004 0.7747818734374999 0.3558780125 0.805530065625 0.330344915625 0.810891759375 0.285686146875 0.8018875640625 0.2826652140625 0.7901340234374999 0.285855128125 0.7863195828125 0.289879590625 0.76947323125 0.2888001953125 0.7626186140625 0.290707246875 0.7555507234375 0.28650691093749997 0.75857023125 0.2597185453125 0.7544067953125 0.2537491 0.7602157046875 0.25021088125 0.7595564921875 0.2313335015625 0.5928353937499999 0.21380797343750002 0.5739945734375 0.2122423328125 0.5602077859375 0.213835565625 0.5255546015625 0.3823698328125 0.599000971875 0.3903670203125 0.628685346875 0.39099810156250003 0.6615262296875 0.397077896875 0.73580503125 0.40059885937499995 0.744518396875 0.395291534375 0.748234615625 0.3601404265625
7 0.7418723859374999 0.5460312609375 0.761545640625 0.543120678125 0.7741316125 0.5354545421875 0.795605446875 0.5274780359375 0.802382509375 0.523350115625 0.8032149421874999 0.5188738921875 0.80338688125 0.46716972968750003 0.7974228609375 0.46626620937499996 0.7886319421875 0.4693526640625 0.752616440625 0.48561949687499995 0.7455485515625 0.48141916093750003 0.7501153109375001 0.41399648906250003 0.747674903125 0.40074024843749995 0.6635207000000001 0.39756414218749997 0.636663225 0.39294308437500003 0.6118777734374999 0.391029140625 0.6060106953125 0.39290170625 0.5791726109375 0.3888358640625 0.5713110640625 0.390222184375 0.526736028125 0.38788751875 0.5195530859375 0.40870643749999996 0.495664625 0.54573471875 0.4952018546875 0.589110625 0.498319584375 0.5934489046875 0.588573528125 0.6014150515625001 0.7310895546875 0.6053325890625 0.7418723859374999 0.5460312609375
7 0.46585859375 0.8530732671875001 0.5617857265625 0.853614678125 0.6113954078125 0.8585529984375 0.6469662484375001 0.8578667328125 0.710362715625 0.8612118203125 0.7231619625000001 0.859653071875 0.72916348125 0.83331646875 0.7320847671874999 0.7754014578125 0.74379953125 0.7711011109375 0.753694325 0.771311471875 0.79497713125 0.7643109015625 0.79954645 0.7535893484375 0.8004151015625001 0.6935224421874999 0.796367996875 0.6908842984375 0.7874995218749999 0.6917498875 0.7541558140625 0.6995850046875 0.734185275 0.6939824421874999 0.7343636734375 0.6424631671875 0.7402294703125001 0.6122400421874999 0.73320035625 0.6091501375 0.718309696875 0.6074465546875001 0.6213174687499999 0.6047187625 0.5598185265625 0.599083834375 0.4944857546875 0.5969181515625 0.48794135625 0.607708675 0.47439106875 0.7010161921875 0.4631222421875 0.718086534375 0.46680224218750005 0.7385261109375 0.4492242375 0.8297507015625 0.45092915624999996 0.8502592484375 0.46585859375 0.8530732671875001
7 0.5087275203125 1 0.798707284375 0.9898736843749999 0.7985303625 0.979317871875 0.7944832578125001 0.9766797296874999 0.7686327109375 0.972579403125 0.7418721781250001 0.9707344296875 0.7291892625 0.9756244796875 0.72216015 0.9725345781250001 0.7241701703125 0.8885243640624999 0.7234915703125 0.8690917640625001 0.719347521875 0.8636775359375 0.647043803125 0.8600876015625 0.6085103421875 0.8608773234375 0.559926978125 0.8570149515625 0.5114987234374999 0.857594315625 0.44810225625 0.8542492265625 0.4422351796875 0.8561217921875001 0.43474201875 0.8680572375000001 0.41318041250000004 1 0.5087275203125 1
7 0.47833994999999996 0.6725276906250001 0.4860826078125 0.6111089515625 0.4838748640625 0.6045153156249999 0.462148975 0.6052740015625 0.4556045765625 0.616064525 0.40679878125 0.8323440203124999 0.408967746875 0.83782721875 0.4406465921875 0.8389445468750001 0.4465718359375 0.8387376328125 0.44844997343750004 0.8358925749999999 0.47833994999999996 0.6725276906250001
8 0.8030728281249999 0.373234578125 0.7922292718749999 0.3741691359375 0.7798759625 0.38849787812500003 0.7811155546874999 0.3956812171875 0.7871183515625 0.3976951703125 0.804797134375 0.39429834218750004 0.817208609375 0.381635253125 0.8150396437499999 0.3761520515625 0.8030728281249999 0.373234578125
8 0.8202383484375 0.5816513609375 0.8258727609375001 0.5731161890625 0.8256400968750001 0.566453584375 0.8215736046875 0.5632602234374999 0.80176463125 0.5622842859375 0.790108034375 0.568250284375 0.7845317859375001 0.57845110625 0.782828146875 0.58629311875 0.7890636062499999 0.594969678125 0.798939009375 0.594624821875 0.8086786937499999 0.5903934453125 0.8202383484375 0.5816513609375
8 0.8412777531250001 0.8160598921875 0.827471578125 0.8170979062500001 0.8218565531250001 0.8261882953124999 0.8254396093749999 0.8438517859375001 0.8404853781250001 0.8499971078125 0.8671101906249999 0.8479555609375 0.8747002953124999 0.8387962015625 0.869277878125 0.8250882015625001 0.8412777531250001 0.8160598921875
5 1 0.5882428625 0.9837447750000001 0.592062521875 0.975980171875 0.5962249265625 0.98011378125 0.7995378515625 0.99304875 0.8018656249999999 1 0.80153959375 1 0.5882428625
5 1 0.8935815328125001 0.9972354109375001 0.893441965625 0.9794790734375001 0.8946179234375 0.983992021875 0.9834033984375001 1 0.9828443874999999 1 0.8935815328125001
2 0.49080447656250004 0.548128015625 0.4678402765625 0.570053921875 0.46296201875 0.6002425609375 0.4671060671875 0.6056567890625 0.4838748640625 0.6045153156249999 0.48759236093749997 0.5977147671874999 0.49307038593749997 0.5563873 0.49080447656250004 0.548128015625