5 0.606748803125 0.49487209062500004 0.63367615625 0.5081776609374999 0.633879409375 0.511084315625 0.6398444109375 0.5071621609375 0.648285553125 0.5089085921875001 0.6604188078125001 0.5039709375 0.9647451765625 0.2163072046875 0.9633851546875001 0.2117289171875 0.9461370125 0.203004071875 0.8112377921875 0.1475938765625 0.8061450062500001 0.14911834531249998 0.5437804453124999 0.44202625468749995 0.543152134375 0.4479119265625 0.5553481390624999 0.4587425703125 0.571480159375 0.46637711406250004 0.585949053125 0.47996969062500006 0.5986514171875 0.48317067031249994 0.6012901609375 0.49116458124999995 0.606748803125 0.49487209062500004
5 0.277864275 0.7287566062499999 0.2839326765625 0.74118408125 0.326101284375 0.7791275171875001 0.33825663906250003 0.7893768328124999 0.35404135625 0.7771737578125 0.5010711046874999 0.6342850296875 0.49313632187499995 0.62490893125 0.42404036093749997 0.5736599265625 0.41679663749999996 0.5741664578125001 0.41087228593749997 0.5786699421875 0.277864275 0.7287566062499999
5 0.11434019687500001 0.88857141875 0.13851040312500001 0.9219316890625 0.15517088125 0.9371235375 0.1603856203125 0.937343059375 0.166391271875 0.9340022359375 0.2540776609375 0.84959134375 0.2186649671875 0.8041654062499999 0.20228904218750002 0.7930428765624999 0.1932195890625 0.797182115625 0.1805393234375 0.8091681046874999 0.11434019687500001 0.88857141875
5 0 0.34084329375 0.0044009984374999995 0.34246254375 0.0091279296875 0.3357060953125 0.035394232812499996 0.2503325515625 0 0.2492800671875 0 0.34084329375
8 0.5129498140625001 0.536481571875 0.49515466406249997 0.5348050609375 0.484096878125 0.5402516859375 0.479066840625 0.5575444546874999 0.498528665625 0.5830555375 0.50832983125 0.5893802546875 0.5221076625000001 0.5930902046875001 0.5479781015625 0.5912811671875 0.56161188125 0.5780601562500001 0.56228084375 0.5727558140625 0.556456346875 0.563816325 0.5290818359375 0.5441161140624999 0.5129498140625001 0.536481571875
8 0.2462983875 0.782955359375 0.2407805421875 0.79327215625 0.242750325 0.8065704078125 0.2542773671875 0.82270539375 0.26809585 0.826996671875 0.28457162812500003 0.824676228125 0.2932752265625 0.8153050078125 0.29191520312499997 0.810726721875 0.27273793281250003 0.7892849578125001 0.25755942656249997 0.7804153890625 0.25234468906249996 0.7801958671875 0.2462983875 0.782955359375
8 0.8653036625 0.0731282171875 0.9137182796875001 0.0814262078125 0.9179795000000001 0.0828807546875 0.9205369421875 0.0897120046875 0.9195648750000001 0.10555266562500001 0.9283312234375 0.11194974531249999 0.97477575625 0.1218161296875 0.97007943125 0.0546555484375 0.957583571875 0.05440773125 0.9423865156250001 0.0601438015625 0.92788051875 0.0757624984375 0.921793565625 0.07794066093749999 0.8533515609375 0.065785559375 0.8293881578125 0.0651245484375 0.8198308953125 0.062287815625 0.79607074375 0.0645334609375 0.8016106875 0.0694036328125 0.8653036625 0.0731282171875
7 0 0.247010815625 0.23016526874999998 0.2548222140625 0.2581459921875 0.2534497859375 0.2853764515625 0.2562190359375 0.2935736890625 0.25447748125 0.3490773375 0.15596016562499998 0.3648435046875 0.1583627296875 0.3962353328125 0.1760295015625 0.435743096875 0.1907920578125 0.45422576093749994 0.1725585890625 0.4853259421875 0.12657083281249998 0.5101765656249999 0.0804359140625 0.5074158703125 0.07069800937500001 0.4838147734375 0.0454763734375 0.4332050234375 0.0057865046875 0.4344933 0.003359725 0.005522271875 0.0333563015625 0 0.052468154687500004 0 0.247010815625
7 0 0.5174603890625 0.0058779859375 0.601519503125 0.0969973859375 0.595944825 0.1057009828125 0.5865736078125 0.1419531515625 0.525037075 0.1543709609375 0.5241687374999999 0.16709542500000002 0.542556684375 0.1745830515625 0.545538140625 0.1869416578125 0.5586941078125001 0.1954641015625 0.561603203125 0.20664384062500002 0.5579005718750001 0.2311100578125 0.521139309375 0.235227228125 0.505662896875 0.22424719531249998 0.482479578125 0.1894628140625 0.4311679671875 0.11152629843749999 0.4319444296875 0.0473269640625 0.43584951250000004 0.023160306250000002 0.43228184531249997 0 0.43283022187500003 0 0.5174603890625
7 0.0546803625 0.6748464890625 0.050156684375 0.6845095921875 0.029663589062500002 0.688863478125 0.0121162765625 0.6907312109375 0.017598865624999998 0.7691358890625 0.0344789140625 0.7428549015625 0.05545981875 0.7454769890625 0.0737242234375 0.768735109375 0.0821247171875 0.7699002109374999 0.0984970953125 0.7512301328125 0.1046839015625 0.735608996875 0.0848747703125 0.690260296875 0.0708715875 0.668456725 0.0636278640625 0.6689632546875 0.0546803625 0.6748464890625
1 0.5174603796875 1 0.566972796875 0.9965377546875 0.7040527515624999 0.9197722265625 0.710505559375 0.92282604375 0.7146041796875 0.9219552671875 0.71088996875 0.9134523859374999 0.6518576265625 0.8574104484375 0.65869484375 0.8510906078125 0.6519574796875001 0.8439674734375 0.6241800109375 0.8482465578125 0.589524675 0.8582641515624999 0.5754843859375 0.8656718546875 0.5679375578125 0.8767147046874999 0.5554790984375 0.8770017109375001 0.54042254375 0.8698761375 0.5267666625 0.8679101812500001 0.48740295 0.8700785874999999 0.437857209375 0.9050885375 0.4057814140625 0.9371243484375 0.4022925546875 0.9467150921874999 0.405703659375 0.9657542921875001 0.4317519328125 1 0.5174603796875 1
1 1 0.5972455796875 0.8395191687500001 0.626391121875 0.8222118265624999 0.631690584375 0.8036072109375001 0.648180059375 0.7963228375 0.6481052593750001 0.7748541265625 0.6385072 0.75594285625 0.6357403890625 0.7266834140625 0.6336971921875 0.7029639125 0.6365241687500001 0.669993803125 0.6557706984375 0.6277324375 0.69085545 0.6005868249999999 0.7190414671875 0.5806442859375001 0.746139625 0.582148359375 0.7676488734375 0.6026450031249999 0.7930875937499999 0.6504755062500001 0.8376451921875001 0.6508820125 0.843458503125 0.6735481421875 0.8553095265625 0.7323365796875 0.9078634781250001 0.726696784375 0.91643628125 0.6804773015625 0.9395301640625 0.64196725 0.953906521875 0.59586971875 0.9787443984375 0.5897014640625 0.979759896875 0.57888758125 0.988694509375 0.5677484921875 0.992978471875 0.549121778125 0.994280978125 0.5477099734374999 0.9978847421875001 0.781956128125 0.9815046562499999 0.792303884375 0.9772760296874999 0.7998507140625 0.966233178125 0.8111524046874999 0.9642745390625 0.8487274921875001 0.9365275687500001 0.88198215625 0.92135035625 0.8955973859374999 0.9227349828125 1 0.9174944093749999 1 0.9039742343749999 0.963041675 0.905751171875 0.9453278265625 0.9052373250000001 0.9428923375 0.9001500671875 1 0.8634798281249999 1 0.69337671875 0.9979973875000001 0.6918359875 0.928679621875 0.6522859640625 0.9025838328125 0.636001378125 0.9001889937499999 0.631495453125 0.9020960265625 0.6290254046875 0.9195253203125 0.6254699359375 1 0.611887478125 1 0.5972455796875
1 0.171383109375 0.425422140625 0.22755571875 0.3216004828125 0.225201528125 0.3176758890625 0.20231359218749997 0.3175238484375 0.16725175 0.32172813125 0.12626555781249998 0.33043590156249997 0.09367985625 0.3403087734375 0.0544601921875 0.3594081390625 0.021105676562500002 0.3880283265625 0.0090351703125 0.40873428125 0.0094231234375 0.4291532296875 0.0137656484375 0.4317704390625 0.029328559375 0.43126634687500004 0.0451760265625 0.43483157187500004 0.1333794171875 0.43216883125 0.163389125 0.4300703484375 0.171383109375 0.425422140625
2 0.565474509375 0.46971793906250003 0.5232095953125 0.4750100828125 0.5487177234375 0.49776167187500003 0.598307659375 0.49312565937499997 0.5761885390625 0.474226303125 0.565474509375 0.46971793906250003
2 0.7585011171875 0.4790029734375 0.783174134375 0.47494097343749997 0.806790234375 0.455764365625 0.8064650296875 0.45111371718750004 0.7805945921874999 0.4529227546875 0.758966825 0.47079197656250005 0.7585011171875 0.4790029734375