7 1 0.0171556125 0.818330178125 0.0108115625 0.81610485625 0.0135711203125 0.8180079359375 0.05052205 0.8275664468749999 0.1425941453125 0.834269084375 0.24024104375 0.87457103125 0.24448568593750003 0.900750928125 0.2416168859375 1 0.24508273906250003 1 0.0171556125
7 0.44501588906249995 0 0.44105547031250003 0.084646365625 0.441012359375 0.17732891875 0.438992575 0.204685303125 0.440224496875 0.2151316359375 0.447468853125 0.221059146875 0.47973096249999997 0.22691454375000003 0.7248641359375 0.24871536249999998 0.7621744546875 0.247181 0.7742361125 0.2523309828125 0.8190876640625 0.2482226984375 0.82297373125 0.243629625 0.8254921187500001 0.21723640937500002 0.8201356046875 0.187730928125 0.8208245078124999 0.1527620234375 0.817598165625 0.13846302187499998 0.8095215328125 0.1258861546875 0.8098107890625 0.087120271875 0.8070500656249999 0.07472904218750001 0.8080764515625001 0.06057854687499999 0.801751903125 0.0130699046875 0.799458703125 0.01015255625 0.508727515625 0 0.44501588906249995 0
7 0.0171556125 0 0.0096300046875 0.2155052 0.0159858109375 0.21639474218750002 0.2393897296875 0.23554524687499998 0.41810322031249997 0.23894879218749998 0.42062541875 0.2276878 0.42254243437500005 0.1880330046875 0.42857900468750004 0 0.0171556125 0
7 0.8844175984374999 0.556928921875 0.8754795124999999 0.5537795296875 0.8604630234374999 0.5570381640625001 0.8521225015624999 0.5520181281250001 0.8470083203125001 0.5612970953125 0.847243034375 0.5698170921875 0.858091821875 0.6401818625 0.86549098125 0.7331243078125 0.8687173234375001 0.747423309375 0.991888615625 0.7410071703125001 0.9988377703125 0.5420094468750001 0.9860795890625 0.541563921875 0.9609628734375001 0.54446985 0.9598007328125 0.5472665343750001 0.9413269984375001 0.54283839375 0.92421713125 0.545078171875 0.9143186328124999 0.5541900656250001 0.911228046875 0.551244871875 0.9113599921875 0.5474664578125 0.9071072656249999 0.5473179499999999 0.8844175984374999 0.556928921875
7 0.860468140625 0.7093050125 0.8622240343750001 0.6895054609375 0.857428284375 0.643941715625 0.8456482624999999 0.5697614015625 0.8470083203125001 0.5612970953125 0.8404604890625 0.5506651265625 0.7306888796875 0.5543978640625 0.7124498578125 0.5584897203125 0.653278340625 0.561152184375 0.6379649749999999 0.5729122546875 0.6444551140625 0.57503040625 0.6502613484374999 0.5865822328125 0.6591423875 0.7590199046875 0.660106609375 0.76189084375 0.6707384281250001 0.762262115625 0.7149924140625 0.760024475 0.8360923625 0.7519585546875 0.8634014156250001 0.7472376749999999 0.8646955000000001 0.740662575 0.860468140625 0.7093050125
7 0.6351649515625 0.668335803125 0.6375184093749999 0.64666560625 0.636575740625 0.5974533906249999 0.6325133125 0.561372809375 0.5441372828125 0.5620696734374999 0.5395178953124999 0.5571795828125 0.49606320000000004 0.5670111796875 0.44709086718749996 0.5671925390625 0.444968315625 0.582250509375 0.4453096078125 0.6182011453125 0.43992903281249995 0.757039340625 0.4405963796875 0.7684117140625 0.445813328125 0.7714311609375 0.641101284375 0.757444140625 0.6430918921875 0.7461645859375 0.6423547625 0.7215491968750001 0.63805761875 0.67694861875 0.6351649515625 0.668335803125
7 0.4335663828125 0.558208453125 0.24027284531249998 0.5760481421875 0.2359364 0.63926234375 0.2396245515625 0.6403368921875 0.24208458593749999 0.64609733125 0.241622778125 0.6593217859375 0.23813635625 0.6677118390625 0.231186375 0.7752852906250001 0.24922747812499998 0.77686105625 0.4233837421875 0.7583530781250001 0.43717211875000006 0.759780334375 0.43962453593750006 0.735276325 0.44430096875 0.5708781375 0.4414742734375 0.5603761140625 0.4335663828125 0.558208453125
7 0 0.7772099203125 0.12048352968750001 0.7752024859375 0.2170643265625 0.7681718484375 0.21945457968749998 0.760689271875 0.22680084374999998 0.6874918 0.23142359375 0.6618028890625001 0.23784960625 0.5844753218750001 0.23728121875000002 0.5702691375 0.2357854046875 0.5673796359375001 0.1767128453125 0.5672082890625 0.17272400937500001 0.5595029484375 0.17345351874999998 0.5538538890625 0.169295940625 0.5357393453125 0.1619488171875 0.5175134203125 0.11307544375 0.51486096875 0.10493664843749999 0.519305534375 0.1074626578125 0.5231767656249999 0.1095598453125 0.5393278484375 0.11633858125 0.543347590625 0.11670524062500001 0.5480891734375 0.1218892046875 0.5520532234375 0.1179041765625 0.559480109375 0.1182378515625 0.565166296875 0.0265733171875 0.5685855906249999 0.010047078125000001 0.64556045 0.004973506250000001 0.6841592609375 0 0.70379536875 0 0.7772099203125
7 0.3040968421875 0.9736028125 0.306718 0.9595080093749999 0.3111204171875 0.8944046015625 0.31336348593749996 0.8301715421875 0.186646940625 0.8314210375 0.1697071234375 0.9812046453125 0.3040968421875 0.9736028125
7 0.44541879843750004 0.9199010296875001 0.4486260890625 0.8585389109375001 0.44815285156250007 0.826366690625 0.44615843125000004 0.8225140203124999 0.40419574062499997 0.8201028953125 0.31930994375 0.8275419312500001 0.3164578828125 0.848248959375 0.31177001875 0.9672504765625 0.3131338875 0.97391839375 0.32110775 0.9741968468750001 0.4213766953125 0.968240759375 0.44443302031250004 0.9633713687500001 0.4474208375 0.9540181484374999 0.445525378125 0.9473316687500001 0.44541879843750004 0.9199010296875001
7 0.579566184375 0.8735147515625 0.57828984375 0.8186163499999999 0.5747006531250001 0.8147079890625 0.5182530625 0.8155740640625 0.50150985625 0.8225554234375 0.4781858296875 0.8198494203125 0.45306911406249994 0.822755346875 0.45121045156250006 0.8302564875 0.4526187359375 0.8813764734375 0.45060657343750005 0.9389973062499999 0.4505114234375 0.9569633421875 0.45350305156250004 0.962742346875 0.5633076453125 0.9580650046875 0.580483484375 0.9539360203125 0.580941484375 0.9255793421874999 0.57771133125 0.8961481156250001 0.579566184375 0.8735147515625
7 0.7182898437499999 0.92470111875 0.7135714984375 0.9226448390625 0.71220763125 0.915976921875 0.7106014265625 0.8705245578125 0.7050393734375 0.8164222499999999 0.7062674875 0.811736359375 0.638157884375 0.81124943125 0.5820439656249999 0.8178016906250001 0.5794557953125 0.8309518890625001 0.5795040218749999 0.890536184375 0.582045271875 0.9549363140624999 0.5855684906249999 0.9607338828125 0.70284834375 0.9553718281249999 0.7157384687499999 0.9520389390625 0.719092946875 0.9474273 0.7175641453125 0.9454824015625001 0.7182898437499999 0.92470111875
7 0.753212415625 0.8086469328125 0.7143073234374999 0.8101256046875 0.7128153187499999 0.8223683265625 0.717841971875 0.8613198453124999 0.7235765765625 0.9409635828124999 0.7254060640625 0.9495392703125001 0.730721971875 0.94972490625 0.8544468890625 0.9426964078125 0.854908696875 0.9294719546874999 0.8384648718750001 0.8059494796875001 0.76879348125 0.8044622578125 0.753212415625 0.8086469328125
7 0.516428690625 0.9592652234375001 0.45028051874999997 0.9635755671874999 0.43994938906250003 0.9698350874999999 0.44011813125000004 0.9802442921875001 0.4447375171875 0.985134384375 0.5449404906249999 0.9810675015625 0.5609541890624999 0.979735203125 0.5643416515624999 0.9741789609374999 0.5637072921875 0.961861984375 0.561148296875 0.9589353546874999 0.516428690625 0.9592652234375001
3 0.8962639609374999 1 0.8936932734375 0.9771683718749999 0.88900410625 0.9590352640625 0.7745801234374999 0.9588225140625 0.7567769796875 0.963875346875 0.7164388015625 0.9624667078125 0.6215187515625 0.967663828125 0.61922745625 0.9723125921875001 0.6191323078125001 0.990278628125 0.61994990625 1 0.8962639609374999 1
8 0.315845078125 0.78959070625 0.31328608125 0.7866640765625 0.30471465625 0.7882562671875 0.303655284375 0.8033513640625 0.314254115625 0.804667240625 0.315845078125 0.78959070625
8 0.4307346765625 0.7917112281249999 0.43954081718750004 0.7986390359375 0.44505464375 0.7931570484375 0.44588311249999996 0.7846741781250001 0.44086407968749997 0.7759871078125 0.43501658125000003 0.7757829093749999 0.431728075 0.7785053375000001 0.4307346765625 0.7917112281249999
8 0.576086078125 0.7750346296874999 0.5805037359375 0.77046011875 0.5812332437500001 0.7648110609375001 0.5668473046875 0.7652544484375 0.56465496875 0.7670694 0.564988640625 0.7727555875000001 0.576086078125 0.7750346296874999
8 0.6649645203125 0.7904331578125 0.6797830921875 0.7928421453125 0.6842337374999999 0.7873230296875 0.6845306140625 0.7788215968750001 0.6793796375000001 0.773912940625 0.66964606875 0.7783018171875 0.6657929890625 0.7819502875000001 0.6649645203125 0.7904331578125
8 0.812504446875 0.75680938125 0.7997462671875 0.75636385625 0.798052534375 0.7591419765625 0.79855495 0.7752373671874999 0.8116100078124999 0.7671814593749999 0.812504446875 0.75680938125
8 0.194177940625 0.5243134203125 0.1924550328125 0.54316836875 0.2005976390625 0.553856028125 0.21010030156249998 0.556079378125 0.21717591406249998 0.5515976874999999 0.215177684375 0.5326127921875 0.20550627968750002 0.5199802359375 0.1975324171875 0.5197017828125 0.194177940625 0.5243134203125
8 0.4125958140625 0.53383225 0.41386072343749997 0.54333398125 0.4212040375 0.5464276828125 0.4320007875 0.542075934375 0.4361177578125 0.5308706328125 0.434519175 0.51568271875 0.4298997875 0.5107926265625 0.42073079843750005 0.5142554609375 0.4125958140625 0.53383225
8 0.5389342671875 0.4824445 0.53638289375 0.50978231875 0.539939096875 0.514635284375 0.550570915625 0.5150065546875 0.556583346875 0.5104877343750001 0.5571111265625001 0.49537407343749995 0.5528545890625 0.48009334218750005 0.544415109375 0.47790711718749995 0.5389342671875 0.4824445
8 0.8054262234375 0.4870218265625 0.7894493203125 0.5025417484375 0.7874257265625 0.51476590625 0.800583553125 0.519008409375 0.8097525421875 0.5155455765625 0.8169271140625 0.508230071875 0.8206114546875 0.4941723953125 0.8192145999999999 0.4884490828125 0.81353203125 0.48352186406250003 0.8054262234375 0.4870218265625
8 0.9702739328125001 0.44549064843749997 0.9678836796875 0.45297322500000003 0.9685840125 0.4634009953125 0.97918284375 0.4647168703125 0.9944302374999999 0.45484600625000005 0.9990458125 0.44460387343749996 0.9988770703125001 0.43419466875 0.9923292390625 0.4235627015625 0.9809679125 0.42884048750000003 0.9702739328125001 0.44549064843749997
5 0.48772768749999995 0.3179863453125 0.48435165625 0.368939259375 0.48584746875 0.3718287609375 0.49647928593749996 0.3722000328125 0.6334280015625 0.36752483125 0.64271750625 0.31488690625000004 0.5949073140625 0.31227158125 0.4893884328125 0.316152828125 0.48772768749999995 0.3179863453125
5 0.8642589515625 0.326406328125 0.8596065796874999 0.3224608390625 0.7151458093749999 0.3136331375 0.7112597421875 0.318226209375 0.7065122203125 0.3322467578125 0.698710909375 0.357509734375 0.6977834828125 0.36882641718750003 0.7008740687499999 0.371771609375 0.764500040625 0.37872225625 0.8133734140625 0.3813747078125 0.8182566921875001 0.37870796875 0.837793609375 0.3831732359375 0.845466784375 0.3768208984375 0.8642589515625 0.326406328125
5 0.1899302234375 0.2801601125 0.18847501718749998 0.30659045625000003 0.20360570625 0.36102690625 0.21254379218750002 0.3641762984375 0.23021823593750002 0.3610104796875 0.244009115625 0.24043533749999998 0.22128265468750002 0.2358586890625 0.19626489687499998 0.23593080624999999 0.1899302234375 0.2801601125
2 0.1891677296875 0.286753775 0.18847501718749998 0.30659045625000003 0.204602915625 0.362953240625 0.22692973125 0.3637329109375 0.23021823593750002 0.3610104796875 0.24450772187499997 0.24139850468750002 0.2350710296875 0.23728594531249997 0.196829475 0.235004765625 0.1891677296875 0.286753775
2 0.4366238765625 0.1658266015625 0.4351280625 0.16293709843749998 0.42499485000000004 0.1635289953125 0.422055259375 0.2324665109375 0.4151363015625 0.2426282078125 0.3993326078125 0.2430220859375 0.3906292359375 0.2483926921875 0.3883240046875 0.3296471828125 0.391055553125 0.3581152421875 0.4347449640625 0.3568036421875 0.43866401718750003 0.3512659640625 0.4423876578125 0.2293935109375 0.4378012578125 0.223558815625 0.43577004375 0.205518525 0.4366238765625 0.1658266015625
2 1 0.2611021953125 0.995942490625 0.259127384375 0.884741040625 0.2580814109375 0.8795279 0.2701941875 0.8793299828125001 0.2758618109375 0.8872822906250001 0.322481540625 0.88638785 0.3328536203125 0.8895152328125 0.3499864328125 0.893170396875 0.35200558593750003 0.9901508390625 0.348771928125 0.9934393421875001 0.346049496875 0.9953601687500001 0.3215269265625 0.99871464375 0.3169152875 1 0.3174754515625 1 0.2611021953125
1 0.5974218921875 0.27074614218750004 0.6102752234375 0.2532256328125 0.61163528125 0.24476132499999997 0.6059197265625 0.240778709375 0.4796979765625 0.22785914843750002 0.477505640625 0.22967410156249998 0.4774434796875 0.246695534375 0.4816670296875 0.2629208703125 0.48937700156249997 0.27075615468750003 0.5217418828125 0.2889099640625 0.5460631171875 0.293542303125 0.561013634375 0.292172875 0.5821085265625 0.2825062109375 0.5974218921875 0.27074614218750004
1 0.7238047625 0.2638104609375 0.758127265625 0.27162931874999996 0.7849707 0.265000665625 0.801911825 0.2523516828125 0.70622546875 0.2490102421875 0.711376446875 0.253918896875 0.7238047625 0.2638104609375