7 0.0243096421875 0.4710859515625 0.0208237421875 0.471989434375 0.0194949078125 0.4770691046875 0.025030596874999998 0.483413703125 0.029702299999999997 0.48152641406249996 0.029341823437499998 0.47536253593750005 0.0243096421875 0.4710859515625
7 0 0.731582721875 0.0042688875000000005 0.7482192953125 0.010486871875000001 0.7515120765625001 0.0282381859375 0.737778959375 0.096797409375 0.6704585015625 0.1696321 0.5961108421875 0.17451545 0.57167621875 0.18892389375000002 0.5547507234375 0.19887808125 0.5499722593749999 0.2364991109375 0.5113026406250001 0.23901375156250002 0.505239165625 0.3039082890625 0.44394202031249996 0.306276996875 0.4255708734375 0.299639571875 0.28590989218749996 0.29669678906249997 0.1063945546875 0.28695714843750003 0.105029225 0.25824463125 0.11940478125000001 0.21044906718749998 0.1361895890625 0.1391161984375 0.16753067500000002 0.11266801875000002 0.18301051875000002 0.09236340625 0.187427540625 0.009268834375 0.22584778593750002 0 0.4912724609375 0 0.731582721875
7 0.3017637765625 0.307513578125 0.307534315625 0.42253913593750003 0.30954834999999997 0.4308111859375 0.31598088125 0.42796017031250005 0.3213377796875 0.4394246 0.3336993359375 0.43165455625 0.45374876718749996 0.3076949375 0.45690704687499994 0.283200075 0.45452963593750006 0.2523606125 0.456297215625 0.0863375578125 0.45553470156250003 0.042226696875000004 0.44938823125000005 0.036885984375 0.314305071875 0.0967573015625 0.2989968828125 0.106474875 0.2981831578125 0.179236703125 0.30084663125 0.2018844375 0.3017637765625 0.307513578125
7 0.487815284375 0.2883802734375 0.502369659375 0.2837624484375 0.5031234703125 0.27866270000000004 0.5116028921875 0.26665623125 0.527197140625 0.2487469296875 0.564100115625 0.2141530953125 0.5681552375 0.18046261875 0.5743770734375 0.0022925328125000003 0.5398756640625 0.0010877171874999999 0.5369647890625 0.00201128125 0.47479653749999995 0.03469761875 0.47158124843750004 0.1432580953125 0.47377406874999994 0.146410315625 0.4721591703125 0.15968171250000002 0.47342519375 0.20586058281250003 0.4690540546875 0.281573828125 0.4718963140625 0.29910173281249997 0.4782215734375 0.299322615625 0.487815284375 0.2883802734375
7 0.6443747171875 0.0047369046875 0.5879278 0.002765734375 0.5780678671875 0.1439010453125 0.57308014375 0.187811103125 0.5724365062500001 0.206242490625 0.5740900609375 0.2083506640625 0.58954418125 0.2109407625 0.594069953125 0.1967458 0.6282766 0.1569317359375 0.6350667078125001 0.1438410609375 0.6344172671874999 0.129465375 0.6443747171875 0.0047369046875
7 0.6423603234375 0.13281839687500002 0.6398099265625 0.13990583750000002 0.6406023953125 0.15018565781249998 0.65828509375 0.1549040109375 0.665289746875 0.135669540625 0.6912344203125 0.11812168281249999 0.702588959375 0.106215615625 0.71397645 0.0071674500000000006 0.655490025 0.005125059374999999 0.6423603234375 0.13281839687500002
7 0.0171556125 0 0.01084346875 0.1807561640625 0.0586486671875 0.1636954703125 0.03105246875 0 0.0171556125 0
7 0.0322944640625 0 0.03206130625 0.0018083140625 0.039578171875 0.0338524640625 0.0391848375 0.045116089062499996 0.044148403125 0.0678441453125 0.045411525 0.0976194796875 0.0526452265625 0.1542588953125 0.0660167 0.1670284125 0.0888717078125 0.1555239515625 0.12261640468749999 0.14542497968749998 0.12797040312500002 0.14048587343750002 0.1418424828125 0.1389198671875 0.20656403281250002 0.11554962656250001 0.2103002359375 0.1074783796875 0.21547544687500003 0.1076591015625 0.22438686093750002 0.0997685765625 0.2274407671875 0.0947491484375 0.209040015625 0.09410658125 0.20882546875000002 0.1002503765625 0.20472878906249997 0.10215774687500001 0.19973236562500002 0.09685719375 0.1966398015625 0.086497053125 0.1938736203125 0 0.0322944640625 0
7 0.19464756249999998 0 0.1985465609375 0.097841 0.2053038109375 0.10217782812500001 0.2404517609375 0.101354790625 0.31099506093749996 0.07613742031250001 0.31318497968750003 0.06288610312500001 0.310128175 0.05150199531250001 0.306886778125 0.012430643750000001 0.30653729687500003 0 0.19464756249999998 0
7 0.30704664375 0 0.30739028749999997 0.0144986578125 0.3130777078125 0.06595800156250001 0.329035334375 0.0706161125 0.3925710796875 0.048229676562500004 0.39580377499999997 0.03809041875 0.3961942078125 0.01042325625 0.39597329531250003 0 0.30704664375 0
8 0.25170197499999997 0.7189269031250001 0.2558730703125 0.7313751390625 0.2692087859375 0.7451686234375 0.2861376703125 0.754986725 0.3038918828125 0.7576571453125001 0.313881828125 0.7518547140625 0.3175465171875 0.7458313984375 0.32221531875 0.7275405734375 0.32145860625 0.7162367859375001 0.3172875109375 0.703788553125 0.3095590015625 0.6942917343749999 0.299962390625 0.6888305406249999 0.28389749062499997 0.6872443265625 0.2675822875 0.692825875 0.2531738421875 0.7097513703125 0.25170197499999997 0.7189269031250001
8 0.388698646875 0.505340203125 0.39142493125 0.476729396875 0.3877215875 0.4673731390625 0.3792750234375 0.46195210624999994 0.36662450625 0.461510340625 0.3524306078125 0.4722920390625 0.3578976828125 0.49708810625 0.3821588421875 0.5112631171875 0.388698646875 0.505340203125
8 0.5502096828124999 0.3151642859375 0.5742176390625 0.320103521875 0.5807932015625 0.3131566421875 0.5811507781249999 0.3029169828125 0.5740330484375 0.29241627812500004 0.5614898046875 0.2889026140625 0.5503855718749999 0.2936409203125 0.5438457671875 0.2995638328125 0.54190615 0.3056473875 0.5445667203125 0.3118915859375 0.5502096828124999 0.3151642859375
8 0.595803725 0.24601665 0.5949397390625 0.23778476093749998 0.58940405 0.2314401625 0.5802394328125 0.23009491249999997 0.5673743703125 0.23579694375 0.565434753125 0.24188049843749998 0.5765418890625 0.25354573125 0.5914209828125 0.25611574843749996 0.595803725 0.24601665
8 0.6655100953125 0.16233281718749998 0.6577100703125 0.15488393125 0.6484381781249999 0.156610578125 0.6381979296875 0.169580771875 0.6431585937500001 0.175905290625 0.6637879250000001 0.17867611249999998 0.6674526125 0.1726527984375 0.6655100953125 0.16233281718749998
1 0.7418288234375 1 0.6701393375 0.9365315687500001 0.6433635375 0.928420034375 0.6264375515625 0.93500546875 0.6085789671875 0.951810484375 0.581964953125 1 0.7418288234375 1
1 1 0.50822565 0.9954885593749999 0.5060254796875 0.9916450843750001 0.5171686249999999 0.9778087624999999 0.5177106640625 0.97288675625 0.5267657156250001 0.9681106796875 0.548128440625 0.963906728125 0.5531077078125 0.9510474671875 0.5916168125000001 0.9356764640625 0.6525929265625 0.9296044109375 0.6616078187500001 0.9291753187499999 0.673895409375 0.9221349062499999 0.694153846875 0.9205200093749999 0.707425246875 0.9175018609375 0.7114207078125 0.9153834562500001 0.72262409375 0.9019105140624999 0.7457335453125 0.89332091875 0.7444083765625 0.8744852734374999 0.723246328125 0.8637028578124999 0.7187689374999999 0.8587421921875 0.71244441875 0.7746727875 0.663373990625 0.7593259421874999 0.6577119921875 0.7397751421875001 0.6570292625 0.7209095421875 0.669698253125 0.7081188953125 0.6897558874999999 0.6895093984375 0.7280641875 0.677657153125 0.7707093171875 0.6773024765625 0.7973525125 0.6819799796875 0.8282722953125001 0.69833674375 0.8544738546874999 0.69356066875 0.8758365781249999 0.68346635 0.90111444375 0.6798074656249999 0.9399448312500001 0.6864931999999999 0.946329590625 0.6915582390624999 0.933178675 0.721459459375 0.9342228484374999 0.7280736796875 0.9426555406249999 0.7268192609375 0.9620908140625 0.7328584578124999 0.9705034250000001 0.7367734484375 0.9573123484374999 0.7405396078125001 0.9154100625 0.7484797624999999 0.9023595484375001 0.8100517343750001 0.9526947796874999 0.8254014812499999 0.9747603140625 0.8326293843749999 0.9985926546874999 0.8328050593749999 1 0.84574420625 1 0.8392378031250001 0.9742182734375 0.8457418499999999 0.9693193250000001 0.8593993828125001 0.973897115625 0.87557155625 0.9724114328125 0.8846617578125 0.9594010781250001 0.8885380906250001 0.9308304312500001 0.8950063796875 0.92695545 0.9019752765625 0.90874494375 0.9098738734375 0.863911321875 0.9169886999999999 0.8580084890625 0.9266510265625 0.8286146796875 0.9339804 0.8165680500000001 0.9502124859375 0.7474202875 0.9694298640625 0.691704565625 0.985480259375 0.611273096875 0.9979121937500001 0.5685144875 1 0.5087275375 1 0.50822565
1 0.7532693421875 0.5508781625 0.7359558234375 0.6015342968749999 0.7330149921875 0.6362889 0.7381215875 0.654921090625 0.7645369109375 0.65686875 0.8070557921875 0.675782190625 0.8818175484375 0.727603234375 0.8841176421875 0.7276835546875 0.8927758515625 0.71055725625 0.9013296875 0.71290639375 0.9019433703124999 0.7283060421875 0.9064005265624999 0.73256255 0.9099936984375001 0.7285871671875 0.913476696875 0.7112801453125 0.9194057203125 0.7063611187500001 0.9208060703125 0.6992335171875 0.9165934171875 0.6550021765625 0.9132505500000001 0.6518097953125 0.9107330078125001 0.641469734375 0.9126310656250001 0.6036030718750001 0.9064459375 0.5828827890625 0.8980708875 0.5754138234374999 0.8249298312500001 0.5431284562500001 0.817669071875 0.5367236171875 0.7857180593749999 0.5284313593750001 0.7671385203125001 0.5329086203125 0.7532693421875 0.5508781625
1 1 0.2604473859375 0.98836598125 0.2648513015625 0.9659516671875 0.329682315625 0.9283625453125 0.548790834375 0.91992178125 0.5761768734375 0.915938175 0.60781941875 0.91572653125 0.6303667515625 0.91910805625 0.6489387 0.9304297375000001 0.6544601359375 0.93470520625 0.6474329359375 0.95524851875 0.57023400625 0.9588774484375 0.565234659375 0.9736763249999999 0.5206420015625 0.9790660828125001 0.514678928125 0.9922471640625 0.466954128125 0.9887226078125 0.45247804374999995 0.9897267218750001 0.44021053125 0.9917378546875 0.43207904375000006 0.996445315625 0.42916778750000006 0.9994605640625001 0.4087687890625 1 0.4074680640625 1 0.2604473859375
1 0.7857093578125001 0.47922075 0.78855161875 0.49674865312499994 0.78808676875 0.5100602109375 0.798724703125 0.510431696875 0.804979896875 0.5209022796875 0.8012436953125001 0.5289735265625 0.80289725 0.5310816984375 0.812922953125 0.5242553015625 0.8179551328124999 0.5285318875 0.8279808359375 0.5217054906249999 0.8857035328125 0.5503767921875 0.9064816953125 0.5818588250000001 0.9043574890625001 0.5602551359375 0.9183368421875 0.5556172312500001 0.9260982078125 0.5476865484375 0.9292593874999999 0.5395952203125 0.9283538437500001 0.499580225 0.9305051046875 0.4709493375 0.9338808296875 0.45671421562500003 0.9333029046875 0.44029059843749996 0.9166958390625 0.4212568015625 0.8730298124999999 0.41870673593749996 0.857215215625 0.40995276093750005 0.8166746078125 0.40033533437499996 0.8054273437499999 0.40916950312499994 0.7872140812499999 0.4526177140625 0.7857093578125001 0.47922075
1 0.9079129531250001 0.3430337796875 0.8984593734375 0.333476721875 0.8420326546875 0.3171532515625 0.8296681984375001 0.30851975625 0.8261107843750001 0.311471175 0.8164068999999999 0.30908187656249997 0.8046918843749999 0.3148240671875 0.7985840734375 0.324862925 0.7898930078124999 0.3594167265625 0.7889604078125 0.36963630625 0.791334915625 0.38407223125 0.79902766875 0.39459301562500004 0.8091635453125001 0.40109825624999995 0.8173569046875 0.39728351562499997 0.83453609375 0.39993385625 0.8816551640625001 0.4190079390625 0.898473875 0.415494403125 0.9056988765625 0.42292320781250003 0.9162996031249999 0.416116890625 0.9211500953125 0.40910977031250007 0.938210409375 0.3492178640625 0.9532566906250001 0.2810539078125 0.9703527624999999 0.2201380328125 0.9717144546875 0.19763086093749999 0.962978928125 0.18399801875 0.9565106390624999 0.1878729984375 0.9485347281250001 0.2019474796875 0.920310265625 0.334239771875 0.9151737125 0.3494386203125 0.908848453125 0.34921773749999996 0.9079129531250001 0.3430337796875