4 0.9275653921875 0.713559321875 0.92655935625 0.699435028125 0.923541246875 0.6977401125 0.9124748484375 0.7 0.8893360156250001 0.699435028125 0.8722334 0.6954802265625 0.8571428578125 0.6949152546875 0.8209255531249999 0.6954802265625 0.8189134812500001 0.7045197734374999 0.7957746484375 0.715819209375 0.796780684375 0.7203389828125 0.8048289734375 0.7220338984375 0.825955734375 0.7186440671875001 0.8390342046875 0.7248587578125 0.8521126765625 0.726553671875 0.9024144875 0.72711864375 0.9134808859374999 0.7141242937500001 0.9275653921875 0.713559321875
6 0.5160965796875 0.7971751406250001 0.5201207250000001 0.7774011296875 0.5201207250000001 0.77062146875 0.5160965796875 0.7677966109375001 0.5080482890625 0.7672316390625 0.5070422531250001 0.768926553125 0.49496981875 0.8180790953124999 0.4889336015625 0.8259887000000001 0.47484909531249997 0.89661016875 0.4818913484375 0.898305084375 0.49094567343750006 0.8903954796875 0.5040241453125 0.8355932203125 0.49899396406249996 0.8197740109374999 0.5090543265624999 0.81412429375 0.5160965796875 0.7971751406250001
6 0.22334004062499999 0.45310734531249997 0.2162977875 0.44463276875 0.206237425 0.44124293750000004 0.20120724375000001 0.43333333281249997 0.20221327968749997 0.4282485875 0.193158953125 0.426553671875 0.1901408453125 0.4282485875 0.193158953125 0.43615819218749996 0.189134809375 0.4474576265625 0.281690140625 0.611299434375 0.28873239375000004 0.6186440671875 0.296780684375 0.6192090390625 0.3048289734375 0.61638418125 0.3078470828125 0.6101694921874999 0.2746478875 0.540677965625 0.22334004062499999 0.45310734531249997
6 0.1871227359375 0.4242937859375 0.163983903125 0.41129943437499994 0.158953721875 0.41242937812499997 0.1509054328125 0.4225988703125 0.158953721875 0.43446327656249994 0.1659959765625 0.43163841875 0.184104628125 0.431073446875 0.1871227359375 0.4282485875 0.1871227359375 0.4242937859375
6 0.39336016093750004 0.339548021875 0.3792756546875 0.317514125 0.37323943593750003 0.31186440625 0.3661971828125 0.311299434375 0.35915492968749996 0.312429378125 0.35915492968749996 0.3186440671875 0.4134808859375 0.45706214687499996 0.42756539218749995 0.456497175 0.43259557343750005 0.445197740625 0.42052313906250005 0.42033898281250004 0.421529175 0.41129943437499994 0.41649899375 0.40960452031249994 0.4114688125 0.401694915625 0.39336016093750004 0.339548021875
0 0.5281690140624999 0.442937853125 0.5281690140624999 0.455932203125 0.55432595625 0.55988700625 0.580482896875 0.5932203390625 0.5875251515625 0.5937853109375 0.59859155 0.5903954796875001 0.6066398390625001 0.5774011296875 0.6096579484375 0.5214689265625 0.607645875 0.5062146890625 0.5995975859375 0.49152542343750005 0.5915492953125 0.43898305156250006 0.607645875 0.40677966093749995 0.600603621875 0.39887005625 0.5915492953125 0.39548022656250004 0.5694164984375 0.3977401125 0.5503018109375 0.3903954796875 0.537223340625 0.388700565625 0.53420523125 0.3903954796875 0.536217303125 0.3937853109375 0.542253521875 0.39661016875 0.5472837015625001 0.40395480156249997 0.5382293765624999 0.41186440625 0.536217303125 0.42937853125 0.5281690140624999 0.442937853125
0 0.44466800781250004 0.07288135625 0.4406438625 0.083050846875 0.43259557343750005 0.08813559374999999 0.43259557343750005 0.0954802265625 0.46277665937499995 0.21920903906250003 0.47987927499999994 0.2457627125 0.47786720312500003 0.288700565625 0.49195171093749995 0.34463276875000004 0.49597585468750005 0.3497175140625 0.5110663984375 0.3531073453125 0.5201207250000001 0.358192090625 0.541247484375 0.3587570625 0.55432595625 0.353672315625 0.5704225359375 0.3180790953125 0.5724346078125 0.3056497171875 0.5704225359375 0.28983050781249997 0.5623742453125 0.285310734375 0.5593561375 0.2790960453125 0.5452716296875 0.21299435 0.541247484375 0.1751412421875 0.541247484375 0.144067796875 0.5472837015625001 0.111299434375 0.5442655937499999 0.061016948437499996 0.536217303125 0.0525423734375 0.5110663984375 0.0474576265625 0.492957746875 0.0480225984375 0.48692152968749997 0.0525423734375 0.47283702187500004 0.051977401562500004 0.46378269687499996 0.054802259374999995 0.4426559359375 0.053672315625 0.44466800781250004 0.07288135625
7 1 0.9082535 0.9547283703125 0.9067796609375 0.962776659375 0.9790960453125 0.972837021875 0.9807909609375001 1 0.9819643625 1 0.9082535
7 0.9527162984374999 0.8819209046875001 0.9979879281249999 0.8819209046875001 0.9869215296875 0.8186440671874999 0.9426559359375 0.8180790953124999 0.9496981890624999 0.8796610171875001 0.9527162984374999 0.8819209046875001
7 1 0.776479334375 0.9818913484375 0.770056496875 0.977867203125 0.746327684375 0.972837021875 0.7418079093750001 0.9406438625 0.7418079093750001 0.9325955734375 0.7446327687500001 0.9386317906249999 0.7932203390625 0.9426559359375 0.7960451984375 1 0.7965731218750001 1 0.776479334375
7 0.9748490953125 0.7096045203125 0.9859154921875 0.7039548015625 0.979879275 0.68361581875 0.9617706234375 0.673446328125 0.933601609375 0.6740113 0.9255533203124999 0.6768361578125 0.9285714281249999 0.7186440671875001 0.9325955734375 0.7225988703125 0.9738430578124999 0.7220338984375 0.9748490953125 0.7096045203125
7 0.91649899375 0.6282485875 0.923541246875 0.6564971749999999 0.962776659375 0.657062146875 0.9617706234375 0.632062146875 0.9738430578124999 0.6203389828125 0.9698189140625001 0.61299435 0.9175050296875 0.6135593218750001 0.91649899375 0.6282485875
7 1 0.6236346515625 0.9718309859375 0.6242937859375 0.963782696875 0.62711864375 0.962776659375 0.629943503125 0.9698189140625001 0.6768361578125 0.9788732390625 0.6802259890625 1 0.6823197078125001 1 0.6236346515625
7 1 0.7062146890625 0.9768611671875 0.7084745765625 0.979879275 0.759322034375 0.9839034203124999 0.76836158125 0.9909456734375001 0.7717514125 1 0.77166805625 1 0.7062146890625
7 1 0.5591679515625 0.9496981890624999 0.5604519781249999 0.957746478125 0.6084745765624999 1 0.6089222890625 1 0.5591679515625
7 1 0.5001255484375 0.9496981890624999 0.501694915625 0.9406438625 0.5039548015624999 0.9486921531249999 0.5457627125 1 0.543546284375 1 0.5001255484375
7 1 0.3200267609375 0.9698189140625001 0.3220338984375 0.9788732390625 0.3661016953125 1 0.365451590625 1 0.3200267609375