8 0.188012221875 0.26697813125000003 0.180766903125 0.25738332812500003 0.1761439421875 0.256183915625 0.17185310625 0.2788695625 0.17312965625 0.2924078390625 0.17182005625000002 0.2965140125 0.1875447359375 0.29706313125 0.191364934375 0.2878547453125 0.191690759375 0.2785243328125 0.188012221875 0.26697813125000003
8 0.3943062296875 0.5544357875 0.39976500625 0.548398553125 0.40063702343749996 0.5401251890625 0.396849878125 0.5316891265625 0.3857843609375 0.531302709375 0.3858961203125 0.5448003109374999 0.3897194703125 0.5521996609375 0.3943062296875 0.5544357875
8 0.5001149109374999 0.5301053375 0.49134277343750005 0.5308369828124999 0.4888683796875 0.5349024828125 0.49149073593750003 0.5432978703125 0.50022666875 0.5436029359375001 0.5022634781249999 0.5353702499999999 0.5001149109374999 0.5301053375
8 0.232614321875 0.52595389375 0.230212334375 0.52794596875 0.23298265156250003 0.54880224375 0.23702321718750002 0.549981321875 0.2407348078125 0.5438830718750001 0.24065925156249998 0.529348759375 0.232614321875 0.52595389375
8 0.090730165625 0.5313789578125 0.10114088125000001 0.5338184609375001 0.10259529375000001 0.5255654375 0.09997294062499999 0.5171700484375 0.0948761890625 0.5128401593749999 0.08901603125 0.51367349375 0.0880354046875 0.52505699375 0.090730165625 0.5313789578125
8 0.6162997109374999 0.7095806625 0.6161517484375 0.697119775 0.6045038359375 0.6967130218750001 0.6063627828125 0.7102716359375 0.6132791234375 0.7125891109375 0.6162997109374999 0.7095806625
8 0.393205996875 0.7028280359375 0.3930580359375 0.6903671484375 0.389089875 0.687114646875 0.3831935140625 0.6889846953125 0.38512486562500003 0.7004698828125 0.393205996875 0.7028280359375
1 0.811934278125 0.8347417171875 0.8076969437500001 0.7557075171875 0.80292286875 0.725439478125 0.8038279390625 0.6995216671875 0.79942219375 0.692101978125 0.7917062390625 0.6959844359375 0.788356678125 0.6917155609375001 0.773760584375 0.6922438296875 0.77227311875 0.7181413046875 0.7763388921875001 0.8521822796875 0.7772140609375 0.8605166546874999 0.78274839375 0.8690137328124999 0.779582996875 0.8761690296875001 0.7806753828125 0.8782831296875001 0.784531784375 0.8680380328125 0.7938501140625001 0.8683634359375001 0.8028032640625 0.8624482265625 0.8074624296874999 0.8626109281250001 0.810811990625 0.866879803125 0.811934278125 0.8347417171875
1 0.8215028125 0.4271510125 0.8206701484375 0.45099539999999994 0.8219136468749999 0.4821781234375 0.8183862218750001 0.49970054687500004 0.8205709921875 0.5039287484375 0.81977453125 0.5267364234375 0.8159905343749999 0.534908096875 0.8100217671875001 0.53885156875 0.7928392734374999 0.470349471875 0.793412465625 0.4801448640625 0.7887533 0.4799821625 0.7911946421875 0.4935611125 0.7947976234375 0.4905730015625 0.7951266015625 0.497850328125 0.790977425 0.4997813890625 0.79232638125 0.5112462375 0.7958931609375 0.509294840625 0.7974593343749999 0.514539415625 0.7925829531249999 0.5205969890625 0.7956790953125 0.532122853125 0.8002658546875001 0.5343589796875 0.7953532703125 0.5414532640624999 0.7988869968750001 0.557146315625 0.7961387359375001 0.6525442015625 0.79719806875 0.6723027515625 0.7996394109375 0.6858817015625001 0.8121294390625 0.7122672796875 0.8257449046875 0.7231225109375 0.8385938109375 0.7225332265625 0.8511137390625001 0.7146666203125001 0.860537528125 0.6952741484375 0.8633739484375 0.6808415234375 0.8643451234375 0.6196348125 0.858629775 0.616321296875 0.8411579078125 0.6157111671875 0.8384631468749999 0.609389203125 0.8392627578124999 0.6031892671875 0.8435567453124999 0.59711135625 0.8414317765625 0.52437878125 0.8368450171875 0.5221426546875 0.8267632781250001 0.526980475 0.825341915625 0.51758905 0.8205017390625 0.5226099125 0.820972375 0.5091326484375001 0.8255953343750001 0.5103320640625 0.825589034375 0.4771165875 0.821986053125 0.48010469999999994 0.8216570765625001 0.47282737499999994 0.8258424546875001 0.46985960000000004 0.8255134765625 0.46258227500000004 0.8218742921875 0.46660709999999994 0.8212163406249999 0.4520524484375 0.82573069375 0.4563620015625 0.8259809640625001 0.43249727499999996 0.8215028125 0.4271510125
1 1 0.3497517203125 0.9863050093749999 0.3498678953125 0.9822644437499999 0.34868881875 0.9795696812499999 0.3423668546875 0.9793131125000001 0.33301610625 0.9879010828125001 0.320860284375 0.983969125 0.3165710703125 0.9876083109374999 0.31254624531249997 0.983857365625 0.3030734703125 0.9865127749999999 0.293824409375 0.9850190062499999 0.28650640781250003 0.9862892562500001 0.266829209375 0.9854140859375 0.258494834375 0.9820283218749999 0.25526266875000003 0.9707455890625001 0.261096528125 0.9691432140625 0.256888665625 0.9696500531250001 0.242374690625 0.9631712953125 0.2442244 0.959601365625 0.2295680625 0.9604009765624999 0.223368125 0.9584365734375 0.2295273859375 0.9635364734375 0.2504650140625 0.9603380234375001 0.2752647625 0.94796605625 0.2955922578125 0.9351171515625 0.296181540625 0.9324585921875 0.288822865625 0.9339492093749999 0.27953312812500003 0.9414085921875 0.2662999171875 0.94286300625 0.25804689375 0.9386414249999999 0.26205137968750003 0.9396614062499999 0.2662389046875 0.9378056109375 0.2692880296875 0.936749428125 0.26613721562500003 0.9377332046875001 0.27136145312500004 0.934676415625 0.275406615625 0.9342388312500001 0.271239428125 0.9307444578125 0.2711174015625 0.925973534375 0.2574571 0.9173367562499999 0.2042186859375 0.91333239375 0.202002896875 0.9113317875 0.2091988703125 0.9267825999999999 0.3010803765625 0.9340310671875001 0.327282915625 0.931925003125 0.3541967640625 0.9386241265624999 0.36273451562500003 0.934001165625 0.361535103125 0.9327277671875001 0.3646045640625 0.9319675078125 0.3863755265625 0.9328521296875 0.4445331140625 0.9349644937500001 0.45083473906249993 0.9366817796875001 0.48514793906250003 0.9387217390625 0.49352298906250003 0.946223628125 0.5124685421875 0.9617704453125 0.5348089593750001 0.9795350875000001 0.5437331296875 0.9977341609374999 0.540216746875 0.9989206734374999 0.5396353953124999 1 0.5087275296875 1 0.3497517203125
1 0.73979174375 0.008068940625 0.61015008125 0.0035417531250000003 0.6191187078125 0.027728409375000002 0.6297135875000001 0.0415920875 0.6394694999999999 0.046084679687500005 0.6541773531249999 0.05905400937500001 0.6662990515625 0.0625912375 0.686755303125 0.061229632812500004 0.7140885421875 0.0466144796875 0.728062884375 0.030494846875 0.7373780640625001 0.0142125125 0.73979174375 0.008068940625
1 0.2927506921875 0 0.29701774375 0.017518371875 0.30298966250000003 0.030182637499999998 0.31850027812500004 0.053559767187499996 0.336047703125 0.0687042109375 0.3608734953125 0.07579900625 0.379582559375 0.0743763890625 0.38915430781250004 0.0674448046875 0.39777848437499996 0.05425226875 0.4067678359375 0.047300346874999996 0.42896497343749995 0.0127842796875 0.43159828281249996 0 0.2927506921875 0
1 0.701230246875 0.381431934375 0.6254102125000001 0.3818981703125 0.6237716328125 0.3787270203125 0.625950103125 0.3497397453125 0.62270915 0.34236073125 0.622120453125 0.30912491875 0.606431975 0.3075390890625 0.6045399765624999 0.311624925 0.6026637312500001 0.3987494484375 0.6119883625 0.43229032656250005 0.6281175765625 0.4546510828125 0.6447174265625 0.463534575 0.6604783109375 0.46304698125000004 0.672925834375 0.457253796875 0.6825699890625 0.44824878906250004 0.6924675640625 0.43198679218749997 0.701707184375 0.401170146875 0.703451221875 0.384623421875 0.701230246875 0.381431934375
1 0.4739307078125 0.461722478125 0.48907299374999996 0.462251259375 0.509236471875 0.452575615625 0.5270310140625 0.42724759843750004 0.5316508234375 0.4118392734375 0.53390485 0.39738631406249997 0.5287718984375 0.3940931359375 0.450658484375 0.393441309375 0.4413039515625 0.39415261875 0.4382471625 0.3981977796875 0.4410898859375 0.41698063124999996 0.4529613171875 0.444382584375 0.4739307078125 0.461722478125
1 0.3750399125 0.30464858437500003 0.37129211875 0.3117835453125 0.36584279375 0.3676439921875 0.361950190625 0.37892580468750003 0.29890665625 0.38087618125 0.2970146578125 0.38496201874999997 0.2987649953125 0.4016307671875 0.3082344375 0.43102479687499995 0.3194117125 0.44490881250000003 0.33018760625 0.45358892968750003 0.3547930328125 0.45029626250000004 0.365565775 0.4423686421875 0.382705515625 0.41909370937499996 0.3930737265625 0.3893544515625 0.39670661093750004 0.352114153125 0.3988095234375 0.3085925671875 0.3954237578125 0.305360403125 0.3750399125 0.30464858437500003
1 0.22625516874999999 0.39079485625 0.22592619374999998 0.38351753125 0.2143506875 0.38103735156249996 0.21118213749999998 0.3715849140625 0.214561603125 0.341601603125 0.22288985156250002 0.3034872921875 0.2210340578125 0.30653641875000004 0.22005028124999998 0.3013121796875 0.17222143750000002 0.3017179125 0.1674930171875 0.320236375 0.1596779078125 0.377052184375 0.15662111875 0.38109734375 0.1297223140625 0.3832719484375 0.13467740156250002 0.4083564234375 0.1427978875 0.426285603125 0.169337815625 0.4510858609375 0.18240393906250002 0.444276303125 0.19168606562499999 0.44563841875000004 0.1988920296875 0.4396621953125 0.2191609640625 0.410268678125 0.22625516874999999 0.39079485625
1 0.008508475 0.36450739374999996 0.0101439015625 0.35107080625 0.016076465625 0.3481640453125 0.0142175203125 0.334605434375 0.01931111875 0.3223275859375 0.0218547671875 0.299580925 0.0066992250000000005 0.299431784375 0.0012820625 0.454559015625 0.0203563046875 0.4593770078125 0.043030378125000004 0.4445991546875 0.046814376562499996 0.43642748124999997 0.0470677953125 0.42917049374999994 0.0681001390625 0.3946137515625 0.06959075625 0.3853240140625 0.0674059859375 0.3810958140625 0.0126245984375 0.3802207828125 0.005997878125 0.36960960468750004 0.008508475 0.36450739374999996
1 0.1385716125 0.5974041734375 0.1375846859375 0.5755721984375 0.13190554062499998 0.571221971875 0.13193859218749998 0.553577521875 0.10107162656249999 0.5524996234375 0.090926934375 0.60923408125 0.0920586734375 0.62691920625 0.100323971875 0.640701534375 0.11226465468749999 0.6494223265625 0.1273345359375 0.65202453125 0.1393806765625 0.641027446875 0.1390154984375 0.6347868359375 0.129331990625 0.62822081875 0.13052983437500001 0.6106170453125 0.13591620625 0.6066532359375 0.1385716125 0.5974041734375
1 0.25789660468750003 0.6368623015625 0.258367240625 0.623385040625 0.2617498546875 0.6100094656249999 0.264142390625 0.55819418125 0.235641209375 0.5561609203125 0.23258442031249998 0.56020608125 0.2254965171875 0.612895378125 0.22441043437500002 0.6439967515625 0.2330739625 0.6463752421875 0.249785571875 0.6687563359375 0.257939109375 0.6690410640625 0.2704590390625 0.66117445625 0.2826499921875 0.646030521875 0.2839595953125 0.6419243484375 0.28115622500000004 0.6387125234375 0.2595351828125 0.6400334515625 0.25789660468750003 0.6368623015625
1 0.365771996875 0.5700469781249999 0.3592334359375 0.6404010625 0.3555942515625 0.6444258859375 0.3312060421875 0.641498278125 0.32818545625 0.6445067265625 0.327895834375 0.652800425 0.33273916406250004 0.664387303125 0.3455912203125 0.68040575625 0.36299068125 0.6830893125 0.3836609984375 0.6588996953125 0.391663425 0.6301158 0.39303913125 0.590720725 0.3913974015625 0.5709418359375 0.38633685624999997 0.565575234375 0.373524153125 0.56512780625 0.365771996875 0.5700469781249999
1 0.4806282890625 0.6539820546875 0.48197409531249996 0.6488391671875 0.48026311093749996 0.647741440625 0.41903916875 0.6476794078125 0.41991433593750005 0.6560137828125 0.42814343125 0.6708328234375001 0.43655353906250005 0.6804683015624999 0.4451446625 0.6849202171875 0.4627251390625 0.682420209375 0.4711320953125 0.6754479515625 0.4806282890625 0.6539820546875
1 0.3027174640625 0.7058959671875 0.298969671875 0.713030928125 0.29482995 0.7647852015625001 0.30294728593750003 0.766106640625 0.31713884531250003 0.7437667343750001 0.319570734375 0.7075224718750001 0.3027174640625 0.7058959671875
1 0.2643045640625 0.8374155765625 0.270638509375 0.8397127171875001 0.27900926406250004 0.8337771703125 0.2845404453125 0.825666509375 0.28781445156249996 0.8154010734374999 0.289012296875 0.7977972984374999 0.287337515625 0.7956628609374999 0.267463659375 0.797044803125 0.2643045640625 0.8374155765625
7 0.5158302015625 0.8648826265625 0.5174561765625 0.8016228265625 0.5099212375 0.8003217250000001 0.5031890609375 0.8094284234375 0.4981647171875 0.8030251078124999 0.484661009375 0.8056674781250001 0.48072905156249995 0.8013782656249999 0.4620923921875 0.8007274593749999 0.45732461874999997 0.80367489375 0.4552248578125 0.8638042171875 0.5158302015625 0.8648826265625
7 0.3811394078125 0.79790051875 0.3723672703125 0.7986321640625 0.366773134375 0.8586394625 0.3695403015625 0.8628880015625 0.4272698703125 0.8628280078125 0.4286487265625 0.840040671875 0.43767113281250003 0.8154443 0.438651759375 0.8040608 0.428932046875 0.798531496875 0.4195413125 0.80027951875 0.41590212812500005 0.8043043421875 0.409604384375 0.800970490625 0.40188843125 0.8048529500000001 0.3811394078125 0.79790051875
7 0.3489297859375 0.8185732437500001 0.3551519734375 0.8073727843749999 0.35482299687499996 0.800095459375 0.3489628375 0.80092879375 0.3456132765625 0.79665991875 0.3403717171875 0.7964768796875 0.33498534375 0.8004406890625001 0.3239922328125 0.7979808484375 0.31740486875 0.8029406968749999 0.30590176874999997 0.7983870921875 0.2924342640625 0.79999275 0.2864324453125 0.8215806734375001 0.28400055625 0.8578249328125 0.33987432968750003 0.8608140640625 0.3434773109375 0.857825953125 0.34489237031250003 0.8340019062499999 0.34918635625 0.82792399375 0.3489297859375 0.8185732437500001
7 0.2610211046875 0.7978578 0.2578557078125 0.8050131 0.25370653125 0.8069441609375 0.24518781562499997 0.800418821875 0.2300455296875 0.799890040625 0.22054618750000002 0.8047482 0.21712421875 0.8025527484375001 0.21730523281249997 0.7973691859375001 0.216614228125 0.8004589859375001 0.21381085937500002 0.7972471609375 0.20369921875000002 0.8363371687500001 0.20250137656249997 0.85394094375 0.25833894687500003 0.8579667859375 0.260740934375 0.8559747140624999 0.2622315515625 0.8466849765625 0.26379142187500004 0.818714078125 0.2679736484375 0.7991385671875 0.2610211046875 0.7978578
7 0.11974924687499999 0.769051015625 0.13074235625 0.77151085625 0.1867247390625 0.7713898515625 0.1927297078125 0.766409665625 0.1948389234375 0.7561035546875 0.20414780000000002 0.7066057453125001 0.20043305937499997 0.6960962562499999 0.1923519265625 0.6937381046875 0.1839811703125 0.69967365 0.13273036093749999 0.6978839328124999 0.12749195 0.71430863125 0.1181468703125 0.7648431515625 0.11974924687499999 0.769051015625
7 0.30009511093749996 0.697500578125 0.2690833328125 0.7005695296875001 0.26602654375 0.7046146921875 0.254924825 0.7052649875 0.2530690296875 0.7083141125 0.24818949687499997 0.6977639484375 0.23071762968749998 0.6971538171875 0.2257326390625 0.7063215265625 0.2260254125 0.714635565625 0.22296862343749999 0.7186807265625 0.21795373125 0.762100625 0.2199574890625 0.7715123859374999 0.27637745625 0.77555856875 0.2904635578125 0.7729365359375 0.296540934375 0.7658829265625 0.2978080328125 0.7295979906250001 0.30202646093749996 0.708985765625 0.30009511093749996 0.697500578125
7 0.4072622 0.7344581906250001 0.4096248328125 0.716895090625 0.40576528125 0.7105324515625 0.3999413265625 0.710329075 0.3943345859375 0.7039054234375001 0.3692915765625 0.7030309031249999 0.360302221875 0.709982825 0.3437023734375 0.70109933125 0.325648109375 0.7004688625 0.32051830937500003 0.7137834234375 0.31608896406250003 0.7738313953125 0.3235514984375 0.7772059234375 0.3376376 0.774583890625 0.3462287234375 0.77903580625 0.3899807984375 0.778487709375 0.3988221890625 0.7590749 0.400276603125 0.750821875 0.39871043125 0.7455773 0.3999476265625 0.74354455 0.4039157875 0.7467970515625 0.4072622 0.7344581906250001
7 0.47474137968749996 0.7056753140625001 0.47102978906250004 0.7117735625 0.4537751390625 0.7049431578124999 0.4351384796875 0.7042923515624999 0.42844250625 0.7123623359375 0.4266323671875 0.764197959375 0.429001303125 0.7798503343750001 0.4686404046875 0.7801965859375 0.47260856562500003 0.7834490875 0.491245225 0.78409989375 0.50362034375 0.7803801359375 0.5057925109375 0.7181773875 0.505463534375 0.7109000625 0.5017125921875001 0.701427284375 0.48751788124999995 0.70715945625 0.47474137968749996 0.7056753140625001
7 0.531816146875 0.707668409375 0.5270121718749999 0.71165255625 0.5248730562499999 0.75621085625 0.5274623593750001 0.78225069375 0.5478462046875 0.7829625124999999 0.55760211875 0.7874551046875 0.599643209375 0.7858092812499999 0.603246190625 0.7828211703125 0.604954025 0.7673111578125 0.6047305046875 0.7403159593749999 0.6077479421875001 0.7206997734375 0.60170361875 0.710108934375 0.5743672281250001 0.7081163484374999 0.567743659375 0.714112909375 0.531816146875 0.707668409375
7 0.549440671875 0.5536253421875 0.5472622015625 0.582612615625 0.5478209984375 0.6501006140625 0.606024353125 0.6531710984375 0.651013625 0.65059025 0.6514354546875001 0.571718753125 0.649721321875 0.5540132890625 0.6154323875000001 0.550739940625 0.6095360249999999 0.5526099875 0.6052058375 0.5597246109375 0.5987632828125 0.5605376093750001 0.5815810375 0.551633778125 0.549440671875 0.5536253421875
7 0.5132754953124999 0.637476515625 0.5163558828125 0.5659636921875 0.5162803265625 0.5514293796875 0.5140955546875 0.5472011796875 0.47736843125000006 0.5469566171875 0.47442025 0.547891640625 0.47187345 0.5540305640625001 0.46313751718749996 0.5537254984375 0.45352641406250005 0.545086059375 0.4192012765625 0.5428494203125 0.41676308593750006 0.545878209375 0.41687484531249996 0.5593758078125 0.4136732453125 0.56756781875 0.41389676406250003 0.59456301875 0.410629059375 0.6380439296875 0.41223143437500004 0.6422517921875001 0.4196577671875 0.6466630328125 0.43549105624999995 0.6441020140625 0.481464103125 0.6467454046875 0.5049047390625 0.6434120625 0.5132754953124999 0.637476515625
7 0.26717873124999997 0.63822441875 0.32945885625 0.6414372640625 0.3551204640625 0.6412954109375 0.3593782484375 0.6362542109375 0.3660946703125 0.5441088281249999 0.3207040171875 0.5414857750000001 0.3174630640625 0.5341067609375 0.3202270796875 0.5217475625 0.31866090625 0.5165029859375 0.321898709375 0.5072742625 0.32120455625 0.493756325 0.314762 0.49456932187499997 0.31512717968750004 0.5008099359375 0.3109055984375 0.504814421875 0.31032950625 0.5380095593750001 0.30847370937499996 0.5410586828125 0.2688346078125 0.5407124328124999 0.2683639703125 0.5541896937499999 0.264142390625 0.55819418125 0.26105255 0.5798837906250001 0.2623291 0.5934220671875 0.257640034375 0.6275115515625 0.2597523984375 0.633813178125 0.26717873124999997 0.63822441875
7 0.1335866234375 0.606571884375 0.1299836421875 0.6095599953125 0.128930609375 0.62301691875 0.122925640625 0.6279971046874999 0.12802238906250002 0.63232699375 0.1419636796875 0.6338518125 0.1688262828125 0.632713921875 0.17978319062499998 0.636210475 0.2199684859375 0.6376137765625 0.222515284375 0.6314748515625 0.22153150781250003 0.6262506140624999 0.23021863593749997 0.5611614421875 0.232693028125 0.5570959453125 0.2344732671875 0.5395125078125 0.2323247 0.53424759375 0.21357943281249997 0.5367069250000001 0.1868978421875 0.532661253125 0.18438724687500002 0.537763465625 0.17943530937500002 0.529286725 0.1818735 0.5262579390625 0.1788497625 0.5126586515625 0.1811037890625 0.49820568906249996 0.176408421875 0.49907969999999996 0.1747399421875 0.5301607374999999 0.1709921484375 0.5372956984374999 0.16298342187499998 0.5328641203125 0.1355746265625 0.5329449609375 0.1300465953125 0.5576633578125 0.129575959375 0.5711406218749999 0.1345278953125 0.579617359375 0.1347482625 0.590004821875 0.13114528125 0.5929929328125 0.1335866234375 0.606571884375
7 0 0.6272055171875001 0.082523128125 0.632814078125 0.0868171140625 0.6267361671875 0.0967445890625 0.5762219843749999 0.10085125937499999 0.5421121609374999 0.0987750953125 0.5347738234375 0.054549234375 0.5321914453125001 0.0497452578125 0.53617559375 0.0439213015625 0.5359722171875 0.038824553125 0.5316423265625 0.009267190625000001 0.526458253125 0.0002778359375 0.533410175 0 0.5342813109375 0 0.6272055171875001
7 0.00818265 0.3738378046875 0.010403623437499999 0.37702929375 0.026092101562499997 0.37861512343750003 0.156111128125 0.37900358125 0.1613495375 0.362578884375 0.1704348953125 0.286085875 0.17229069218749998 0.28303675156249997 0.170688315625 0.2788288875 0.17487054375 0.25925337656249997 0.17610458906249998 0.24061289062500002 0.1727188234375 0.237380728125 0.13242491875 0.23908756250000002 0.1287133296875 0.24518581093749997 0.1248537765625 0.2388231734375 0.11557165 0.23746105625 0.10669090625 0.24130284062500001 0.1035979140625 0.246384715625 0.0977377546875 0.24721805156249999 0.0907490078125 0.24697399843749998 0.08634326249999999 0.23955430937500002 0.0800093171875 0.23725717031250002 0.033927659375 0.2377239171875 0.0271986328125 0.2634383515625 0.020038325000000003 0.3182010734375 0.015089539062499999 0.3263320703125 0.015237500000000001 0.3387929578125 0.0117100734375 0.35631538125 0.0086170828125 0.3613972546875 0.00818265 0.3738378046875
7 0.2868573625 0.3752655265625 0.30367442968749997 0.3779287453125 0.3591106171875 0.376750690625 0.3640232015625 0.3696564046875 0.366274078125 0.3385957046875 0.3707459265625 0.31072649375 0.37554045 0.256919134375 0.37339188125 0.2516542203125 0.3237796484375 0.2530356546875 0.3110393515625 0.25051480000000004 0.30838079218750003 0.2431561234375 0.308298934375 0.1954063375 0.3014187953125 0.192052146875 0.29661481875 0.1960362953125 0.2919918578125 0.19483688125 0.2909057734375 0.2259382546875 0.2889775734375 0.2310608046875 0.29182029531250003 0.24984365625 0.28938210625 0.2528724421875 0.237512696875 0.2520991 0.2327449234375 0.2550465359375 0.2261276546875 0.29425857031249997 0.2173980234375 0.32716897968750003 0.21121834062499997 0.3705482 0.21500548749999998 0.378984265625 0.2868573625 0.3752655265625
7 0.5747260421875 0.297090103125 0.5753383390625 0.262858253125 0.573262175 0.255519915625 0.513166821875 0.25653526875 0.5087642265625 0.26572331718750003 0.4994458984375 0.2653979140625 0.48921619843749997 0.2577748484375 0.478186884375 0.2563517203125 0.42973944218750004 0.257773828125 0.422262759375 0.371690175 0.42182832656249997 0.384130725 0.4239768953125 0.3893956375 0.43784578124999995 0.3929938796875 0.52240175 0.39283270937500003 0.5471157843750001 0.3864299046875 0.5692106140625001 0.38823945000000004 0.5729584062499999 0.3811044890625 0.57618360625 0.305444815625 0.5747260421875 0.297090103125
7 0.7141263515625 0.24590732656249997 0.71034235625 0.25407900156249996 0.694617675 0.2535298828125 0.685480359375 0.2480209171875 0.6324099546874999 0.2482436125 0.6247302046875001 0.251089359375 0.622123603125 0.3257326578125 0.6247097562499999 0.33516475625000003 0.6239526468750001 0.3735434578125 0.6266474078125001 0.3798654203125 0.7718449234375 0.3797459453125 0.7829466421875 0.37909565 0.786585828125 0.3750708265625 0.7859609265625 0.342871725 0.778117459375 0.2502178984375 0.7760050953125 0.2439162734375 0.7141263515625 0.24590732656249997
2 0.5421433343750001 0.0779771828125 0.55761144375 0.06917555 0.558921046875 0.065069375 0.567074584375 0.065354103125 0.56736420625 0.057060403125000006 0.5817037296875001 0.0471813828125 0.590946503125 0.0329724734375 0.59538845 0.0393554515625 0.5988828234375 0.039477478125 0.5979352484375 0.0332165265625 0.5938584812500001 0.0330741625 0.5893803296875 0.0277278984375 0.5862117812500001 0.018275459375 0.5916343562499999 0.0132749375 0.5955301093750001 0.018600862500000002 0.6002978828125001 0.015653428125 0.6048846421875 0.0178895546875 0.5948359562500001 0.0050829265625 0.5963061093750001 0.0030583109375000002 0.5448223421875 0.0012604578125 0.54358514375 0.0032932078125 0.54301044375 0.0011971859374999999 0.52596381875 0.0006019046875 0.521164490625 0.010814075 0.5219672515625 0.021221875 0.5128330890624999 0.032320646875 0.5190615765625 0.054335662500000007 0.5260865265625 0.053543001562500005 0.5344966343750001 0.0631784796875 0.5299492296875 0.0765133765625 0.5296234046875 0.0858437890625 0.5312619828125 0.08901494062500001 0.5421433343750001 0.0779771828125
7 0.9120984109375 0.6046947671875 0.8894573875 0.601828171875 0.8876015921875 0.604877296875 0.8895030421874999 0.650614671875 0.8932240859375 0.694339634375 0.8953364515625 0.7006412609375 0.951792621875 0.7036507296875001 0.9668656515625 0.7228606734375 0.9924910562499999 0.7237555312499999 0.9960944421875 0.6205680828125 0.9920345671874999 0.61994191875 0.9867174515625001 0.6052245671875001 0.9640040234375 0.604431396875 0.9609834359375 0.607439846875 0.952902303125 0.60508169375 0.939872384375 0.6108545390625 0.9364142140625 0.6096958 0.9348842421875 0.6034145125 0.9297150890625 0.601158046875 0.9120984109375 0.6046947671875
7 0.5811576640625 0.8142270984375 0.5768243234375 0.8047339859375 0.5691083703125 0.8086164453125001 0.54482876875 0.8025787 0.535438034375 0.804326721875 0.53504925625 0.865553771875 0.579238915625 0.8691728609375 0.5927064203125 0.867567203125 0.59751039375 0.8635830546875001 0.5984516671875 0.8366285296875 0.6013604953125 0.8201224828125 0.5975009421874999 0.8137598421875 0.6000839453125 0.8065842062499999 0.5925490046874999 0.8052831046875 0.5811576640625 0.8142270984375