7 0 0.5054020312499999 0.022685692187500002 0.506715628125 0.067127053125 0.5088113640625 0.072016596875 0.5073506812499999 0.09193595 0.4634538984375 0.09527178124999999 0.45106276875000006 0.0926756671875 0.4422711578125 0.0889043875 0.439420415625 0.073496828125 0.4372509421875 0.0021296453125 0.430287421875 0 0.491272453125 0 0.5054020312499999
7 0.022709425 0.339766928125 0.0053972578124999995 0.3367152328125 0.002148025 0.42976106875 0.0976221140625 0.4391810359375 0.11100257499999999 0.41626448125 0.1103869390625 0.40618250468749995 0.11642319999999999 0.3995956765625 0.1193038203125 0.4002400796875 0.12864746093749999 0.38207684375 0.125937546875 0.376544115625 0.1306192484375 0.3533237953125 0.126885903125 0.34938675625000004 0.022709425 0.339766928125
7 0.0054435140625 0.33539061718749996 0.0381738859375 0.340306959375 0.12785243125 0.3494205078125 0.1376125546875 0.3470422921875 0.1773564234375 0.2619644625 0.1837815109375 0.2442431171875 0.1819812234375 0.24037358125 0.0182782671875 0.21725504375 0.011209090625 0.2257091359375 0.00903894375 0.232430971875 0.0054435140625 0.33539061718749996
7 0.2598385796875 0.0891943234375 0.257052796875 0.0858341828125 0.23965527656250002 0.0852266484375 0.22428565156250002 0.0819708828125 0.21168284375000002 0.0826184015625 0.18388111093749998 0.0751218296875 0.1578986359375 0.07095164375 0.0499888109375 0.057394778125000004 0.03943206875 0.0825851765625 0.010830543750000001 0.2088378203125 0.118455859375 0.23054189374999998 0.1840091171875 0.23772535 0.1906041140625 0.2428499390625 0.24693150312499998 0.12626645625 0.2598385796875 0.0891943234375
7 0.0656453125 0 0.052035671875 0.05420339843750001 0.2377791203125 0.083529703125 0.24452585624999998 0.0843091140625 0.25138639375 0.0818296421875 0.25881594375 0.063055753125 0.3004541421875 0.0068659796875 0.2986348859375 0.00353959375 0.302575578125 0 0.0656453125 0
7 0.4407398546875 0.4511629703125 0.5856283171875 0.320270203125 0.5996908000000001 0.30553460781249997 0.601889396875 0.2979980515625 0.5574101046875 0.296988609375 0.3078757515625 0.2654346796875 0.25187397968749997 0.2618476234375 0.20392449687499997 0.3324998609375 0.14102107656250001 0.44341560781249995 0.1397131390625 0.45315850625 0.130748840625 0.4604587984375 0.129630575 0.4647702234375 0.1411151171875 0.4684341296875 0.23869659687499997 0.47292936875 0.3988938125 0.485593103125 0.4407398546875 0.4511629703125
7 0.26941370625 0.590921084375 0.2926862671875 0.589558540625 0.310538996875 0.57713054375 0.39836273437499997 0.500801225 0.398798978125 0.48830884062499996 0.389228525 0.48525558437500005 0.3332646875 0.4805822359375 0.1295357390625 0.467485959375 0.0722046796875 0.5573877265625 0.06994918125 0.566553725 0.0629748421875 0.5722920796875 0.0626903359375 0.5804392875 0.080030953125 0.582676265625 0.1960333828125 0.5861833484375001 0.2027421828125 0.5880490546875 0.26941370625 0.590921084375
7 0.1529370984375 0.6009926796875 0.149127884375 0.59922823125 0.058217271875 0.597684990625 0.0461447484375 0.610858646875 0.0091874578125 0.67156235625 0.009888448437499999 0.67920016875 0.20146979687500002 0.6799084328125 0.21225335156249997 0.6759345265625 0.2561841875 0.63722671875 0.26867319375 0.639838084375 0.2663797609375 0.650090375 0.2720082296875 0.6551812124999999 0.269999303125 0.657286296875 0.278603228125 0.6603058015625 0.281332109375 0.66529538125 0.28436446718749997 0.66159460625 0.2931580609375 0.6591826390625 0.3002082703125 0.6512716937499999 0.2959067046875 0.6358948125 0.29668435625 0.6136257781250001 0.2873604765625 0.603511609375 0.279685146875 0.6016121515624999 0.1828805265625 0.6025821359375 0.1529370984375 0.6009926796875
7 0 0.73998003125 0.078548340625 0.7359787796874999 0.14340060937500002 0.7355244234375 0.1541841640625 0.7315505171875001 0.19587846874999998 0.7014655609375 0.205733428125 0.6963716078125 0.2115326015625 0.6965741203125 0.21090747968749998 0.6867637171875 0.16265690625 0.6829035328125 0.14700277343749998 0.6877949734375 0.014284846875000002 0.6918613140625001 0.00435401875 0.69912785625 0 0.704989259375 0 0.73998003125
7 0 0.8066088499999999 0.10151583906249999 0.798775109375 0.1114277015625 0.792051715625 0.13566758437499998 0.762988665625 0.15130274999999999 0.758640371875 0.14406366406249999 0.7442485296875 0.1276706078125 0.742588453125 0.0956044515625 0.7463629640625 0 0.751308459375 0 0.8066088499999999
7 0.4259851171875 0.1531839078125 0.439819996875 0.14496608125 0.491162209375 0.060293273437499996 0.49760626406249997 0.04202878125 0.4712262734375 0.021530428125 0.46442263749999996 0.022380459375 0.457391396875 0.02974825625 0.42231026250000003 0.0921489109375 0.39408966562500003 0.15207009375 0.387058425 0.159437890625 0.388612140625 0.17036833906249998 0.3924592890625 0.17104649375 0.40032428906249995 0.167514478125 0.41129751406250004 0.1581091015625 0.4259851171875 0.1531839078125
5 0.316896953125 0.25650494375 0.3177307109375 0.2603407265625 0.3234729828125 0.262172678125 0.3562780625 0.2649496859375 0.3765949296875 0.23738107187500002 0.36755555625 0.2191196953125 0.354365559375 0.2088705171875 0.3426913453125 0.21063808437499998 0.3345418375 0.22231730624999999 0.3296902265625 0.22269169375 0.316896953125 0.25650494375
5 0.42499962187499996 0.153693303125 0.439819996875 0.14496608125 0.49531283125 0.052281071874999994 0.4966397359375 0.041995029687500005 0.4712262734375 0.021530428125 0.46440367031249996 0.02292360625 0.45737242968749997 0.030291403124999998 0.42229129531250004 0.09269205781249999 0.39410863281249997 0.15152694687499998 0.3860160265625 0.16157672812499999 0.38957866874999997 0.170402090625 0.392440321875 0.17158964062499998 0.4092316875 0.1618436265625 0.41129751406250004 0.1581091015625 0.42499962187499996 0.153693303125
5 0.545650490625 0.6337398671875001 0.5310197875 0.6370356187499999 0.44128195937500003 0.7127542859375 0.442797740625 0.7247710281249999 0.47052280937499996 0.7621744484375 0.47726954375 0.762953859375 0.4892092984375 0.7535822343749999 0.5039538046875001 0.7470275984375 0.5704562109375 0.6993194359375 0.583476296875 0.686722678125 0.5735462625000001 0.6662549624999999 0.545650490625 0.6337398671875001
5 0.355922359375 0.7739429906249999 0.3422961203125 0.7761861984375 0.3264712828125 0.7859659640625 0.32626264374999997 0.7919405828125 0.3435076328125 0.8246275546874999 0.349268871875 0.825916359375 0.3570959375 0.823470640625 0.372939740625 0.8131477265625 0.3866608171875 0.8081887812499999 0.4369590453125 0.781123328125 0.4286585953125 0.7694134703125 0.4238638859375 0.768158415625 0.421628146875 0.749047009375 0.41406662031249997 0.74388866875 0.41421835781249994 0.7395434921875 0.40163451562499997 0.7396478640625 0.403510671875 0.7413448093749999 0.3917605890625 0.7452849640625 0.37595471874999997 0.75452158125 0.372884428125 0.75930865 0.36803281718749997 0.7596830375 0.35812095625 0.76640643125 0.355922359375 0.7739429906249999
1 0.292201765625 0.9636825828125 0.29748882656250003 0.9785500687500001 0.31642109375 0.990631196875 0.3299145625 0.9921900203125 0.35227749531249997 0.989164284375 0.372821175 0.9828121609375 0.3617167671875 0.9405510515625 0.3491518921875 0.9401122765625001 0.2821389609375 0.947016896875 0.28359784062500004 0.9606630796875001 0.292201765625 0.9636825828125
1 0.30524161250000004 0.9228084203125 0.32565251875 0.9202583265625 0.3559373546875 0.9120711359375001 0.3599741734375 0.90731781875 0.35758670000000004 0.8925515890625 0.3491914140625 0.8835574656249999 0.336702409375 0.8809461015625001 0.30190736875 0.8797310328125001 0.2862342703125 0.8851656203125 0.2802643921875 0.8898514343749999 0.2795997484375 0.9365958437499999 0.2854558234375 0.9351689140625 0.291539503125 0.9272242171875 0.30126169375 0.9259322953125 0.30524161250000004 0.9228084203125
1 0.4669372296875 0.8925635265625 0.4512649234375 0.8702638546875001 0.44177034062500004 0.8650380125 0.4273672421875 0.861815996875 0.3915867078125 0.8611103218749999 0.3692048078125 0.8646792046874999 0.363253896875 0.868821871875 0.36105529999999997 0.8763584281250001 0.36389719062500003 0.9058233843749999 0.3657543796875 0.9080634765625 0.417056278125 0.907679740625 0.41823144531249995 0.9017388734375 0.4289960328125 0.8983081140625 0.4669372296875 0.8925635265625
1 0.6128593999999999 1 0.609336234375 0.9992285921875 0.5832968562499999 0.9966878484375 0.5372638484375 0.9847479578125 0.5285081859375 0.9860736343750001 0.51311959375 0.9833610125 0.49399765625000003 0.9767113546875 0.47999286718749995 0.9620832500000001 0.46983602187500006 0.9203990390625 0.4396080890625 0.9269567921874999 0.38235528125 0.9314831937499999 0.3706621 0.93379390625 0.36569668593750004 0.9374271765625 0.3569789578125 0.93766655625 0.3675728421875 0.939124121875 0.3753232453125 0.9665852484374999 0.385405015625 0.9827077890625 0.40642207968750005 0.9905112453125 0.449764140625 0.9963752593749999 0.45510083124999995 0.998736859375 0.4912724671875 1 0.52307219375 1 0.5253809953124999 0.9924901437500001 0.547592190625 0.9938095859375 0.55521061875 0.9973384828125 0.5697085515625 0.9978447625 0.5824765249999999 1 0.6128593999999999 1
1 0.5652979484375 0.8193212140625 0.5433159468750001 0.7560154890625 0.4990065625 0.7778519796875 0.48145730625 0.7815896234374999 0.444937053125 0.802066690625 0.454184271875 0.8420877062500001 0.46748727656250005 0.87681225625 0.474897065625 0.8863157749999999 0.4806203703125 0.888690875 0.5106586328125 0.887564596875 0.5682338812500001 0.873804690625 0.586029709375 0.8630061359375001 0.5862383484375 0.8570315171875 0.5652979484375 0.8193212140625
1 0.870472903125 0.8925162546875001 0.7589056046875 0.8728497609374999 0.7670171765625 0.8622568328125 0.7961647796875 0.8589242140625 0.7778955671875 0.855567190625 0.7995021984374999 0.7910645671875 0.806305834375 0.7902145375 0.7928321265625 0.760378309375 0.788984978125 0.7597001546875 0.7825986171875 0.748600946875 0.7876778343749999 0.74170879375 0.7973810578125 0.74096001875 0.7956566375 0.7349178953125 0.79378048125 0.73322095 0.76959829375 0.7329202984375 0.7682721828125 0.715472084375 0.7809508609375 0.7126519765625 0.77443173125 0.7053548000000001 0.7648802453125 0.7017583984375 0.7532249984375 0.702982815625 0.7475016937500001 0.700607715625 0.6749551281249999 0.6997057625 0.6548097609375 0.6946517937500001 0.640311828125 0.6941455140625 0.631499265625 0.69710063125 0.631233725 0.7047046921875 0.6143285578125 0.7177095875 0.554213303125 0.7487826984375 0.5462155328125 0.7561167453125 0.5528476703125 0.787889296875 0.5868824375 0.8662987703124999 0.553603178125 0.8771004437500001 0.5449233875 0.8762535296875 0.48649541249999995 0.8867207984375 0.4649662390625 0.893582315625 0.454315453125 0.8937541921875001 0.42014553593750004 0.902349525 0.4112381390625 0.9080203765625001 0.4074289234375 0.9062559265625 0.37145871874999997 0.9109817234375001 0.3538525609375 0.9163488078125 0.350687434375 0.9238516140625 0.3207060734375 0.9233484515624999 0.320212928125 0.9374702781250001 0.35891201562499997 0.9377340609375 0.39202057031250004 0.9318207125000001 0.40458544375 0.9322594890625 0.4513012703125 0.9246460781250001 0.4562477171875 0.9215559546875 0.4766017234375 0.920635303125 0.4961219734375 0.915878871875 0.512590896875 0.9153663578125 0.5221992828124999 0.9173333203125 0.53485899375 0.9150563593750001 0.7724741484375001 0.8999702515625 0.8359995124999999 0.9098019421875 0.8400553000000001 0.9045054765625 0.835374390625 0.8999915390625001 0.8403208390625 0.8969014171874999 0.8711169921874999 0.9017835078124999 0.8751158765625 0.8981164859374999 0.870472903125 0.8925162546875001
1 0.7584006390625 0.637906409375 0.7538327406249999 0.657867846875 0.7681781421875 0.6904535625 0.8362682296875 0.791260846875 0.6919511625 0.8226564234374999 0.6683751265625 0.8327093187499999 0.6263591765625 0.84429351875 0.6194417375 0.8484024328125 0.6151773125 0.8596735171875001 0.604317890625 0.8658200109375 0.6165034234375 0.8771217312499999 0.621374 0.8762041953124999 0.6309254859375 0.8798005984374999 0.6454044515625 0.8808500234375 0.7162076296875 0.8762530015625 0.9890313359375 0.822828978125 0.996774478125 0.6010944140625 0.9929083625 0.6009594078125 0.9816514250000001 0.5907777359375 0.9568251468750001 0.5812098296875 0.9337612249999999 0.576597753125 0.8892629640624999 0.576131459375 0.8658955671875 0.5802097374999999 0.8463184187499999 0.5865956125 0.8060268859375 0.604221934375 0.7714776265625 0.623680209375 0.7584006390625 0.637906409375
1 0.9780240328125 0.1958453421875 0.9733051906249999 0.1924176984375 0.956059409375 0.1874649859375 0.902256234375 0.17634137656249999 0.8831722296875 0.1686054234375 0.8696787609375001 0.167046603125 0.8438290546875 0.1590743875 0.8293690546875 0.15748181249999998 0.8102471171875001 0.1508321546875 0.7890972859375001 0.1468307296875 0.7709987765624999 0.1385853828125 0.7608411359375 0.1246354328125 0.7297992046874999 0.0990799953125 0.7348594546875 0.0927309890625 0.7387255703125 0.092865996875 0.7540951953125 0.0961217625 0.7666790390625 0.096017390625 0.7819917625 0.1009026 0.8609815890625001 0.11127431875 0.867899028125 0.107165403125 0.86418465 0.10268521875 0.79298395625 0.0909540734375 0.73412053125 0.08617947031249999 0.7197743359375 0.0813280140625 0.6695907046875 0.0774003234375 0.6472467375 0.0798829125 0.62422075 0.07418454218750001 0.592401165625 0.0708981390625 0.5756287671875 0.0801010046875 0.5653944656250001 0.096057903125 0.558477028125 0.1001668171875 0.545324171875 0.116565603125 0.53804635625 0.130994315625 0.5292527625 0.1334062828125 0.4925056984375 0.13266685625000002 0.475847103125 0.138610840625 0.46714834375000003 0.13830707343749998 0.45626995312499996 0.1449967140625 0.44264371406249997 0.147239925 0.42094383593750007 0.1589897671875 0.396192634375 0.1749835328125 0.3881569296875 0.183403871875 0.379647046875 0.205402890625 0.379930759375 0.22498994218749999 0.3985974875 0.24467513125 0.4157105 0.2534298734375 0.43200872031250004 0.2578056875 0.5246816875 0.26430475625 0.552805859375 0.2625678265625 0.5588136703125001 0.25679571874999996 0.6515625046875 0.2611221984375 0.656262378125 0.2650929890625 0.668846221875 0.264988615625 0.6734891953125001 0.270588846875 0.68410204375 0.271503265625 0.686830928125 0.276492846875 0.691644603125 0.27720475312500004 0.7072987375 0.2723133109375 0.707450475 0.2679681359375 0.8270756218749999 0.16773410625000001 0.919179575 0.190527590625 0.9317254828125 0.19150951249999998 0.9594892796875 0.200092378125 0.973968246875 0.20114180625000003 0.9780240328125 0.1958453421875
7 0.1733432421875 0.7648481375 0.172149903125 0.7435978953125 0.1654790359375 0.74064589375 0.15253481875 0.7510700640625 0.15427820625 0.7565690390625 0.1512837828125 0.75918351875 0.1596980359375 0.7676344953124999 0.16741129999999999 0.7684476578125 0.1733432421875 0.7648481375
8 0.1654790359375 0.74064589375 0.153501346875 0.751103815625 0.1522313453125 0.7597604171875 0.160645596875 0.7682113937499999 0.169363325 0.7679720140625 0.1733432421875 0.7648481375 0.1721309359375 0.7441410421875 0.1654790359375 0.74064589375
8 0.24412904218749998 0.7053257453125 0.247180365625 0.7010818249999999 0.24104057812500002 0.6829217046875 0.23342215 0.6793928046875 0.22233512187499999 0.692057065625 0.22307404531250002 0.698608584375 0.22866458125000003 0.7047857140625 0.2382729671875 0.7067526765625 0.24412904218749998 0.7053257453125
8 0.280895865625 0.6777877671875 0.2760252890625 0.6787053015625 0.27479321875 0.686275609375 0.27661247499999997 0.689601996875 0.2815778890625 0.6859687265625001 0.280895865625 0.6777877671875
8 0.28409813281249996 0.6969329265625 0.29370651875 0.6988998875 0.30056705781250004 0.696420415625 0.302632884375 0.6926858874999999 0.2976872328125 0.668041753125 0.2920208296875 0.6640372109375 0.28025177968750004 0.6685205125 0.27621495937499996 0.6732738296874999 0.27570284843750004 0.687938803125 0.28409813281249996 0.6969329265625
8 0.41937900156249996 0.5363389390625 0.4228468078125 0.5478800374999999 0.43042730156250003 0.55249523125 0.44975787812499995 0.5531702703125 0.45661841562500005 0.550690796875 0.4597076734375 0.5453605796875001 0.45809705625 0.536059575 0.44972073906250004 0.52652230625 0.4296322703125 0.519838896875 0.41964454218749997 0.5287348781250001 0.41937900156249996 0.5363389390625
8 0.6190355796875 0.4720720515625 0.6056369453125 0.46779749375 0.5977909109375 0.4707863625 0.58875074375 0.48025924375000006 0.585244209375 0.4975386984375 0.5924263937500001 0.5135599828124999 0.6056922578124999 0.5216365703125 0.6182191984375 0.5231616390625 0.63091684375 0.5197983828125 0.635901225 0.5156219671875 0.638175690625 0.5059128203125 0.623735453125 0.476042840625 0.6190355796875 0.4720720515625
8 0.36646049999999997 0 0.3644347171875 0.0036621359375000003 0.36492706875 0.01727456875 0.3724127265625 0.024605496875 0.3878961546875 0.02460238125 0.39409363750000004 0.013398801562500002 0.391997978125 0 0.36646049999999997 0
8 0.2865963265625 0.1542982484375 0.29173244375 0.1457766546875 0.2900269921875 0.13919138281250001 0.275661828125 0.1348830734375 0.2698057546875 0.136310003125 0.265731 0.142149615625 0.2711318640625 0.15375821875 0.274941078125 0.15552266718750002 0.2865963265625 0.1542982484375
2 0.7606909875000001 0.0735120921875 0.7749052078124999 0.054431320312499996 0.7134267046875 0.041408253125 0.5922130828125 0.0208610953125 0.5778668875 0.0160096375 0.5729773421875 0.017470318749999998 0.5643734171875 0.014450817187500001 0.5616066015625 0.0105475296875 0.527797059375 0.008823065625 0.553133859375 0.0591945140625 0.56846555 0.063536575 0.604113315625 0.0680442796875 0.6463940125 0.0765902765625 0.6889781828125 0.0764459203125 0.7448282171875 0.0843781515625 0.7606909875000001 0.0735120921875