7 0.58125 0.321875 0.1484375 0.1515625
7 0.75859375 0.315625 0.146875 0.140625
7 0.928125 0.3140625 0.1328125 0.15
7 0.58125 0.4625 0.0921875 0.0984375
1 0.7984375 0.09609375 0.128125 0.1921875
7 0.69765625 0.459375 0.0890625 0.090625
7 0.81640625 0.4515625 0.096875 0.1046875
7 0.9328125 0.446875 0.0984375 0.1109375
7 0.18515625 0.31015625 0.1484375 0.1578125
7 0.271875 0.4546875 0.09375 0.1015625
7 0.32734375 0.521875 0.06875 0.078125
8 0.0953125 0.259375 0.03125 0.0484375
7 0.3796875 0.56875 0.0609375 0.06875
7 0.3125 0.5734375 0.0609375 0.0640625
7 0.2359375 0.5859375 0.059375 0.04375
7 0.16171875 0.5859375 0.0609375 0.04375
7 0.15234375 0.46171875 0.1 0.1015625
7 0.2421875 0.53359375 0.075 0.065625
7 0.14375 0.53984375 0.078125 0.0625
7 0.05546875 0.540625 0.078125 0.075
7 0.090625 0.5921875 0.059375 0.053125
7 0.04453125 0.3234375 0.0890625 0.1625
7 0.03203125 0.46640625 0.0640625 0.0890625
2 0.24453125 0.053125 0.0484375 0.0828125
7 0.6515625 0.02734375 0.28125 0.0546875
7 0.9234375 0.01640625 0.103125 0.0328125
1 0.05703125 0.0984375 0.1140625 0.15625
1 0.27734375 0.31796875 0.05625 0.1125
1 0.33125 0.4375 0.03125 0.0625
1 0.3734375 0.51015625 0.0265625 0.0546875
1 0.1953125 0.5234375 0.025 0.03125
1 0.2140625 0.453125 0.0296875 0.0828125
1 0.671875 0.32890625 0.0515625 0.11875
1 0.596875 0.09453125 0.1421875 0.1015625
1 0.84609375 0.309375 0.046875 0.0984375
1 0.875 0.44453125 0.03125 0.071875
1 0.59375 0.546875 0.0421875 0.0296875
8 0.18984375 0.40078125 0.0203125 0.0234375
8 0.09765625 0.4046875 0.0203125 0.0203125
8 0.26484375 0.25625 0.021875 0.0328125
8 0.37421875 0.47578125 0.015625 0.0140625
8 0.72578125 0.4015625 0.0171875 0.0234375
8 0.83828125 0.3953125 0.015625 0.01875