6 0.6267982890625 0.9104056765624999 0.6204571390625 0.92704825 0.6287242234375 0.9302817250000001 0.6391944328125 0.9266909015625 0.66874244375 0.90461398125 0.67074664375 0.89494491875 0.6676152015625 0.88849365 0.651876734375 0.89340575625 0.6267982890625 0.9104056765624999
6 0.6949541109374999 0.8884877093749999 0.70855875 0.8837248140625 0.7257679609375 0.8691809484374999 0.725837259375 0.8625058624999999 0.7212380625 0.8580630093750001 0.7153700390625 0.8584733421875 0.6874253875 0.8728150140625001 0.6794868546874999 0.8819461531250001 0.6811475546875 0.8980291812500001 0.6872145046875 0.9004636140625 0.6878835671875 0.8946994796875 0.6949541109374999 0.8884877093749999
6 0.9666675546875 0.9104619906250001 0.9576680890624999 0.9044210546875 0.9281923640624999 0.912199546875 0.859539990625 0.9760794640625001 0.9180068484374999 0.9719910625000001 0.9525868 0.9390804671874999 0.9683975531250001 0.9198699328125001 0.9666675546875 0.9104619906250001
9 0.7104632140625 0.7883024875 0.7078108765625 0.7503722953125 0.7036125203125 0.7439956328124999 0.647002790625 0.739378146875 0.6201913593749999 0.754593465625 0.614853803125 0.7625898359375001 0.6198418828125 0.7955922390625 0.6312404093749999 0.805276984375 0.6795137578125 0.8133360812499999 0.686852525 0.8032939890625 0.7104632140625 0.7883024875
7 0.03339033125 0.28201805156250004 0.034451265625 0.297190128125 0.0572847359375 0.393741284375 0.061685006249999993 0.395339371875 0.0826977109375 0.3738592984375 0.0871672796875 0.3687822984375 0.086769428125 0.36309276874999996 0.0692042171875 0.26522032812499996 0.06460502031250001 0.26077747812499996 0.061274653125 0.25148144375000003 0.062477171875 0.24568000625000003 0.0544753234375 0.24623955 0.03339033125 0.28201805156250004
7 0.1161848234375 0.33911933906249997 0.11312267812500001 0.3259929828125 0.1136591234375 0.3183323390625 0.10265844843750001 0.3143371234375 0.1002384640625 0.36405670625000003 0.1112785453125 0.437610246875 0.11674572968750001 0.439133728125 0.135220778125 0.42736002031250003 0.1374239015625 0.420535721875 0.13638688125 0.34437691406250004 0.13832178281250002 0.34138293750000004 0.13685701875 0.3357680140625 0.13252305625 0.3351181828125 0.126052278125 0.3422409046875 0.1161848234375 0.33911933906249997
7 0.1421796296875 0.3658883515625 0.1474269625 0.41793045624999997 0.1606970734375 0.416049628125 0.1831082328125 0.3992362234375 0.1829362109375 0.3277813859375 0.1822127953125 0.3021039015625 0.17934658750000002 0.2994456515625 0.1590029453125 0.315161590625 0.15873173437500002 0.326615253125 0.1475954515625 0.3283468703125 0.1454556453125 0.34374276406250004 0.14285467031250002 0.3448775328125 0.1421796296875 0.3658883515625
7 0.24306925625 0.35978635312499996 0.24237274531250003 0.2654987953125 0.248183428125 0.24127018281249998 0.2425143296875 0.24452528125 0.230250803125 0.23013656562499998 0.1994459203125 0.226573303125 0.1899100078125 0.22819301093750002 0.178568821875 0.2423265453125 0.1957690640625 0.250652703125 0.19916275156250002 0.2685203328125 0.20362634062499999 0.2786900140625 0.1989548578125 0.28854559062499996 0.198077903125 0.31433498593750003 0.19374095156249999 0.3213084953125 0.197472159375 0.32867071718749996 0.1959984265625 0.34592581875 0.19891599843750002 0.387649028125 0.20124875000000003 0.39034458125 0.22912709375 0.37505465625 0.24226757656250003 0.363653978125 0.24306925625 0.35978635312499996
7 0.257813096875 0.34065042343749996 0.2640789703125 0.3459296203125 0.2818849578125 0.339920046875 0.3171020671875 0.3145880296875 0.3191062671875 0.3049189671875 0.3146426765625 0.29474928437500003 0.3197872859375 0.2686614671875 0.313674953125 0.21191539062500003 0.3144133140625 0.1994761703125 0.3197508703125 0.1914798 0.3158177484375 0.1888961546875 0.3077466 0.1961307859375 0.3054711875 0.2172535109375 0.297734571875 0.2216060734375 0.2917369203125 0.21249655625 0.28366876093750004 0.2121078453125 0.27753849218750004 0.2011018171875 0.275142421875 0.1898346671875 0.26154076875 0.1869742203125 0.264401 0.2048791546875 0.2732648609375 0.216646921875 0.2730629453125 0.2214255 0.2599224640625 0.232826178125 0.2577193390625 0.2396504765625 0.25811419999999996 0.252963346875 0.2551727171875 0.272226865625 0.257813096875 0.34065042343749996
7 0.32195426718750003 0.2689863828125 0.319115234375 0.2820489421875 0.314446740625 0.284281178125 0.3174425765625 0.29645927968749997 0.32437452499999997 0.3035976828125 0.3404505140625 0.2881801671875 0.346918303125 0.28868078750000004 0.3543896875 0.280535203125 0.3587899578125 0.2821332890625 0.39193954999999997 0.2578987390625 0.39467613125 0.2510371390625 0.395550096875 0.2328710859375 0.3920901015625 0.2140552015625 0.3955620546875 0.20237772031249998 0.392798025 0.1091876296875 0.386797384375 0.1077014515625 0.35277681250000004 0.142478715625 0.3398502046875 0.11860744999999999 0.34072118125 0.1080647390625 0.337854971875 0.10540648906250001 0.3261852328125 0.107175409375 0.3279755609375 0.1327782875 0.3308417703125 0.1354365375 0.33243915 0.142947971875 0.33650787968749996 0.1398047828125 0.33937408750000003 0.1424630328125 0.33990455625 0.150049071875 0.3336990109375 0.1609648125 0.3220262828125 0.170357071875 0.31948563750000003 0.1876867796875 0.315814759375 0.196519496875 0.3173278953125 0.248822721875 0.3204593390625 0.255273990625 0.32195426718750003 0.2689863828125
7 0.395412046875 0.41488302343749994 0.3882387796875 0.3429648703125 0.37123148281249996 0.35273015937499996 0.3690946671875 0.3605027125 0.359826978125 0.3582920984375 0.359492446875 0.361174165625 0.355559325 0.35859052187499996 0.35202405312499996 0.36169640625 0.357398025 0.430881703125 0.362331753125 0.4324424859375 0.395412046875 0.41488302343749994
7 0.4527661171875 0.3918146046875 0.4455295296875 0.3113248546875 0.43379049218750004 0.3197688609375 0.4242545796875 0.32138856875 0.41424554062499996 0.33924051718750003 0.4068464453125 0.333087671875 0.402244259375 0.3362681625 0.4074826265625 0.41118029062500006 0.411882896875 0.4127783765625 0.4503640671875 0.3957941390625 0.4527661171875 0.3918146046875
7 0.47950825 0.383274371875 0.5211238515625001 0.3651180609375 0.5284202234375 0.293140984375 0.526027140625 0.27425049375 0.5200928078125 0.27371257187500003 0.5027509828125 0.286359928125 0.4984170203125 0.28571009687500004 0.47167189687500005 0.3018736703125 0.46980330312499996 0.3058159015625 0.4713313875 0.3200024203125 0.46870649843749995 0.382123921875 0.47950825 0.383274371875
7 0.6019255578125 0.23273328124999998 0.6023897171875 0.23937106406250003 0.597917159375 0.25207140625 0.5931823578125 0.2533553875 0.5890532984375 0.2403036375 0.5842521875 0.24063936406250003 0.5814492984374999 0.2465527109375 0.56370663125 0.2611338796875 0.5618410265625 0.25745276875 0.5532997421875 0.2732963 0.5504998421875 0.2715863046875 0.5465637296875 0.2766260015625 0.54894485625 0.3260098578125 0.5522692453125 0.3505525734375 0.55466830625 0.3541963796875 0.6104883140624999 0.3321881265625 0.6232279546874999 0.3227212609375 0.6158647296875001 0.22508831875 0.6019255578125 0.23273328124999998
7 0.6362477765625 0.27893070625 0.635768671875 0.310409628125 0.6445692125 0.3136058 0.7086592953124999 0.28720768125 0.722932996875 0.2766806515625 0.7231379015625 0.2642787328125 0.720702425 0.1834532578125 0.7196414890625 0.16828118125 0.717908503125 0.1664965796875 0.6998342937500001 0.176336475 0.70022915625 0.1896493453125 0.697625190625 0.19840745625 0.6933575375000001 0.1987058796875 0.6886287140625 0.18474317812500002 0.6842947515625 0.184093346875 0.6766244421875001 0.1893941640625 0.6726190328125 0.2011089484375 0.6652832562500001 0.2035276984375 0.663146440625 0.21130025156249999 0.6545478140625 0.2033255015625 0.650810628125 0.21120996406249998 0.640542334375 0.210022209375 0.635473 0.2141882578125 0.63273641875 0.2210498609375 0.63179614375 0.23826765781249998 0.6362477765625 0.27893070625
7 0.7755976484375 0.309207859375 0.7786627828125 0.31471087343750004 0.7810528765625 0.34122470312500003 0.8461405734375 0.3214270640625 0.8574787703125001 0.314916871875 0.8532380203125 0.24660522187499997 0.855643059375 0.235002346875 0.8525116171875 0.22855107812500003 0.8382409015625001 0.23145476718750002 0.8355706296875001 0.239264621875 0.8370353937499999 0.24487954531249997 0.8310980718750001 0.251964965625 0.8271649484375001 0.24938132031250002 0.8214355203125001 0.23644147968749998 0.8050309796875 0.23949437968749998 0.80136608125 0.23308041406250002 0.800495103125 0.243623125 0.7958449046875 0.2563358890625 0.790154521875 0.2567338 0.7854890171875 0.25134269374999996 0.769949475 0.25909956562500003 0.77234255625 0.27799005625 0.7750761484375001 0.2787517953125 0.7779996984374999 0.30522832499999997 0.7755976484375 0.309207859375
7 0.7279993421875 0.28013794375 0.714858859375 0.291538621875 0.6840479984375001 0.3032220421875 0.6894339281249999 0.341913975 0.690091034375 0.36664320625 0.69922610625 0.36695731249999997 0.7526440640625001 0.34892859062500003 0.7556458796875 0.3458600078125 0.7557814859375 0.34013317656250003 0.750473821875 0.27189613437500004 0.7474749968750001 0.267341375 0.7390723046875001 0.26983473125 0.733930684375 0.2882992078125 0.7312634015625 0.288485721875 0.7279993421875 0.28013794375
7 0.6341653125 0.3181448796875 0.629294903125 0.32515569218749996 0.607085659375 0.33719052031249996 0.6091985609375 0.3904046984375 0.611597621875 0.39404850625 0.6159978921875 0.3956465921875 0.6495423453125 0.3847249109375 0.658746715625 0.3783639296875 0.6598829265624999 0.3716142375 0.6602234375 0.35348548750000003 0.6559044203125 0.31471895 0.6480351875 0.317175003125 0.6462992109375 0.32301374374999997 0.6426313218749999 0.32422311875 0.6341653125 0.3181448796875
7 0.5486676640625 0.352710203125 0.5429322578125 0.3550170453125 0.54704338125 0.41380884218749997 0.5577788234375001 0.4140110375 0.58972290625 0.4032012671875 0.5931918703125 0.3991471265625 0.593393784375 0.39436855 0.5916727546875 0.362090584375 0.5945449421875 0.3495021515625 0.593613634375 0.343849925 0.5845448703125 0.344484075 0.5590685765625001 0.355794465625 0.5516001828125 0.3563167078125 0.5486676640625 0.352710203125
7 0.5247284203125 0.3553370890625 0.5181220359375 0.3681866421875 0.49618101406250004 0.37639115 0.488109865625 0.38362578125 0.49022575625 0.42921661718750004 0.49255850937499995 0.4319121703125 0.5310366890625 0.4225512703125 0.532908271875 0.4109856984375 0.5307923812500001 0.3653948625 0.5247284203125 0.3553370890625
7 0.6564772828125001 0.3842399734375 0.63113659375 0.38982353281250004 0.61553074375 0.39663214999999996 0.6151962125 0.3995142171875 0.6167876156250001 0.42227233281250004 0.6199190578125 0.4287236015625 0.652062065625 0.42075859375 0.6553984125000001 0.4148079453125 0.6546086890625 0.3881822046875 0.6564772828125001 0.3842399734375
7 0.7148170109375 0.3982654015625 0.7126951421875 0.36792124843749996 0.6935570078125 0.37021240781250003 0.6810915671875 0.36060226875 0.676826903125 0.3532773515625 0.6725592484375 0.35357577500000004 0.6681559890625001 0.35960102968749996 0.6678787984375 0.38630137656249997 0.6719355703125001 0.4136515546875 0.7014776046875 0.40682131562499996 0.7148170109375 0.3982654015625
7 0.730220946875 0.3962353609375 0.7761012125 0.38540396875 0.780037325 0.380364271875 0.7789853578125 0.3423221703125 0.776658584375 0.32437993593750003 0.7730599921875 0.31891422343750003 0.7672582765625 0.32027281093750004 0.7582528328125 0.32947855625 0.7573125578125001 0.34669635468750004 0.7538435953125 0.35075049375 0.7250339421875001 0.3603881953125 0.730220946875 0.3962353609375
7 0.86639698125 0.358126259375 0.8626777328124999 0.3202706734375 0.8598115234374999 0.3176124234375 0.8099951453124999 0.3334835140625 0.7961885890625 0.34302498593749997 0.8019210078125001 0.348341484375 0.80231586875 0.36165435625 0.8085787546875001 0.37455689375 0.8113123468750001 0.375318634375 0.862460871875 0.3631659578125 0.86639698125 0.358126259375
7 0.9563701765625 0.303237253125 0.9518402781249999 0.29211931406249997 0.9498510265625001 0.26367167187499996 0.943452534375 0.256495965625 0.935649609375 0.2599002734375 0.9289739265625 0.2794249125 0.9251764109374999 0.27111443749999997 0.9198418421874999 0.2714874671875 0.89702984375 0.290234684375 0.8842268828125001 0.2911299546875 0.88075791875 0.29518409375 0.8805410578125 0.338079378125 0.88526988125 0.35204208124999997 0.913943928125 0.3481312125 0.9562919125 0.33278236250000004 0.9602280234375 0.327742665625 0.9566987296875 0.3156018671875 0.9563701765625 0.303237253125
7 0.90746418125 0.3781239578125 0.963148584375 0.36184253593750004 0.9598934921875 0.3306247328125 0.9486216031250001 0.3380831796875 0.9070752984375 0.34956440624999996 0.9032054953124999 0.3555523578125 0.9051977375 0.376376659375 0.90746418125 0.3781239578125
7 0.8816563437499999 0.384693075 0.8830577890625 0.3817364015625 0.8810685359375 0.353288759375 0.8761437765625001 0.3288579515625 0.865739875 0.333397028125 0.86473329375 0.3496665734375 0.8571263046875 0.3635389859375 0.830450478125 0.3730274734375 0.8329761781249999 0.3938144734375 0.8369756078125 0.397346371875 0.8816563437499999 0.384693075
7 0.7812428328125 0.3669394921875 0.7803688671875 0.38510554531249996 0.7704321140625 0.388659065625 0.769096978125 0.39256399218750004 0.7702905296875 0.4096325796875 0.77262328125 0.41232813281249997 0.8141695875 0.4008469078125 0.8125118765625 0.3771405375 0.804112175 0.37201055312500003 0.801182646875 0.3607807078125 0.79171603125 0.355725328125 0.7892506625 0.351133265625 0.7841813296875 0.355299315625 0.7812428328125 0.3669394921875
7 0.7314867859375 0.3990055203125 0.7280208109374999 0.39543631874999996 0.7247597406249999 0.37946519843750004 0.7157572859375 0.38104760312499997 0.7149496281250001 0.40016191093750003 0.7178068703125 0.42569018437499995 0.7500824953125 0.4196216875 0.7561524328125 0.414432778125 0.7542265 0.3945567296875 0.7314867859375 0.3990055203125
1 0.9494501859375 0.265605484375 0.95244004375 0.29303026718749997 0.95870591875 0.29830946406250003 0.9709091140625 0.2965032421875 0.9834498296874999 0.2841916109375 0.9856971609375 0.2779994828125 0.98282945 0.23698929999999999 0.9455863609374999 0.256346753125 0.9494501859375 0.265605484375
1 0.878298528125 0.27534535 0.8926988703125 0.2819615125 0.9048357578124999 0.279207034375 0.9165777828125 0.2631396890625 0.9230515515625 0.24839362656250003 0.925592196875 0.23106391875 0.9208120109375001 0.1780362546875 0.9111554375 0.1472660890625 0.912957721875 0.1423756015625 0.9122283296875 0.1319447984375 0.9087653453125 0.12075225625 0.90209863125 0.11740687187500001 0.8938345359375001 0.10655005625 0.8841236125 0.0443382671875 0.8811217984375 0.047406851562500005 0.8829210937499999 0.050139706250000006 0.885507121875 0.0871216421875 0.8796331203125 0.1027786578125 0.8879999390625001 0.191765396875 0.8935997406249999 0.1951853859375 0.89459735625 0.20178586874999999 0.8597840734375 0.21756073125 0.8575809484375 0.2243850296875 0.8594435640625001 0.23568948125000003 0.8712339625000001 0.2663104375 0.878298528125 0.27534535
1 0.7870075875 0.1197374734375 0.7871372156249999 0.12925732343750002 0.7817996593750001 0.13725369375000002 0.7517874875 0.15269283125 0.74451503125 0.163683178125 0.732112909375 0.1626446359375 0.7259766625 0.166885290625 0.724906759375 0.1745832375 0.730364975 0.19897674062499998 0.741157759375 0.2229972171875 0.7590903828125 0.2341308359375 0.7775624421875 0.22998046875 0.7924389015625 0.21274105 0.799449115625 0.1903343421875 0.8023242921874999 0.17012256875 0.7979419562500001 0.122784434375 0.79321014375 0.11644507343749999 0.7870075875 0.1197374734375
1 0.5382643687499999 0 0.5325995531250001 0.007934165625 0.5247303203125 0.0103902203125 0.51125530625 0.0246729671875 0.49478146718750005 0.034400953125 0.5001040765625 0.0645212890625 0.501755809375 0.1034743421875 0.5119368703125 0.1570772296875 0.5277930093750001 0.192178340625 0.5349238828125 0.2021615078125 0.55399271875 0.20654543281249998 0.5649330640625 0.1943457125 0.5758100921875 0.17357439375 0.5786159718749999 0.1600377046875 0.5804332015625 0.1170305125 0.57877848125 0.085700803125 0.5729947 0.041319340625 0.5668041015624999 0.014118374999999999 0.565015559375 0 0.5382643687499999 0
1 0.3948476078125 0.1538302109375 0.395037565625 0.1795449984375 0.40435063906249996 0.236067259375 0.4114122125 0.25272551249999997 0.42780778750000004 0.2725426359375 0.43820869843750004 0.2756268984375 0.44654508125000003 0.27218528750000004 0.45488744218750005 0.25349699375 0.46176802656250004 0.2215704359375 0.4627805875 0.1900542109375 0.46092096250000003 0.1711264171875 0.45485999218749995 0.1534453015625 0.4527984515625 0.1392960859375 0.44360604062500003 0.1151637015625 0.3948476078125 0.1538302109375
8 0.43542618906249997 0.05951509218749999 0.415356746875 0.0561540265625 0.4076864390625 0.06145484531249999 0.407418215625 0.0652851671875 0.41181549687499996 0.07450659375 0.42874751718750004 0.086663075 0.4371502078125 0.0841697171875 0.4408210859375 0.075337 0.440025384375 0.0639579421875 0.43542618906249997 0.05951509218749999
8 0.7353136499999999 0.16242081875 0.7475168453125 0.160614596875 0.7507868828125 0.1537156921875 0.7485234296875001 0.14434505312499998 0.7303195921875 0.144665096875 0.7258500234375 0.149742096875 0.7273810953125001 0.156305275 0.7353136499999999 0.16242081875
8 0.6362113609375 0.2017490375 0.6196742015625001 0.202905428125 0.6194722875 0.2076840046875 0.6237369515625 0.21500892187499998 0.6324711859375001 0.2172568421875 0.6380769640625 0.2054301484375 0.6362113609375 0.2017490375
8 0.5461055499999999 0.254741534375 0.5321693671875 0.25476315625 0.5302344640625 0.2577571328125 0.5415636953125 0.27411696406249997 0.54790185625 0.26509773124999997 0.54837199375 0.2564888328125 0.5461055499999999 0.254741534375
8 0.75214946875 0.24986245624999998 0.7409468765625 0.2506458171875 0.739078284375 0.2545880484375 0.7450096265624999 0.2627493125 0.7549463796875 0.25919579375 0.7544822203125 0.2525580078125 0.75214946875 0.24986245624999998
8 0.853584509375 0.21322979062499997 0.846649571875 0.21371472812499998 0.8437140640624999 0.2177315640625 0.848979334375 0.224033621875 0.85531450625 0.22263773125 0.8563844078124999 0.214939784375 0.853584509375 0.21322979062499997
8 0.9733290984374999 0.24678366093749998 0.9751976921875001 0.24284142968750003 0.9742000765625001 0.23624094687500002 0.9588624484375 0.2392192421875 0.9615267421875 0.24665607031249998 0.9733290984374999 0.24678366093749998
1 0 0.1755564828125 0.005092665625 0.1763200734375 0.0080944796875 0.1732514921875 0.0344566984375 0.11328168281249999 0.0429376546875 0.081243215625 0.046017734375 0.048629521875 0.0450246015625 0.030594029687500003 0 0.033742456250000004 0 0.1755564828125
7 0.7134148453125 0 0.71848081875 0.0673558390625 0.7220794109375 0.07282155 0.7376852609375 0.066012934375 0.842743528125 0 0.7134148453125 0
2 0.9131262109374999 0.0527920171875 0.9103233203125001 0.058705362500000004 0.9117157984375 0.0786187125 0.9147146234375001 0.083173471875 0.918231959375 0.1258076359375 0.9170294406249999 0.1316090734375 0.9200885968750001 0.1523587703125 0.9332894078124999 0.157153028125 0.9352272984375001 0.1465357125 0.9434310640625 0.1411975890625 0.9446998921875001 0.13634440625 0.9369298484374999 0.0558919609375 0.932598875 0.0476187890625 0.9328670984375 0.0437884671875 0.9223275921875 0.05405437656249999 0.9131262109374999 0.0527920171875
2 0.8973668187499999 0.11106751249999999 0.90710165625 0.11229256875 0.90732150625 0.0617739453125 0.9019206296875 0.061198718750000006 0.89171565625 0.06858256093750001 0.8900459875 0.07536955625 0.8911069234375001 0.0905416328125 0.8973668187499999 0.11106751249999999
2 0.83301748125 0.11842593125 0.8366160734375001 0.1238916421875 0.8391507390624999 0.1218086171875 0.8327158328125 0.03745124375 0.8262570109375 0.014080599999999999 0.8053799109374999 0.029833842187499997 0.8086439703125 0.0381816203125 0.8084301 0.0734535625 0.8115555640625001 0.0951515140625 0.8202204984374999 0.10407451875 0.8208172749999999 0.11260881250000002 0.83301748125 0.11842593125