1 0.5523279265625 0 0.5422933984375 0.018182909375 0.5448466640625 0.0505455125 0.5581474109375 0.072104375 0.5722762890624999 0.08415012968749999 0.5913550921875 0.09499199375 0.6363821375 0.1115271171875 0.7121903515625 0.125848721875 0.75402124375 0.130147259375 0.7907754671875 0.1283882234375 0.8376147812499999 0.1348343171875 0.847621875 0.13857085156249999 0.8429059531249999 0.1531805203125 0.8431789515625001 0.168820596875 0.8668475375 0.2147832375 0.9024817359374999 0.2627719953125 0.92779684375 0.289149846875 0.9408148390625 0.2945100609375 0.9497208 0.292119628125 0.9960282484375 0.2680950984375 0.99134863125 0 0.5523279265625 0
1 0.3897647515625 0.3359771015625 0.41996153124999996 0.35724104218749997 0.45993140625000006 0.36883574218750004 0.5395981562500001 0.3763850609375 0.5863204718749999 0.376128265625 0.6140712359375 0.37117391875 0.6419487484374999 0.3734810359375 0.6519460921875 0.3766589984375 0.6435373796875 0.4075367109375 0.6489162984375 0.4309100828125 0.65804650625 0.44136685625 0.6669524671875 0.4389764234375 0.7477684906250001 0.39845367343750004 0.8650072390625001 0.337180365625 0.8846899265625 0.32566191718750004 0.88757408125 0.32002413125 0.897444675 0.3159406296875 0.902326346875 0.3108267203125 0.9162017296875 0.308349546875 0.93984045625 0.29564455624999997 0.9348222843749999 0.292938428125 0.9120019421875 0.295571734375 0.8822829109375 0.301677925 0.8753939703125001 0.30570938281250004 0.862492971875 0.3070520609375 0.8533627640624999 0.2965952859375 0.8392923828125 0.2879009765625 0.8202818296875 0.2809691296875 0.80433093125 0.2784538328125 0.6051933046875 0.2612562546875 0.5554893359374999 0.2615650953125 0.525711803125 0.26431984062499997 0.4791162375 0.2718381015625 0.4375485921875 0.2826210640625 0.41879153750000003 0.29021214687499997 0.414933 0.2969844296875 0.39040763749999996 0.31585108281249996 0.387542984375 0.32260601875 0.3897647515625 0.3359771015625
1 0.228172315625 0.476248809375 0.23426237031250002 0.483406184375 0.2563033265625 0.4930788546875 0.2902708953125 0.502543346875 0.3300652703125 0.5040837109375 0.3500014578125 0.5070881890625001 0.35303185937500003 0.509829015625 0.3927872359375 0.5091350828125 0.4056492328125 0.5055581078125 0.41262592343750004 0.5065538187499999 0.43038909375 0.498980084375 0.45124116562500005 0.49749862343749995 0.46032262343749997 0.505162525 0.45355068281250005 0.515896871875 0.44562885625000004 0.51771138125 0.4516506640625 0.5209587359375 0.44682749062499993 0.529424090625 0.4469932390625 0.53891985 0.4510565265625 0.5438776234375 0.4630123890625 0.5453451671875 0.5733816953125 0.48922046406249997 0.6108080546875 0.4690111328125 0.6235433031250001 0.458172696875 0.649218546875 0.44822588124999996 0.6560879890625 0.443077275 0.6540514703125 0.4403191015625 0.6500759328125 0.44038849375 0.615406978125 0.447698575 0.604562 0.45291657343749997 0.5976048078125 0.4530380125 0.5814784093750001 0.4404683796875 0.5565240499999999 0.4347577734375 0.4033293546875 0.42960937499999996 0.331798928125 0.4325341765625 0.290153284375 0.4388485484375 0.27933755625 0.44574226718750004 0.2645170390625 0.45102966093749997 0.25260992656250003 0.45235498749999997 0.23391137187500002 0.46329751406249997 0.22903944843750002 0.468969996875 0.228172315625 0.476248809375
1 0.2773120078125 0.5575264875 0.2971701953125 0.5560623734375 0.3159564984375 0.5501470140625 0.340823109375 0.550830453125 0.3438437609375 0.55301270625 0.3371108203125 0.56598135 0.338367953125 0.581045503125 0.346777275 0.6071597 0.4610538703125 0.5470555859374999 0.4578479671875 0.534260425 0.4426082046875 0.5155291296875 0.4215416328125 0.5047219609375 0.3867459296875 0.504770578125 0.383871525 0.5109669390625 0.3560817625 0.5136869890625 0.3559550125 0.506425525 0.3469613046875 0.5037887890625 0.281286934375 0.5004651859375 0.24154130937499999 0.5017176921875001 0.17902409218749998 0.5083963765624999 0.1602182875 0.5131945890625 0.1405160984375 0.5235958890625 0.1397562140625 0.537019015625 0.162839803125 0.549467209375 0.182805240625 0.5541474109375 0.2773120078125 0.5575264875
8 0.4653420171875 0.6218524734375 0.45596805781249994 0.5974313484375 0.44689635 0.59032601875 0.433985603125 0.5911101203125 0.42118210625 0.5980385390625 0.42141610468749996 0.6114443171875 0.442697175 0.6345401171875 0.44871897968749996 0.6377874703125 0.455676171875 0.6376660328125 0.465566265625 0.6346996796875 0.4653420171875 0.6218524734375
8 0.6727122453125001 0.541126096875 0.678597553125 0.536553415625 0.6782758046875 0.5181204687500001 0.6598398875 0.48715258749999996 0.6508364281250001 0.48395727656250004 0.636931796875 0.4847587265625 0.6260575687500001 0.48830100468750004 0.617239359375 0.4957186015625 0.6174733578125 0.50912438125 0.6448444828125 0.539377553125 0.651869921875 0.543166134375 0.659830746875 0.5435859234375 0.6727122453125001 0.541126096875
8 0.29819455 0.6717045671874999 0.2931373796875 0.6667641421875 0.2812205171875 0.6675308953125 0.27335719062499997 0.67269685 0.27249980625000003 0.6805342343749999 0.288791953125 0.7025996265625001 0.29976368125 0.7046430921875 0.304674603125 0.7012049046875 0.30449910468749997 0.691150571875 0.29819455 0.6717045671874999
7 0.0054867296875 0.8186979593749999 0.060034015625000006 0.8110777984374999 0.122278234375 0.7887590375 0.128222040625 0.7875378000000001 0.132236578125 0.789702703125 0.144114440625 0.786701653125 0.145994959375 0.780522640625 0.143977940625 0.778881615625 0.11125775625 0.7839227015625 0.005295089062499999 0.807718915625 0.0054867296875 0.8186979593749999
7 0.070060609375 0.8159314828124999 0.1017186609375 0.8069977250000001 0.1286217890625 0.8104393390625001 0.2295202484375 0.781299678125 0.2564331265625 0.7852998671875 0.254367359375 0.7808659703124999 0.2612758 0.7779516625 0.2562576265625 0.7752455328125001 0.2571735125 0.7707595921875 0.3205481140625 0.7562435187500001 0.35909510624999996 0.7432783046875 0.37004733437500004 0.7442046203125 0.3857837359375 0.7344312875 0.3886678890625 0.7287935015625 0.3865046203125 0.7187738640625 0.373535375 0.7162065203125 0.344761478125 0.7195024937500001 0.232842540625 0.7438058187500001 0.1666812828125 0.76954541875 0.140099903125 0.78453675 0.108422353125 0.7923533593750001 0.067926590625 0.8075875671875 0.0620705328125 0.8138359734374999 0.070060609375 0.8159314828124999
7 0.293946625 0.71312579375 0.2910527203125 0.71820500625 0.294092875 0.72150440625 0.3070133703125 0.7212788781249999 0.320879003125 0.7182431296875 0.37151835625 0.7145654968749999 0.38350346874999997 0.7177087609374999 0.400419003125 0.7185309875 0.508518403125 0.7032342421875 0.5174243625 0.7008438109374999 0.5143257109375 0.694192965625 0.5201817671875 0.6879445609375 0.5251414390625 0.6872992453125 0.5461105109375 0.692520671875 0.5867232718750001 0.6839893531250001 0.597578 0.679329928125 0.600579153125 0.68039503125 0.6371578765625 0.6685816609375 0.6439590671875 0.6595230375 0.6537906625 0.6532052390625 0.721121303125 0.6375026265625 0.7359223187499999 0.6310980859375 0.73583456875 0.62607091875 0.7298030140625 0.6222649890625 0.693097540625 0.6268168968750001 0.6692345656249999 0.62667468125 0.6583603375 0.6302169578125 0.46693064843750004 0.6559081484375 0.42839340468750003 0.6694319375 0.4136801390625 0.6808636453125 0.39778773749999996 0.6816997921875 0.378981934375 0.686498003125 0.293946625 0.71312579375
7 1 0.495636559375 0.99955335 0.4700479796875 0.581489990625 0.6120026843749999 0.573607165625 0.6160514890625 0.5787228359375 0.624343359375 0.5906689484375 0.625252328125 0.6838698328125 0.6107743796875 0.7206825546875 0.6123667890625 0.7336615515625 0.61549270625 0.7455784140625 0.614725953125 0.8595728703125 0.5954150984375 0.9229474734374999 0.5808990265625 1 0.5594704125 1 0.495636559375