9 0.3829690609375 0.8848649234374999 0.37825907187499996 0.891319178125 0.3838828859375 0.9307377718750001 0.3910104765625 0.9506556937499999 0.4203901140625 0.9853506671875 0.429521134375 0.9847121640625 0.4584155671875 0.971462684375 0.490731725 0.9661404687499999 0.501364115625 0.9541679984375 0.529330275 0.9440458796875 0.5367540453124999 0.9271936937499999 0.5327002281250001 0.885623684375 0.488982334375 0.8509105218749999 0.40137558125000006 0.877452915625 0.3829690609375 0.8848649234374999
6 0.6425903328125 0.7676912265625 0.646443084375 0.7653801828125 0.6461589437499999 0.7613167859375001 0.5780435015625 0.7303512999999999 0.4941474296875 0.7525509515625 0.4756698734375 0.7589471109375 0.4714595390625 0.7643456078125 0.47409747031249994 0.7692652296875 0.532437759375 0.8080599765625 0.6425903328125 0.7676912265625
6 0.9589782859374999 0.9456472781249999 0.9377207296875 0.9450921187500001 0.928303159375 0.9498339265625001 0.9253762734375 0.9571843109374999 0.9314359296875001 0.97003119375 0.93311526875 0.9709345796875001 0.9791814296875 0.9677133187500001 0.976951371875 0.9566402765625 0.9589782859374999 0.9456472781249999
6 0.1611962578125 0.862602575 0.067453996875 0.8916156390625 0.0374181875 0.9049449296875001 0.027218853124999998 0.9067081171875 0.033108446875 0.9909332296875 0.1832893796875 0.9325148359375 0.17894419687500002 0.91138153125 0.1611962578125 0.862602575
6 0.28844902656250004 0.648520059375 0.3000048734375 0.649753628125 0.3467327296875 0.63729875 0.3560792640625 0.63154109375 0.3522289203125 0.6256854359374999 0.340959621875 0.6203485625 0.2751124859375 0.6382236578125 0.28844902656250004 0.648520059375
6 0.41020921718750003 0.6757343390624999 0.41092438593749997 0.6695594296875 0.40614576874999997 0.6668311328125001 0.394303375 0.6697008671875 0.3912344171875 0.6750195515625 0.39729648125 0.679699734375 0.41020921718750003 0.6757343390624999
6 0.047944626562499995 0.768440240625 0.0517239359375 0.77328005 0.06313771093750001 0.7724819203125 0.0781201 0.76530935 0.07869319531249999 0.75710274375 0.0682787265625 0.7557893609375 0.054795301562499996 0.7597946624999999 0.047944626562499995 0.768440240625
6 0.10517725 0.692980984375 0.101900003125 0.6789187203125 0.0971213875 0.6761904234375 0.0170780671875 0.69607903125 0.014366693750000001 0.6983102609375 0.0134004953125 0.7090963984374999 0.01364621875 0.7126104078125 0.06872179218749999 0.7047175484375 0.10517725 0.692980984375
7 0.44425429687499995 0.129258428125 0.43667202656250004 0.119240534375 0.43612980781250005 0.1032853171875 0.43249257031250005 0.10047720625 0.42393223750000003 0.101075803125 0.420292590625 0.10643439531250001 0.4224284609375 0.1205764734375 0.41957260781250005 0.1289427078125 0.393607471875 0.12667509999999998 0.3846185203125 0.1293453015625 0.3935123578125 0.2073262625 0.3984992625 0.22943550781250002 0.4791084546875 0.2258403984375 0.47783223125 0.1993884078125 0.468223228125 0.1275823578125 0.44425429687499995 0.129258428125
7 0.4825396171875 0 0.410438846875 0.0050417765625 0.41552601562499997 0.06287259375000001 0.41859015624999996 0.07388731093749999 0.419369134375 0.0932283546875 0.4220781015625 0.09916382500000001 0.47408181875000005 0.0965481859375 0.4938404125 0.1002706140625 0.544915859375 0.10078233750000001 0.55098033125 0.09729581875 0.5534099718750001 0.0828344890625 0.5457116921875 0.06295647343750001 0.538669003125 0 0.4825396171875 0
7 0.6167104359375 0 0.627163675 0.10421835937499999 0.7283862937500001 0.1083691671875 0.7298142203125 0.10418605 0.7212093390625001 0.0139350859375 0.7191047328125 0 0.6167104359375 0
7 0.14988413125 0.023261537500000002 0.151953265625 0.033325015624999996 0.154723634375 0.072943140625 0.1582874296875 0.0829021 0.17647602812500002 0.088775946875 0.23867870156249998 0.0925928453125 0.30772964062499997 0.095930865625 0.3224254796875 0.0928615984375 0.32129132656250003 0.06844130781249999 0.3134000640625 0.0118273890625 0.14988413125 0.023261537500000002
7 0.228436403125 0.2331609296875 0.313466628125 0.23538156875 0.3208855828125 0.2348627859375 0.3250248828125 0.2284484375 0.3228962375 0.18980625625 0.3132137921875 0.1251510578125 0.29259795781250003 0.125571840625 0.2902417609375 0.13288231875 0.2868886640625 0.13413760624999999 0.2833248671875 0.12417864375000001 0.2804714234375 0.12437817656250001 0.2761900546875 0.128760825 0.275117303125 0.1380231890625 0.265486628125 0.1397174484375 0.263061803125 0.137845375 0.2604262796875 0.12475905312499999 0.25379111875000004 0.12828547968749998 0.24416285312500002 0.12181303750000001 0.215344271875 0.1197449609375 0.22093720625 0.1833253796875 0.21988570156249998 0.201092721875 0.228436403125 0.2331609296875
7 0.0209500828125 0.1445673109375 0.0212294078125 0.164964109375 0.02443561875 0.178010525 0.0269928828125 0.21458110156250002 0.0296284046875 0.22766742343750002 0.03205323125 0.22953949687500003 0.0919731484375 0.233516021875 0.1507540953125 0.22940565624999998 0.14699164375 0.167398940625 0.1385167953125 0.1200131796875 0.119899578125 0.11621093906249999 0.106345115625 0.1192003921875 0.090439271875 0.11316692187499999 0.088443065625 0.10922324375 0.0856016609375 0.06858926875 0.05014791875 0.0700476203125 0.050432059375000005 0.07411101718749999 0.05649653125 0.0706244984375 0.057351359375 0.0746479890625 0.066337903125 0.0801444890625 0.0700389515625 0.10846855156249999 0.068324478125 0.11675497187499999 0.058691395312500005 0.12661593124999998 0.041286590625 0.123749728125 0.028373853124999997 0.1277151234375 0.0209500828125 0.1445673109375
7 0.015697096875 0.29907794062500004 0.08510562031249999 0.2993285078125 0.1037962796875 0.2959798953125 0.10216487968750002 0.264448659375 0.097322453125 0.23620441093750003 0.0358325390625 0.2343793046875 0.0299125453125 0.231730821875 0.023213573437500003 0.20974129375 0.0075918703125 0.2077712203125 0.004451878125 0.2120740546875 0.015697096875 0.29907794062500004
7 0.21766435 0.23493500156249997 0.2131060640625 0.2107541484375 0.2044036609375 0.20932104843750002 0.18714815 0.1839864390625 0.160254740625 0.18484619375 0.157327853125 0.1921965765625 0.156749940625 0.21673658750000002 0.153467878125 0.2190077234375 0.151537890625 0.23241329843749997 0.1349879140625 0.233570584375 0.1340596421875 0.2366979453125 0.13562000624999998 0.26721333125 0.142816225 0.2963138046875 0.2137947421875 0.29441295312500004 0.2207874875 0.287799071875 0.21594746874999998 0.2513881234375 0.21766435 0.23493500156249997
7 0.19045790468749998 0.329731771875 0.187685128125 0.2982803484375 0.14702415156249998 0.2990820078125 0.1385396703125 0.2843630515625 0.13255345624999998 0.2643653171875 0.1234224375 0.26500382031249997 0.1224941640625 0.2681311796875 0.1212059015625 0.28251269843750004 0.1282528234375 0.334081575 0.19045790468749998 0.329731771875
7 0.1020011390625 0.335917271875 0.09979905 0.3044259421875 0.0965904296875 0.299546228125 0.0293912203125 0.3062868859375 0.032308474999999996 0.33160330781249997 0.0357302015625 0.3395305703125 0.1020011390625 0.335917271875
7 0.21900197812500002 0.2950696453125 0.2060182046875 0.2980191921875 0.2092196015625 0.327399009375 0.211144771875 0.3303268375 0.26471848593749997 0.3255597828125 0.261945709375 0.294108359375 0.2532457140625 0.28450855625 0.241481578125 0.2638940359375 0.227001253125 0.2618441484375 0.22450057499999998 0.27528963125 0.22071885937500002 0.2786165234375 0.21900197812500002 0.2950696453125
7 0.255383990625 0.2904839328125 0.3036059921875 0.2911951890625 0.32350906562500004 0.2887826140625 0.3244373390625 0.2856552515625 0.3220221453125 0.251116375 0.3176035203125 0.2371339234375 0.24712465468749997 0.23797901875 0.255383990625 0.2904839328125
7 0.349822153125 0.3206295703125 0.34455833281250003 0.2699568234375 0.34120764375 0.2630454109375 0.325299390625 0.26517864062499996 0.32468836875 0.2810440234375 0.32056941562499996 0.2910298078125 0.2934756640625 0.293945203125 0.297105678125 0.3212534171875 0.2996725734375 0.3251571875 0.349822153125 0.3206295703125
7 0.37668305625 0.1880867484375 0.371688928125 0.19047760625000001 0.36133826875 0.2146801765625 0.3431472625 0.2169730328125 0.3453469421875 0.2566310625 0.34976075156249997 0.2869469171875 0.4124654859375 0.281541359375 0.40684408124999993 0.23395606562500001 0.398141678125 0.2325229640625 0.3945068484375 0.221548153125 0.3850206515625 0.217107409375 0.3797447890625 0.20726816874999998 0.37668305625 0.1880867484375
1 0.343282109375 0.243504834375 0.3427162359375 0.2272113375 0.33936795468750003 0.21213322343750002 0.33088106562499997 0.20558096875 0.3251741765625 0.205980034375 0.325382465625 0.22536098437500002 0.3199573109375 0.237990146875 0.3205966265625 0.247132790625 0.33464592656250003 0.2594209828125 0.343282109375 0.243504834375
1 0.35072514374999997 0.1613190390625 0.3492358140625 0.1318195015625 0.34723960625 0.12787582343749998 0.314568275 0.1281187921875 0.319190371875 0.17781559687499998 0.326173484375 0.20386852187499999 0.3315227875 0.20655691250000002 0.3400855296875 0.1977916140625 0.3480089546875 0.179883671875 0.35072514374999997 0.1613190390625
1 0.1935160265625 0.11922970937499999 0.18738051875 0.12170037812500001 0.1868074234375 0.12990698437499998 0.19321502968749998 0.17233321875000002 0.2099708875 0.1987235828125 0.21838674062500002 0.2042599890625 0.22231052812500002 0.20296479375 0.21555737656249999 0.122792509375 0.1935160265625 0.11922970937499999
1 0.331784053125 0.0462704375 0.3442609484375 0.0688767484375 0.3584523171875 0.083196640625 0.37307471406250003 0.0872782265625 0.39219399374999997 0.081858009375 0.40582430625 0.063551003125 0.41282186562499995 0.040603721875 0.41080015000000003 0.0050165125 0.3211602265625 0.011284746875 0.331784053125 0.0462704375
1 0.5394278734375 0 0.5400902875 0.0153711796875 0.5503410140625 0.088153175 0.554906525 0.0878339234375 0.562259259375 0.0699658875 0.5662588984375 0.0533531390625 0.5674785359375 0.0297890734375 0.5657066765625001 0 0.5394278734375 0
1 0.1518087875 0.03946001875 0.1497276375 0.023272481249999998 0.107616925 0.026217148437499997 0.1204895296875 0.050837423437499994 0.13589331093749998 0.0660933515625 0.15358225781249998 0.073022953125 0.1518087875 0.03946001875
1 0 0.136623415625 0.0051839015625 0.1487322390625 0.018089415625 0.169266946875 0.0228680296875 0.1719952421875 0.0237252671875 0.16785203124999998 0.022053534375 0.1521462734375 0.023450759374999998 0.13112183125000001 0.0181062703125 0.11210003906249999 0.0098324859375 0.10859533125000001 0 0.10928288593749999 0 0.136623415625
1 0.12398349374999999 0.2976307171875 0.12049795625 0.264187503125 0.1033062578125 0.2643688453125 0.10530005625000001 0.276479225 0.1100052296875 0.28635837343750004 0.121842809375 0.2998220421875 0.12398349374999999 0.2976307171875