4 0.296780684375 0.431073446875 0.35814889375000003 0.43163841875 0.363179075 0.4282485875 0.3641851109375 0.414689265625 0.36217303749999996 0.41299435000000007 0.2756539234375 0.4101694921875 0.26559356093750003 0.41129943437499994 0.2555331984375 0.41581920937500005 0.25452716249999996 0.4237288140625 0.2615694171875 0.42711864374999997 0.296780684375 0.431073446875
4 0.2635814890625 0.400564971875 0.2736418515625 0.4073446328125 0.301810865625 0.4101694921875 0.3953722328125 0.41129943437499994 0.4004024140625 0.4056497171875 0.40140845 0.3949152546875 0.3963782703125 0.3903954796875 0.3903420515625 0.3892655375 0.2947686109375 0.38474576250000003 0.27967806875 0.38587570625 0.25955734375 0.3937853109375 0.2635814890625 0.400564971875
7 0.5432595578125 0.720564971875 0.5402414484375 0.6858757062499999 0.537223340625 0.68361581875 0.421529175 0.6847457625 0.423541246875 0.7971751406250001 0.546277665625 0.7960451984375 0.546277665625 0.7644067796875 0.578470825 0.755932203125 0.5824949703125 0.7497175140625 0.575452715625 0.715819209375 0.5663983906250001 0.71638418125 0.55432595625 0.7248587578125 0.5432595578125 0.720564971875
7 0.4175050296875 0.644067796875 0.5331991953124999 0.641807909375 0.5311871234375001 0.6118644062499999 0.537223340625 0.6056497171874999 0.5452716296875 0.6062146890625 0.5452716296875 0.5920903953125001 0.5382293765624999 0.5926553671875 0.52917505 0.5875706218750001 0.5231388328125 0.546327684375 0.4134808859375 0.5474576265625 0.4175050296875 0.644067796875
7 0.53420523125 0.48757062187500005 0.53420523125 0.48418079062499997 0.5432595578125 0.4819209046875 0.5442655937499999 0.4785310734375 0.5392354125 0.47288135625 0.5301810859375 0.470056496875 0.5130784703125 0.4508474578125 0.5080482890625 0.427683615625 0.4084507046875 0.42994350312499996 0.40945674062500004 0.483050846875 0.41549295781250006 0.5135593218750001 0.5110663984375 0.51299435 0.5201207250000001 0.5107344625 0.5191146875 0.49152542343750005 0.527162978125 0.48644067812499997 0.53420523125 0.48757062187500005
7 0.50503018125 0.358192090625 0.5020120718750001 0.3542372875 0.5 0.33050847499999997 0.49496981875 0.3225988703125 0.424547284375 0.3231638421875 0.4034205234375 0.325423728125 0.40643863125 0.399435028125 0.492957746875 0.398305084375 0.5070422531250001 0.3960451984375 0.5060362171875 0.38248587500000003 0.5201207250000001 0.373446328125 0.5201207250000001 0.3638418078125 0.5160965796875 0.359322034375 0.50503018125 0.358192090625
7 0.5110663984375 0.2757062140625 0.5130784703125 0.271186440625 0.503018109375 0.259322034375 0.492957746875 0.25348418125 0.4899396375 0.22881355937499998 0.48692152968749997 0.22711864375 0.42052313906250005 0.2259887 0.39738430625 0.227683615625 0.39738430625 0.2757062140625 0.4004024140625 0.2954802265625 0.40442655937499994 0.2977401125 0.4808853125 0.29830508437500003 0.4939637828125 0.29661016875 0.4939637828125 0.284180790625 0.503018109375 0.2757062140625 0.5110663984375 0.2757062140625
7 0.7444668015625 0.5468926546875 0.74044265625 0.5440677968750001 0.74044265625 0.525423728125 0.7344064390625 0.5 0.7243460765624999 0.49152542343750005 0.6428571421875 0.4932203390625 0.6197183093749999 0.488700565625 0.5794768609375 0.4937853109375 0.5452716296875 0.4932203390625 0.5402414484375 0.5039548015624999 0.541247484375 0.5214689265625 0.55432595625 0.6593220343749999 0.5583501 0.6649717515625 0.7414486921875 0.6638418078125 0.7535211265624999 0.6632768359375001 0.7605633796875 0.660451978125 0.7444668015625 0.5468926546875
7 0.59255533125 0.44124293750000004 0.6086519109374999 0.44237288125 0.653923540625 0.43898305156250006 0.694164990625 0.44067796562500006 0.7072434609375 0.4384180796875 0.71026156875 0.4322033890625 0.70120724375 0.4197740109375 0.7082494968749999 0.40677966093749995 0.6780684109374999 0.31299435 0.549295775 0.31073446250000003 0.5201207250000001 0.31299435 0.5251509046875 0.360451978125 0.52917505 0.3644067796875 0.5281690140624999 0.387570621875 0.5311871234375001 0.388700565625 0.5281690140624999 0.40847457656249997 0.536217303125 0.44350282500000004 0.58350100625 0.44350282500000004 0.59255533125 0.44124293750000004
7 0.6800804828125 0.2372881359375 0.6730382296874999 0.2225988703125 0.6609657953125 0.1610169484375 0.654929578125 0.15536723125000002 0.5060362171875 0.1508474578125 0.5040241453125 0.16158192031250002 0.5110663984375 0.21864406718749999 0.5191146875 0.257062146875 0.5231388328125 0.260451978125 0.537223340625 0.2610169484375 0.5573440640625 0.26723163906249997 0.5603621734375 0.2644067796875 0.5674044265625 0.2638418078125 0.68108651875 0.2638418078125 0.6800804828125 0.2372881359375
7 0.644869215625 0.097175140625 0.636820925 0.0903954796875 0.6257545265625 0.037853107812499995 0.49899396406249996 0.0361581921875 0.48490945625000004 0.037853107812499995 0.49496981875 0.12711864374999998 0.5040241453125 0.12937853125 0.580482896875 0.127683615625 0.5995975859375 0.1322033890625 0.6016096578125001 0.129943503125 0.6237424546875 0.1282485875 0.6468812875000001 0.1322033890625 0.6418511062500001 0.11412429375 0.644869215625 0.097175140625
7 0.48379752187499997 0 0.48591549218749996 0.011299434375 0.6177062375 0.0107344625 0.62273641875 0.0090395484375 0.62131613125 0 0.48379752187499997 0
1 0.95058586875 0 0.9406438625 0.0090395484375 0.9356136828125001 0.04237288125 0.9406438625 0.0531073453125 0.9496981890624999 0.059322034375 0.9768611671875 0.0960451984375 1 0.113216303125 1 0 0.95058586875 0
1 0.78470825 0.7022598875 0.7655935609375 0.630508475 0.75955734375 0.6350282484374999 0.7645875249999999 0.65536723125 0.75955734375 0.6632768359375001 0.6237424546875 0.6655367234375 0.5965794765625 0.6677966109375 0.6036217296874999 0.6920903953125 0.6207243453125 0.7079096046875 0.65694165 0.7242937859375 0.6760563375 0.72937853125 0.698189134375 0.7322033890624999 0.733400403125 0.7322033890624999 0.747484909375 0.7372881359375001 0.7484909453124999 0.7497175140625 0.7565392359375 0.7627118640624999 0.7736418515625 0.7649717515625001 0.7837022124999999 0.7649717515625001 0.7947686109375 0.7615819203124999 0.8088531187499999 0.7638418078125 0.825955734375 0.7632768359375001 0.8269617703125001 0.754802259375 0.86720321875 0.7412429375 0.8993963781250001 0.7418079093750001 0.885311871875 0.7344632765625 0.863179075 0.7372881359375001 0.8440643859374999 0.719962146875 0.8450704218749999 0.7028248593749999 0.863179075 0.699435028125 0.8249496984375 0.699435028125 0.8219315890625 0.7022598875 0.810865190625 0.7045197734374999 0.806841046875 0.7101694921874999 0.7927565390625 0.7118644062499999 0.78973843125 0.7101694921874999 0.78470825 0.7022598875
1 0.653923540625 0.442937853125 0.607645875 0.445197740625 0.6046277671875 0.4474576265625 0.6046277671875 0.46045197812499994 0.6086519109374999 0.46836158125000005 0.6217303828125 0.48418079062499997 0.6307847078125 0.4892655375 0.6378269624999999 0.49152542343750005 0.7313883296875 0.4903954796875 0.7344064390625 0.48757062187500005 0.732394365625 0.473446328125 0.723340040625 0.43954802187500003 0.7055663984375 0.44350282500000004 0.653923540625 0.442937853125
1 0.5704225359375 0.2785310734375 0.6066398390625001 0.28983050781249997 0.658953721875 0.29435028281250003 0.688128771875 0.29435028281250003 0.679074446875 0.26497175156249997 0.5523138828125 0.2621468921875 0.5523138828125 0.26723163906249997 0.5704225359375 0.2785310734375
1 0.532193159375 0.14689265468749999 0.549295775 0.1514124296875 0.6529175046875 0.1525423734375 0.65694165 0.146327684375 0.6468812875000001 0.126553671875 0.527162978125 0.12937853125 0.52414486875 0.1355932203125 0.532193159375 0.14689265468749999
8 0.5915492953125 0.757062146875 0.58350100625 0.7581920906249999 0.578470825 0.7694915250000001 0.580482896875 0.7790960453125 0.5875251515625 0.7830508468749999 0.5975855125 0.78361581875 0.600603621875 0.7802259890625 0.59859155 0.7666666671875 0.5915492953125 0.757062146875
8 0.8219315890625 0.52711864375 0.8370221328125 0.527683615625 0.8450704218749999 0.5209039546875001 0.8450704218749999 0.5084745765625 0.8420523140625 0.5045197734375 0.8340040234374999 0.501694915625 0.815895371875 0.50112994375 0.8058350093750001 0.5079096046875 0.806841046875 0.5203389828125 0.8128772640624999 0.525423728125 0.8219315890625 0.52711864375
8 0.762575453125 0.29265536718749996 0.7706237421875 0.27966101718749997 0.776659959375 0.25819209062500004 0.76961770625 0.2514124296875 0.7545271625 0.253672315625 0.7444668015625 0.2627118640625 0.7444668015625 0.2847457625 0.7515090546875001 0.29378531093750004 0.757545271875 0.2949152546875 0.762575453125 0.29265536718749996
8 0.74044265625 0.125423728125 0.74949698125 0.1073446328125 0.74949698125 0.0977401125 0.7454728375 0.0954802265625 0.7293762578125 0.0977401125 0.72032193125 0.1062146890625 0.7183098593749999 0.1248587578125 0.7243460765624999 0.1338983046875 0.7313883296875 0.1338983046875 0.74044265625 0.125423728125
5 1 0.467984934375 0.9869215296875 0.43728813593750004 0.9748490953125 0.398305084375 0.9688128765625 0.3937853109375 0.957746478125 0.3977401125 0.9547283703125 0.40225988749999997 0.9114688125000001 0.428813559375 0.9315895375000001 0.48079096093749996 0.9305835015625 0.48983050781250004 0.923541246875 0.4960451984375 0.918511065625 0.5090395484375 0.9175050296875 0.5172316390625 0.9205231390625 0.5197740109375 0.9175050296875 0.5220338984375 0.9205231390625 0.5242937859375 0.9175050296875 0.5299435031249999 0.923541246875 0.5299435031249999 0.9225352109375 0.5259887 0.943661971875 0.5231638421875 0.957746478125 0.5604519781249999 0.9567404421875001 0.5677966109375 0.9647887328125 0.5768361578125 0.9668008046875001 0.5937853109375 0.9768611671875 0.6101694921874999 0.9909456734375001 0.6067796609375 1 0.601694915625 1 0.467984934375
5 0.846076459375 0.2338983046875 0.860160965625 0.272316384375 0.8621730375000001 0.28983050781249997 0.8722334 0.300564971875 0.8822937625 0.34350282499999996 0.88732394375 0.346327684375 0.8913480890625 0.3627118640625 0.89738430625 0.3638418078125 0.9225352109375 0.35141242968749997 0.950704225 0.326553671875 0.9486921531249999 0.31299435 0.892354125 0.1819209046875 0.8571428578125 0.212429378125 0.846076459375 0.2338983046875
5 0.8199195171874999 0.033898304687500005 0.7907444671875 0.0740113 0.8008048296875 0.12316384218750001 0.8098591546874999 0.127683615625 0.82796780625 0.1819209046875 0.83802816875 0.1802259890625 0.8470824953125 0.174576271875 0.8832997984375 0.1367231640625 0.8420523140625 0.0344632765625 0.83802816875 0.028813559375 0.8329979875 0.027683615625 0.82897384375 0.027683615625 0.8199195171874999 0.033898304687500005
5 0.7739394109375 0 0.7837022124999999 0.029943503125 0.7877263578125 0.030508475 0.7947686109375 0.026553671875 0.8129546515625 0 0.7739394109375 0