1 0.4640625 0.278125 0.146875 0.48125
1 0.7640625 0.44765625 0.125 0.3578125
1 0.91484375 0.5546875 0.109375 0.29375
1 0.97890625 0.625 0.040625 0.31875
7 0.9640625 0.2171875 0.071875 0.396875
7 0.71484375 0.13515625 0.296875 0.2703125
7 0.359375 0.70078125 0.15 0.253125
7 0.55625 0.77109375 0.1296875 0.215625
7 0.70234375 0.83671875 0.115625 0.225
7 0.85390625 0.8984375 0.1 0.203125
2 0.609375 0.47578125 0.0453125 0.1875
1 0.60859375 0.9234375 0.040625 0.03125
1 0.45390625 0.80859375 0.0515625 0.1609375