8 0.8140625 0.55078125 0.071875 0.05
8 0.60625 0.6875 0.0671875 0.0453125
8 0.45703125 0.7484375 0.0609375 0.046875
8 0.28515625 0.81796875 0.0453125 0.040625
8 0.1828125 0.87890625 0.04375 0.0296875
8 0.50390625 0.15546875 0.053125 0.04375
8 0.20390625 0.43359375 0.0375 0.021875
8 0.0578125 0.1734375 0.0359375 0.028125
8 0.14609375 0.04375 0.0390625 0.0265625
2 0.740625 0.24453125 0.1828125 0.0609375
2 0.55234375 0.36875 0.15 0.0296875
7 0.3859375 0.25859375 0.28125 0.11875
7 0.22890625 0.38046875 0.203125 0.0921875
7 0.07421875 0.56171875 0.1328125 0.0546875
7 0.1296875 0.48671875 0.1765625 0.06875
7 0.7671875 0.67734375 0.3578125 0.1203125
7 0.5265625 0.7875 0.246875 0.0890625
7 0.33125 0.86328125 0.2375 0.059375
7 0.209375 0.90703125 0.2203125 0.059375
7 0.11484375 0.94140625 0.2015625 0.06875
1 0.73203125 0.44375 0.3765625 0.159375
1 0.471875 0.52734375 0.3515625 0.165625
1 0.34609375 0.5984375 0.2921875 0.1375
1 0.26484375 0.68828125 0.2515625 0.1265625
1 0.1609375 0.765625 0.209375 0.096875
1 0.35703125 0.09609375 0.2421875 0.15625
1 0.22109375 0.24453125 0.153125 0.0765625
1 0.12578125 0.3390625 0.1453125 0.0640625
1 0.06796875 0.428125 0.1359375 0.059375
7 0.09375 0.09609375 0.1875 0.0859375
7 0.04296875 0.21875 0.0859375 0.084375