0 0.14765625 0.36015625 0.125 0.1671875
0 0.08203125 0.14140625 0.1640625 0.2734375
7 0.63671875 0.28359375 0.0953125 0.0734375
7 0.6640625 0.375 0.1109375 0.0734375
7 0.67265625 0.4703125 0.10625 0.0734375
7 0.67265625 0.57578125 0.1234375 0.078125
7 0.6953125 0.684375 0.1265625 0.09375
7 0.9015625 0.69296875 0.19375 0.128125
7 0.86953125 0.53125 0.1578125 0.109375
7 0.828125 0.3859375 0.1515625 0.1125
7 0.82421875 0.24453125 0.15625 0.0984375
7 0.79765625 0.13046875 0.159375 0.0921875
7 0.6375 0.95859375 0.0890625 0.0796875
7 0.55625 0.9 0.0671875 0.0671875
7 0.56640625 0.9734375 0.0640625 0.053125
2 0.8140625 0.91171875 0.10625 0.034375
2 0.7046875 0.86328125 0.0796875 0.0265625
1 0.74140625 0.96015625 0.0796875 0.0421875
1 0.628125 0.90390625 0.0671875 0.0328125
1 0.56953125 0.9421875 0.0453125 0.0203125
1 0.7859375 0.68984375 0.0546875 0.0734375
1 0.7703125 0.57578125 0.0578125 0.0640625
1 0.80703125 0.45703125 0.1125 0.03125
1 0.78671875 0.3125 0.10625 0.040625