0 0.1578125 0.1109375 0.2171875 0.15625
0 0.03203125 0.0578125 0.0375 0.10625
7 0.73671875 0.5625 0.0609375 0.0640625
7 0.8125 0.5625 0.065625 0.0703125
7 0.790625 0.64296875 0.0828125 0.1
7 0.89609375 0.56953125 0.0625 0.0703125
7 0.890625 0.65234375 0.08125 0.096875
7 0.978125 0.6453125 0.0375 0.0984375
7 0.97421875 0.56484375 0.05 0.0765625
7 0.853125 0.771875 0.1015625 0.14375
7 0.96796875 0.78203125 0.0484375 0.153125
7 0.928125 0.95 0.115625 0.1
7 0.5234375 0.9171875 0.1375 0.165625
7 0.35625 0.90859375 0.13125 0.1765625
7 0.1890625 0.90078125 0.128125 0.1796875
7 0.03984375 0.8953125 0.0796875 0.178125
7 0.06328125 0.690625 0.0953125 0.13125
7 0.184375 0.703125 0.090625 0.128125
7 0.2953125 0.70625 0.0890625 0.140625
7 0.41015625 0.71484375 0.0859375 0.1296875
7 0.525 0.72265625 0.0921875 0.13125
1 0.5265625 0.8109375 0.0796875 0.059375
1 0.41328125 0.8046875 0.0765625 0.05625
1 0.271875 0.85859375 0.0421875 0.1203125
1 0.10234375 0.85546875 0.0546875 0.1171875
1 0.240625 0.6765625 0.0265625 0.0984375
1 0.7859375 0.73671875 0.0328125 0.0953125
1 0.73828125 0.6296875 0.034375 0.0703125
1 0.8421875 0.928125 0.0578125 0.1328125
1 0.92421875 0.740625 0.046875 0.1125
1 0.94296875 0.6421875 0.0328125 0.06875
1 0.93828125 0.5734375 0.0234375 0.05625
1 0.8546875 0.5765625 0.0265625 0.046875
2 0.74609375 0.81796875 0.0390625 0.1234375
2 0.8 0.9484375 0.0375 0.103125
2 0.7015625 0.71171875 0.028125 0.1046875
8 0.8546875 0.99453125 0.03125 0.0109375
8 0.93984375 0.81015625 0.0234375 0.0390625
8 0.73828125 0.67734375 0.0203125 0.025
8 0.8421875 0.675 0.0140625 0.03125