0 0.775 0.628125 0.1265625 0.1765625
0 0.85234375 0.40390625 0.2078125 0.3125
6 0.95 0.98515625 0.0359375 0.025
6 0.92578125 0.66484375 0.0296875 0.0203125
7 0.2921875 0.5203125 0.1109375 0.0734375
7 0.2546875 0.61015625 0.1234375 0.0828125
7 0.22890625 0.71328125 0.1234375 0.0828125
7 0.19375 0.82734375 0.128125 0.10625
7 0.1671875 0.94140625 0.1515625 0.0828125
7 0.0265625 0.9265625 0.053125 0.0875
7 0.05625 0.76875 0.1125 0.140625
7 0.0703125 0.6078125 0.140625 0.134375
7 0.1125 0.4796875 0.1578125 0.1015625
7 0.175 0.37890625 0.1828125 0.0984375
7 0.05546875 0.04921875 0.05625 0.0890625
1 0.04765625 0.23359375 0.065625 0.0828125
1 0.1015625 0.82421875 0.0546875 0.075
1 0.134375 0.54453125 0.1203125 0.0390625
1 0.2671875 0.6609375 0.09375 0.0296875
8 0.2046875 0.68046875 0.0171875 0.0171875