0 0.29375 0.140625 0.178125 0.09375
0 0.1046875 0.07578125 0.209375 0.1515625
7 0.63125 0.67421875 0.078125 0.103125
7 0.5234375 0.67578125 0.075 0.115625
7 0.41796875 0.653125 0.0625 0.071875
7 0.32265625 0.6640625 0.065625 0.1
7 0.23203125 0.6484375 0.0671875 0.090625
7 0.19140625 0.83125 0.0921875 0.1546875
7 0.05859375 0.825 0.1171875 0.1765625
7 0.47890625 0.8578125 0.115625 0.1859375
7 0.334375 0.84609375 0.109375 0.1625
7 0.63828125 0.88125 0.1296875 0.1921875
7 0.89140625 0.6234375 0.06875 0.09375
7 0.95703125 0.74609375 0.0859375 0.1515625
7 0.97421875 0.61875 0.05 0.1
7 0.98125 0.53828125 0.0375 0.059375
7 0.9078125 0.53984375 0.05625 0.071875
7 0.83359375 0.540625 0.0578125 0.0578125
1 0.95625 0.89296875 0.078125 0.125
1 0.89453125 0.70859375 0.0359375 0.0703125
1 0.84140625 0.60546875 0.034375 0.0609375
1 0.940625 0.61015625 0.0265625 0.0484375
1 0.64140625 0.765625 0.078125 0.05625
1 0.53125 0.75859375 0.06875 0.040625
1 0.403125 0.8046875 0.028125 0.1171875
1 0.259375 0.7859375 0.0359375 0.0953125
1 0.2546875 0.9796875 0.0953125 0.040625
1 0.44375 0.97734375 0.0875 0.0453125
2 0.85234375 0.7828125 0.028125 0.1140625
2 0.8015625 0.68359375 0.025 0.0953125
8 0.9671875 0.97734375 0.03125 0.0453125
8 0.94375 0.64765625 0.0109375 0.025
8 0.8359375 0.64453125 0.01875 0.0234375