1 0 0.9351851859375 0.0401041671875 0.9231481484374999 0.0432291671875 0.8833333328125 0.0416666671875 0.8055555562500001 0.021875 0.8138888890624999 0.0067708328125 0.8370370375 0 0.852777778125 0 0.9351851859375
1 0.3963541671875 0.8259259265625 0.3994791671875 0.81851851875 0.3958333328125 0.7870370375 0.39010416718749996 0.771296296875 0.38125 0.759259259375 0.3692708328125 0.753703703125 0.3552083328125 0.7583333328124999 0.3411458328125 0.775 0.33125 0.815740740625 0.3328125 0.859259259375 0.34322916718749996 0.85648148125 0.3878473953125 0.825 0.3963541671875 0.8259259265625
1 0.265625 0.75555555625 0.28177083281250004 0.7518518515625 0.2859375 0.7453703703125 0.2838541671875 0.7212962968750001 0.2791666671875 0.7074074078125 0.2671875 0.6925925921875 0.25052083281250004 0.69351851875 0.24322916718749998 0.6981481484375001 0.2359375 0.7083333328125 0.23072916718749997 0.7259259265625 0.2296875 0.7759259265625 0.2359375 0.7888888890625 0.24739583281250002 0.7870370375 0.265625 0.75555555625
1 0.2130208328125 0.665740740625 0.20677083281250003 0.6601851859375001 0.1953125 0.6611111109375 0.1838541671875 0.672222221875 0.1760416671875 0.6972222218749999 0.1770833328125 0.7120370375 0.21197916718749998 0.7046296296875 0.21458333281250003 0.7009259265625001 0.2130208328125 0.665740740625
1 0.5354166671875 0.9990740734375001 0.6010416671875001 0.9990740734375001 0.6036458328125 0.9925925921875001 0.60625 0.9444444437499999 0.6020833328124999 0.8916666671875 0.59375 0.852777778125 0.5817708328125 0.827777778125 0.5697916671875001 0.821296296875 0.5583333328125 0.8231481484375 0.540625 0.847222221875 0.5348958328125 0.871296296875 0.5307291671875001 0.922222221875 0.5317708328124999 0.9398148140625 0.5296875 0.95 0.5317708328124999 0.9870370375 0.5354166671875 0.9990740734375001
1 0.7234375 0.902777778125 0.7244791671875 0.8768518515625001 0.7182291671875001 0.865740740625 0.715625 0.8453703703125001 0.7166666671875 0.828703703125 0.7140625 0.8166666671874999 0.7088541671875 0.8 0.6958333328124999 0.7824074078125001 0.68125 0.7759259265625 0.6692708328125 0.7861111109375 0.6630208328125 0.8 0.6578125 0.8296296296874999 0.6572916671875 0.896296296875 0.665625 0.9351851859375 0.7135416671875 0.9120370375 0.7234375 0.902777778125
1 0.7859375 0.775 0.775 0.7638888890625 0.7645833328125 0.7638888890625 0.7510416671875 0.7861111109375 0.75 0.79444444375 0.75625 0.79444444375 0.7833333328125 0.7805555562500001 0.7859375 0.775
1 0.6734375 0.6777777781250001 0.6614583328125 0.6861111109375 0.6578125 0.7138888890625 0.6567708328124999 0.7398148140624999 0.6755208328125 0.734259259375 0.6760416671875 0.684259259375 0.6734375 0.6777777781250001
1 0.46666666718750005 0.659259259375 0.4583333328125 0.672222221875 0.453125 0.6916666671875 0.4536458328125 0.70555555625 0.4713541671875 0.7009259265625001 0.4703125 0.6583333328125 0.46666666718750005 0.659259259375
2 0.3338541671875 0.93148148125 0.3203125 0.875 0.3140625 0.8675925921875001 0.2947916671875 0.878703703125 0.2942708328125 0.9583333328125001 0.3020833328125 0.9583333328125001 0.3302083328125 0.9425925921875 0.3338541671875 0.93148148125
6 0.2848958328125 0.109259259375 0.334375 0.065740740625 0.3427083328125 0.0361111109375 0.3260416671875 0.0379629625 0.2520833328125 0.10370370312499999 0.25052083281250004 0.10648148125000001 0.2520833328125 0.1175925921875 0.2552083328125 0.12129629687500001 0.2848958328125 0.109259259375
6 0.5572916671875 0.1268518515625 0.5572916671875 0.12129629687500001 0.5536458328125 0.1166666671875 0.5458333328125 0.11851851875 0.5140625 0.134259259375 0.5145833328125 0.15 0.5213541671875 0.15092592656249998 0.5526041671875 0.134259259375 0.5572916671875 0.1268518515625
6 0.4447916671875 0.1703703703125 0.4421875 0.1703703703125 0.4390625 0.1768518515625 0.44322916718750005 0.17962962968750001 0.446875 0.1768518515625 0.4447916671875 0.1703703703125
6 0.5015625 0.15925925937500002 0.503125 0.1425925921875 0.5015625 0.13888888906250002 0.4895833328125 0.1490740734375 0.45729166718750003 0.1629629625 0.45416666718750004 0.165740740625 0.45729166718750003 0.177777778125 0.4739583328125 0.1740740734375 0.5015625 0.15925925937500002
9 0.49114583281249996 0.23240740781250002 0.4661458328125 0.246296296875 0.4625 0.25555555625 0.4640625 0.2824074078125 0.46770833281249996 0.28796296250000003 0.48125 0.2916666671875 0.51875 0.296296296875 0.5520833328125 0.2796296296875 0.553125 0.2518518515625 0.5489583328125 0.24351851875000002 0.5135416671875 0.225 0.5135416671875 0.20370370312500002 0.5109375 0.197222221875 0.5135416671875 0.1740740734375 0.5130208328125 0.12592592656249998 0.5109375 0.11574074062499999 0.5145833328125 0.09444444375 0.5026041671875 0.0953703703125 0.5052083328125 0.1148148140625 0.5041666671875 0.20555555625 0.4984375 0.22407407343750002 0.49114583281249996 0.23240740781250002
8 0.1979166671875 0.70648148125 0.1895833328125 0.709259259375 0.1901041671875 0.715740740625 0.2010416671875 0.7166666671875 0.203125 0.7129629625 0.1979166671875 0.70648148125
8 0.4 0.840740740625 0.3927083328125 0.8268518515625001 0.3828125 0.825 0.378125 0.83055555625 0.3770833328125 0.834259259375 0.3796875 0.8416666671874999 0.3953125 0.8444444437499999 0.4 0.840740740625
8 0.4947916671875 0.7953703703125 0.48854166718750003 0.796296296875 0.48333333281249996 0.8074074078125 0.49010416718750005 0.8120370375 0.5 0.8101851859375 0.4947916671875 0.7953703703125
8 0.5760416671875 0.75648148125 0.571875 0.76944444375 0.5734375 0.775 0.5890625 0.7759259265625 0.5807291671875 0.759259259375 0.5760416671875 0.75648148125
8 0.7020833328125 0.990740740625 0.6994791671875 0.9861111109375 0.6828125 0.9685185187500001 0.6729166671875 0.9685185187500001 0.6682291671875 0.977777778125 0.6682291671875 0.9879629624999999 0.6796875 0.9990740734375001 0.7020833328125 0.9990740734375001 0.7020833328125 0.990740740625
8 0.0916666671875 0.9231481484374999 0.0869791671875 0.9129629625 0.0713541671875 0.91944444375 0.0671875 0.9305555562500001 0.0692708328125 0.940740740625 0.0796875 0.9398148140625 0.0880208328125 0.9324074078125 0.0916666671875 0.9231481484374999
8 0.2947916671875 0.74444444375 0.2890625 0.74444444375 0.2869791671875 0.7490740734375 0.2869791671875 0.75555555625 0.2984375 0.7629629625 0.3005208328125 0.75555555625 0.2947916671875 0.74444444375
8 0.3791666671875 0.73148148125 0.3791666671875 0.7398148140624999 0.3921875 0.7398148140624999 0.3885416671875 0.7296296296875 0.3791666671875 0.73148148125
7 0 0.7870370375 0.0171875 0.7740740734375 0.0317708328125 0.7759259265625 0.0328125 0.7805555562500001 0.040625 0.7851851859375001 0.0421875 0.7768518515625 0.055208332812500004 0.7638888890625 0.0635416671875 0.7481481484375 0.0640625 0.6888888890625 0.0114583328125 0.69351851875 0 0.6953703703125 0 0.7870370375
7 0.18125 0.8861111109375001 0.1833333328125 0.88148148125 0.1859375 0.759259259375 0.1765625 0.7574074078125 0.0484375 0.7833333328125 0.04375 0.79351851875 0.0416666671875 0.8166666671874999 0.04375 0.8435185187500001 0.0411458328125 0.91944444375 0.0442708328125 0.925 0.18125 0.8861111109375001
7 0.41041666718750003 0.9240740734375 0.40416666718750005 0.91851851875 0.3854166671875 0.9231481484374999 0.3645833328125 0.9361111109375001 0.3458333328125 0.9398148140625 0.21875 0.9953703703125001 0.21770833281250002 0.9990740734375001 0.409375 0.9990740734375001 0.4114583328125 0.9833333328125 0.41041666718750003 0.9240740734375
7 0.759375 0.9898148140625 0.7739583328124999 0.9990740734375001 0.7927083328125 0.9925925921875001 0.7932291671875 0.953703703125 0.7869791671875 0.91851851875 0.8010416671874999 0.9083333328125001 0.8072916671874999 0.8879629625 0.8104166671874999 0.86944444375 0.8140625 0.7759259265625 0.8052083328125 0.772222221875 0.7828125 0.7805555562500001 0.7359375 0.80648148125 0.7223958328125 0.934259259375 0.7213541671875 0.9518518515625001 0.7244791671875 0.9574074078124999 0.7479166671875 0.9425925921875 0.759375 0.9898148140625
7 0.8109375 0.8518518515625001 0.8083333328125001 0.890740740625 0.8729166671874999 0.85555555625 0.8770833328125001 0.8435185187500001 0.8807291671874999 0.8175925921875 0.8848958328125001 0.7583333328124999 0.8838541671875 0.7398148140624999 0.86875 0.7398148140624999 0.8135416671875 0.7629629625 0.8041666671875 0.7768518515625 0.8026041671874999 0.775 0.8052083328125 0.7796296296875 0.8109375 0.8518518515625001
7 0.8791666671874999 0.8490740734375001 0.8875 0.8546296296874999 0.89375 0.852777778125 0.9015625 0.8611111109375 0.9015625 0.8648148140625 0.9145833328125 0.872222221875 0.946875 0.878703703125 0.9666666671874999 0.871296296875 0.9682291671875 0.86851851875 0.9666666671874999 0.8601851859374999 0.9494791671874999 0.8583333328125 0.9432291671874999 0.8166666671874999 0.9458333328125 0.8129629625 0.9484375 0.7879629625 0.953125 0.771296296875 0.9546875 0.709259259375 0.9489583328125001 0.7074074078125 0.9348958328125001 0.7120370375 0.9036458328125001 0.7268518515625 0.8958333328125001 0.809259259375 0.88515625 0.8444444437499999 0.8796875 0.8444444437499999 0.8791666671874999 0.8490740734375001
7 0.9963541671874999 0.797222221875 0.9994791671875 0.8027777781250001 0.9994791671875 0.6898148140625 0.9822916671874999 0.6944444437499999 0.9739583328125001 0.7009259265625001 0.9661458328125001 0.7925925921875 0.965625 0.8018518515625 0.96875 0.80648148125 0.9869791671874999 0.79444444375 0.9963541671874999 0.797222221875
7 0.7401041671875 0.640740740625 0.7380208328125 0.6425925921875 0.7375 0.6564814812499999 0.7375 0.7175925921874999 0.7791666671875 0.7046296296875 0.7791666671875 0.6324074078125 0.7401041671875 0.640740740625
7 0.7260416671875001 0.6537037031249999 0.7244791671875 0.64444444375 0.6786458328125 0.6564814812499999 0.6765625 0.6777777781250001 0.6760416671875 0.7361111109375 0.6776041671875 0.7388888890625 0.7234375 0.7231481484375 0.7260416671875001 0.6537037031249999
7 0.6546875 0.7296296296875 0.6536458328125 0.7194444437499999 0.6609375 0.6648148140625 0.6552083328125 0.6611111109375 0.6088541671875001 0.672222221875 0.5953125 0.715740740625 0.59375 0.7509259265625 0.596875 0.7611111109375 0.6510416671875 0.7398148140624999 0.6546875 0.7296296296875
7 0.540625 0.7787037031249999 0.5427083328125 0.76944444375 0.5510416671875 0.7648148140625 0.5723958328125 0.7629629625 0.5744791671875 0.75555555625 0.5739583328125 0.728703703125 0.5770833328125 0.7083333328125 0.5776041671875001 0.6805555562500001 0.5666666671875 0.678703703125 0.5223958328125 0.6888888890625 0.5104166671875 0.6953703703125 0.5041666671875 0.7518518515625 0.5015625 0.790740740625 0.50625 0.7916666671875 0.5369791671875 0.7824074078125001 0.540625 0.7787037031249999
7 0.446875 0.8074074078125 0.46666666718750005 0.796296296875 0.4828125 0.8 0.48854166718750003 0.790740740625 0.4895833328125 0.7833333328125 0.4927083328125 0.7046296296875 0.46979166718750004 0.703703703125 0.41614583281249995 0.7194444437499999 0.40989583281249997 0.7546296296875 0.40625 0.8138888890624999 0.4078125 0.8268518515625001 0.44375 0.8148148140625 0.446875 0.8074074078125
7 0.315625 0.73148148125 0.31979166718749996 0.7398148140624999 0.3239583328125 0.740740740625 0.3447916671875 0.7324074078125 0.3619791671875 0.73148148125 0.3640625 0.7259259265625 0.3635416671875 0.675 0.35989583281250004 0.6574074078125001 0.3572916671875 0.6546296296875 0.296875 0.6620370375 0.2942708328125 0.6888888890625 0.2927083328125 0.7398148140624999 0.2979166671875 0.7453703703125 0.303125 0.74444444375 0.315625 0.73148148125
7 0.40833333281249995 0.7203703703125 0.4135416671875 0.715740740625 0.4401041671875 0.709259259375 0.4453125 0.703703703125 0.44739583281249995 0.6675925921875 0.44635416718750004 0.6481481484375 0.44375 0.6416666671875 0.3942708328125 0.647222221875 0.3854166671875 0.652777778125 0.3838541671875 0.6583333328125 0.38229166718749996 0.7083333328125 0.3848958328125 0.725 0.40260416718750003 0.7166666671875 0.40833333281249995 0.7203703703125
7 0.4921875 0.696296296875 0.51875 0.6851851859375 0.5234375 0.6388888890625 0.521875 0.6268518515625 0.478125 0.6333333328124999 0.4739583328125 0.6416666671875 0.471875 0.6611111109375 0.471875 0.6888888890625 0.4739583328125 0.6990740734374999 0.4921875 0.696296296875
7 0.5848958328125 0.6601851859375001 0.5838541671875 0.61851851875 0.5395833328124999 0.6240740734375 0.534375 0.66944444375 0.5338541671875 0.68148148125 0.5364583328125 0.684259259375 0.5828125 0.6796296296875 0.5848958328125 0.6601851859375001
7 0.6427083328125 0.622222221875 0.6411458328124999 0.6101851859375 0.60625 0.6120370375 0.5984375 0.6166666671875001 0.5963541671875 0.6574074078125001 0.5979166671875 0.6777777781250001 0.6411458328124999 0.6611111109375 0.6427083328125 0.622222221875
7 0.5171875 0.5962962968750001 0.5151041671875001 0.5925925921874999 0.48333333281249996 0.5953703703125 0.4796875 0.5990740734375 0.4765625 0.63148148125 0.5109375 0.6268518515625 0.5171875 0.622222221875 0.5171875 0.5962962968750001
7 0.4125 0.6231481484375 0.42083333281249996 0.6231481484375 0.4234375 0.603703703125 0.42291666718750004 0.58055555625 0.39114583281250004 0.5824074078125 0.3869791671875 0.5879629625 0.3875 0.6074074078125 0.40052083281249995 0.6046296296875 0.40989583281249997 0.6101851859375 0.4125 0.6231481484375
7 0.353125 0.6398148140625 0.3619791671875 0.6240740734375 0.3635416671875 0.6120370375 0.37447916718749996 0.6046296296875 0.3734375 0.5851851859375 0.3359375 0.590740740625 0.33541666718749996 0.6120370375 0.3427083328125 0.61944444375 0.3453125 0.63055555625 0.353125 0.6398148140625
7 0.28854166718749996 0.63055555625 0.303125 0.6175925921875 0.31875 0.6138888890625 0.3182291671875 0.590740740625 0.2760416671875 0.597222221875 0.2755208328125 0.6425925921875 0.278125 0.646296296875 0.2838541671875 0.6453703703125 0.28854166718749996 0.63055555625
7 0.2546875 0.625 0.2567708328125 0.621296296875 0.2557291671875 0.5981481484375 0.21197916718749998 0.602777778125 0.2078125 0.6074074078125 0.2088541671875 0.6518518515625 0.2208333328125 0.646296296875 0.23307291718749998 0.627777778125 0.2546875 0.625
7 0.1677083328125 0.6601851859375001 0.184375 0.665740740625 0.1942708328125 0.6537037031249999 0.19583333281249998 0.63055555625 0.1932291671875 0.60555555625 0.1453125 0.6101851859375 0.1390625 0.6148148140624999 0.1385416671875 0.665740740625 0.14010416718750002 0.66851851875 0.1651041671875 0.6638888890625 0.1677083328125 0.6601851859375001
7 0.2166666671875 0.69351851875 0.2265625 0.6898148140625 0.23697916718749998 0.696296296875 0.253125 0.678703703125 0.2614583328125 0.6796296296875 0.27291666718749996 0.6703703703125 0.2744791671875 0.6259259265625 0.21979166718749998 0.628703703125 0.20833333281250002 0.6351851859375001 0.20833333281250002 0.6537037031249999 0.2114583328125 0.6583333328125 0.21354166718749998 0.6870370375 0.2166666671875 0.69351851875
7 0.34427083281250004 0.65 0.340625 0.6148148140624999 0.2942708328125 0.61851851875 0.28854166718749996 0.6240740734375 0.2880208328125 0.6583333328125 0.290625 0.6638888890625 0.3380208328125 0.6546296296875 0.34427083281250004 0.65
7 0.3765625 0.6611111109375 0.3807291671875 0.6648148140625 0.38984375 0.646296296875 0.40989583281249997 0.6416666671875 0.41302083281249996 0.622222221875 0.4109375 0.60648148125 0.3661458328125 0.6101851859375 0.3625 0.622222221875 0.3625 0.647222221875 0.3651041671875 0.6666666671875 0.36875 0.66944444375 0.3765625 0.6611111109375
7 0.4557291671875 0.6555555562500001 0.46302083281249995 0.6509259265625 0.46510416718750003 0.6324074078125 0.4635416671875 0.5990740734375 0.42760416718750005 0.602777778125 0.4244791671875 0.603703703125 0.42291666718750004 0.6101851859375 0.421875 0.6351851859375001 0.4234375 0.6388888890625 0.4392708328125 0.6388888890625 0.4557291671875 0.6555555562500001