1 0 0.9990740734375001 0.2989583328125 0.9990740734375001 0.3307291671875 0.9351851859375 0.3328125 0.9268518515625 0.32760416718749996 0.9148148140625001 0.3026041671875 0.8916666671875 0.25729166718749996 0.859259259375 0.2140625 0.8379629625 0.1994791671875 0.8379629625 0.1859375 0.8425925921875 0.1822916671875 0.8333333328125001 0.1755208328125 0.7898148140625 0.1765625 0.75555555625 0.171875 0.7166666671875 0.1572916671875 0.646296296875 0.14114583281249998 0.6046296296875 0.1307291671875 0.5870370375 0.11927083281249999 0.5740740734374999 0.09895833281250001 0.5620370375 0.06875 0.5601851859375 0.0348958328125 0.5796296296875 0.0171875 0.5990740734375 0.00625 0.615740740625 0.0026041671875 0.6259259265625 0 0.6268518515625 0 0.9990740734375001
1 0.3182291671875 0.8148148140625 0.325 0.8324074078124999 0.3333333328125 0.8453703703125001 0.34322916718749996 0.853703703125 0.3421875 0.865740740625 0.3385416671875 0.872222221875 0.3333333328125 0.9 0.33125 0.921296296875 0.3338541671875 0.9259259265625 0.3453125 0.9037037031249999 0.3473958328125 0.890740740625 0.35208333281250004 0.8861111109375001 0.3557291671875 0.8768518515625001 0.3609375 0.8740740734375001 0.3713541671875 0.85555555625 0.4265625 0.7453703703125 0.46302083281249995 0.66944444375 0.46510416718750003 0.6611111109375 0.45520833281249995 0.652777778125 0.43333333281249997 0.6481481484375 0.4046875 0.6564814812499999 0.4015625 0.647222221875 0.39895833281250004 0.621296296875 0.403125 0.5953703703125 0.40260416718750003 0.5518518515624999 0.3942708328125 0.477777778125 0.3828125 0.440740740625 0.3625 0.4129629625 0.35 0.41111111093749997 0.34375 0.4138888890625 0.3265625 0.4370370375 0.3203125 0.440740740625 0.3135416671875 0.4583333328125 0.30416666718749996 0.497222221875 0.2979166671875 0.540740740625 0.2958333328125 0.56851851875 0.29635416718749996 0.6148148140624999 0.315625 0.8 0.3182291671875 0.8148148140625
1 0.475 0.6046296296875 0.475 0.6111111109375 0.4703125 0.621296296875 0.4640625 0.6537037031249999 0.4640625 0.6574074078125001 0.46666666718750005 0.659259259375 0.4713541671875 0.652777778125 0.48020833281249997 0.628703703125 0.49010416718750005 0.6166666671875001 0.5083333328124999 0.58148148125 0.5588541671875 0.477777778125 0.5572916671875 0.46666666718750005 0.5526041671875 0.46296296249999996 0.54375 0.46296296249999996 0.5359375 0.4675925921875 0.5328125 0.4620370375 0.53125 0.46944444374999994 0.5213541671875 0.47592592656250005 0.5140625 0.4675925921875 0.5151041671875001 0.4481481484375 0.521875 0.43148148124999997 0.5208333328125 0.425 0.5239583328124999 0.4129629625 0.5239583328124999 0.3759259265625 0.5213541671875 0.3731481484375 0.5182291671875 0.3546296296875 0.5161458328124999 0.31759259218749997 0.5067708328125 0.28611111093749997 0.4973958328125 0.26574074062499997 0.490625 0.2601851859375 0.4838541671875 0.2611111109375 0.47864583281249995 0.26574074062499997 0.46875 0.2833333328125 0.46770833281249996 0.29444444375 0.46302083281249995 0.3083333328125 0.45677083281249997 0.31851851875000003 0.4515625 0.3574074078125 0.45 0.4240740734375 0.45729166718750003 0.5666666671875 0.46302083281249995 0.5898148140624999 0.475 0.6046296296875
1 0.5276041671875 0.378703703125 0.5255208328125 0.4046296296875 0.5197916671875 0.4074074078125 0.5203125 0.43981481406249995 0.5307291671875001 0.459259259375 0.5484375 0.4731481484375 0.5604166671875 0.47592592656250005 0.6145833328125 0.36851851875 0.5901041671875 0.3611111109375 0.5760416671875 0.3601851859375 0.5640625 0.36666666718749996 0.5619791671875001 0.3638888890625 0.5609375 0.340740740625 0.5661458328125 0.3231481484375 0.5671875 0.3046296296875 0.5625 0.2166666671875 0.5578125 0.1981481484375 0.5458333328125 0.1768518515625 0.5333333328125 0.177777778125 0.5239583328124999 0.196296296875 0.5197916671875 0.2138888890625 0.5145833328125 0.272222221875 0.5140625 0.309259259375 0.5182291671875 0.3703703703125 0.5208333328125 0.378703703125 0.5276041671875 0.378703703125
8 0.6421875 0.478703703125 0.6447916671875 0.46944444374999994 0.6447916671875 0.46296296249999996 0.6416666671875 0.4574074078125 0.6197916671875 0.4379629625 0.6072916671875 0.4379629625 0.6010416671875001 0.45 0.6005208328125 0.4620370375 0.6072916671875 0.4703703703125 0.6302083328125 0.478703703125 0.6421875 0.478703703125
8 0.5541666671875001 0.678703703125 0.5583333328125 0.6731481484375 0.5604166671875 0.6611111109375 0.5598958328125 0.6537037031249999 0.55625 0.647222221875 0.5276041671875 0.622222221875 0.5151041671875001 0.622222221875 0.5083333328124999 0.63055555625 0.5052083328125 0.640740740625 0.5046875 0.6537037031249999 0.5078125 0.6620370375 0.5369791671875 0.678703703125 0.5541666671875001 0.678703703125
8 0.7015625 0.32777777812500003 0.7046875 0.3231481484375 0.7026041671875001 0.3129629625 0.6817708328125 0.29814814843750004 0.6744791671875 0.29907407343750003 0.6697916671875 0.30648148124999997 0.6692708328125 0.31759259218749997 0.6739583328125 0.322222221875 0.6921875 0.32777777812500003 0.7015625 0.32777777812500003
7 0.8057291671875 0 0.7755208328125 0.146296296875 0.7713541671875 0.1768518515625 0.7729166671875001 0.178703703125 0.7786458328125 0.1768518515625 0.78125 0.165740740625 0.7791666671875 0.1620370375 0.7802083328125 0.15648148125 0.8 0.0981481484375 0.8119791671875 0 0.8057291671875 0
7 0.7338541671875001 0.40277777812500004 0.7427083328124999 0.3879629625 0.7416666671875001 0.377777778125 0.753125 0.3416666671875 0.765625 0.2824074078125 0.7697916671875 0.28148148125 0.7723958328125 0.28611111093749997 0.775 0.2796296296875 0.7791666671875 0.28148148125 0.775 0.25648148125 0.8005208328125001 0.1620370375 0.796875 0.13703703750000001 0.8046875 0.1074074078125 0.8026041671874999 0.1 0.796875 0.10555555624999999 0.7833333328125 0.14351851875 0.7765625 0.17314814843749998 0.7630208328125 0.1981481484375 0.7401041671875 0.2601851859375 0.7192708328124999 0.3648148140625 0.7166666671875 0.3916666671875 0.7192708328124999 0.403703703125 0.7286458328125 0.40555555625000006 0.7338541671875001 0.40277777812500004
7 0.6432291671875 0.73055555625 0.6489583328124999 0.7166666671875 0.6625 0.6537037031249999 0.6682291671875 0.64444444375 0.6765625 0.6379629625 0.6869791671875001 0.603703703125 0.6859375 0.6009259265625 0.6901041671875 0.590740740625 0.6973958328125 0.5527777781250001 0.6921875 0.5333333328125 0.6927083328125 0.5287037031249999 0.6984375 0.5231481484375 0.7046875 0.5259259265625 0.7067708328125 0.5175925921875 0.7192708328124999 0.4166666671875 0.7182291671875001 0.40092592656250003 0.7151041671875 0.3898148140625 0.7177083328125 0.3425925921875 0.7203125 0.3296296296875 0.7203125 0.31759259218749997 0.7171875 0.3148148140625 0.7125 0.31759259218749997 0.6890625 0.397222221875 0.6848958328125 0.4148148140625 0.684375 0.4296296296875 0.6739583328125 0.44351851875000003 0.6619791671875 0.4796296296875 0.6411458328124999 0.6583333328125 0.6380208328125 0.66851851875 0.6385416671875 0.690740740625 0.6348958328125 0.725 0.6385416671875 0.73055555625 0.6432291671875 0.73055555625
7 0.5776041671875001 0.9898148140625 0.5994791671875 0.9055555562500001 0.6119791671875 0.8462962968750001 0.628125 0.7398148140624999 0.6286458328125 0.728703703125 0.6255208328124999 0.7166666671875 0.6234375 0.6824074078125 0.6354166671875 0.5953703703125 0.634375 0.584259259375 0.6265625 0.5796296296875 0.6229166671875 0.5870370375 0.4973958328125 0.978703703125 0.4947916671875 0.9898148140625 0.4953125 0.9990740734375001 0.5708333328124999 0.9990740734375001 0.5776041671875001 0.9898148140625