4 0.2567708328125 0 0.2567708328125 0.002777778125 0.259375 0.0129629625 0.2671875 0.015740740625 0.2776041671875 0.0111111109375 0.2796875 0 0.2567708328125 0
7 0 0.271296296875 0.0390625 0.253703703125 0.0479166671875 0.2740740734375 0.0479166671875 0.28055555625 0.054166667187499996 0.2833333328125 0.061979167187499996 0.27777777812500004 0.0666666671875 0.27870370312500004 0.0703125 0.271296296875 0.0692708328125 0.2666666671875 0.06302083281250001 0.26203703749999996 0.0578125 0.2509259265625 0.0671875 0.2379629625 0.0734375 0.2370370375 0.1015625 0.21944444375 0.0822916671875 0.12592592656249998 0.0796875 0.1175925921875 0.07552083281250001 0.1175925921875 0.03125 0.1361111109375 0 0.15 0 0.271296296875
7 0.16354166718750002 0.1916666671875 0.165625 0.2009259265625 0.1760416671875 0.2046296296875 0.1890625 0.2009259265625 0.1833333328125 0.1925925921875 0.1817708328125 0.18055555625 0.1833333328125 0.1768518515625 0.1901041671875 0.1768518515625 0.2208333328125 0.1583333328125 0.2046875 0.072222221875 0.2010416671875 0.0638888890625 0.11822916718750001 0.1 0.1166666671875 0.10648148125000001 0.1380208328125 0.2009259265625 0.1614583328125 0.190740740625 0.16354166718750002 0.1916666671875
7 0.2604166671875 0.13888888906250002 0.2640625 0.147222221875 0.2625 0.15 0.2635416671875 0.15370370312499998 0.2796875 0.1583333328125 0.2947916671875 0.15092592656249998 0.3020833328125 0.1425925921875 0.30625 0.1425925921875 0.290625 0.134259259375 0.2916666671875 0.1268518515625 0.2994791671875 0.1175925921875 0.321875 0.1074074078125 0.3140625 0.039814814062499995 0.30416666718749996 0.022222221875 0.2953125 0.022222221875 0.2348958328125 0.05 0.234375 0.0574074078125 0.25052083281250004 0.13703703750000001 0.2520833328125 0.1416666671875 0.2604166671875 0.13888888906250002
7 0.3447916671875 0 0.3338541671875 0.00648148125 0.3322916671875 0.015740740625 0.3458333328125 0.0925925921875 0.36666666718749996 0.08518518593749999 0.3760416671875 0.07685185156249999 0.38125 0.077777778125 0.4 0.0675925921875 0.4067708328125 0.060185185937499996 0.39895833281250004 0 0.3447916671875 0
7 0.5739583328125 0 0.5213541671875 0.0324074078125 0.5171875 0.0361111109375 0.5171875 0.040740740625 0.5291666671875 0.1416666671875 0.5552083328124999 0.13148148125 0.5677083328125 0.1166666671875 0.5833333328125 0.10833333281249999 0.5916666671875 0.0990740734375 0.5817708328125 0 0.5739583328125 0
7 0.4390625 0.2101851859375 0.44895833281249997 0.20277777812500003 0.4515625 0.21851851875 0.44947916718750003 0.2203703703125 0.4635416671875 0.22407407343750002 0.4916666671875 0.2009259265625 0.4828125 0.1981481484375 0.478125 0.1851851859375 0.4994791671875 0.16944444375 0.5020833328125 0.1611111109375 0.5067708328125 0.15648148125 0.49635416718750003 0.051851851562499995 0.49427083281249995 0.046296296875 0.4192708328125 0.0888888890625 0.4203125 0.12129629687500001 0.4270833328125 0.15925925937500002 0.42864583281249996 0.184259259375 0.4390625 0.2101851859375
7 0.31302083281250004 0.2870370375 0.3177083328125 0.29351851875 0.3385416671875 0.2796296296875 0.3463541671875 0.27870370312500004 0.3484375 0.28611111093749997 0.35104166718749996 0.28611111093749997 0.353125 0.2731481484375 0.35989583281250004 0.271296296875 0.4 0.23518518593749999 0.4057291671875 0.2203703703125 0.40208333281249997 0.1675925921875 0.3963541671875 0.1268518515625 0.3885416671875 0.1101851859375 0.3723958328125 0.1231481484375 0.3604166671875 0.12592592656249998 0.3166666671875 0.1546296296875 0.29739583281250004 0.1629629625 0.2979166671875 0.1851851859375 0.3057291671875 0.24814814843750002 0.3125 0.2759259265625 0.31302083281250004 0.2870370375
7 0.1421875 0.3490740734375 0.14895833281249998 0.3879629625 0.1552083328125 0.3916666671875 0.15572916718750002 0.396296296875 0.1609375 0.396296296875 0.1708333328125 0.3888888890625 0.1729166671875 0.38240740781250004 0.1776041671875 0.384259259375 0.1911458328125 0.3768518515625 0.196875 0.36851851875 0.2010416671875 0.36851851875 0.2036458328125 0.3583333328125 0.21197916718749998 0.3518518515625 0.2171875 0.35555555625 0.22135416718749998 0.3453703703125 0.23854166718749997 0.3361111109375 0.23958333281250002 0.3324074078125 0.2682291671875 0.3203703703125 0.2713541671875 0.3138888890625 0.2609375 0.2546296296875 0.2557291671875 0.2009259265625 0.2515625 0.1851851859375 0.2109375 0.20277777812500003 0.196875 0.2138888890625 0.1776041671875 0.2203703703125 0.1244791671875 0.2509259265625 0.1244791671875 0.2611111109375 0.1328125 0.302777778125 0.1416666671875 0.32777777812500003 0.1421875 0.3490740734375
7 0 0.5009259265625 0.013020832812499999 0.49259259218749996 0.0171875 0.48425925937500003 0.021354167187500002 0.48425925937500003 0.0270833328125 0.475 0.0369791671875 0.478703703125 0.052604167187499995 0.471296296875 0.0973958328125 0.4388888890625 0.096875 0.43148148124999997 0.1020833328125 0.427777778125 0.1 0.40277777812500004 0.0947916671875 0.38703703749999996 0.09375 0.3759259265625 0.0895833328125 0.36851851875 0.071875 0.2851851859375 0.0666666671875 0.28148148125 0.05989583281250001 0.28796296250000003 0.0338541671875 0.29722222187499997 0.013020832812499999 0.3111111109375 0 0.315740740625 0 0.5009259265625
7 0.2359375 0.7898148140625 0.2421875 0.8083333328125001 0.24583333281250003 0.834259259375 0.25 0.8453703703125001 0.2677083328125 0.9351851859375 0.27395833281250004 0.9583333328125001 0.278125 0.9629629625 0.2869791671875 0.9472222218749999 0.2864583328125 0.940740740625 0.2958333328125 0.93148148125 0.2989583328125 0.9240740734375 0.3072916671875 0.91944444375 0.31197916718749996 0.9083333328125001 0.3203125 0.902777778125 0.321875 0.89444444375 0.3338541671875 0.8861111109375001 0.3401041671875 0.8703703703125001 0.35625 0.85648148125 0.3583333328125 0.85 0.3729166671875 0.8296296296874999 0.384375 0.8296296296874999 0.39114583281250004 0.81851851875 0.3921875 0.8055555562500001 0.403125 0.790740740625 0.4088541671875 0.7870370375 0.41614583281249995 0.775 0.46458333281249997 0.7185185187500001 0.4713541671875 0.7166666671875 0.4703125 0.6953703703125 0.46770833281249996 0.6925925921875 0.45104166718750005 0.5861111109375 0.4458333328125 0.5666666671875 0.4447916671875 0.546296296875 0.446875 0.527777778125 0.44375 0.5175925921875 0.44322916718750005 0.502777778125 0.44114583281249997 0.5009259265625 0.42864583281249996 0.509259259375 0.421875 0.509259259375 0.4114583328125 0.5268518515625 0.4114583328125 0.5351851859375001 0.36666666718749996 0.577777778125 0.3473958328125 0.6 0.3390625 0.60648148125 0.3302083328125 0.602777778125 0.3328125 0.6129629624999999 0.3088541671875 0.6361111109375 0.3046875 0.64351851875 0.2994791671875 0.647222221875 0.29635416718749996 0.6398148140625 0.29739583281250004 0.6361111109375 0.2942708328125 0.6351851859375001 0.2901041671875 0.6379629625 0.2854166671875 0.6481481484375 0.2791666671875 0.647222221875 0.2609375 0.6675925921875 0.2588541671875 0.6731481484375 0.2203125 0.7046296296875 0.2359375 0.7898148140625
7 0.5125 0.5916666671875 0.515625 0.5953703703125 0.5166666671875 0.6240740734375 0.5213541671875 0.646296296875 0.5244791671875 0.65 0.5520833328125 0.622222221875 0.5567708328125 0.6129629624999999 0.5682291671875 0.603703703125 0.5713541671875 0.5953703703125 0.5765625 0.5944444437499999 0.5838541671875 0.5870370375 0.5854166671875001 0.5796296296875 0.5953125 0.5629629625 0.6026041671875 0.5601851859375 0.6125 0.546296296875 0.6166666671875001 0.54444444375 0.6520833328125 0.497222221875 0.6526041671875 0.48055555625 0.6484375 0.44444444375 0.646875 0.3768518515625 0.64375 0.3611111109375 0.6390625 0.30555555624999997 0.6328125 0.30648148124999997 0.6213541671875 0.31759259218749997 0.6114583328125 0.322222221875 0.603125 0.3296296296875 0.6010416671875001 0.3351851859375 0.5552083328124999 0.3759259265625 0.5526041671875 0.38148148125 0.4953125 0.43148148124999997 0.49322916718750004 0.43518518593750005 0.5015625 0.48333333281249996 0.5036458328125 0.559259259375 0.5125 0.5916666671875
7 0.6963541671875 0.4361111109375 0.7010416671875 0.4361111109375 0.7052083328125 0.42592592656250006 0.7265625 0.4046296296875 0.728125 0.3990740734375 0.7348958328124999 0.396296296875 0.7354166671875 0.39074074062499997 0.7473958328125 0.3768518515625 0.7520833328125 0.38055555625 0.7546875 0.3759259265625 0.7552083328125 0.36759259218749996 0.7796875 0.3379629625 0.7854166671875 0.32592592656249997 0.7817708328124999 0.2953703703125 0.7786458328125 0.16944444375 0.775 0.16944444375 0.7296875 0.21296296250000002 0.6848958328125 0.259259259375 0.6875 0.28055555625 0.6911458328125 0.4175925921875 0.6963541671875 0.4361111109375
7 0.8104166671874999 0.29722222187499997 0.8192708328125 0.29444444375 0.8213541671875 0.2833333328125 0.8255208328125001 0.2768518515625 0.8651041671874999 0.22777777812500002 0.8635416671874999 0.078703703125 0.8619791671874999 0.0759259265625 0.8572916671874999 0.077777778125 0.7916666671875 0.1425925921875 0.790625 0.1648148140625 0.7947916671875 0.303703703125 0.8026041671874999 0.3083333328125 0.8104166671874999 0.29722222187499997
7 0.9510416671874999 0 0.8927083328125001 0.052777778124999994 0.8921875 0.19537037031249999 0.9015625 0.2018518515625 0.9083333328125001 0.19444444375 0.9151041671875 0.17962962968750001 0.953125 0.140740740625 0.95625 0.134259259375 0.9572916671874999 0 0.9510416671874999 0
8 0.94375 0.2851851859375 0.9421875 0.271296296875 0.9338541671874999 0.2648148140625 0.9223958328125 0.26574074062499997 0.9041666671874999 0.2768518515625 0.903125 0.28611111093749997 0.9083333328125001 0.290740740625 0.9375 0.2916666671875 0.94375 0.2851851859375
8 0.725 0.5990740734375 0.7317708328125 0.5953703703125 0.7348958328124999 0.5888888890625 0.7322916671875 0.5694444437499999 0.7239583328125 0.559259259375 0.709375 0.55648148125 0.6890625 0.5638888890625 0.6848958328125 0.571296296875 0.6864583328125 0.58055555625 0.7 0.5925925921874999 0.725 0.5990740734375
8 0.47239583281249997 0.978703703125 0.4869791671875 0.9768518515625001 0.49322916718750004 0.9712962968750001 0.49791666718750005 0.9583333328125001 0.49791666718750005 0.9425925921875 0.49427083281249995 0.9296296296875 0.4869791671875 0.91851851875 0.48125 0.9148148140625001 0.459375 0.9138888890624999 0.4453125 0.91944444375 0.4390625 0.9259259265625 0.434375 0.9388888890624999 0.43541666718750005 0.9601851859374999 0.4421875 0.9694444437499999 0.45416666718750004 0.975 0.47239583281249997 0.978703703125
8 0.0984375 0.522222221875 0.0984375 0.5148148140625 0.0953125 0.5083333328124999 0.08645833281250001 0.5083333328124999 0.07552083281250001 0.5166666671875 0.071875 0.5240740734375 0.0723958328125 0.54444444375 0.08333333281250001 0.546296296875 0.09427083281250001 0.5351851859375001 0.0984375 0.522222221875
8 0.3177083328125 0.36944444375 0.3166666671875 0.3611111109375 0.3109375 0.353703703125 0.3015625 0.3546296296875 0.2916666671875 0.3611111109375 0.2864583328125 0.36851851875 0.2911458328125 0.377777778125 0.309375 0.377777778125 0.3177083328125 0.36944444375
8 0.4380208328125 0.29444444375 0.4421875 0.2870370375 0.43958333281249995 0.2759259265625 0.434375 0.271296296875 0.42395833281249995 0.2740740734375 0.4192708328125 0.2796296296875 0.41770833281249997 0.2824074078125 0.4192708328125 0.2898148140625 0.4265625 0.29444444375 0.4380208328125 0.29444444375
8 0.5494791671875 0.2018518515625 0.5489583328125 0.19444444375 0.5453125 0.1870370375 0.5359375 0.1870370375 0.5296875 0.1916666671875 0.5265625 0.196296296875 0.5296875 0.20370370312500002 0.5453125 0.20555555625 0.5494791671875 0.2018518515625
8 0.6322916671875001 0.13888888906250002 0.6307291671875 0.13148148125 0.6270833328125 0.127777778125 0.6177083328124999 0.1296296296875 0.6114583328125 0.1361111109375 0.6125 0.1416666671875 0.6203125 0.1453703703125 0.6296875 0.14444444375 0.6322916671875001 0.13888888906250002
8 0.2359375 0.1851851859375 0.2348958328125 0.177777778125 0.23020833281250003 0.17314814843749998 0.2192708328125 0.178703703125 0.2192708328125 0.1851851859375 0.22239583281250003 0.1888888890625 0.2328125 0.1888888890625 0.2359375 0.1851851859375
1 0.2776041671875 0.321296296875 0.3078125 0.302777778125 0.3151041671875 0.29444444375 0.3083333328125 0.2629629625 0.2984375 0.1916666671875 0.2833333328125 0.21203703749999997 0.2786458328125 0.23055555625 0.2713541671875 0.24444444375000002 0.2635416671875 0.246296296875 0.2635416671875 0.259259259375 0.2671875 0.27870370312500004 0.27291666718749996 0.29444444375 0.2776041671875 0.321296296875
1 0.1359375 0.4203703703125 0.15677083281249998 0.403703703125 0.1526041671875 0.3990740734375 0.1416666671875 0.34629629687499996 0.1432291671875 0.3398148140625 0.1380208328125 0.315740740625 0.1348958328125 0.3138888890625 0.12291666718750001 0.3379629625 0.1197916671875 0.35648148125 0.11822916718750001 0.3916666671875 0.1203125 0.415740740625 0.12395833281249999 0.42592592656250006 0.1359375 0.4203703703125
1 0.11875 0.990740740625 0.1223958328125 0.9990740734375001 0.175 0.9990740734375001 0.1744791671875 0.9879629624999999 0.1765625 0.9796296296874999 0.203125 0.9629629625 0.2171875 0.9472222218749999 0.221875 0.9453703703125 0.225 0.9481481484375 0.24739583281250002 0.9351851859375 0.2526041671875 0.9388888890624999 0.2536458328125 0.934259259375 0.2604166671875 0.9277777781250001 0.2598958328125 0.9101851859375 0.25625 0.9037037031249999 0.2567708328125 0.8925925921875001 0.2270833328125 0.75648148125 0.2182291671875 0.70648148125 0.2786458328125 0.6416666671875 0.26614583281250004 0.6296296296875 0.2520833328125 0.6240740734375 0.24739583281250002 0.627777778125 0.2442708328125 0.622222221875 0.22135416718749998 0.6296296296875 0.2046875 0.6416666671875 0.2046875 0.6481481484375 0.1984375 0.6574074078125001 0.1911458328125 0.6583333328125 0.17135416718750002 0.6888888890625 0.1703125 0.7009259265625001 0.15625 0.7203703703125 0.1458333328125 0.7574074078125 0.140625 0.7666666671875 0.1354166671875 0.7925925921875 0.1270833328125 0.7990740734374999 0.121875 0.809259259375 0.103125 0.8240740734375 0.09114583281250001 0.8453703703125001 0.09427083281250001 0.88055555625 0.10833333281249999 0.9111111109375001 0.10729166718750001 0.9333333328125001 0.11875 0.990740740625
1 0.4359375 0.49444444374999996 0.4380208328125 0.48148148125 0.43385416718750003 0.4703703703125 0.4270833328125 0.4620370375 0.41197916718750005 0.4546296296875 0.3770833328125 0.4703703703125 0.3739583328125 0.4796296296875 0.3458333328125 0.525 0.33645833281250004 0.553703703125 0.3333333328125 0.5722222218749999 0.3338541671875 0.5851851859375 0.3411458328125 0.5833333328125 0.4078125 0.5166666671875 0.4359375 0.49444444374999996
1 0.44947916718750003 0.502777778125 0.4515625 0.5120370375000001 0.45104166718750005 0.5416666671875 0.4578125 0.5638888890625 0.4557291671875 0.58055555625 0.45885416718750005 0.5916666671875 0.48229166718750005 0.5851851859375 0.484375 0.5916666671875 0.4895833328125 0.5962962968750001 0.4916666671875 0.6231481484375 0.49895833281249996 0.6379629625 0.5020833328125 0.6388888890625 0.5052083328125 0.634259259375 0.5046875 0.6240740734375 0.5078125 0.6129629624999999 0.5135416671875 0.602777778125 0.5140625 0.5833333328125 0.509375 0.5722222218749999 0.5057291671875 0.5527777781250001 0.5020833328125 0.46851851875 0.50625 0.4620370375 0.5026041671875 0.4583333328125 0.503125 0.447222221875 0.4973958328125 0.44444444375 0.4994791671875 0.427777778125 0.47083333281249995 0.4481481484375 0.4671875 0.4388888890625 0.4614583328125 0.4388888890625 0.4583333328125 0.4583333328125 0.44635416718750004 0.46666666718750005 0.44114583281249997 0.47407407343749997 0.4401041671875 0.48148148125 0.44322916718750005 0.48703703750000005 0.44322916718750005 0.49351851875 0.44947916718750003 0.502777778125
1 0.5885416671875 0.340740740625 0.5791666671875 0.3231481484375 0.5776041671875001 0.3101851859375 0.571875 0.3046296296875 0.5614583328125 0.3018518515625 0.5484375 0.30648148124999997 0.534375 0.32685185156249996 0.5291666671875 0.3296296296875 0.5125 0.3601851859375 0.509375 0.384259259375 0.5015625 0.403703703125 0.5015625 0.42129629687500003 0.5083333328124999 0.42129629687500003 0.5838541671875 0.35 0.5885416671875 0.340740740625
1 0.6583333328125 0.4175925921875 0.6677083328125 0.39444444375 0.6869791671875001 0.36944444375 0.6833333328125 0.31759259218749997 0.6838541671875 0.290740740625 0.6807291671875 0.2740740734375 0.6838541671875 0.25555555625 0.7130208328125 0.22777777812500002 0.6963541671875 0.21944444375 0.6796875 0.21851851875 0.6604166671875 0.24722222187499998 0.64375 0.2925925921875 0.6411458328124999 0.30648148124999997 0.6473958328125 0.41203703750000004 0.6505208328125 0.4166666671875 0.6583333328125 0.4175925921875
1 0.7765625 0.127777778125 0.7723958328125 0.1231481484375 0.7630208328125 0.1231481484375 0.7479166671875 0.1416666671875 0.7364583328125 0.16851851874999998 0.7286458328125 0.2009259265625 0.728125 0.21203703749999997 0.7786458328125 0.1666666671875 0.7791666671875 0.1361111109375 0.7765625 0.127777778125
5 0.7197916671875 0.952777778125 0.734375 0.9546296296874999 0.7348958328124999 0.959259259375 0.7385416671875 0.9574074078124999 0.7421875 0.9638888890624999 0.7411458328125 0.9666666671874999 0.7447916671875 0.9685185187500001 0.7520833328125 0.9509259265625 0.7515625 0.946296296875 0.7578125 0.9361111109375001 0.765625 0.9351851859375 0.7802083328125 0.9037037031249999 0.7786458328125 0.89351851875 0.7901041671875 0.872222221875 0.7895833328124999 0.8675925921875001 0.7979166671875 0.85648148125 0.8015625 0.8444444437499999 0.80625 0.840740740625 0.8348958328125 0.771296296875 0.8416666671874999 0.7629629625 0.8505208328125 0.7398148140624999 0.8520833328125 0.7240740734375 0.8432291671875 0.7111111109375 0.8307291671874999 0.703703703125 0.8255208328125001 0.696296296875 0.8041666671875 0.6861111109375 0.7927083328125 0.6731481484375 0.7854166671875 0.6731481484375 0.7598958328125 0.7083333328125 0.7505208328124999 0.73148148125 0.74375 0.7361111109375 0.7359375 0.752777778125 0.7328125 0.7546296296875 0.6583333328125 0.88055555625 0.6578125 0.890740740625 0.6619791671875 0.8916666671875 0.6635416671875001 0.896296296875 0.7197916671875 0.952777778125
5 0.9583333328125001 0.5129629625 0.9552083328125001 0.5083333328124999 0.9166666671874999 0.490740740625 0.9041666671874999 0.48148148125 0.896875 0.48333333281249996 0.8239583328125001 0.6203703703125 0.8270833328125 0.6324074078125 0.8885416671874999 0.6703703703125 0.9546875 0.5305555562500001 0.9583333328125001 0.5129629625
5 0.9895833328125001 0.4611111109375 0.9994791671875 0.44351851875000003 0.9994791671875 0.33055555625 0.9848958328125 0.328703703125 0.9401041671874999 0.3953703703125 0.9291666671875 0.42314814843750004 0.9291666671875 0.43240740781250003 0.9333333328125001 0.440740740625 0.9822916671874999 0.46296296249999996 0.9895833328125001 0.4611111109375
5 0.6 0.23055555625 0.6166666671875001 0.25 0.621875 0.2509259265625 0.66875 0.2101851859375 0.6848958328125 0.1925925921875 0.6869791671875001 0.1888888890625 0.6864583328125 0.172222221875 0.6859375 0.16944444375 0.6765625 0.172222221875 0.6583333328125 0.1648148140625 0.64375 0.1666666671875 0.6229166671875 0.1824074078125 0.6135416671875 0.1824074078125 0.5984375 0.190740740625 0.5895833328125 0.2009259265625 0.5921875 0.21296296250000002 0.5854166671875001 0.21851851875 0.5864583328124999 0.2259259265625 0.6 0.23055555625
5 0.40416666718750005 0.415740740625 0.4817708328125 0.3453703703125 0.48645833281249995 0.3361111109375 0.4895833328125 0.3361111109375 0.490625 0.3296296296875 0.4671875 0.3111111109375 0.453125 0.3101851859375 0.43854166718750004 0.3203703703125 0.43541666718750005 0.334259259375 0.40989583281249997 0.3416666671875 0.3927083328125 0.35648148125 0.38333333281250004 0.36944444375 0.3807291671875 0.36759259218749996 0.3765625 0.372222221875 0.3796875 0.38055555625 0.3760416671875 0.384259259375 0.3760416671875 0.39351851875 0.40416666718750005 0.415740740625
5 0.2171875 0.5166666671875 0.2203125 0.51851851875 0.21979166718749998 0.5296296296875 0.2348958328125 0.5453703703125 0.2479166671875 0.547222221875 0.25625 0.5425925921875 0.2828125 0.5148148140625 0.3645833328125 0.44259259218749997 0.3614583328125 0.4361111109375 0.34375 0.4203703703125 0.3260416671875 0.41018518593750003 0.3213541671875 0.41111111093749997 0.3104166671875 0.4203703703125 0.3015625 0.42314814843750004 0.2479166671875 0.46666666718750005 0.2479166671875 0.4731481484375 0.2203125 0.4916666671875 0.20729166718749997 0.50555555625 0.2078125 0.5175925921875 0.20989583281250002 0.522222221875 0.2125 0.5231481484375 0.2171875 0.5166666671875
5 0 0.709259259375 0.0083333328125 0.715740740625 0.01875 0.734259259375 0.0223958328125 0.734259259375 0.1828125 0.6 0.18697916718750002 0.5953703703125 0.18802083281249998 0.5898148140624999 0.1708333328125 0.5638888890625 0.1739583328125 0.55648148125 0.1692708328125 0.5481481484375 0.14791666718750002 0.546296296875 0.1244791671875 0.5666666671875 0.06875 0.60555555625 0.059375 0.6175925921875 0.0453125 0.6231481484375 0.0057291671875 0.6546296296875 0 0.659259259375 0 0.709259259375
8 0.4171875 0.09074074062500001 0.4140625 0.08796296249999999 0.4067708328125 0.0888888890625 0.4015625 0.0953703703125 0.4010416671875 0.0990740734375 0.40416666718750005 0.10185185156250001 0.41822916718750003 0.0990740734375 0.4171875 0.09074074062500001
8 0.9994791671875 0.177777778125 0.9916666671875 0.184259259375 0.9901041671874999 0.1870370375 0.9916666671875 0.19537037031249999 0.9994791671875 0.197222221875 0.9994791671875 0.177777778125