6 0.05989583281250001 0 0.0640625 0.134259259375 0.06770833281250001 0.146296296875 0.0723958328125 0.1453703703125 0.0744791671875 0.13888888906250002 0.06979166718749999 0 0.05989583281250001 0
6 0.3963541671875 0.20370370312500002 0.43645833281249996 0.146296296875 0.45729166718750003 0.1046296296875 0.4635416671875 0.102777778125 0.46458333281249997 0.0990740734375 0.459375 0.0916666671875 0.45 0.09074074062500001 0.44739583281249995 0.09351851875 0.3875 0.19351851874999998 0.384375 0.2009259265625 0.3869791671875 0.20833333281250002 0.3942708328125 0.2101851859375 0.3963541671875 0.20370370312500002
6 0.7244791671875 0.178703703125 0.7364583328125 0.1611111109375 0.7286458328125 0.15555555625 0.7244791671875 0.1574074078125 0.6213541671875 0.2398148140625 0.6182291671875 0.24351851875000002 0.6192708328125 0.25555555625 0.6270833328125 0.25555555625 0.7244791671875 0.178703703125
7 0.3614583328125 0.8333333328125001 0.3609375 0.8268518515625001 0.3791666671875 0.8194444437499999 0.3854166671875 0.821296296875 0.396875 0.8175925921875 0.4 0.821296296875 0.40260416718750003 0.8101851859375 0.4036458328125 0.7666666671875 0.40729166718750004 0.7629629625 0.4223958328125 0.7601851859375001 0.42291666718750004 0.73055555625 0.42083333281249996 0.728703703125 0.3328125 0.7361111109375 0.3307291671875 0.7398148140624999 0.3322916671875 0.8111111109375001 0.3291666671875 0.8453703703125001 0.35885416718749996 0.8351851859374999 0.3614583328125 0.8333333328125001
7 0.5072916671875001 0.7240740734375 0.5057291671875 0.722222221875 0.4270833328125 0.728703703125 0.42604166718750003 0.7583333328124999 0.42760416718750005 0.7601851859375001 0.5083333328124999 0.7481481484375 0.5072916671875001 0.7240740734375
7 0.5796875 0.7129629625 0.5072916671875001 0.7231481484375 0.509375 0.7490740734375 0.5760416671875 0.7425925921875 0.5791666671875 0.7398148140624999 0.5796875 0.7129629625
7 0.6109375 0.7101851859375 0.5869791671875 0.715740740625 0.5875 0.7416666671875001 0.6520833328125 0.73148148125 0.6505208328125 0.7083333328125 0.6109375 0.7101851859375
7 0.7026041671875001 0.703703703125 0.7010416671875 0.7009259265625001 0.6552083328125 0.7083333328125 0.6536458328125 0.7111111109375 0.6536458328125 0.7324074078125 0.7005208328125 0.727777778125 0.7026041671875001 0.725 0.7026041671875001 0.703703703125
7 0.5203125 0.80648148125 0.51875 0.7960648140625 0.5192708328125 0.759259259375 0.515625 0.7518518515625 0.5083333328124999 0.7509259265625 0.40625 0.7666666671875 0.4 0.872222221875 0.4 0.9046296296874999 0.51875 0.88055555625 0.5171875 0.815740740625 0.5203125 0.80648148125
7 0.5307291671875001 0.8129629625 0.5390625 0.8074074078125 0.6109375 0.79444444375 0.6203125 0.7898148140625 0.6213541671875 0.7509259265625 0.6182291671875 0.7388888890625 0.528125 0.7490740734375 0.5223958328125 0.75555555625 0.521875 0.815740740625 0.525 0.828703703125 0.5276041671875 0.8259259265625 0.5307291671875001 0.8129629625
7 0.696875 0.784259259375 0.703125 0.7805555562500001 0.703125 0.734259259375 0.7010416671875 0.727777778125 0.621875 0.7398148140624999 0.621875 0.790740740625 0.6234375 0.7916666671875 0.6786458328125 0.7833333328125 0.696875 0.784259259375
7 0.7854166671875 0.771296296875 0.7828125 0.7203703703125 0.709375 0.728703703125 0.7098958328125 0.7796296296875 0.7114583328124999 0.7824074078125001 0.7833333328125 0.7740740734375 0.7854166671875 0.771296296875
7 0.8557291671874999 0.7629629625 0.8546875 0.7185185187500001 0.8526041671875 0.7120370375 0.79375 0.7194444437499999 0.7916666671875 0.7203703703125 0.7916666671875 0.7333333328125 0.7947916671875 0.772222221875 0.8557291671874999 0.7629629625
7 0.6145833328125 0.9898148140625 0.6213541671875 0.98148148125 0.6208333328125 0.9768518515625001 0.6354166671875 0.9731481484375 0.6421875 0.98055555625 0.6484375 0.98055555625 0.6572916671875 0.977777778125 0.659375 0.9694444437499999 0.6692708328125 0.975 0.6890625 0.9666666671874999 0.6838541671875 0.7898148140625 0.6822916671875 0.7870370375 0.6723958328124999 0.7861111109375 0.6447916671875 0.79444444375 0.6046875 0.797222221875 0.5677083328125 0.8046296296875 0.5390625 0.8129629625 0.5369791671875 0.8203703703125 0.5354166671875 0.9277777781250001 0.5380208328125 0.9990740734375001 0.5854166671875001 0.9990740734375001 0.6145833328125 0.9898148140625
7 0.7614583328125 0.9546296296874999 0.759375 0.9490740734375 0.7640625 0.94351851875 0.7630208328125 0.9379629625 0.7677083328125 0.9296296296875 0.7739583328124999 0.9296296296875 0.7833333328125 0.9509259265625 0.8010416671874999 0.9509259265625 0.8213541671875 0.9425925921875 0.8208333328125 0.8481481484375 0.8192708328125 0.7759259265625 0.8177083328125001 0.7731481484375 0.7177083328125 0.7833333328125 0.6885416671875 0.7879629625 0.6848958328125 0.7916666671875 0.6895833328125 0.9703703703125001 0.7104166671875001 0.9712962968750001 0.7572916671875001 0.9583333328125001 0.7614583328125 0.9546296296874999
7 0.825 0.9370370375 0.8348958328125 0.9388888890624999 0.85625 0.9351851859375 0.8817708328125 0.9231481484374999 0.8895833328125 0.9111111109375001 0.9052083328125 0.9037037031249999 0.9114583328125001 0.915740740625 0.915625 0.9111111109375001 0.925 0.9138888890624999 0.9348958328125001 0.9083333328125001 0.9489583328125001 0.9074074078125 0.9427083328125001 0.9074074078125 0.9354166671874999 0.9 0.93125 0.7824074078125001 0.928125 0.7583333328124999 0.9130208328125 0.7583333328124999 0.9072916671875 0.7601851859375001 0.90625 0.7638888890625 0.8916666671875 0.7611111109375 0.8213541671875 0.771296296875 0.8197916671875 0.7740740734375 0.8197916671875 0.8101851859375 0.8223958328125001 0.9166666671874999 0.825 0.9370370375
7 0.9838541671875 0.897222221875 0.9869791671874999 0.890740740625 0.9859375 0.8861111109375001 0.99375 0.875 0.9994791671875 0.875 0.9994791671875 0.7453703703125 0.9317708328125001 0.75555555625 0.9302083328125 0.759259259375 0.9359375 0.9083333328125001 0.95 0.9083333328125001 0.9838541671875 0.897222221875
7 0 0.8851851859375 0.121875 0.8666666671875 0.1348958328125 0.8638888890624999 0.1375 0.8583333328125 0.1369791671875 0.840740740625 0.1390625 0.8296296296874999 0.1380208328125 0.7981481484375 0.1364583328125 0.790740740625 0.1338541671875 0.7888888890625 0.0041666671875 0.8046296296875 0 0.8055555562500001 0 0.8851851859375
7 0 0.9990740734375001 0.2265625 0.9990740734375001 0.2328125 0.99351851875 0.22916666718749998 0.9870370375 0.228125 0.95555555625 0.2328125 0.934259259375 0.2296875 0.9324074078125 0.2265625 0.9203703703125001 0.22760416718749998 0.8611111109375 0.2244791671875 0.852777778125 0.0322916671875 0.88055555625 0 0.8870370375000001 0 0.9990740734375001
7 0 0.7583333328124999 0.0666666671875 0.7509259265625 0.06770833281250001 0.69351851875 0.0046875 0.6953703703125 0 0.696296296875 0 0.7583333328124999
8 0.3515625 0.8444444437499999 0.3484375 0.8398148140625 0.340625 0.8435185187500001 0.3416666671875 0.852777778125 0.35 0.853703703125 0.3515625 0.8509259265625 0.3515625 0.8444444437499999
8 0.434375 0.9129629625 0.43177083281249995 0.9074074078125 0.42291666718750004 0.9074074078125 0.42083333281249996 0.9111111109375001 0.42291666718750004 0.9240740734375 0.4328125 0.9231481484374999 0.434375 0.9129629625
8 0.9541666671875 0.9388888890624999 0.9526041671875 0.934259259375 0.9395833328125001 0.925 0.93125 0.9240740734375 0.9255208328125001 0.9277777781250001 0.9244791671874999 0.9351851859375 0.9307291671875 0.9416666671874999 0.9520833328125 0.94351851875 0.9541666671875 0.9388888890624999
8 0.8677083328125 0.9481481484375 0.8671875 0.9425925921875 0.8609375 0.9351851859375 0.84375 0.9370370375 0.8416666671874999 0.9388888890624999 0.8442708328125 0.9472222218749999 0.8567708328125001 0.9546296296874999 0.8677083328125 0.9481481484375
8 0.7234375 0.99351851875 0.7197916671875 0.9851851859374999 0.7083333328125 0.9768518515625001 0.7 0.9768518515625001 0.6932291671875 0.9824074078124999 0.6932291671875 0.9916666671875 0.6979166671875 0.9990740734375001 0.7223958328125 0.9990740734375001 0.7234375 0.99351851875
1 0.5338541671875 0.9259259265625 0.5307291671875001 0.922222221875 0.5192708328125 0.9240740734375 0.5057291671875 0.9546296296874999 0.503125 0.9768518515625001 0.5036458328125 0.9990740734375001 0.5364583328125 0.9990740734375001 0.5364583328125 0.9351851859375 0.5338541671875 0.9259259265625
1 0.3265625 0.8518518515625001 0.33485991406250004 0.8471583640624999 0.33125 0.840740740625 0.3296875 0.8018518515625 0.3260416671875 0.8027777781250001 0.3182291671875 0.8138888890624999 0.3140625 0.8259259265625 0.3161458328125 0.88055555625 0.31979166718749996 0.884259259375 0.3296875 0.8833333328125 0.3302083328125 0.8731481484374999 0.3265625 0.8518518515625001
2 0.37447916718749996 0.9518518515625001 0.3541666671875 0.9574074078124999 0.3557291671875 0.9990740734375001 0.3770833328125 0.9990740734375001 0.3791666671875 0.95555555625 0.37447916718749996 0.9518518515625001