3 0.20234375 0.20078125 0.40390625 0.40078125
7 0.07109375 0.67265625 0.1421875 0.2375
7 0.58984375 0.62734375 0.18671875 0.290625
7 0.78671875 0.5734375 0.190625 0.20703125
7 0.9453125 0.553125 0.0921875 0.23984375
5 0.66171875 0.9296875 0.1875 0.08125
5 0.87265625 0.8984375 0.21640625 0.08828125
8 0.01875 0.88828125 0.028125 0.0890625
8 0.7109375 0.72109375 0.03203125 0.046875
8 0.90390625 0.71484375 0.04609375 0.09140625
1 0.88203125 0.384375 0.0453125 0.1125
1 0.95859375 0.371875 0.06328125 0.1671875
1 0.92734375 0.08125 0.11171875 0.1109375