1 0.3572916671875 0.753703703125 0.35885416718749996 0.75 0.3692708328125 0.753703703125 0.4125 0.7546296296875 0.44739583281249995 0.76851851875 0.4546875 0.777777778125 0.459375 0.7731481484375 0.4692708328125 0.7796296296875 0.4848958328125 0.7814814812499999 0.4869791671875 0.7888888890625 0.4848958328125 0.85648148125 0.4895833328125 0.8601851859374999 0.4947916671875 0.8574074078124999 0.49791666718750005 0.709259259375 0.49635416718750003 0.6370370375000001 0.49114583281249996 0.60648148125 0.48333333281249996 0.5796296296875 0.4661458328125 0.5481481484375 0.453125 0.5333333328125 0.43072916718750004 0.5175925921875 0.40416666718750005 0.5175925921875 0.3927083328125 0.5240740734375 0.37552083281250004 0.5398148140625 0.3609375 0.565740740625 0.353125 0.590740740625 0.3489583328125 0.6268518515625 0.3494791671875 0.8138888890624999 0.353125 0.8166666671874999 0.3578125 0.8148148140625 0.3572916671875 0.753703703125
1 0.23697916718749998 0.69351851875 0.2416666671875 0.6925925921875 0.2390625 0.5824074078125 0.23333333281250002 0.540740740625 0.21770833281250002 0.49351851875 0.196875 0.46388888906250003 0.1828125 0.45370370312499997 0.1630208328125 0.45 0.1494791671875 0.4546296296875 0.1354166671875 0.46666666718750005 0.1265625 0.48055555625 0.11822916718750001 0.503703703125 0.1140625 0.5268518515625 0.1119791671875 0.5629629625 0.11145833281249999 0.6 0.11875 0.6648148140625 0.1692708328125 0.6675925921875 0.23697916718749998 0.69351851875
1 0.8354166671875 0.8296296296874999 0.8369791671875 0.8259259265625 0.8442708328125 0.722222221875 0.84375 0.7046296296875 0.8385416671874999 0.672222221875 0.8333333328125001 0.65 0.8229166671874999 0.6259259265625 0.8052083328125 0.5990740734375 0.790625 0.584259259375 0.7640625 0.5722222218749999 0.7416666671875001 0.5722222218749999 0.7286458328125 0.575 0.7052083328125 0.5935185187500001 0.6890625 0.6166666671875001 0.675 0.65 0.6682291671875 0.6824074078125 0.6640625 0.7203703703125 0.6619791671875 0.775 0.6635416671875001 0.7861111109375 0.8234375 0.828703703125 0.8354166671875 0.8296296296874999
1 0.5125 0.40092592656250003 0.5135416671875 0.27870370312500004 0.5104166671875 0.2703703703125 0.49791666718750005 0.2629629625 0.4828125 0.271296296875 0.4734375 0.28148148125 0.4692708328125 0.2898148140625 0.4583333328125 0.33703703749999997 0.45729166718750003 0.38055555625 0.45885416718750005 0.39351851875 0.5088541671875 0.403703703125 0.5125 0.40092592656250003
1 0.50625 0.21203703749999997 0.49791666718750005 0.190740740625 0.4947916671875 0.1870370375 0.49010416718750005 0.1888888890625 0.47864583281249995 0.1851851859375 0.47447916718750005 0.1888888890625 0.47552083281249996 0.24907407343750002 0.5067708328125 0.2518518515625 0.5078125 0.2296296296875 0.50625 0.21203703749999997
1 0.78125 0.25648148125 0.7828125 0.21111111093749999 0.7765625 0.21574074062499998 0.775 0.225 0.7671875 0.23611111093749998 0.7578125 0.2675925921875 0.7583333328124999 0.28055555625 0.775 0.2833333328125 0.778125 0.28055555625 0.78125 0.25648148125
7 0.7333333328125 0.1148148140625 0.7322916671875 0.1111111109375 0.7239583328125 0.1101851859375 0.6630208328125 0.10833333281249999 0.659375 0.1129629625 0.6583333328125 0.1296296296875 0.6578125 0.15648148125 0.659375 0.1620370375 0.7296875 0.165740740625 0.7333333328125 0.1148148140625
7 0.7864583328125 0.1740740734375 0.7921875 0.171296296875 0.8348958328125 0.172222221875 0.8380208328125001 0.15555555625 0.8401041671874999 0.11851851875 0.8348958328125 0.11574074062499999 0.7625 0.1129629625 0.7598958328125 0.1231481484375 0.7588541671875 0.1546296296875 0.75625 0.165740740625 0.7572916671875001 0.17962962968750001 0.7520833328125 0.1888888890625 0.7479166671875 0.184259259375 0.7473958328125 0.1870370375 0.7479166671875 0.196296296875 0.7739583328124999 0.19444444375 0.778125 0.1925925921875 0.7864583328125 0.1740740734375
7 0.5979166671875 0.1620370375 0.5994791671875 0.172222221875 0.60625 0.171296296875 0.6078125 0.18148148125000002 0.6109375 0.184259259375 0.6364583328125 0.184259259375 0.6401041671875001 0.1129629625 0.6385416671875 0.10648148125000001 0.5755208328125 0.10370370312499999 0.5708333328124999 0.1074074078125 0.5703125 0.15370370312499998 0.571875 0.15648148125 0.591796875 0.1574074078125 0.5979166671875 0.1620370375
7 0.4916666671875 0.165740740625 0.5135416671875 0.15370370312499998 0.534375 0.15370370312499998 0.534375 0.1101851859375 0.5328125 0.10185185156250001 0.47083333281249995 0.0990740734375 0.47239583281249997 0.15 0.47552083281249996 0.16944444375 0.490625 0.16944444375 0.4916666671875 0.165740740625
7 0.4171875 0.2388888890625 0.4244791671875 0.24814814843750002 0.425 0.271296296875 0.43125 0.27870370312500004 0.43854166718750004 0.2703703703125 0.4401041671875 0.2638888890625 0.4390625 0.2509259265625 0.4427083328125 0.2370370375 0.4458333328125 0.23333333281250002 0.4484375 0.234259259375 0.4546875 0.24722222187499998 0.4609375 0.2416666671875 0.4703125 0.24907407343750002 0.471875 0.24722222187499998 0.4734375 0.17314814843749998 0.4713541671875 0.15277777812499999 0.39010416718749996 0.1481481484375 0.3932291671875 0.23518518593749999 0.3953125 0.24351851875000002 0.41197916718750005 0.246296296875 0.4171875 0.2388888890625
7 0.5088541671875 0.253703703125 0.525 0.25555555625 0.5270833328125 0.24722222187499998 0.534375 0.24259259218749998 0.5395833328124999 0.2509259265625 0.5390625 0.25555555625 0.5442708328125 0.2601851859375 0.5442708328125 0.2675925921875 0.5541666671875001 0.2675925921875 0.5541666671875001 0.26203703749999996 0.5583333328125 0.25833333281250004 0.5598958328125 0.25 0.5723958328125 0.2601851859375 0.5942708328124999 0.2601851859375 0.5958333328125 0.17314814843749998 0.5916666671875 0.1611111109375 0.5307291671875001 0.1574074078125 0.5072916671875001 0.1574074078125 0.5057291671875 0.1601851859375 0.5078125 0.172222221875 0.5052083328125 0.20555555625 0.5083333328124999 0.2290120375 0.5088541671875 0.253703703125
7 0.6583333328125 0.2703703703125 0.659375 0.259259259375 0.6614583328125 0.25648148125 0.6734375 0.25833333281250004 0.678125 0.2824074078125 0.6755208328125 0.30555555624999997 0.6802083328124999 0.3101851859375 0.6854166671875 0.3101851859375 0.6895833328125 0.302777778125 0.6911458328125 0.27777777812500004 0.69375 0.2740740734375 0.6942708328125 0.2638888890625 0.696875 0.25833333281250004 0.7119791671875 0.25833333281250004 0.7104166671875001 0.275 0.7338541671875001 0.275 0.7375 0.2416666671875 0.740625 0.1740740734375 0.7255208328125 0.16851851874999998 0.6598958328125 0.1648148140625 0.6421875 0.1703703703125 0.6375 0.2370370375 0.6385416671875 0.26944444375 0.6505208328125 0.2648148140625 0.653125 0.2703703703125 0.6583333328125 0.2703703703125
7 0.7802083328125 0.2888888890625 0.7817708328124999 0.2953703703125 0.7848958328125 0.29444444375 0.7880208328125 0.28611111093749997 0.8098958328125001 0.2833333328125 0.8140625 0.28611111093749997 0.8260416671874999 0.30555555624999997 0.8380208328125001 0.30740740781250003 0.840625 0.2916666671875 0.8473958328125001 0.28611111093749997 0.8645833328125001 0.2925925921875 0.884375 0.29444444375 0.8880208328125001 0.290740740625 0.8989583328125 0.18148148125000002 0.7973958328124999 0.17314814843749998 0.7875 0.1759259265625 0.784375 0.1888888890625 0.778125 0.27870370312500004 0.775 0.2833333328125 0.775 0.28796296250000003 0.7802083328125 0.2888888890625
7 0.8078125 0.4509259265625 0.8125 0.4509259265625 0.8166666671874999 0.465740740625 0.815625 0.47222222187499996 0.8182291671874999 0.477777778125 0.8182291671874999 0.4990740734375 0.8140625 0.50555555625 0.8109375 0.5268518515625 0.8109375 0.5370370375 0.8140625 0.54444444375 0.8479166671874999 0.55648148125 0.8921875 0.5601851859375 0.8932291671874999 0.54351851875 0.896875 0.540740740625 0.8885416671874999 0.5388888890625 0.8859375 0.5287037031249999 0.8765625 0.5203703703125 0.8765625 0.5129629625 0.8729166671874999 0.509259259375 0.8833333328125 0.48518518593750004 0.8880208328125001 0.4861111109375 0.8890625 0.48333333281249996 0.8921875 0.48703703750000005 0.9057291671875 0.48981481406249994 0.9427083328125001 0.49351851875 0.96875 0.3296296296875 0.9625 0.3240740734375 0.8583333328125 0.3166666671875 0.8375 0.3101851859375 0.7817708328124999 0.3046296296875 0.7776041671875 0.3296296296875 0.7723958328125 0.41203703750000004 0.7677083328125 0.4379629625 0.7671875 0.4620370375 0.7723958328125 0.46666666718750005 0.8046875 0.4703703703125 0.8078125 0.4509259265625
7 0.5546875 0.4611111109375 0.5526041671875 0.46666666718750005 0.5489583328125 0.465740740625 0.5427083328125 0.490740740625 0.5520833328125 0.497222221875 0.5677083328125 0.5009259265625 0.60625 0.503703703125 0.6109375 0.49629629687500004 0.6119791671875 0.48981481406249994 0.6125 0.46944444374999994 0.6109375 0.46481481406249997 0.6229166671875 0.4388888890625 0.6260416671875 0.44351851875000003 0.6552083328125 0.447222221875 0.6630208328125 0.3324074078125 0.6630208328125 0.2898148140625 0.6614583328125 0.28611111093749997 0.6161458328125 0.2768518515625 0.578125 0.2768518515625 0.5447916671875 0.2703703703125 0.5161458328124999 0.271296296875 0.5140625 0.28148148125 0.5135416671875 0.41944444374999995 0.5171875 0.4268518515625 0.5447916671875 0.427777778125 0.5546875 0.4611111109375
7 0.3182291671875 0.4 0.3177083328125 0.4046296296875 0.3234375 0.42592592656250006 0.3151041671875 0.43055555625 0.3057291671875 0.44629629687500005 0.30520833281250004 0.4509259265625 0.3109375 0.45648148125 0.3244791671875 0.459259259375 0.3578125 0.4611111109375 0.3776041671875 0.434259259375 0.378125 0.4268518515625 0.37447916718749996 0.42222222187499997 0.3776041671875 0.40648148125 0.41041666718750003 0.40648148125 0.40989583281249997 0.3481481484375 0.40416666718750005 0.259259259375 0.3078125 0.24814814843750002 0.2755208328125 0.24814814843750002 0.2869791671875 0.3888888890625 0.2901041671875 0.39351851875 0.315625 0.396296296875 0.3182291671875 0.4
7 0.0671875 0.9388888890624999 0.0994791671875 0.952777778125 0.12291666718750001 0.9574074078124999 0.1265625 0.9620370375 0.1270833328125 0.9675925921875 0.1276041671875 0.9629629625 0.13229166718750002 0.9583333328125001 0.13229166718750002 0.9379629625 0.1458333328125 0.9379629625 0.1510416671875 0.9481481484375 0.1536458328125 0.9620370375 0.1614583328125 0.9740740734375001 0.1619791671875 0.99351851875 0.19375 0.996296296875 0.1953125 0.9861111109375 0.2015625 0.9870370375 0.2046875 0.996296296875 0.2130208328125 0.9898148140625 0.2479166671875 0.9990740734375001 0.3411458328125 0.9990740734375001 0.328125 0.8222222218749999 0.321875 0.7833333328125 0.321875 0.7574074078125 0.31875 0.727777778125 0.3161458328125 0.722222221875 0.3109375 0.7185185187500001 0.2932291671875 0.7166666671875 0.2703125 0.7046296296875 0.24739583281250002 0.702777778125 0.23802083281250003 0.696296296875 0.153125 0.6777777781250001 0.1354166671875 0.66944444375 0.1291666671875 0.671296296875 0.025520832812499998 0.6453703703125 0.0197916671875 0.646296296875 0.0135416671875 0.6537037031249999 0.0140625 0.6675925921875 0.0286458328125 0.747222221875 0.055208332812500004 0.8879629625 0.0671875 0.9388888890624999
7 0.9770833328125 0.9388888890624999 0.9796875 0.9351851859375 0.9848958328125 0.9037037031249999 0.9838541671875 0.884259259375 0.9786458328125001 0.875 0.9572916671874999 0.871296296875 0.8453125 0.8361111109375001 0.5692708328125 0.765740740625 0.5567708328125 0.76851851875 0.5526041671875 0.784259259375 0.5526041671875 0.9990740734375001 0.9692708328125 0.9990740734375001 0.9770833328125 0.95 0.9770833328125 0.9388888890624999
5 0.5171875 0.897222221875 0.51875 0.89351851875 0.5182291671875 0.88055555625 0.5135416671875 0.875 0.3973958328125 0.8416666671874999 0.3640625 0.828703703125 0.3296875 0.821296296875 0.3296875 0.8361111109375001 0.3369791671875 0.840740740625 0.5083333328124999 0.896296296875 0.5171875 0.897222221875
2 0.3213541671875 0.7009259265625001 0.3192708328125 0.696296296875 0.3229166671875 0.6888888890625 0.3270833328125 0.6898148140625 0.33541666718749996 0.6537037031249999 0.3317708328125 0.6333333328124999 0.340625 0.6240740734375 0.3427083328125 0.615740740625 0.3395833328125 0.5490740734374999 0.3369791671875 0.5398148140625 0.328125 0.5296296296875 0.3182291671875 0.5305555562500001 0.309375 0.5259259265625 0.2953125 0.525 0.2625 0.5675925921875 0.2630208328125 0.65 0.2697916671875 0.7 0.3015625 0.709259259375 0.3213541671875 0.7009259265625001
2 0.49791666718750005 0.7675925921875 0.5 0.7796296296875 0.5135416671875 0.7898148140625 0.5213541671875 0.7824074078125001 0.5291666671875 0.7675925921875 0.5260416671875 0.7648148140625 0.5255208328125 0.759259259375 0.534375 0.7212962968750001 0.5333333328125 0.6953703703125 0.534375 0.6851851859375 0.5369791671875 0.68148148125 0.5375 0.6083333328125 0.5411458328125 0.5796296296875 0.5364583328125 0.5722222218749999 0.525 0.5675925921875 0.490625 0.5638888890625 0.4848958328125 0.5759259265625001 0.496875 0.6379629625 0.4994791671875 0.7074074078125 0.49791666718750005 0.7675925921875