3 0.809375 0 0.7739583328124999 0.3361111109375 0.7739583328124999 0.3509259265625 0.7864583328125 0.35925925937500003 0.8 0.3620370375 0.8901041671875 0.3990740734375 0.8598958328125 0.64444444375 0.8453125 0.6481481484375 0.8369791671875 0.7009259265625001 0.8322916671874999 0.7166666671875 0.8197916671875 0.7203703703125 0.8197916671875 0.73148148125 0.8171875 0.7361111109375 0.81875 0.7398148140624999 0.828125 0.74444444375 0.8307291671874999 0.752777778125 0.8520833328125 0.7648148140625 0.8572916671874999 0.772222221875 0.8744791671875 0.7768518515625 0.8791666671874999 0.7851851859375001 0.8880208328125001 0.790740740625 0.8979166671875 0.7925925921875 0.9036458328125001 0.7981481484375 0.9994791671875 0.8425925921875 0.9994791671875 0.7333333328125 0.9921875 0.727777778125 0.996875 0.7018518515625 0.9994791671875 0.6990740734374999 0.9994791671875 0.559259259375 0.9921875 0.5555555562500001 0.9953125 0.547222221875 0.9994791671875 0.5481481484375 0.9994791671875 0 0.809375 0
7 0.2510416671875 0.36944444375 0.2421875 0.38055555625 0.2578125 0.3925925921875 0.26510416718749996 0.39444444375 0.2875 0.38240740781250004 0.290625 0.3759259265625 0.2989583328125 0.3740740734375 0.3020833328125 0.30555555624999997 0.3010416671875 0.24722222187499998 0.2953125 0.2416666671875 0.2260416671875 0.21111111093749999 0.215625 0.209259259375 0.2203125 0.3333333328125 0.2270833328125 0.340740740625 0.2557291671875 0.3574074078125 0.2510416671875 0.36944444375
7 0.3447916671875 0.41111111093749997 0.3416666671875 0.42222222187499997 0.3296875 0.43148148124999997 0.32864583281250004 0.43518518593750005 0.3416666671875 0.44629629687500005 0.353125 0.44907407343749994 0.3746526046875 0.43240740781250003 0.3963541671875 0.4361111109375 0.39791666718749996 0.42129629687500003 0.39791666718749996 0.290740740625 0.309375 0.24814814843750002 0.3020833328125 0.24722222187499998 0.3010416671875 0.252777778125 0.3010416671875 0.35925925937500003 0.296875 0.3768518515625 0.3 0.38333333281250004 0.3447916671875 0.41111111093749997
7 0.43333333281249997 0.46296296249999996 0.44322916718750005 0.47222222187499996 0.4427083328125 0.4796296296875 0.428125 0.4953703703125 0.4270833328125 0.5018518515625 0.45416666718750004 0.5203703703125 0.459375 0.5203703703125 0.4760416671875 0.50555555625 0.4875 0.490740740625 0.5067708328125 0.5 0.5098958328125 0.48333333281249996 0.5140625 0.352777778125 0.42083333281249996 0.3046296296875 0.4046875 0.29907407343750003 0.4 0.29907407343750003 0.39791666718749996 0.302777778125 0.39791666718749996 0.4361111109375 0.4114583328125 0.447222221875 0.4322916671875 0.4574074078125 0.43333333281249997 0.46296296249999996
7 0.5473958328124999 0.5740740734374999 0.5463541671875001 0.5796296296875 0.5729166671875 0.5990740734375 0.5854166671875001 0.603703703125 0.6083333328125 0.575 0.6473958328125 0.5953703703125 0.6510416671875 0.58055555625 0.6546875 0.5481481484375 0.6609375 0.45370370312499997 0.665625 0.415740740625 0.528125 0.3481481484375 0.51875 0.3481481484375 0.5161458328124999 0.35555555625 0.5067708328125 0.509259259375 0.5651041671875 0.5453703703125 0.565625 0.553703703125 0.5473958328124999 0.5740740734374999
7 0.7145833328125 0.6546296296875 0.7005208328125 0.6805555562500001 0.7015625 0.6870370375 0.7515625 0.7185185187500001 0.771875 0.6796296296875 0.825 0.7129629625 0.8317708328125001 0.7129629625 0.8463541671874999 0.6148148140624999 0.8572916671874999 0.5296296296875 0.8567708328125001 0.51944444375 0.68125 0.434259259375 0.665625 0.4296296296875 0.6625 0.4388888890625 0.6510416671875 0.6 0.6567708328124999 0.6074074078125 0.7151041671875 0.64444444375 0.7145833328125 0.6546296296875
7 0 0.6555555562500001 0.0125 0.6564814812499999 0.0182291671875 0.6638888890625 0.0192708328125 0.66944444375 0.0328125 0.6861111109375 0.0380208328125 0.6861111109375 0.0390625 0.6768518515624999 0.0369791671875 0.65 0.0348958328125 0.646296296875 0.034375 0.634259259375 0.0307291671875 0.6268518515625 0.0328125 0.622222221875 0.0302083328125 0.5953703703125 0.0239583328125 0.5888888890625 0.021354167187500002 0.565740740625 0.0182291671875 0.5583333328125 0.017708332812499998 0.540740740625 0.013020832812499999 0.5324074078125001 0.0135416671875 0.51851851875 0.0098958328125 0.48981481406249994 0.0015625 0.47592592656250005 0 0.47592592656250005 0 0.6555555562500001
7 0.0901041671875 0.75555555625 0.0671875 0.7731481484375 0.0645833328125 0.7787037031249999 0.0666666671875 0.784259259375 0.0921875 0.821296296875 0.09895833281250001 0.821296296875 0.1260416671875 0.7981481484375 0.134375 0.8046296296875 0.1494791671875 0.8259259265625 0.15625 0.8231481484375 0.1520833328125 0.7268518515625 0.1453125 0.6777777781250001 0.1432291671875 0.6425925921875 0.1385416671875 0.6166666671875001 0.1385416671875 0.5990740734375 0.1348958328125 0.5935185187500001 0.1270833328125 0.5898148140624999 0.1109375 0.5648148140625 0.059375 0.5074074078125 0.0369791671875 0.4861111109375 0.025 0.4824074078125 0.0244791671875 0.490740740625 0.0453125 0.6805555562500001 0.0895833328125 0.7416666671875001 0.0901041671875 0.75555555625
7 0.48229166718750005 0.9990740734375001 0.4140625 0.9175925921875001 0.4114583328125 0.9129629625 0.41197916718750005 0.9037037031249999 0.40833333281249995 0.8981481484374999 0.40520833281249996 0.9037037031249999 0.4010416671875 0.9018518515625 0.40052083281249995 0.8925925921875001 0.3921875 0.8916666671875 0.3864583328125 0.8824074078124999 0.36770833281250004 0.865740740625 0.353125 0.85 0.35 0.8444444437499999 0.3494791671875 0.8361111109375001 0.3453125 0.8379629625 0.3375 0.8324074078124999 0.32864583281250004 0.8231481484375 0.32760416718749996 0.8175925921875 0.3182291671875 0.8055555562500001 0.31302083281250004 0.8027777781250001 0.3114583328125 0.797222221875 0.30625 0.797222221875 0.30625 0.8101851859375 0.3125 0.9990740734375001 0.48229166718750005 0.9990740734375001
7 0.1703125 0.8324074078124999 0.2208333328125 0.909259259375 0.22395833281250002 0.9148148140625001 0.2265625 0.9296296296875 0.20052083281250002 0.9574074078124999 0.1994791671875 0.9666666671874999 0.2203125 0.9990740734375001 0.3078125 0.9990740734375001 0.3114583328125 0.9925925921875001 0.30520833281250004 0.796296296875 0.3135416671875 0.7870370375 0.3135416671875 0.7824074078125001 0.1963541671875 0.640740740625 0.17916666718750002 0.615740740625 0.1739583328125 0.597222221875 0.171875 0.6009259265625 0.1572916671875 0.5990740734375 0.15572916718750002 0.622222221875 0.1588541671875 0.634259259375 0.1583333328125 0.659259259375 0.1703125 0.8324074078124999
7 0.5442708328125 0.3546296296875 0.5484375 0.3509259265625 0.5484375 0.31759259218749997 0.54375 0.3148148140625 0.43333333281249997 0.2759259265625 0.4291666671875 0.27870370312500004 0.4270833328125 0.28796296250000003 0.4114583328125 0.29722222187499997 0.5057291671875 0.3453703703125 0.5130208328125 0.3481481484375 0.5286458328125 0.34629629687499996 0.5442708328125 0.3546296296875
1 0.653125 0.365740740625 0.6541666671875 0.33055555625 0.5776041671875001 0.3166666671875 0.5723958328125 0.31944444375000003 0.5713541671875 0.3296296296875 0.5713541671875 0.36759259218749996 0.6427083328125 0.40277777812500004 0.6552083328125 0.40555555625000006 0.653125 0.365740740625
1 0.534375 0.953240740625 0.5354166671875 0.9861111109375 0.5473958328124999 0.9990740734375001 0.6989583328125 0.9990740734375001 0.7005208328125 0.99351851875 0.6994791671875 0.95 0.6958333328124999 0.9388888890624999 0.6854166671875 0.9240740734375 0.6661458328125 0.9074074078125 0.6578125 0.9055555562500001 0.6541666671875 0.8981481484374999 0.646875 0.8925925921875001 0.6213541671875 0.877777778125 0.6109375 0.8796296296874999 0.5848958328125 0.8583333328125 0.5692708328125 0.8518518515625001 0.5567708328125 0.852777778125 0.5453125 0.859259259375 0.5380208328125 0.8703703703125001 0.5317708328124999 0.8870370375000001 0.53125 0.9046296296874999 0.5338541671875 0.915740740625 0.5317708328124999 0.9425925921875 0.534375 0.953240740625
1 0.3885416671875 0.83148148125 0.4078125 0.8361111109375001 0.4114583328125 0.8425925921875 0.41822916718750003 0.8611111109375 0.43541666718750005 0.8888888890625 0.44114583281249997 0.9074074078125 0.44166666718750003 0.91944444375 0.44739583281249995 0.934259259375 0.45625 0.9379629625 0.4671875 0.9324074078125 0.4703125 0.9425925921875 0.471875 0.9351851859375 0.47552083281249996 0.93148148125 0.47447916718750005 0.9240740734375 0.4828125 0.9138888890624999 0.4859375 0.91944444375 0.49791666718750005 0.9046296296874999 0.5057291671875 0.9009259265624999 0.521875 0.8851851859375 0.5239583328124999 0.8768518515625001 0.5307291671875001 0.86944444375 0.5348958328125 0.859259259375 0.5385416671875001 0.8416666671874999 0.5369791671875 0.8111111109375001 0.5291666671875 0.79351851875 0.5229166671875001 0.7870370375 0.5005208328124999 0.7703703703125 0.49791666718750005 0.7638888890625 0.4770833328125 0.75 0.4640625 0.7518518515625 0.45989583281249996 0.75648148125 0.4515625 0.7583333328124999 0.4401041671875 0.76944444375 0.4359375 0.7629629625 0.42864583281249996 0.7379629624999999 0.4203125 0.7231481484375 0.41979166718750005 0.715740740625 0.40260416718750003 0.6888888890625 0.384375 0.675 0.3791666671875 0.68148148125 0.3760416671875 0.6953703703125 0.37552083281250004 0.7425925921875 0.384375 0.8203703703125 0.3875 0.8240740734375 0.3885416671875 0.83148148125
1 0.3192708328125 0.7601851859375001 0.3239583328125 0.7398148140624999 0.3213541671875 0.7138888890625 0.3135416671875 0.6972222218749999 0.2921875 0.672222221875 0.28125 0.6648148140625 0.2703125 0.6638888890625 0.2510416671875 0.6731481484375 0.2375 0.684259259375 0.2833333328125 0.746296296875 0.30625 0.771296296875 0.3140625 0.76851851875 0.3192708328125 0.7601851859375001
1 0.1416666671875 0.6 0.1463541671875 0.597222221875 0.15 0.6 0.1520833328125 0.609259259375 0.1515625 0.6231481484375 0.1552083328125 0.6231481484375 0.15625 0.6046296296875 0.16354166718750002 0.5990740734375 0.1692708328125 0.6009259265625 0.1734375 0.609259259375 0.1734375 0.6148148140624999 0.17916666718750002 0.6148148140624999 0.1921875 0.6361111109375 0.22239583281250003 0.672222221875 0.2359375 0.6833333328125 0.2713541671875 0.6611111109375 0.27291666718749996 0.6453703703125 0.2697916671875 0.6240740734375 0.24739583281250002 0.597222221875 0.2322916671875 0.5888888890625 0.22395833281250002 0.5888888890625 0.2104166671875 0.5935185187500001 0.1833333328125 0.6101851859375 0.1796875 0.6074074078125 0.1708333328125 0.5759259265625001 0.1552083328125 0.5398148140625 0.1307291671875 0.5148148140625 0.1265625 0.5175925921875 0.1208333328125 0.5333333328125 0.1223958328125 0.5620370375 0.1197916671875 0.5675925921875 0.12291666718750001 0.5759259265625001 0.1416666671875 0.6
1 0.12395833281249999 0.5601851859375 0.12291666718750001 0.5314814812499999 0.1276041671875 0.5175925921875 0.1354166671875 0.515740740625 0.15677083281249998 0.5416666671875 0.17239583281249998 0.5796296296875 0.1770833328125 0.5953703703125 0.1765625 0.602777778125 0.18125 0.609259259375 0.1901041671875 0.6083333328125 0.2171875 0.5888888890625 0.228125 0.5870370375 0.234375 0.5759259265625001 0.23333333281250002 0.5601851859375 0.22916666718749998 0.546296296875 0.21354166718749998 0.5324074078125001 0.1932291671875 0.5231481484375 0.1739583328125 0.525 0.1588541671875 0.5351851859375001 0.15572916718750002 0.5324074078125001 0.1473958328125 0.5009259265625 0.1354166671875 0.48055555625 0.11875 0.46851851875 0.11041666718750001 0.4583333328125 0.09635416718749999 0.4583333328125 0.0916666671875 0.46296296249999996 0.0875 0.4731481484375 0.0880208328125 0.50648148125 0.0947916671875 0.54351851875 0.1223958328125 0.5722222218749999 0.12395833281249999 0.5601851859375
8 0.0260416671875 0.7268518515625 0.0442708328125 0.709259259375 0.0484375 0.7009259265625001 0.0489583328125 0.690740740625 0.0421875 0.6870370375 0.0328125 0.6879629625 0.0208333328125 0.696296296875 0.0151041671875 0.70555555625 0.0135416671875 0.7111111109375 0.0151041671875 0.7212962968750001 0.0197916671875 0.7268518515625 0.0260416671875 0.7268518515625
8 0.0739583328125 0.8222222218749999 0.07864583281250001 0.8138888890624999 0.07864583281250001 0.8055555562500001 0.071875 0.796296296875 0.0515625 0.8018518515625 0.0401041671875 0.8129629625 0.034375 0.8268518515625001 0.034375 0.834259259375 0.0380208328125 0.8416666671874999 0.0489583328125 0.8425925921875 0.0739583328125 0.8222222218749999
8 0.2994791671875 0.403703703125 0.2984375 0.396296296875 0.2864583328125 0.397222221875 0.2802083328125 0.4046296296875 0.28125 0.415740740625 0.2875 0.4175925921875 0.296875 0.41203703750000004 0.2994791671875 0.403703703125
8 0.3838541671875 0.4731481484375 0.3854166671875 0.46666666718750005 0.3807291671875 0.4611111109375 0.36770833281250004 0.4601851859375 0.3619791671875 0.4675925921875 0.3609375 0.471296296875 0.3635416671875 0.478703703125 0.3723958328125 0.4796296296875 0.3838541671875 0.4731481484375
8 0.4734375 0.5546296296875 0.4703125 0.55 0.4625 0.5481481484375 0.45625 0.5518518515624999 0.4536458328125 0.5574074078125 0.4546875 0.5731481484375001 0.4609375 0.5768518515625 0.46770833281249996 0.5722222218749999 0.4734375 0.5546296296875
8 0.6098958328124999 0.61851851875 0.6119791671875 0.60648148125 0.6104166671875 0.5953703703125 0.6041666671875 0.5916666671875 0.5942708328124999 0.5953703703125 0.5947916671875 0.6120370375 0.5973958328125 0.6203703703125 0.60625 0.6231481484375 0.6098958328124999 0.61851851875
8 0.7463541671875 0.747222221875 0.7479166671875 0.740740740625 0.7453125 0.7333333328125 0.7348958328124999 0.7259259265625 0.7244791671875 0.727777778125 0.7171875 0.7398148140624999 0.7182291671875001 0.7546296296875 0.7276041671875 0.7620370375000001 0.7401041671875 0.75555555625 0.7463541671875 0.747222221875
3 0.4265625 0.2898148140625 0.43125 0.2740740734375 0.4614583328125 0.2851851859375 0.465625 0.2833333328125 0.4625 0.26944444375 0.44427083281249996 0.2611111109375 0.3927083328125 0.28055555625 0.3895833328125 0.2833333328125 0.40625 0.296296296875 0.4166666671875 0.2953703703125 0.4265625 0.2898148140625
2 0.42760416718750005 0.28796296250000003 0.4296875 0.2759259265625 0.43333333281249997 0.2731481484375 0.43854166718750004 0.27870370312500004 0.4536458328125 0.27870370312500004 0.4625 0.284259259375 0.46458333281249997 0.275 0.45885416718750005 0.2675925921875 0.44322916718750005 0.2611111109375 0.39375 0.28055555625 0.390625 0.2824074078125 0.4057291671875 0.296296296875 0.4109375 0.296296296875 0.42760416718750005 0.28796296250000003
5 0.40625 0.6453703703125 0.4213541671875 0.627777778125 0.4244791671875 0.61944444375 0.421875 0.6129629624999999 0.3416666671875 0.5601851859375 0.3223958328125 0.577777778125 0.31979166718749996 0.5833333328125 0.3213541671875 0.5879629625 0.3963541671875 0.6481481484375 0.40625 0.6453703703125
5 0.5380208328125 0.7518518515625 0.5510416671875 0.7324074078125 0.55625 0.7231481484375 0.5583333328125 0.7129629625 0.5458333328125 0.7 0.45989583281249996 0.6370370375000001 0.45520833281249995 0.6388888890625 0.440625 0.659259259375 0.4359375 0.6620370375 0.4348958328125 0.672222221875 0.4390625 0.6796296296875 0.5328125 0.7546296296875 0.5380208328125 0.7518518515625
5 0.6848958328125 0.877777778125 0.6875 0.875 0.6916666671875 0.884259259375 0.7046875 0.896296296875 0.7125 0.8990740734375 0.7161458328125 0.89351851875 0.73125 0.8490740734375001 0.7302083328125 0.8444444437499999 0.7244791671875 0.8388888890624999 0.6 0.7583333328124999 0.5963541671875 0.759259259375 0.5859375 0.7824074078125001 0.5796875 0.797222221875 0.5828125 0.8027777781250001 0.6739583328125 0.872222221875 0.6848958328125 0.877777778125