7 0.409375 0.321296296875 0.403125 0.3379629625 0.42395833281249995 0.35 0.4302083328125 0.35 0.4401041671875 0.34444444375 0.4515625 0.34351851875 0.4791666671875 0.3203703703125 0.4817708328125 0.30648148124999997 0.4817708328125 0.15370370312499998 0.3828125 0.12592592656249998 0.378125 0.12870370312499999 0.3807291671875 0.27777777812500004 0.4192708328125 0.29722222187499997 0.4192708328125 0.3111111109375 0.409375 0.321296296875
7 0.521875 0.7648148140625 0.525 0.7768518515625 0.5286458328125 0.8166666671874999 0.5369791671875 0.821296296875 0.5489583328125 0.8009259265625 0.5583333328125 0.7916666671875 0.6052083328125 0.8166666671874999 0.6151041671875 0.8129629625 0.6453125 0.7611111109375 0.6552083328125 0.7324074078125 0.65 0.7231481484375 0.6192708328125 0.6916666671875 0.6192708328125 0.68148148125 0.6661458328125 0.6009259265625 0.6572916671875 0.38055555625 0.6541666671875 0.3611111109375 0.6489583328124999 0.3611111109375 0.6411458328124999 0.36851851875 0.5984375 0.415740740625 0.5671875 0.4583333328125 0.553125 0.46944444374999994 0.5479166671875 0.48333333281249996 0.5057291671875 0.5379629625 0.509375 0.6009259265625 0.5208333328125 0.7231481484375 0.515625 0.759259259375 0.521875 0.7648148140625
7 0.7359375 0.48981481406249994 0.7744791671875 0.4990740734375 0.7869791671875 0.48981481406249994 0.8010416671874999 0.46481481406249997 0.8026041671874999 0.45370370312499997 0.7791666671875 0.4370370375 0.7713541671875 0.4240740734375 0.8078125 0.36944444375 0.8052083328125 0.20370370312500002 0.803125 0.17962962968750001 0.7942708328125 0.1824074078125 0.715625 0.2675925921875 0.7145833328125 0.2870370375 0.7203125 0.41018518593750003 0.7114583328124999 0.44444444375 0.6989583328125 0.4546296296875 0.7010416671875 0.4583333328125 0.6984375 0.471296296875 0.7052083328125 0.477777778125 0.7359375 0.48981481406249994
7 0.3651041671875 0.7268518515625 0.359375 0.7203703703125 0.3453125 0.7231481484375 0.3421875 0.7379629624999999 0.32083333281250004 0.7611111109375 0.290625 0.8018518515625 0.2838541671875 0.815740740625 0.2578125 0.8444444437499999 0.25 0.8601851859374999 0.23854166718749997 0.86851851875 0.14375 0.99444444375 0.1421875 0.9990740734375001 0.39791666718749996 0.9990740734375001 0.39791666718749996 0.9861111109375 0.3651041671875 0.7268518515625
1 0.1260416671875 0.7 0.1286458328125 0.703703703125 0.134375 0.73148148125 0.1458333328125 0.747222221875 0.16458333281249998 0.7509259265625 0.1614583328125 0.884259259375 0.1614583328125 0.9351851859375 0.1630208328125 0.9370370375 0.1666666671875 0.9379629625 0.1708333328125 0.93148148125 0.17135416718750002 0.8259259265625 0.1765625 0.8166666671874999 0.17916666718750002 0.8166666671874999 0.1770833328125 0.80648148125 0.1786458328125 0.7990740734374999 0.1927083328125 0.7879629625 0.19583333281249998 0.7814814812499999 0.2015625 0.7796296296875 0.20677083281250003 0.7861111109375 0.2114583328125 0.809259259375 0.2166666671875 0.8231481484375 0.225 0.8351851859374999 0.22916666718749998 0.8388888890624999 0.2401041671875 0.8398148140625 0.2494791671875 0.8324074078124999 0.2552083328125 0.8370370375 0.25625 0.8416666671874999 0.2645833328125 0.8333333328125001 0.2723958328125 0.8055555562500001 0.2786458328125 0.8 0.2838541671875 0.7879629625 0.2979166671875 0.76944444375 0.3317708328125 0.728703703125 0.3458333328125 0.7259259265625 0.3494791671875 0.7203703703125 0.3411458328125 0.7111111109375 0.3479166671875 0.68148148125 0.3479166671875 0.6546296296875 0.32864583281250004 0.6296296296875 0.3067708328125 0.609259259375 0.2833333328125 0.5944444437499999 0.2671875 0.5953703703125 0.2260416671875 0.63148148125 0.209375 0.6518518515625 0.2010416671875 0.6555555562500001 0.1786458328125 0.5861111109375 0.1661458328125 0.5583333328125 0.1505208328125 0.5324074078125001 0.1463541671875 0.5314814812499999 0.1223958328125 0.503703703125 0.1125 0.497222221875 0.10729166718750001 0.49629629687500004 0.09895833281250001 0.5009259265625 0.09322916718749999 0.509259259375 0.0916666671875 0.5166666671875 0.09114583281250001 0.534259259375 0.0958333328125 0.571296296875 0.1260416671875 0.6888888890625 0.1260416671875 0.7
2 0.47447916718750005 0.7398148140624999 0.47552083281249996 0.715740740625 0.4703125 0.6370370375000001 0.4604166671875 0.5296296296875 0.45885416718750005 0.5259259265625 0.43125 0.5583333328125 0.43072916718750004 0.577777778125 0.44322916718750005 0.7120370375 0.44635416718750004 0.7185185187500001 0.47447916718750005 0.7398148140624999
5 0.42291666718750004 0.44629629687500005 0.42291666718750004 0.44351851875000003 0.41614583281249995 0.4388888890625 0.3338541671875 0.39444444375 0.3140625 0.3879629625 0.30625 0.40833333281249995 0.40052083281249995 0.46296296249999996 0.40833333281249995 0.46481481406249997 0.42291666718750004 0.44629629687500005
5 0.89375 0.909259259375 0.8916666671875 0.9037037031249999 0.8760416671875 0.8888888890625 0.809375 0.83148148125 0.7385416671875 0.99351851875 0.7375 0.9990740734375001 0.8692708328125001 0.9990740734375001 0.8932291671874999 0.9240740734375 0.89375 0.909259259375
5 0.9447916671875 0.7324074078125 0.9927083328125 0.584259259375 0.9994791671875 0.571296296875 0.9994791671875 0.5620370375 0.9895833328125001 0.5481481484375 0.9645833328125001 0.5379629625 0.9578125 0.5305555562500001 0.93125 0.51851851875 0.8630208328125001 0.6759259265625001 0.8614583328125001 0.6851851859375 0.8682291671875 0.69351851875 0.9395833328125001 0.740740740625 0.9447916671875 0.7324074078125
8 0.8880208328125001 0.8611111109375 0.8994791671875 0.865740740625 0.9098958328125001 0.865740740625 0.9145833328125 0.85648148125 0.915625 0.8388888890624999 0.9125 0.8259259265625 0.9046875 0.8129629625 0.8963541671874999 0.8055555562500001 0.8604166671875 0.7925925921875 0.853125 0.7925925921875 0.8463541671874999 0.8027777781250001 0.8458333328125001 0.8203703703125 0.8510416671875 0.8296296296874999 0.8671875 0.8453703703125001 0.8880208328125001 0.8611111109375
8 0.9994791671875 0.55 0.9994791671875 0.5120370375000001 0.978125 0.503703703125 0.9609375 0.50555555625 0.9567708328125001 0.509259259375 0.9546875 0.51944444375 0.9614583328125 0.5296296296875 0.9901041671874999 0.5481481484375 0.9994791671875 0.55
4 0.5135416671875 0 0.5192708328125 0.1111111109375 0.525 0.12870370312499999 0.5473958328124999 0.13148148125 0.559375 0.127777778125 0.5651041671875 0.12222222187500001 0.5671875 0.102777778125 0.5645833328125 0 0.5135416671875 0
4 0.5921875 0 0.5916666671875 0.1481481484375 0.59375 0.1990740734375 0.5973958328125 0.209259259375 0.6052083328125 0.2148148140625 0.6213541671875 0.21574074062499998 0.6317708328125 0.21203703749999997 0.6401041671875001 0.2009259265625 0.6421875 0.1861111109375 0.6421875 0 0.5921875 0
1 0.5604166671875 0.3879629625 0.5520833328125 0.3879629625 0.5484375 0.3953703703125 0.5463541671875001 0.4240740734375 0.5526041671875 0.4768518515625 0.603125 0.41203703750000004 0.5604166671875 0.3879629625