1 0.1989583328125 0.49259259218749996 0.1875 0.4916666671875 0.178125 0.497222221875 0.2203125 0.55648148125 0.2244791671875 0.55648148125 0.2359375 0.547222221875 0.2401041671875 0.5296296296875 0.240625 0.43518518593750005 0.228125 0.38055555625 0.2203125 0.36851851875 0.2078125 0.36851851875 0.20052083281250002 0.38240740781250004 0.196875 0.3953703703125 0.1953125 0.4509259265625 0.1994791671875 0.46851851875 0.20052083281250002 0.48703703750000005 0.1989583328125 0.49259259218749996
1 0.2552083328125 0.5666666671875 0.2510416671875 0.571296296875 0.24739583281250002 0.5675925921875 0.2359375 0.5675925921875 0.2328125 0.5722222218749999 0.2776041671875 0.6351851859375001 0.2864583328125 0.6425925921875 0.2927083328125 0.634259259375 0.29635416718749996 0.61851851875 0.2989583328125 0.4981481484375 0.2833333328125 0.45 0.27395833281250004 0.4379629625 0.2645833328125 0.4388888890625 0.253125 0.46296296249999996 0.25052083281250004 0.490740740625 0.25052083281250004 0.521296296875 0.2552083328125 0.5490740734374999 0.2552083328125 0.5666666671875
1 0.3447916671875 0.6333333328124999 0.3333333328125 0.6379629625 0.3255208328125 0.646296296875 0.3067708328125 0.6740740734374999 0.3640625 0.7546296296875 0.36875 0.759259259375 0.375 0.7546296296875 0.3791666671875 0.7606481484375001 0.3791666671875 0.771296296875 0.38125 0.7768518515625 0.3864583328125 0.74444444375 0.403125 0.7138888890625 0.41041666718750003 0.7129629625 0.41302083281249996 0.722222221875 0.41197916718750005 0.73148148125 0.41770833281249997 0.73148148125 0.41614583281249995 0.70648148125 0.41197916718750005 0.6879629625 0.41614583281249995 0.671296296875 0.41822916718750003 0.646296296875 0.41875 0.5546296296875 0.41041666718750003 0.521296296875 0.39791666718749996 0.5009259265625 0.3807291671875 0.48425925937500003 0.3640625 0.4861111109375 0.3515625 0.5009259265625 0.3479166671875 0.521296296875 0.3453125 0.5611111109375 0.346875 0.627777778125 0.3447916671875 0.6333333328124999
1 0.446875 0.8666666671875 0.4536458328125 0.8638888890624999 0.4583333328125 0.86944444375 0.4557291671875 0.8796296296874999 0.45885416718750005 0.8861111109375001 0.46197916718750004 0.8888888890625 0.4635416671875 0.8861111109375001 0.5171875 0.8861111109375001 0.5192708328125 0.8916666671875 0.5182291671875 0.9037037031249999 0.525 0.9055555562500001 0.5276041671875 0.884259259375 0.5223958328125 0.86944444375 0.5208333328125 0.8453703703125001 0.5161458328124999 0.8231481484375 0.5161458328124999 0.80648148125 0.5223958328125 0.79351851875 0.5276041671875 0.7629629625 0.5348958328125 0.66944444375 0.5348958328125 0.6537037031249999 0.525 0.6074074078125 0.5125 0.5833333328125 0.4994791671875 0.571296296875 0.49010416718750005 0.571296296875 0.4765625 0.5861111109375 0.4682291671875 0.615740740625 0.46458333281249997 0.6648148140625 0.4661458328125 0.6851851859375 0.4635416671875 0.6944444437499999 0.4640625 0.7009259265625001 0.45729166718750003 0.7111111109375 0.4447916671875 0.7129629625 0.40729166718750004 0.7398148140624999 0.3953125 0.753703703125 0.3875 0.7787037031249999 0.3875 0.7861111109375 0.390625 0.7916666671875 0.4380208328125 0.8583333328125 0.446875 0.8666666671875
1 0.58125 0.95 0.6020833328124999 0.9694444437499999 0.5984375 0.9990740734375001 0.6046875 0.9990740734375001 0.6151041671875 0.925 0.6192708328125 0.865740740625 0.6177083328124999 0.8425925921875 0.6140625 0.834259259375 0.6135416671875 0.8231481484375 0.6078125 0.8 0.5963541671875 0.777777778125 0.5802083328125 0.7546296296875 0.5583333328125 0.74444444375 0.5515625 0.74444444375 0.5401041671875 0.7546296296875 0.5317708328124999 0.7731481484375 0.525 0.815740740625 0.521875 0.8601851859374999 0.5270833328125 0.8870370375000001 0.5598958328125 0.922222221875 0.58125 0.95
1 0.5901041671875 0.9990740734375001 0.5901041671875 0.9925925921875001 0.5848958328125 0.9768518515625001 0.5682291671875 0.9490740734375 0.5609375 0.9388888890624999 0.525 0.9074074078125 0.5067708328125 0.909259259375 0.4921875 0.9231481484374999 0.49010416718750005 0.9277777781250001 0.49427083281249995 0.9351851859375 0.5395833328124999 0.9990740734375001 0.5901041671875 0.9990740734375001
1 0.7671875 0.63055555625 0.7765625 0.6333333328124999 0.8015625 0.6564814812499999 0.8005208328125001 0.6703703703125 0.7942708328125 0.6833333328125 0.790625 0.703703703125 0.7890625 0.7268518515625 0.7828125 0.7583333328124999 0.78125 0.7861111109375 0.7828125 0.7870370375 0.7880208328125 0.747222221875 0.7984375 0.73148148125 0.7984375 0.7259259265625 0.8026041671874999 0.725 0.809375 0.715740740625 0.8130208328125 0.7185185187500001 0.8104166671874999 0.7666666671875 0.8119791671875 0.772222221875 0.8140625 0.772222221875 0.8182291671874999 0.727777778125 0.8192708328125 0.6879629625 0.825 0.6361111109375 0.8359375 0.5879629625 0.8427083328125 0.5398148140625 0.8385416671874999 0.50648148125 0.8302083328125001 0.48518518593750004 0.8151041671874999 0.4675925921875 0.8026041671874999 0.4620370375 0.7859375 0.465740740625 0.7692708328125 0.48981481406249994 0.7625 0.5083333328124999 0.7546875 0.5638888890625 0.7572916671875001 0.58148148125 0.7541666671875 0.6 0.7546875 0.6203703703125 0.7671875 0.63055555625
1 0.7244791671875 0.5351851859375001 0.7296875 0.5018518515625 0.7317708328125 0.4620370375 0.7302083328125 0.4509259265625 0.7234375 0.43148148124999997 0.709375 0.41018518593750003 0.6947916671875001 0.40555555625000006 0.684375 0.41111111093749997 0.6713541671875001 0.43518518593750005 0.6640625 0.47407407343749997 0.6635416671875001 0.49444444374999996 0.71875 0.5379629625 0.721875 0.5388888890625 0.7244791671875 0.5351851859375001
1 0.915625 0.43518518593750005 0.9296875 0.43981481406249995 0.9328125 0.44629629687500005 0.9296875 0.45648148125 0.921875 0.4620370375 0.9125 0.5166666671875 0.9213541671875 0.5231481484375 0.9213541671875 0.5259259265625 0.9010416671874999 0.621296296875 0.9041666671874999 0.6268518515625 0.9208333328125 0.5527777781250001 0.9395833328125001 0.5351851859375001 0.9416666671874999 0.5379629625 0.9416666671874999 0.546296296875 0.9364583328125 0.5879629625 0.9390625 0.5916666671875 0.9416666671874999 0.5879629625 0.9494791671874999 0.521296296875 0.95 0.5 0.9588541671874999 0.4703703703125 0.9729166671874999 0.4074074078125 0.9708333328125001 0.3990740734375 0.9734375 0.3851851859375 0.9713541671874999 0.3648148140625 0.9630208328125001 0.3416666671875 0.946875 0.3296296296875 0.9328125 0.3296296296875 0.9197916671874999 0.3379629625 0.9052083328125 0.3611111109375 0.9010416671874999 0.3796296296875 0.8994791671875 0.4018518515625 0.9 0.41944444374999995 0.9036458328125001 0.427777778125 0.9098958328125001 0.42592592656250006 0.915625 0.43518518593750005
1 0.5953125 0.44351851875000003 0.5989583328125 0.4388888890625 0.6 0.4129629625 0.5984375 0.40833333281249995 0.6015625 0.403703703125 0.5875 0.3768518515625 0.5723958328125 0.3601851859375 0.5635416671875 0.3583333328125 0.5515625 0.36759259218749996 0.5473958328124999 0.3731481484375 0.540625 0.396296296875 0.5401041671875 0.4046296296875 0.5432291671875 0.41018518593750003 0.5489583328125 0.41111111093749997 0.5953125 0.44351851875000003
1 0.5177083328125 0.35555555625 0.5109375 0.32685185156249996 0.4994791671875 0.3101851859375 0.48645833281249995 0.3111111109375 0.4739583328125 0.33148148125 0.471875 0.3453703703125 0.5171875 0.3796296296875 0.51875 0.377777778125 0.5177083328125 0.35555555625
1 0.4479166671875 0.3759259265625 0.45 0.3361111109375 0.44895833281249997 0.302777778125 0.4447916671875 0.2833333328125 0.43958333281249995 0.272222221875 0.4302083328125 0.2629629625 0.4203125 0.2638888890625 0.4114583328125 0.2768518515625 0.4057291671875 0.29814814843750004 0.4067708328125 0.309259259375 0.425 0.3240740734375 0.428125 0.3611111109375 0.4479166671875 0.3759259265625
1 0.6088541671875001 0.222222221875 0.6072916671875 0.259259259375 0.6109375 0.25740740781250004 0.6114583328125 0.24351851875000002 0.615625 0.22777777812500002 0.6145833328125 0.2046296296875 0.6098958328124999 0.1888888890625 0.6026041671875 0.1768518515625 0.5953125 0.172222221875 0.5869791671875 0.1740740734375 0.5776041671875001 0.1888888890625 0.5765625 0.19444444375 0.5786458328124999 0.197222221875 0.6052083328125 0.2101851859375 0.6088541671875001 0.222222221875
1 0.6640625 0.2009259265625 0.6578125 0.19444444375 0.6536458328125 0.1925925921875 0.6447916671875 0.196296296875 0.6328125 0.21574074062499998 0.63125 0.2203703703125 0.6734375 0.2398148140625 0.6703125 0.2138888890625 0.6640625 0.2009259265625
1 0.7130208328125 0.309259259375 0.715625 0.29351851875 0.7125 0.2759259265625 0.715625 0.26574074062499997 0.74375 0.2759259265625 0.7364583328125 0.24259259218749998 0.7276041671875 0.23148148124999998 0.7171875 0.22777777812500002 0.7072916671875 0.23148148124999998 0.6973958328125 0.2416666671875 0.6911458328125 0.2518518515625 0.6875 0.275 0.6869791671875001 0.309259259375 0.7041666671875 0.31944444375000003 0.7083333328125 0.31944444375000003 0.7130208328125 0.309259259375
1 0.815625 0.315740740625 0.8375 0.322222221875 0.8375 0.3138888890625 0.8317708328125001 0.2916666671875 0.8234375 0.27870370312500004 0.8140625 0.2740740734375 0.8052083328125 0.275 0.79375 0.2824074078125 0.7864583328125 0.29444444375 0.7838541671875 0.322222221875 0.7828125 0.3611111109375 0.8083333328125001 0.375 0.8114583328125 0.36296296250000004 0.815625 0.315740740625
1 0.9651041671874999 0.2398148140625 0.9703125 0.1990740734375 0.9625 0.20740740781250003 0.9583333328125001 0.2175925921875 0.946875 0.2203703703125 0.9458333328125 0.22777777812500002 0.9453125 0.2398148140625 0.9583333328125001 0.2453703703125 0.9619791671875 0.24351851875000002 0.9651041671874999 0.2398148140625
1 0.9697916671875 0.3416666671875 0.9817708328125001 0.3398148140625 0.9869791671874999 0.32592592656249997 0.9994791671875 0.2740740734375 0.9994791671875 0.177777778125 0.99375 0.17314814843749998 0.9875 0.18055555625 0.9708333328125001 0.2824074078125 0.9692708328125 0.3046296296875 0.9661458328125001 0.3138888890625 0.965625 0.31851851875000003 0.9682291671875 0.325 0.9666666671874999 0.3379629625 0.9697916671875 0.3416666671875
8 0.1921875 0.5324074078125001 0.1901041671875 0.5231481484375 0.1838541671875 0.521296296875 0.1697916671875 0.534259259375 0.1666666671875 0.540740740625 0.1739583328125 0.5490740734374999 0.1895833328125 0.5388888890625 0.1921875 0.5324074078125001
8 0.1135416671875 0.4509259265625 0.1119791671875 0.44259259218749997 0.1088541671875 0.43981481406249995 0.09895833281250001 0.44351851875000003 0.09635416718749999 0.447222221875 0.103125 0.4583333328125 0.1067708328125 0.4583333328125 0.1135416671875 0.4509259265625
7 0.3864583328125 0.9888888890624999 0.3838541671875 0.9990740734375001 0.45208333281249996 0.9990740734375001 0.45104166718750005 0.9601851859374999 0.4484375 0.9546296296874999 0.3802083328125 0.852777778125 0.3723958328125 0.85 0.371875 0.8416666671874999 0.365625 0.8296296296874999 0.3583333328125 0.825 0.35208333281250004 0.8129629625 0.34427083281250004 0.8129629625 0.3458333328125 0.85 0.3552083328125 0.9277777781250001 0.38229166718749996 0.9759259265625 0.3864583328125 0.9888888890624999
7 0.2744791671875 0.8101851859375 0.2791666671875 0.8120370375 0.2942708328125 0.83055555625 0.31875 0.8703703703125001 0.3229166671875 0.871296296875 0.3244791671875 0.86851851875 0.3229166671875 0.8490740734375001 0.3260416671875 0.8259259265625 0.3166666671875 0.803703703125 0.3109375 0.7518518515625 0.24739583281250002 0.6574074078125001 0.2322916671875 0.6416666671875 0.2322916671875 0.6601851859375001 0.24739583281250002 0.75555555625 0.2625 0.7805555562500001 0.2744791671875 0.8101851859375
7 0.2026041671875 0.678703703125 0.21770833281250002 0.690740740625 0.2208333328125 0.7046296296875 0.2286458328125 0.7083333328125 0.22291666718749997 0.665740740625 0.20989583281250002 0.5990740734375 0.1796875 0.5601851859375 0.1692708328125 0.540740740625 0.165625 0.5416666671875 0.1541666671875 0.5240740734375 0.1463541671875 0.51851851875 0.1447916671875 0.5259259265625 0.1651041671875 0.621296296875 0.178125 0.646296296875 0.2026041671875 0.678703703125
7 0.0447916671875 0.4703703703125 0.0442708328125 0.4824074078125 0.0463541671875 0.48981481406249994 0.0515625 0.4953703703125 0.0546875 0.49351851875 0.0557291671875 0.4731481484375 0.058333332812500006 0.46666666718750005 0.0682291671875 0.47592592656250005 0.078125 0.4953703703125 0.0822916671875 0.49444444374999996 0.0635416671875 0.3981481484375 0.0322916671875 0.34444444375 0.0276041671875 0.34351851875 0.0338541671875 0.3981481484375 0.0385416671875 0.41851851875 0.0494791671875 0.4481481484375 0.0447916671875 0.4703703703125
7 0.09427083281250001 0.5120370375000001 0.1119791671875 0.54444444375 0.1270833328125 0.5629629625 0.1416666671875 0.5888888890625 0.1463541671875 0.5879629625 0.1473958328125 0.5833333328125 0.125 0.4888888890625 0.1078125 0.46388888906250003 0.10833333281249999 0.45555555625000005 0.1119791671875 0.45277777812500003 0.1119791671875 0.44444444375 0.103125 0.44166666718750003 0.096875 0.44629629687500005 0.08333333281250001 0.427777778125 0.0760416671875 0.42314814843750004 0.07552083281250001 0.4296296296875 0.0817708328125 0.4546296296875 0.0838541671875 0.47407407343749997 0.09427083281250001 0.5120370375000001
7 0.7484375 0.6759259265625001 0.7520833328125 0.622222221875 0.75625 0.5953703703125 0.753125 0.5740740734374999 0.7401041671875 0.5629629625 0.7270833328124999 0.5574074078125 0.7192708328124999 0.5453703703125 0.7135416671875 0.5416666671875 0.7125 0.5361111109375 0.7010416671875 0.5324074078125001 0.6640625 0.5009259265625 0.6578125 0.5 0.6546875 0.5388888890625 0.6546875 0.5916666671875 0.7161458328125 0.647222221875 0.7442708328125 0.6768518515624999 0.7484375 0.6759259265625001
7 0.5666666671875 0.521296296875 0.5770833328125 0.5240740734375 0.5864583328124999 0.5370370375 0.6161458328125 0.5638888890625 0.6223958328125 0.5638888890625 0.6244791671875001 0.51944444375 0.6239583328125 0.4703703703125 0.5864583328124999 0.4379629625 0.5494791671875 0.41111111093749997 0.5442708328125 0.415740740625 0.546875 0.4296296296875 0.5421875 0.45 0.54375 0.5009259265625 0.5666666671875 0.521296296875
7 0.5213541671875 0.47592592656250005 0.5223958328125 0.384259259375 0.4682291671875 0.34444444375 0.4546875 0.34444444375 0.4536458328125 0.38148148125 0.4557291671875 0.425 0.5171875 0.47592592656250005 0.5213541671875 0.47592592656250005
7 0.4291666671875 0.40833333281249995 0.4291666671875 0.3638888890625 0.42552083281249997 0.3240740734375 0.3729166671875 0.2851851859375 0.36875 0.2851851859375 0.36875 0.29444444375 0.37447916718749996 0.3638888890625 0.4291666671875 0.40833333281249995
7 0.3255208328125 0.340740740625 0.32083333281250004 0.3490740734375 0.32083333281250004 0.3574074078125 0.33645833281250004 0.35925925937500003 0.3375 0.3379629625 0.3427083328125 0.3351851859375 0.359375 0.35 0.3640625 0.3490740734375 0.3625 0.315740740625 0.3572916671875 0.272222221875 0.3104166671875 0.23611111093749998 0.3088541671875 0.2379629625 0.3166666671875 0.3111111109375 0.3244791671875 0.31944444375000003 0.32760416718749996 0.328703703125 0.3255208328125 0.340740740625
7 0.5197916671875 0.23240740781250002 0.5328125 0.2379629625 0.5322916671875 0.17314814843749998 0.48854166718750003 0.1481481484375 0.4895833328125 0.21111111093749999 0.4953125 0.2166666671875 0.5029515625000001 0.2175925921875 0.5197916671875 0.23240740781250002
7 0.6125 0.21296296250000002 0.6109375 0.2018518515625 0.6078125 0.209259259375 0.5572916671875 0.1861111109375 0.5510416671875 0.1861111109375 0.5510416671875 0.2518518515625 0.6036458328125 0.2824074078125 0.6104166671875 0.23611111093749998 0.6125 0.21296296250000002
7 0.6552083328125 0.3101851859375 0.68125 0.32592592656249997 0.6838541671875 0.3231481484375 0.6875 0.2518518515625 0.6604166671875 0.23333333281250002 0.6270833328125 0.21944444375 0.6244791671875001 0.222222221875 0.6239583328125 0.2518518515625 0.6239583328125 0.290740740625 0.6416666671875 0.302777778125 0.6473958328125 0.3018518515625 0.6552083328125 0.3101851859375
7 0.7197916671875 0.3574074078125 0.7239583328125 0.35555555625 0.7322916671875 0.3620370375 0.7286458328125 0.3740740734375 0.7255208328125 0.3768518515625 0.7244791671875 0.3916666671875 0.7322916671875 0.3981481484375 0.7411458328125 0.396296296875 0.7447916671875 0.3879629625 0.7416666671875001 0.378703703125 0.7427083328124999 0.36666666718749996 0.7463541671875 0.36296296250000004 0.7583333328124999 0.3731481484375 0.7791666671875 0.38240740781250004 0.7822916671875 0.3574074078125 0.7848958328125 0.3018518515625 0.7630208328125 0.2925925921875 0.7223958328125 0.2666666671875 0.7119791671875 0.2675925921875 0.7151041671875 0.29444444375 0.7083333328125 0.321296296875 0.7083333328125 0.3425925921875 0.7197916671875 0.3574074078125
7 0.8401041671874999 0.4203703703125 0.8354166671875 0.43333333281249997 0.8270833328125 0.447222221875 0.8296875 0.45648148125 0.8421875 0.4601851859375 0.8453125 0.4583333328125 0.8526041671875 0.4240740734375 0.8927083328125001 0.44444444375 0.8989583328125 0.41203703750000004 0.8994791671875 0.384259259375 0.9036458328125001 0.35925925937500003 0.8171875 0.3138888890625 0.8119791671875 0.3231481484375 0.8140625 0.340740740625 0.8119791671875 0.3620370375 0.8083333328125001 0.3759259265625 0.8078125 0.396296296875 0.809375 0.3990740734375 0.8395833328125001 0.4166666671875 0.8401041671874999 0.4203703703125
2 0.6260416671875 0.847222221875 0.634375 0.8620370375 0.6375 0.85648148125 0.6385416671875 0.8453703703125001 0.6416666671875 0.8074074078125 0.6401041671875001 0.797222221875 0.6411458328124999 0.7861111109375 0.6380208328125 0.7805555562500001 0.6265625 0.7824074078125001 0.6223958328125 0.796296296875 0.6166666671875001 0.8055555562500001 0.615625 0.81851851875 0.6182291671875 0.8259259265625 0.61875 0.840740740625 0.6260416671875 0.847222221875
2 0.63125 0.7509259265625 0.6229166671875 0.746296296875 0.621875 0.7490740734375 0.6265625 0.7620370375000001 0.6390625 0.7629629625 0.6390625 0.759259259375 0.63125 0.7509259265625
2 0.4380208328125 0.5833333328125 0.42604166718750003 0.571296296875 0.421875 0.590740740625 0.421875 0.6611111109375 0.42760416718750005 0.66944444375 0.4390625 0.672222221875 0.4380208328125 0.5833333328125
2 0.34322916718749996 0.43055555625 0.3260416671875 0.415740740625 0.3302083328125 0.4370370375 0.3401041671875 0.4453703703125 0.3453125 0.4388888890625 0.34322916718749996 0.43055555625
2 0.3182291671875 0.48842592656250006 0.3192708328125 0.5148148140625 0.3229166671875 0.5175925921875 0.3291666671875 0.5129629625 0.328125 0.44629629687500005 0.3177083328125 0.425 0.3135416671875 0.4268518515625 0.31302083281250004 0.4583333328125 0.3161458328125 0.4675925921875 0.3140625 0.47407407343749997 0.3182291671875 0.48842592656250006