7 0.2640625 0.75555555625 0.2671875 0.75 0.27291666718749996 0.753703703125 0.2979166671875 0.75 0.3020833328125 0.75648148125 0.3005208328125 0.7629629625 0.3020833328125 0.7787037031249999 0.2984375 0.7824074078125001 0.2958333328125 0.79351851875 0.2989583328125 0.8018518515625 0.340625 0.7953703703125 0.3635416671875 0.765740740625 0.365625 0.759259259375 0.3640625 0.7490740734375 0.36666666718749996 0.740740740625 0.3994791671875 0.7361111109375 0.40416666718750005 0.727777778125 0.3984375 0.6583333328125 0.3916666671875 0.627777778125 0.39010416718749996 0.6 0.3802083328125 0.5314814812499999 0.2234375 0.5694444437499999 0.22239583281250003 0.5824074078125 0.2244791671875 0.6 0.24635416718749997 0.75555555625 0.2640625 0.75555555625
7 0.39114583281250004 0.6120370375 0.39375 0.6351851859375001 0.39895833281250004 0.6601851859375001 0.4046875 0.7388888890625 0.4171875 0.740740740625 0.48020833281249997 0.734259259375 0.484375 0.740740740625 0.4703125 0.775 0.46770833281249996 0.7833333328125 0.46875 0.7888888890625 0.5171875 0.7870370375 0.5213541671875 0.7861111109375 0.525 0.7796296296875 0.5317708328124999 0.759259259375 0.5385416671875001 0.747222221875 0.540625 0.728703703125 0.5958333328125 0.7166666671875 0.5875 0.5833333328125 0.5770833328125 0.4990740734375 0.5729166671875 0.49629629687500004 0.5322916671875 0.4981481484375 0.4046875 0.525 0.3854166671875 0.5324074078125001 0.3890625 0.5740740734374999 0.3880208328125 0.58148148125 0.3927083328125 0.60648148125 0.39114583281250004 0.6120370375
7 0.5994791671875 0.7185185187500001 0.6026041671875 0.725 0.6307291671875 0.7185185187500001 0.6789932296875001 0.7166666671875 0.6848958328125 0.7351851859375 0.6786458328125 0.7666666671875 0.678125 0.775 0.6807291671875 0.7787037031249999 0.7369791671875 0.7759259265625 0.746875 0.771296296875 0.7520833328125 0.7324074078125 0.7515625 0.7231481484375 0.7552083328125 0.7120370375 0.809375 0.7074074078125 0.8338541671874999 0.7009259265625001 0.8348958328125 0.6888888890625 0.8296875 0.6296296296875 0.8291666671875 0.5962962968750001 0.8229166671874999 0.55 0.8192708328125 0.4601851859375 0.8161458328125001 0.44629629687500005 0.796875 0.4453703703125 0.7119791671875 0.46481481406249997 0.6927083328125 0.4620370375 0.6770833328125 0.4731481484375 0.5901041671875 0.4888888890625 0.5802083328125 0.4953703703125 0.584375 0.55648148125 0.5916666671875 0.6138888890625 0.5973958328125 0.7046296296875 0.5994791671875 0.7185185187500001
7 0.83125 0.5935185187500001 0.8317708328125001 0.6296296296875 0.8375 0.6972222218749999 0.8427083328125 0.7009259265625001 0.8609375 0.7009259265625001 0.9395833328125001 0.696296296875 0.9427083328125001 0.702777778125 0.9385416671875 0.7148148140624999 0.9411458328125001 0.7398148140624999 0.9458333328125 0.7638888890625 0.9484375 0.7675925921875 0.9994791671875 0.7666666671875 0.9994791671875 0.397222221875 0.8322916671874999 0.43055555625 0.8213541671875 0.4379629625 0.8197916671875 0.44351851875000003 0.825 0.502777778125 0.8260416671874999 0.5481481484375 0.83125 0.5935185187500001
7 0.8026041671874999 0.44444444375 0.8052083328125 0.44259259218749997 0.8052083328125 0.4370370375 0.803125 0.4074074078125 0.7979166671875 0.40555555625000006 0.596875 0.4583333328125 0.5869791671875 0.46481481406249997 0.5869791671875 0.48518518593750004 0.5932291671875001 0.48703703750000005 0.6505208328125 0.477777778125 0.8026041671874999 0.44444444375
8 0.40052083281249995 0.7925925921875 0.403125 0.7759259265625 0.4010416671875 0.7703703703125 0.3942708328125 0.76944444375 0.38125 0.7814814812499999 0.3807291671875 0.7916666671875 0.3838541671875 0.8027777781250001 0.3890625 0.8046296296875 0.40052083281249995 0.7925925921875
8 0.5765625 0.8009259265625 0.584375 0.7898148140625 0.5880208328125 0.7805555562500001 0.5880208328125 0.771296296875 0.5796875 0.765740740625 0.5723958328125 0.7675925921875 0.5630208328124999 0.7731481484375 0.5578125 0.784259259375 0.559375 0.8027777781250001 0.5625 0.80648148125 0.56875 0.80648148125 0.5765625 0.8009259265625
8 0.8276041671875 0.8361111109375001 0.8286458328125 0.8111111109375001 0.8223958328125001 0.797222221875 0.8057291671875 0.79444444375 0.7973958328124999 0.8 0.796875 0.8129629625 0.80625 0.8388888890624999 0.8192708328125 0.8435185187500001 0.8276041671875 0.8361111109375001
5 0.7859375 0.94351851875 0.5953125 0.946296296875 0.5916666671875 0.953703703125 0.5854166671875001 0.9851851859374999 0.5848958328125 0.9990740734375001 0.7880208328125 0.9990740734375001 0.7885416671875001 0.95555555625 0.7859375 0.94351851875
5 0.9994791671875 0.9444444437499999 0.9916666671875 0.9416666671874999 0.875 0.9398148140625 0.8744791671875 0.95648148125 0.878125 0.9990740734375001 0.9994791671875 0.9990740734375001 0.9994791671875 0.9444444437499999
2 0.5875 0.46944444374999994 0.5822916671875 0.465740740625 0.5541666671875001 0.471296296875 0.534375 0.49351851875 0.5421875 0.4953703703125 0.5807291671875 0.4888888890625 0.5869791671875 0.48518518593750004 0.5875 0.46944444374999994
3 0.9546875 0 0.9552083328125001 0.06851851875000001 0.9609375 0.18148148125000002 0.9651041671874999 0.225 0.971875 0.36851851875 0.9744791671874999 0.3740740734375 0.9828125 0.375 0.9994791671875 0.36944444375 0.9994791671875 0 0.9546875 0