7 0 0.9990740734375001 0.2286458328125 0.9990740734375001 0.23020833281250003 0.9888888890624999 0.228125 0.9648148140625 0.228125 0.9083333328125001 0.2260416671875 0.9055555562500001 0.2203125 0.8648148140625 0.21770833281250002 0.803703703125 0.21770833281250002 0.7879629625 0.2203125 0.7731481484375 0.2166666671875 0.74351851875 0.2109375 0.7324074078125 0.209375 0.722222221875 0.209375 0.6981481484375001 0.2026041671875 0.65 0.1921875 0.6509259265625 0.1838541671875 0.659259259375 0.0901041671875 0.715740740625 0.07864583281250001 0.7194444437499999 0.0057291671875 0.7620370375000001 0 0.765740740625 0 0.9990740734375001
7 0.21979166718749998 0.703703703125 0.21979166718749998 0.7268518515625 0.22239583281250003 0.7379629624999999 0.2260416671875 0.8231481484375 0.228125 0.827777778125 0.22760416718749998 0.8518518515625001 0.23072916718749997 0.8601851859374999 0.23177083281250002 0.884259259375 0.2375 0.8981481484374999 0.240625 0.922222221875 0.2416666671875 0.952777778125 0.2401041671875 0.9629629625 0.2421875 0.9666666671874999 0.23958333281250002 0.978703703125 0.2442708328125 0.9851851859374999 0.2442708328125 0.99351851875 0.246875 0.9990740734375001 0.4234375 0.997222221875 0.4401041671875 0.9740740734375001 0.44114583281249997 0.9694444437499999 0.4348958328125 0.9518518515625001 0.421875 0.946296296875 0.4192708328125 0.9398148140625 0.4057291671875 0.9388888890624999 0.40416666718750005 0.93148148125 0.39895833281250004 0.9333333328125001 0.3947916671875 0.9305555562500001 0.3932291671875 0.925 0.3963541671875 0.9148148140625001 0.41614583281249995 0.8888888890625 0.421875 0.8768518515625001 0.4359375 0.8731481484374999 0.4375 0.8620370375 0.4838541671875 0.8027777781250001 0.4817708328125 0.772222221875 0.484375 0.75555555625 0.48072916718750003 0.734259259375 0.48229166718750005 0.703703703125 0.4796875 0.7018518515625 0.4817708328125 0.6888888890625 0.47760416718750004 0.6851851859375 0.4791666671875 0.6796296296875 0.4791666671875 0.6453703703125 0.4692708328125 0.5018518515625 0.46666666718750005 0.4916666671875 0.446875 0.497222221875 0.3411458328125 0.5601851859375 0.3369791671875 0.5675925921875 0.2713541671875 0.6074074078125 0.24375 0.627777778125 0.22395833281250002 0.634259259375 0.2203125 0.64351851875 0.2166666671875 0.64444444375 0.21510416718749997 0.647222221875 0.2166666671875 0.6537037031249999 0.21614583281250002 0.6777777781250001 0.21979166718749998 0.703703703125
7 0.48802083281249997 0.8018518515625 0.49427083281249995 0.803703703125 0.5130208328125 0.784259259375 0.5645833328125 0.8018518515625 0.5880208328125 0.7675925921875 0.5932291671875001 0.7518518515625 0.5786458328124999 0.7490740734375 0.5760416671875 0.74351851875 0.571875 0.7453703703125 0.5635416671875 0.7416666671875001 0.5609375 0.7361111109375 0.5575520828125 0.7361111109375 0.5536458328125 0.7268518515625 0.609375 0.6509259265625 0.6083333328125 0.6111111109375 0.603125 0.5574074078125 0.59375 0.40833333281249995 0.5875 0.4074074078125 0.525 0.44629629687500005 0.4692708328125 0.4879629625 0.4682291671875 0.49351851875 0.47239583281249997 0.5398148140625 0.48125 0.73055555625 0.48802083281249997 0.8018518515625
7 0.6145833328125 0.6259259265625 0.6130208328125 0.6453703703125 0.6171875 0.6509259265625 0.63125 0.652777778125 0.6369791671875 0.6601851859375001 0.6380208328125 0.665740740625 0.6453125 0.6555555562500001 0.6697916671875 0.6611111109375 0.6885416671875 0.63055555625 0.6848958328125 0.6259259265625 0.6625 0.61851851875 0.6640625 0.5962962968750001 0.6875 0.5675925921875 0.6942708328125 0.5546296296875 0.6932291671875 0.35925925937500003 0.6885416671875 0.35648148125 0.6598958328125 0.372222221875 0.6140625 0.403703703125 0.6125 0.41018518593750003 0.6145833328125 0.5490740734374999 0.6135416671875 0.6018518515625 0.6114583328125 0.6148148140624999 0.6145833328125 0.6259259265625
7 0.6963541671875 0.5620370375 0.6942708328125 0.5675925921875 0.6979166671875 0.571296296875 0.7369791671875 0.577777778125 0.7421875 0.5722222218749999 0.75 0.5555555562500001 0.7473958328125 0.5509259265625001 0.7276041671875 0.54444444375 0.7276041671875 0.5314814812499999 0.7484375 0.497222221875 0.7536458328125 0.32592592656249997 0.746875 0.32592592656249997 0.7229166671875 0.3425925921875 0.7088541671875 0.353703703125 0.7026041671875001 0.3638888890625 0.6994791671875 0.490740740625 0.696875 0.5166666671875 0.6984375 0.5314814812499999 0.6963541671875 0.5620370375
7 0.3458333328125 0.5 0.3494791671875 0.5083333328124999 0.3625 0.5129629625 0.3807291671875 0.5129629625 0.396875 0.5018518515625 0.3963541671875 0.4953703703125 0.3885416671875 0.4916666671875 0.375 0.4916666671875 0.3729166671875 0.4768518515625 0.3927083328125 0.46851851875 0.4166666671875 0.45277777812500003 0.40833333281249995 0.31759259218749997 0.321875 0.3416666671875 0.328125 0.45648148125 0.3333333328125 0.49629629687500004 0.33541666718749996 0.5 0.3458333328125 0.5
7 0.21875 0.5490740734374999 0.23177083281250002 0.5731481484375001 0.25625 0.5796296296875 0.2692708328125 0.5759259265625001 0.2947916671875 0.55648148125 0.2796875 0.5361111109375 0.2791666671875 0.5268518515625 0.2942708328125 0.5166666671875 0.303125 0.5018518515625 0.30625 0.5046296296875 0.3182291671875 0.4953703703125 0.3104166671875 0.3453703703125 0.20416666718749998 0.3731481484375 0.1885416671875 0.38055555625 0.18802083281249998 0.39351851875 0.2010416671875 0.5527777781250001 0.20625 0.5555555562500001 0.21875 0.5490740734374999
7 0 0.47592592656250005 0.0083333328125 0.5370370375 0.0135416671875 0.5953703703125 0.0208333328125 0.6370370375000001 0.0203125 0.6583333328125 0.0229166671875 0.665740740625 0.0333333328125 0.66944444375 0.0411458328125 0.665740740625 0.0489583328125 0.6564814812499999 0.0640625 0.6537037031249999 0.07552083281250001 0.6453703703125 0.0796875 0.652777778125 0.07760416718749999 0.6620370375 0.0802083328125 0.6648148140625 0.1057291671875 0.6740740734374999 0.1140625 0.6731481484375 0.15572916718750002 0.6453703703125 0.153125 0.6379629625 0.1348958328125 0.6296296296875 0.1328125 0.6148148140624999 0.1546875 0.6009259265625 0.1578125 0.5944444437499999 0.1666666671875 0.5962962968750001 0.1817708328125 0.5879629625 0.1901041671875 0.5740740734374999 0.196875 0.5759259265625001 0.20208333281250002 0.5638888890625 0.1875 0.384259259375 0.1854166671875 0.38148148125 0.128125 0.39351851875 0.0052083328125 0.434259259375 0 0.4370370375 0 0.47592592656250005
7 0 0.6851851859375 0.017708332812499998 0.6768518515624999 0.0182291671875 0.6731481484375 0.0234375 0.66944444375 0.0192708328125 0.6259259265625 0.0151041671875 0.60555555625 0.014583332812499999 0.5879629625 0.0078125 0.55 0.0015625 0.48333333281249996 0 0.48333333281249996 0 0.6851851859375
7 0 0.42870370312499995 0.08333333281250001 0.40555555625000006 0.11822916718750001 0.3898148140625 0.11614583281249999 0.34444444375 0.1109375 0.3398148140625 0.1078125 0.3296296296875 0.0026041671875 0.3453703703125 0 0.34629629687499996 0 0.42870370312499995
7 0.2182291671875 0.36666666718749996 0.221875 0.3648148140625 0.22291666718749997 0.3601851859375 0.2203125 0.3101851859375 0.1265625 0.32592592656249997 0.1213541671875 0.3296296296875 0.1203125 0.3416666671875 0.1223958328125 0.3768518515625 0.1260416671875 0.39074074062499997 0.2182291671875 0.36666666718749996
8 0.20052083281250002 0.634259259375 0.20208333281250002 0.622222221875 0.1979166671875 0.6148148140624999 0.18697916718750002 0.6138888890625 0.18125 0.615740740625 0.1734375 0.625 0.17239583281249998 0.6268518515625 0.1770833328125 0.6351851859375001 0.1932291671875 0.6388888890625 0.20052083281250002 0.634259259375
8 0.3380208328125 0.55 0.3375 0.5398148140625 0.3333333328125 0.5370370375 0.3203125 0.5425925921875 0.3213541671875 0.5527777781250001 0.325 0.5583333328125 0.3348958328125 0.5574074078125 0.3380208328125 0.55
8 0.4114583328125 0.48425925937500003 0.4114583328125 0.48055555625 0.40625 0.475 0.4 0.475 0.3895833328125 0.4824074078125 0.3880208328125 0.4888888890625 0.3921875 0.4916666671875 0.40416666718750005 0.490740740625 0.4114583328125 0.48425925937500003
8 0.4703125 0.9 0.4765625 0.8925925921875001 0.47864583281249995 0.877777778125 0.47447916718750005 0.8666666671875 0.46666666718750005 0.8601851859374999 0.44947916718750003 0.859259259375 0.43958333281249995 0.8638888890624999 0.4375 0.872222221875 0.4213541671875 0.8851851859375 0.4213541671875 0.89444444375 0.43072916718750004 0.9074074078125 0.4453125 0.9074074078125 0.4703125 0.9
8 0.6203125 0.7203703703125 0.6239583328125 0.7138888890625 0.6244791671875001 0.7046296296875 0.6151041671875 0.69351851875 0.6036458328125 0.69351851875 0.5875 0.702777778125 0.584375 0.7083333328125 0.5833333328125 0.7194444437499999 0.5864583328124999 0.725 0.6010416671875001 0.727777778125 0.6203125 0.7203703703125
8 0.6364583328125 0.6851851859375 0.6421875 0.6703703703125 0.6411458328124999 0.665740740625 0.6328125 0.6601851859375001 0.6213541671875 0.6611111109375 0.6140625 0.66851851875 0.6145833328125 0.6888888890625 0.61875 0.6925925921875 0.6265625 0.6925925921875 0.6364583328125 0.6851851859375
8 0.7786458328125 0.5388888890625 0.7760416671875 0.5287037031249999 0.7692708328125 0.525 0.759375 0.5259259265625 0.7489583328125 0.5333333328125 0.7473958328125 0.540740740625 0.7515625 0.5453703703125 0.7755208328125 0.54444444375 0.7786458328125 0.5388888890625
5 0.7802083328125 0.7861111109375 0.7880208328125 0.7601851859375001 0.803125 0.6925925921875 0.7973958328124999 0.6861111109375 0.778125 0.6796296296875 0.7557291671875 0.7194444437499999 0.7328125 0.7703703703125 0.7322916671875 0.7787037031249999 0.7348958328124999 0.7805555562500001 0.7755208328125 0.79444444375 0.7802083328125 0.7861111109375
1 0.8671875 0.8361111109375001 0.8890625 0.8388888890624999 0.9729166671874999 0.86851851875 0.9911458328125 0.8703703703125001 0.9958333328125001 0.8675925921875001 0.9994791671875 0.8583333328125 0.9994791671875 0.7787037031249999 0.9770833328125 0.747222221875 0.8791666671874999 0.725 0.8614583328125001 0.728703703125 0.8578125 0.734259259375 0.8546875 0.747222221875 0.853125 0.75555555625 0.8583333328125 0.8138888890624999 0.8604166671875 0.8259259265625 0.8671875 0.8361111109375001
1 0.9994791671875 0.9990740734375001 0.9994791671875 0.88148148125 0.8958333328125001 0.8435185187500001 0.8645833328125001 0.840740740625 0.8583333328125 0.8453703703125001 0.8520833328125 0.85648148125 0.840625 0.9259259265625 0.8411458328125001 0.9518518515625001 0.8447916671875 0.9740740734375001 0.8635416671874999 0.9990740734375001 0.9994791671875 0.9990740734375001
1 0.3020833328125 0.5287037031249999 0.346875 0.5018518515625 0.3463541671875 0.4990740734375 0.3375 0.5018518515625 0.3328125 0.49629629687500004 0.33125 0.46666666718750005 0.32864583281250004 0.45370370312499997 0.3244791671875 0.45370370312499997 0.3182291671875 0.4611111109375 0.31979166718749996 0.490740740625 0.3161458328125 0.5018518515625 0.3010416671875 0.5166666671875 0.3020833328125 0.5287037031249999