7 0 0.7824074078125001 0.0380208328125 0.7629629625 0.0265625 0.7101851859375 0.1109375 0.672222221875 0.1166666671875 0.6666666671875 0.09322916718749999 0.44629629687500005 0.0869791671875 0.44259259218749997 0.053125 0.4509259265625 0 0.465740740625 0 0.7824074078125001
7 0.1921875 0.64444444375 0.1916666671875 0.6518518515625 0.1963541671875 0.6648148140625 0.2046875 0.6796296296875 0.20833333281250002 0.6833333328125 0.2171875 0.6796296296875 0.2635416671875 0.6564814812499999 0.2635416671875 0.65 0.24739583281250002 0.621296296875 0.2479166671875 0.6129629624999999 0.2625 0.60648148125 0.2713541671875 0.6083333328125 0.2765625 0.6009259265625 0.2838541671875 0.6 0.2875 0.5944444437499999 0.3046875 0.5879629625 0.31979166718749996 0.5759259265625001 0.3083333328125 0.39074074062499997 0.30625 0.38333333281250004 0.09635416718749999 0.44444444375 0.10833333281249999 0.5824074078125 0.11875 0.6666666671875 0.1885416671875 0.6379629625 0.1921875 0.64444444375
7 0.3369791671875 0.5768518515625 0.346875 0.56851851875 0.3572916671875 0.5731481484375001 0.3630208328125 0.5638888890625 0.3848958328125 0.5574074078125 0.3927083328125 0.5518518515624999 0.3963541671875 0.559259259375 0.3953125 0.5675925921875 0.39010416718749996 0.5731481484375001 0.3895833328125 0.5870370375 0.3875 0.5879629625 0.3885416671875 0.5916666671875 0.3984375 0.5944444437499999 0.40625 0.5944444437499999 0.41197916718750005 0.5888888890625 0.415625 0.5916666671875 0.4192708328125 0.58055555625 0.4145833328125 0.58148148125 0.41041666718750003 0.5759259265625001 0.41041666718750003 0.5638888890625 0.40729166718750004 0.5555555562500001 0.40989583281249997 0.547222221875 0.44322916718750005 0.5333333328125 0.44947916718750003 0.5240740734375 0.4546875 0.527777778125 0.46458333281249997 0.521296296875 0.4796875 0.5175925921875 0.48541666718750004 0.50555555625 0.4791666671875 0.3583333328125 0.478125 0.3416666671875 0.475 0.3351851859375 0.3630208328125 0.3601851859375 0.3098958328125 0.3768518515625 0.3125 0.46388888906250003 0.3213541671875 0.559259259375 0.3255208328125 0.575 0.3369791671875 0.5768518515625
7 0 0.9990740734375001 0.23125 0.9990740734375001 0.2338541671875 0.99351851875 0.2390625 0.996296296875 0.240625 0.99351851875 0.23697916718749998 0.925 0.2348958328125 0.9083333328125001 0.23177083281250002 0.9009259265624999 0.23177083281250002 0.872222221875 0.228125 0.8546296296874999 0.23072916718749997 0.8444444437499999 0.234375 0.8416666671874999 0.2328125 0.8296296296874999 0.2208333328125 0.8296296296874999 0.1666666671875 0.85648148125 0.146875 0.8731481484374999 0.1380208328125 0.8731481484374999 0.0515625 0.91944444375 0.0419270828125 0.928703703125 0.021354167187500002 0.9351851859375 0.0083333328125 0.9453703703125 0 0.9472222218749999 0 0.9990740734375001
7 0.6078125 0.9629629625 0.6223958328125 0.9546296296874999 0.6104166671875 0.9351851859375 0.609375 0.928703703125 0.6036458328125 0.622222221875 0.5994791671875 0.6129629624999999 0.5630208328124999 0.63148148125 0.36770833281250004 0.7583333328124999 0.3604166671875 0.76851851875 0.353125 0.7675925921875 0.24739583281250002 0.8416666671874999 0.2328125 0.8583333328125 0.24635416718749997 0.9990740734375001 0.5880208328125 0.9990740734375001 0.6046875 0.98148148125 0.6078125 0.9629629625
7 0.6109375 0.9601851859374999 0.6151041671875 0.9629629625 0.6322916671875001 0.9425925921875 0.634375 0.9444444437499999 0.6635416671875001 0.9175925921875001 0.7166666671875 0.972222221875 0.7739583328124999 0.909259259375 0.7713541671875 0.9 0.7526041671875 0.8851851859375 0.7286458328125 0.859259259375 0.7317708328125 0.852777778125 0.8145833328125001 0.775 0.8161458328125001 0.7703703703125 0.815625 0.7203703703125 0.8239583328125001 0.646296296875 0.8223958328125001 0.6074074078125 0.8182291671874999 0.5890740734375 0.8192708328125 0.4768518515625 0.8083333328125001 0.477777778125 0.7671875 0.5009259265625 0.6854166671875 0.55 0.5989583328125 0.6074074078125 0.5984375 0.6111111109375 0.603125 0.61944444375 0.6041666671875 0.6268518515625 0.6109375 0.9601851859374999
7 0.8682291671875 0.7546296296875 0.9203125 0.7851851859375001 0.9552083328125001 0.74444444375 0.9567708328125001 0.7388888890625 0.9536458328125 0.734259259375 0.9114583328125001 0.709259259375 0.9125 0.703703703125 0.9244791671874999 0.6898148140625 0.9411458328125001 0.6777777781250001 0.978125 0.6370370375000001 0.9848958328125 0.38055555625 0.9776041671875 0.38055555625 0.9442708328125 0.4 0.8421875 0.46851851875 0.8401041671874999 0.4824074078125 0.8395833328125001 0.5287037031249999 0.8395833328125001 0.7675925921875 0.8458333328125001 0.771296296875 0.8614583328125001 0.75648148125 0.8682291671875 0.7546296296875
8 0.9635416671874999 0.702777778125 0.9677083328125 0.690740740625 0.9604166671875 0.6777777781250001 0.946875 0.672222221875 0.9203125 0.6972222218749999 0.9197916671874999 0.7009259265625001 0.9348958328125001 0.7046296296875 0.9588541671874999 0.70555555625 0.9635416671874999 0.702777778125
8 0.8609375 0.9361111109375001 0.8640625 0.9305555562500001 0.8671875 0.9046296296874999 0.8645833328125001 0.89351851875 0.8567708328125001 0.88055555625 0.8401041671874999 0.872222221875 0.8270833328125 0.8740740734375001 0.8234375 0.877777778125 0.825 0.896296296875 0.8369791671875 0.9259259265625 0.8505208328125 0.9370370375 0.8609375 0.9361111109375001
8 0.6052083328125 0.497222221875 0.6046875 0.49351851875 0.5963541671875 0.4888888890625 0.5875 0.49351851875 0.5875 0.509259259375 0.5916666671875 0.5129629625 0.6010416671875001 0.509259259375 0.6052083328125 0.497222221875
8 0.5010416671875 0.5638888890625 0.5026041671875 0.5574074078125 0.5020833328125 0.5509259265625001 0.49375 0.5416666671875 0.48125 0.54444444375 0.4760416671875 0.55 0.478125 0.5601851859375 0.48802083281249997 0.565740740625 0.49791666718750005 0.565740740625 0.5010416671875 0.5638888890625
8 0.359375 0.628703703125 0.35885416718749996 0.61851851875 0.35 0.609259259375 0.340625 0.6101851859375 0.328125 0.61944444375 0.3265625 0.6259259265625 0.3338541671875 0.634259259375 0.35208333281250004 0.6361111109375 0.359375 0.628703703125
8 0.1484375 0.747222221875 0.1578125 0.7388888890625 0.15572916718750002 0.7203703703125 0.14895833281249998 0.7129629625 0.134375 0.715740740625 0.12395833281249999 0.7259259265625 0.12291666718750001 0.728703703125 0.12552083281249998 0.7361111109375 0.1359375 0.747222221875 0.1484375 0.747222221875
1 0.3848958328125 0.3351851859375 0.3807291671875 0.3324074078125 0.340625 0.340740740625 0.33541666718749996 0.34351851875 0.3322916671875 0.35 0.3296875 0.3611111109375 0.33125 0.36759259218749996 0.39010416718749996 0.352777778125 0.3848958328125 0.3351851859375
5 0 0.9120370375 0.1385416671875 0.8370370375 0.1541666671875 0.8222222218749999 0.1546875 0.80648148125 0.140625 0.8101851859375 0.0609375 0.8518518515625001 0 0.884259259375 0 0.9120370375
5 0.2619791671875 0.7675925921875 0.271875 0.7648148140625 0.3427083328125 0.725 0.35989583281250004 0.7111111109375 0.3619791671875 0.7046296296875 0.3489583328125 0.7009259265625001 0.3328125 0.7083333328125 0.1916666671875 0.7851851859375001 0.1927083328125 0.797222221875 0.19583333281249998 0.8027777781250001 0.2052083328125 0.803703703125 0.2619791671875 0.7675925921875
5 0.5302083328125 0.6111111109375 0.5328125 0.6074074078125 0.5020833328125 0.61944444375 0.396875 0.6759259265625001 0.3973958328125 0.6916666671875 0.40833333281249995 0.690740740625 0.5291666671875 0.6231481484375 0.5302083328125 0.6111111109375
5 0.6619791671875 0.5388888890625 0.6520833328125 0.5388888890625 0.5546875 0.5925925921874999 0.5557291671875 0.6074074078125 0.559375 0.6083333328125 0.6619791671875 0.55 0.6619791671875 0.5388888890625
7 0.520625 0.507225 0.5431250000000001 0.53538148125 0.5839583328125 0.5101888890625 0.5539583328125001 0.487959259375 0.6172916671875 0.45683888906250003 0.615625 0.2966666671875 0.4839583328125 0.335321296875 0.4889583328125 0.5190796296875 0.540625 0.49240555625000004 0.520625 0.507225