1 0.1744791671875 0.9203703703125001 0.178125 0.9379629625 0.1776041671875 0.9472222218749999 0.18020833281249998 0.9546296296874999 0.178125 0.9620370375 0.1807291671875 0.9703703703125001 0.178125 0.977777778125 0.18020833281249998 0.9870370375 0.178125 0.99351851875 0.18125 0.9990740734375001 0.1828125 0.996296296875 0.18697916718750002 0.9990740734375001 0.2953125 0.9990740734375001 0.296875 0.99444444375 0.29375 0.9361111109375001 0.2869791671875 0.9083333328125001 0.2822916671875 0.9037037031249999 0.2791666671875 0.884259259375 0.2598958328125 0.852777778125 0.2416666671875 0.8333333328125001 0.2244791671875 0.8203703703125 0.20416666718749998 0.8138888890624999 0.1859375 0.8138888890624999 0.1734375 0.8175925921875 0.1583333328125 0.828703703125 0.14114583281249998 0.8453703703125001 0.1291666671875 0.8675925921875001 0.12291666718750001 0.8879629625 0.1208333328125 0.9037037031249999 0.1171875 0.9083333328125001 0.11822916718750001 0.9138888890624999 0.12395833281249999 0.9129629625 0.1302083328125 0.9175925921875001 0.1744791671875 0.9203703703125001
1 0.5239583328124999 0.934259259375 0.559375 0.934259259375 0.5614583328125 0.93148148125 0.553125 0.9074074078125 0.5442708328125 0.8925925921875001 0.5177083328125 0.8629629624999999 0.49895833281249996 0.8518518515625001 0.47864583281249995 0.8481481484375 0.4546875 0.8490740734375001 0.4291666671875 0.8648148140625 0.4114583328125 0.8833333328125 0.3927083328125 0.9231481484374999 0.3916666671875 0.9277777781250001 0.3932291671875 0.9296296296875 0.40520833281249996 0.93148148125 0.5239583328124999 0.934259259375
1 0.6963541671875 0.9990740734375001 0.84375 0.9990740734375001 0.8447916671875 0.996296296875 0.8510416671875 0.996296296875 0.8552083328125001 0.9754629625 0.8647567703125001 0.952777778125 0.8703125 0.952777778125 0.8723958328125001 0.9481481484375 0.865625 0.9166666671874999 0.8552083328125001 0.8953703703125001 0.8416666671874999 0.8759259265624999 0.8109375 0.8453703703125001 0.7875 0.8370370375 0.7614583328125 0.8379629625 0.7427083328124999 0.8453703703125001 0.7276041671875 0.85648148125 0.7046875 0.8833333328125 0.6916666671875 0.9101851859375 0.6869791671875001 0.9259259265625 0.6859375 0.9388888890624999 0.6927083328125 0.9444444437499999 0.6947916671875001 0.95 0.6963541671875 0.9990740734375001
1 0.42291666718750004 0.66944444375 0.41822916718750003 0.65361944375 0.41822916718750003 0.5981481484375 0.4114583328125 0.577777778125 0.403125 0.5648148140625 0.3932291671875 0.55648148125 0.38333333281250004 0.5518518515624999 0.378125 0.5546296296875 0.378125 0.6546296296875 0.3739583328125 0.66944444375 0.4057291671875 0.6740740734374999 0.42291666718750004 0.66944444375
1 0.1588541671875 0.6574074078125001 0.1640625 0.6620370375 0.2286458328125 0.6620370375 0.2244791671875 0.5601851859375 0.21510416718749997 0.54444444375 0.2052083328125 0.5370370375 0.19375 0.5333333328125 0.1848958328125 0.5361111109375 0.1817708328125 0.646296296875 0.1776041671875 0.65 0.1598958328125 0.65 0.1588541671875 0.6574074078125001
1 0.9442708328125 0.4981481484375 0.94375 0.477777778125 0.9479166671874999 0.4574074078125 0.9427083328125001 0.44351851875000003 0.9486609375 0.4361111109375 0.9791666671874999 0.43518518593750005 0.9791666671874999 0.4268518515625 0.978125 0.4240740734375 0.9729166671874999 0.4296296296875 0.9682291671875 0.42129629687500003 0.96875 0.38703703749999996 0.9671875 0.38333333281250004 0.9609375 0.3796296296875 0.9390625 0.38333333281250004 0.9229166671875 0.40648148125 0.9166666671874999 0.43240740781250003 0.915625 0.4620370375 0.9098958328125001 0.4703703703125 0.8911458328125 0.4703703703125 0.890625 0.490740740625 0.9041666671874999 0.502777778125 0.9416666671874999 0.503703703125 0.9442708328125 0.4981481484375
1 0.6015625 0.502777778125 0.6010416671875001 0.46666666718750005 0.5880208328125 0.43518518593750005 0.5770833328125 0.42870370312499995 0.5723958328125 0.4296296296875 0.5703125 0.4453703703125 0.5713541671875 0.4620370375 0.5677083328125 0.49351851875 0.5760416671875 0.5046296296875 0.6015625 0.502777778125
1 0.475 0.48981481406249994 0.471875 0.4388888890625 0.4635416671875 0.4296296296875 0.4557291671875 0.42592592656250006 0.44322916718750005 0.42592592656250006 0.4401041671875 0.434259259375 0.4390625 0.475 0.43541666718750005 0.490740740625 0.46875 0.49351851875 0.475 0.48981481406249994
1 0.38333333281250004 0.48981481406249994 0.3807291671875 0.48518518593750004 0.3729166671875 0.4888888890625 0.3661458328125 0.48333333281249996 0.3484375 0.48148148125 0.3479166671875 0.4370370375 0.34322916718749996 0.42129629687500003 0.3260416671875 0.4240740734375 0.315625 0.434259259375 0.3151041671875 0.4763888890625 0.3072916671875 0.4861111109375 0.328125 0.48981481406249994 0.38333333281250004 0.48981481406249994
1 0.6192708328125 0.4138888890625 0.6208333328125 0.3861111109375 0.6119791671875 0.377777778125 0.6020833328124999 0.3759259265625 0.6020833328124999 0.40555555625000006 0.61875 0.4203703703125 0.6177083328124999 0.415740740625 0.6192708328125 0.4138888890625
7 0.509375 0.34351851875 0.5125 0.340740740625 0.5125 0.307777778125 0.5175348953125 0.29722222187499997 0.5463541671875001 0.29722222187499997 0.5515625 0.29444444375 0.5515625 0.290740740625 0.5489583328125 0.2888888890625 0.5005208328124999 0.290740740625 0.5 0.32592592656249997 0.5036458328125 0.33055555625 0.5046875 0.3416666671875 0.509375 0.34351851875
7 0.4078125 0.3574074078125 0.4203125 0.352777778125 0.41979166718750005 0.29722222187499997 0.3692708328125 0.296296296875 0.3661458328125 0.3046296296875 0.36666666718749996 0.3240740734375 0.4036458328125 0.32592592656249997 0.409375 0.3361111109375 0.4078125 0.3574074078125
7 0.49010416718750005 0.296296296875 0.4359375 0.29814814843750004 0.4359375 0.32592592656249997 0.49114583281249996 0.32592592656249997 0.4916666671875 0.29814814843750004 0.49010416718750005 0.296296296875
7 0.5296875 0.33703703749999997 0.5317708328124999 0.3324074078125 0.5692708328125 0.3296296296875 0.5682291671875 0.29814814843750004 0.5171875 0.29722222187499997 0.5140625 0.29907407343750003 0.5130208328125 0.30555555624999997 0.5125 0.3518518515625 0.5161458328124999 0.35925925937500003 0.5291666671875 0.3620370375 0.5296875 0.33703703749999997
7 0.6265625 0.3574074078125 0.6296875 0.352777778125 0.63125 0.3351851859375 0.6473958328125 0.3296296296875 0.6479166671875001 0.32685185156249996 0.6489583328124999 0.3083333328125 0.646875 0.3 0.5911458328125 0.3009259265625 0.590625 0.32777777812500003 0.6010416671875001 0.3324074078125 0.603125 0.35555555625 0.6265625 0.3574074078125
7 0.7041666671875 0.3379629625 0.7036458328124999 0.3546296296875 0.7052083328125 0.3583333328125 0.7197916671875 0.3574074078125 0.7208333328125 0.3101851859375 0.7192708328124999 0.3 0.6619791671875 0.3009259265625 0.6609375 0.3296296296875 0.66875 0.3333333328125 0.6978734375 0.3333333328125 0.7041666671875 0.3379629625
7 0.9401041671874999 0.3101851859375 0.9390625 0.302777778125 0.8760416671875 0.3018518515625 0.8739583328125 0.3083333328125 0.8723958328125001 0.3648148140625 0.9036458328125001 0.36759259218749996 0.9364583328125 0.365740740625 0.9401041671874999 0.3101851859375
7 0.9755208328125 0.3379629625 0.9994791671875 0.3361111109375 0.9994791671875 0.3018518515625 0.9640625 0.302777778125 0.9619791671875 0.3379629625 0.9614583328125 0.3648148140625 0.9666666671874999 0.36759259218749996 0.9697916671875 0.3648148140625 0.9755208328125 0.3379629625
7 0.9744791671874999 0.33703703749999997 0.9713541671874999 0.34444444375 0.9703125 0.36296296250000004 0.96875 0.4203703703125 0.9994791671875 0.42222222187499997 0.9994791671875 0.3351851859375 0.9744791671874999 0.33703703749999997
7 0.7552083328125 0.4074074078125 0.7546875 0.396296296875 0.7598958328125 0.3879629625 0.7994791671875 0.3879629625 0.8015625 0.3851851859375 0.8010416671874999 0.3324074078125 0.7276041671875 0.33055555625 0.725 0.33703703749999997 0.7239583328125 0.40277777812500004 0.7255208328125 0.409259259375 0.753125 0.41018518593750003 0.7552083328125 0.4074074078125
7 0.703125 0.3379629625 0.6994791671875 0.334259259375 0.634375 0.3333333328125 0.63125 0.3361111109375 0.6286458328125 0.3601851859375 0.628125 0.377777778125 0.6296875 0.38240740781250004 0.7015625 0.384259259375 0.703125 0.3379629625
7 0.571875 0.3916666671875 0.5713541671875 0.403703703125 0.575 0.40833333281249995 0.5927083328125 0.40833333281249995 0.5994791671875 0.4046296296875 0.6015625 0.4 0.6010416671875001 0.33703703749999997 0.5994791671875 0.3333333328125 0.5682291671875 0.33055555625 0.5328125 0.3324074078125 0.5302083328125 0.33703703749999997 0.5296875 0.3453703703125 0.5291666671875 0.3731481484375 0.5307291671875001 0.38055555625 0.5692708328125 0.3851851859375 0.571875 0.3916666671875
7 0.44322916718750005 0.3990740734375 0.47083333281249995 0.40092592656250003 0.4739583328125 0.3953703703125 0.4734375 0.38703703749999996 0.4791666671875 0.378703703125 0.503125 0.377777778125 0.503125 0.34444444375 0.5005208328124999 0.3296296296875 0.44114583281249997 0.32592592656249997 0.43333333281249997 0.3296296296875 0.4328125 0.375 0.434375 0.378703703125 0.4390625 0.3796296296875 0.44322916718750005 0.3990740734375
7 0.3447916671875 0.4074074078125 0.3463541671875 0.39351851875 0.353125 0.38148148125 0.35885416718749996 0.378703703125 0.4067708328125 0.378703703125 0.409375 0.3759259265625 0.41041666718750003 0.3611111109375 0.4067708328125 0.32777777812500003 0.3458333328125 0.32685185156249996 0.340625 0.33055555625 0.3390625 0.3490740734375 0.3385416671875 0.41111111093749997 0.3411458328125 0.4138888890625 0.3463541671875 0.41203703750000004 0.3447916671875 0.4074074078125
7 0.3135416671875 0.38703703749999996 0.3114583328125 0.3796296296875 0.2296875 0.3796296296875 0.2265625 0.384259259375 0.22760416718749998 0.4703703703125 0.3114583328125 0.4768518515625 0.3140625 0.41944444374999995 0.3135416671875 0.38703703749999996
7 0.4380208328125 0.4796296296875 0.4401041671875 0.3990740734375 0.4375 0.384259259375 0.43177083281249995 0.38148148125 0.3765625 0.38240740781250004 0.3739583328125 0.3851851859375 0.353125 0.38333333281250004 0.3484375 0.3888888890625 0.3479166671875 0.39351851875 0.3479166671875 0.46388888906250003 0.35104166718749996 0.47592592656250005 0.3708333328125 0.4796296296875 0.4380208328125 0.4796296296875
7 0.5411458328125 0.48703703750000005 0.5645833328125 0.48703703750000005 0.5682291671875 0.48425925937500003 0.5703125 0.4203703703125 0.5703125 0.39351851875 0.5682291671875 0.3861111109375 0.48541666718750004 0.38148148125 0.47760416718750004 0.38333333281250004 0.475 0.3916666671875 0.47447916718750005 0.4796296296875 0.4765625 0.48333333281249996 0.48229166718750005 0.4861111109375 0.5411458328125 0.48703703750000005
7 0.6307291671875 0.503703703125 0.6614583328125 0.4953703703125 0.7151041671875 0.4981481484375 0.7192708328124999 0.490740740625 0.7213541671875 0.4601851859375 0.7213541671875 0.39444444375 0.7192708328124999 0.3898148140625 0.7041666671875 0.3861111109375 0.6265625 0.38333333281250004 0.621875 0.3981481484375 0.621875 0.41851851875 0.6203125 0.42222222187499997 0.61875 0.4824074078125 0.6229166671875 0.50555555625 0.6270833328125 0.5 0.6307291671875 0.503703703125
7 0.7708333328125 0.5009259265625 0.7895833328124999 0.4990740734375 0.8083333328125001 0.503703703125 0.8098958328125001 0.509259259375 0.8171875 0.5129629625 0.8296875 0.5129629625 0.8302083328125001 0.5018518515625 0.8322916671874999 0.4990740734375 0.8520833328125 0.4990740734375 0.8572916671874999 0.49444444374999996 0.8604166671875 0.415740740625 0.8588541671875 0.39074074062499997 0.7583333328124999 0.3898148140625 0.7557291671875 0.3916666671875 0.7536458328125 0.43055555625 0.753125 0.4861111109375 0.7557291671875 0.49629629687500004 0.7635416671875 0.49629629687500004 0.7708333328125 0.5009259265625
7 0.846875 0.6564814812499999 0.8473958328125001 0.66944444375 0.8526041671875 0.678703703125 0.8684375 0.6796296296875 0.8755208328125 0.6870370375 0.8744791671875 0.696296296875 0.8765625 0.703703703125 0.9 0.7370370375 0.9072916671875 0.7398148140624999 0.9666666671874999 0.740740740625 0.9703125 0.7361111109375 0.9609375 0.7203703703125 0.9395833328125001 0.7166666671875 0.9348958328125001 0.7083333328125 0.9364583328125 0.6888888890625 0.9661458328125001 0.6851851859375 0.9994791671875 0.6861111109375 0.9994791671875 0.509259259375 0.8552083328125001 0.5046296296875 0.8515625 0.509259259375 0.85 0.51944444375 0.8510416671875 0.5324074078125001 0.8479166671874999 0.540740740625 0.85 0.5541666671875001 0.8484375 0.63148148125 0.84375 0.6490740734375 0.846875 0.6564814812499999
7 0.6302083328125 0.6546296296875 0.6359375 0.6555555562500001 0.640625 0.6703703703125 0.6453125 0.6740740734374999 0.6671875 0.6731481484375 0.6770833328125 0.6805555562500001 0.6807291671875 0.7009259265625001 0.6885416671875 0.725 0.7567708328125 0.728703703125 0.7572916671875001 0.7203703703125 0.7515625 0.715740740625 0.7479166671875 0.6990740734374999 0.7520833328125 0.6768518515624999 0.8026041671874999 0.671296296875 0.8052083328125 0.6351851859375001 0.8052083328125 0.5231481484375 0.8067708328125001 0.5138888890625 0.8052083328125 0.509259259375 0.753125 0.502777778125 0.6942708328125 0.5009259265625 0.6458333328125 0.5009259265625 0.6432291671875 0.509259259375 0.6421875 0.6231481484375 0.6390625 0.6425925921875 0.6307291671875 0.6509259265625 0.6302083328125 0.6546296296875
7 0.5645833328125 0.66851851875 0.5723958328125 0.6620370375 0.5744791671875 0.5611111109375 0.5739583328125 0.50555555625 0.5723958328125 0.5009259265625 0.45208333281249996 0.49444444374999996 0.4234375 0.497222221875 0.42083333281249996 0.5074074078125 0.41979166718750005 0.5518518515624999 0.4203125 0.6574074078125001 0.42291666718750004 0.6611111109375 0.553125 0.66851851875 0.5645833328125 0.66851851875
7 0.1052083328125 0.6509259265625 0.1807291671875 0.6453703703125 0.1833333328125 0.5453703703125 0.18125 0.4861111109375 0.040625 0.48148148125 0.0354166671875 0.4861111109375 0.0338541671875 0.5009259265625 0.0322916671875 0.6351851859375001 0.0354166671875 0.64351851875 0.0880208328125 0.646296296875 0.1052083328125 0.6509259265625
7 0 0.9990740734375001 0.175 0.9990740734375001 0.1765625 0.99444444375 0.1760416671875 0.9379629625 0.1744791671875 0.9231481484374999 0.171875 0.921296296875 0.0041666671875 0.9138888890624999 0 0.9148148140625001 0 0.9990740734375001
7 0.3067708328125 0.99351851875 0.3125 0.9990740734375001 0.6947916671875001 0.9990740734375001 0.696875 0.9898148140625 0.7010416671875 0.9898148140625 0.6958333328124999 0.9768518515625001 0.6958333328124999 0.9601851859374999 0.6927083328125 0.9472222218749999 0.6828125 0.9425925921875 0.40416666718750005 0.9324074078125 0.3192708328125 0.9324074078125 0.30807291718749996 0.9398148140625 0.2984375 0.9398148140625 0.296875 0.946296296875 0.2989583328125 0.9629629625 0.3036458328125 0.9675925921875 0.3067708328125 0.99351851875
7 0.875 0.9861111109375 0.871875 0.9888888890624999 0.8713541671874999 0.9990740734375001 0.9994791671875 0.9990740734375001 0.9994791671875 0.9916666671875 0.875 0.9861111109375
5 0.49895833281249996 0.8490740734375001 0.6020833328124999 0.8611111109375 0.6052083328125 0.8583333328125 0.60625 0.8398148140625 0.6041666671875 0.8148148140625 0.5994791671875 0.8120370375 0.44114583281249997 0.8027777781250001 0.434375 0.8055555562500001 0.4291666671875 0.8259259265625 0.428125 0.8333333328125001 0.43125 0.8453703703125001 0.48333333281249996 0.8435185187500001 0.49895833281249996 0.8490740734375001
8 0.0984375 0.7481481484375 0.10364583281249999 0.7351851859375 0.10260416718750001 0.73148148125 0.0953125 0.727777778125 0.0822916671875 0.728703703125 0.0703125 0.7361111109375 0.065625 0.7481481484375 0.06510416718749999 0.7601851859375001 0.0666666671875 0.7629629625 0.07864583281250001 0.7638888890625 0.0984375 0.7481481484375
8 0.3380208328125 0.759259259375 0.3369791671875 0.740740740625 0.3322916671875 0.7324074078125 0.3255208328125 0.7296296296875 0.3145833328125 0.7398148140624999 0.3140625 0.752777778125 0.3192708328125 0.7648148140625 0.32864583281250004 0.7666666671875 0.3380208328125 0.759259259375
8 0.5536458328125 0.75555555625 0.5578125 0.7509259265625 0.5572916671875 0.7324074078125 0.553125 0.7240740734375 0.54375 0.7203703703125 0.534375 0.727777778125 0.5338541671875 0.7370370375 0.5380208328125 0.7518518515625 0.5427083328125 0.75555555625 0.5536458328125 0.75555555625
8 0.8104166671874999 0.7861111109375 0.821875 0.7833333328125 0.8223958328125001 0.7648148140625 0.8192708328125 0.7546296296875 0.8072916671874999 0.747222221875 0.8 0.7509259265625 0.7984375 0.753703703125 0.7984375 0.7768518515625 0.8 0.7796296296875 0.8104166671874999 0.7861111109375
8 0.5989583328125 0.5361111109375 0.5989583328125 0.5268518515625 0.5963541671875 0.521296296875 0.5859375 0.521296296875 0.584375 0.527777778125 0.5864583328124999 0.5351851859375001 0.5911458328125 0.5379629625 0.5989583328125 0.5361111109375
8 0.8947916671874999 0.3851851859375 0.8911458328125 0.3768518515625 0.8822916671875 0.38055555625 0.8807291671874999 0.3879629625 0.8833333328125 0.3898148140625 0.8927083328125001 0.3888888890625 0.8947916671874999 0.3851851859375
7 0.2526041671875 0.6546296296875 0.2854166671875 0.6564814812499999 0.2859375 0.66944444375 0.2708333328125 0.6972222218749999 0.2708333328125 0.702777778125 0.3302083328125 0.70648148125 0.3380208328125 0.6851851859375 0.3528645828125 0.659259259375 0.3765625 0.6574074078125001 0.3770833328125 0.5018518515625 0.37447916718749996 0.4953703703125 0.2541666671875 0.4888888890625 0.23020833281250003 0.4888888890625 0.2270833328125 0.49259259218749996 0.228125 0.65 0.24739583281250002 0.6564814812499999 0.2479166671875 0.6629629625 0.2526041671875 0.6546296296875