7 0.39114583281250004 0.9574074078124999 0.3921875 0.9453703703125 0.3651041671875 0.9 0.3479166671875 0.877777778125 0.4265625 0.7601851859375001 0.403125 0.55 0.4015625 0.5166666671875 0.3963541671875 0.4731481484375 0.3927083328125 0.4583333328125 0.3890625 0.45370370312499997 0.3802083328125 0.4546296296875 0.353125 0.4796296296875 0.278125 0.5555555562500001 0.23697916718749998 0.5916666671875 0.0713541671875 0.7583333328124999 0.0734375 0.777777778125 0.1234375 0.9990740734375001 0.3713541671875 0.9990740734375001 0.39114583281250004 0.9574074078124999
7 0.5369791671875 0.5333333328125 0.5286458328125 0.5398148140625 0.5328125 0.547222221875 0.5291666671875 0.5648148140625 0.5385416671875001 0.5722222218749999 0.5416666671875 0.5953703703125 0.5489583328125 0.6 0.565625 0.5870370375 0.5869791671875 0.5990740734375 0.6171875 0.609259259375 0.6348958328125 0.5916666671875 0.6482640625 0.5716046296874999 0.6598958328125 0.547222221875 0.6536458328125 0.5333333328125 0.6255208328124999 0.5111111109375 0.6255208328124999 0.497222221875 0.6739583328125 0.43148148124999997 0.665625 0.197222221875 0.6578125 0.19444444375 0.5755208328125 0.2703703703125 0.5703125 0.271296296875 0.5578125 0.28796296250000003 0.5223958328125 0.3231481484375 0.5234375 0.3620370375 0.53125 0.45185185156249996 0.534375 0.5175925921875 0.5369791671875 0.5333333328125
7 0.7276041671875 0.31944444375000003 0.7255208328125 0.325 0.7265625 0.3379629625 0.7229166671875 0.3453703703125 0.7567708328125 0.352777778125 0.7619791671875 0.34722222187499996 0.7776041671875 0.340740740625 0.7864583328125 0.34629629687499996 0.7984375 0.3425925921875 0.8026041671874999 0.33703703749999997 0.8036458328125 0.33055555625 0.80625 0.3296296296875 0.80625 0.3231481484375 0.8 0.321296296875 0.7953125 0.3138888890625 0.7817708328124999 0.3138888890625 0.778125 0.31944444375000003 0.7734375 0.3148148140625 0.7723958328125 0.30648148124999997 0.7760416671875 0.2925925921875 0.8026041671874999 0.2629629625 0.815625 0.24351851875000002 0.8135416671875 0.05648148125 0.8083333328125001 0.055555556250000006 0.8 0.061111110937500004 0.7244791671875 0.12592592656249998 0.7291666671875 0.302777778125 0.728125 0.3129629625 0.7197916671875 0.3138888890625 0.7276041671875 0.31944444375000003
7 0.44895833281249997 0.19537037031249999 0.44635416718750004 0.20277777812500003 0.43854166718750004 0.20833333281250002 0.4265625 0.22777777812500002 0.4401041671875 0.23611111093749998 0.4546875 0.2398148140625 0.4614583328125 0.234259259375 0.4734375 0.23240740781250002 0.4984375 0.21296296250000002 0.5020833328125 0.2018518515625 0.5026041671875 0.04351851875 0.4036458328125 0.022222221875 0.40416666718750005 0.1740740734375 0.4067708328125 0.177777778125 0.44739583281249995 0.190740740625 0.44895833281249997 0.19537037031249999
5 0.7630208328125 0.9731481484375 0.8458333328125001 0.79444444375 0.8807291671874999 0.7120370375 0.8822916671875 0.696296296875 0.8770833328125001 0.6879629625 0.81875 0.640740740625 0.8026041671874999 0.634259259375 0.6713541671875001 0.86851851875 0.6729166671875 0.88055555625 0.6822916671875 0.8925925921875001 0.7598958328125 0.9740740734375001 0.7630208328125 0.9731481484375
5 0.9901041671874999 0.4388888890625 0.9958333328125001 0.42314814843750004 0.9953125 0.415740740625 0.990625 0.4074074078125 0.9588541671874999 0.3916666671875 0.9317708328125001 0.384259259375 0.9072916671875 0.425 0.8598958328125 0.5138888890625 0.8598958328125 0.521296296875 0.8661458328125 0.5268518515625 0.93125 0.5666666671875 0.9901041671874999 0.4388888890625
8 0.871875 0.6574074078125001 0.8864583328125001 0.6648148140625 0.8973958328125 0.665740740625 0.9041666671874999 0.652777778125 0.9041666671874999 0.6379629625 0.9005208328125001 0.6259259265625 0.8885416671874999 0.6129629624999999 0.8755208328125 0.60648148125 0.8510416671875 0.6046296296875 0.8416666671874999 0.6111111109375 0.8395833328125001 0.615740740625 0.8395833328125001 0.627777778125 0.8427083328125 0.634259259375 0.871875 0.6574074078125001
8 0.9911458328125 0.41018518593750003 0.9994791671875 0.41111111093749997 0.9994791671875 0.3768518515625 0.9817708328125001 0.3703703703125 0.9661458328125001 0.3703703703125 0.9552083328125001 0.378703703125 0.9552083328125001 0.38703703749999996 0.9625 0.3953703703125 0.9708333328125001 0.397222221875 0.9911458328125 0.41018518593750003
8 0.4765625 0.3490740734375 0.4760416671875 0.334259259375 0.4734375 0.3296296296875 0.45677083281249997 0.32685185156249996 0.453125 0.33703703749999997 0.4536458328125 0.3509259265625 0.45885416718750005 0.35648148125 0.4671875 0.35555555625 0.4765625 0.3490740734375
5 0.4322916671875 0.3416666671875 0.4427083328125 0.3231481484375 0.4359375 0.3138888890625 0.3479166671875 0.275 0.34427083281250004 0.275 0.3421875 0.28055555625 0.3333333328125 0.2851851859375 0.3328125 0.29444444375 0.3453125 0.302777778125 0.42604166718750003 0.3416666671875 0.4322916671875 0.3416666671875
2 0.4614583328125 0.5861111109375 0.4625 0.5916666671875 0.46510416718750003 0.5916666671875 0.48333333281249996 0.5731481484375001 0.49010416718750005 0.5601851859375 0.48229166718750005 0.42592592656250006 0.47864583281249995 0.403703703125 0.47239583281249997 0.4148148140625 0.45208333281249996 0.4361111109375 0.4505208328125 0.4388888890625 0.45104166718750005 0.459259259375 0.45885416718750005 0.55648148125 0.4614583328125 0.5861111109375
4 0.6098958328124999 0 0.6109375 0.09444444375 0.615625 0.1046296296875 0.6223958328125 0.109259259375 0.6390625 0.109259259375 0.65 0.10555555624999999 0.6552083328125 0.0981481484375 0.6588541671875 0.07685185156249999 0.659375 0 0.6098958328124999 0
4 0.5421875 0 0.5421875 0.021296296875000002 0.5453125 0.027777778125000003 0.553125 0.0296296296875 0.5817708328125 0.025 0.5869791671875 0.0175925921875 0.5880208328125 0 0.5421875 0
1 0.18125 0.597222221875 0.1989583328125 0.603703703125 0.1979166671875 0.622222221875 0.2 0.6259259265625 0.20625 0.61944444375 0.20572916718749998 0.6120370375 0.20989583281250002 0.6009259265625 0.215625 0.60555555625 0.221875 0.60555555625 0.3401041671875 0.48981481406249994 0.3270833328125 0.47592592656250005 0.3260416671875 0.46944444374999994 0.3171875 0.471296296875 0.29635416718749996 0.4675925921875 0.2744791671875 0.477777778125 0.2645833328125 0.490740740625 0.2515625 0.502777778125 0.2479166671875 0.5018518515625 0.24375 0.5083333328124999 0.2364583328125 0.5083333328124999 0.23072916718749997 0.4824074078125 0.21510416718749997 0.43148148124999997 0.1932291671875 0.384259259375 0.18125 0.375 0.1630208328125 0.35 0.1541666671875 0.34444444375 0.1458333328125 0.34444444375 0.1369791671875 0.3509259265625 0.13125 0.36666666718749996 0.13125 0.3925925921875 0.1348958328125 0.42129629687500003 0.16875 0.575 0.18125 0.597222221875