6 0.3645833328125 0.1879629625 0.3697916671875 0.17962962968750001 0.36770833281250004 0.172222221875 0.3583333328125 0.1675925921875 0.346875 0.16851851874999998 0.3385416671875 0.1740740734375 0.3375 0.177777778125 0.3401041671875 0.1861111109375 0.3479166671875 0.1898148140625 0.3645833328125 0.1879629625
6 0.6421875 0.2925925921875 0.6458333328125 0.2870370375 0.6151041671875 0.2648148140625 0.6005208328125 0.2601851859375 0.5348958328125 0.28148148125 0.5130208328125 0.29351851875 0.5416666671875 0.3111111109375 0.5625 0.3148148140625 0.63125 0.296296296875 0.6421875 0.2925925921875
6 0.9994791671875 0.1861111109375 0.9994791671875 0.13333333281249998 0.9661458328125001 0.140740740625 0.8848958328125001 0.16851851874999998 0.8838541671875 0.1740740734375 0.8864583328125001 0.1824074078125 0.9 0.2138888890625 0.9994791671875 0.1861111109375
7 0.4765625 0.9379629625 0.48072916718750003 0.94351851875 0.48541666718750004 0.9425925921875 0.49375 0.9731481484375 0.49114583281249996 0.98055555625 0.4859375 0.9824074078124999 0.48229166718750005 0.9898148140625 0.484375 0.9990740734375001 0.528125 0.9990740734375001 0.534375 0.99351851875 0.5354166671875 0.98148148125 0.5333333328125 0.977777778125 0.5411458328125 0.95555555625 0.5692708328125 0.9574074078124999 0.5671875 0.8990740734375 0.5645833328125 0.8879629625 0.5619791671875001 0.8333333328125001 0.5598958328125 0.8268518515625001 0.5333333328125 0.821296296875 0.459375 0.81851851875 0.4661458328125 0.921296296875 0.4692708328125 0.93148148125 0.4692708328125 0.9398148140625 0.4765625 0.9379629625
7 0.371875 0.9101851859375 0.3791666671875 0.9166666671874999 0.3817708328125 0.925 0.38125 0.9546296296874999 0.3828125 0.9583333328125001 0.3942708328125 0.9509259265625 0.3963541671875 0.946296296875 0.3953125 0.934259259375 0.4010416671875 0.9231481484374999 0.403125 0.9083333328125001 0.40625 0.9064814812499999 0.4078125 0.9120370375 0.41302083281249996 0.9101851859375 0.4166666671875 0.9129629625 0.415625 0.925 0.41875 0.922222221875 0.4234375 0.9277777781250001 0.4348958328125 0.9277777781250001 0.4270833328125 0.8111111109375001 0.3463541671875 0.80648148125 0.353125 0.9120370375 0.3651041671875 0.91944444375 0.3682291671875 0.91851851875 0.371875 0.9101851859375
7 0.6270833328125 0.9759259265625 0.65 0.977777778125 0.6552083328125 0.9740740734375001 0.6708333328125 0.9916666671875 0.671875 0.9990740734375001 0.6895833328125 0.9990740734375001 0.7182291671875001 0.9898148140625 0.7416666671875001 0.996296296875 0.7510416671875 0.99444444375 0.7526041671875 0.95648148125 0.7479166671875 0.9166666671874999 0.746875 0.8768518515625001 0.7401041671875 0.8435185187500001 0.7114583328124999 0.8398148140625 0.6819791671875 0.8425925921875 0.6635416671875001 0.8361111109375001 0.6494791671875 0.8379629625 0.6364583328125 0.8324074078124999 0.6130208328125 0.834259259375 0.6119791671875 0.8648148140625 0.6166666671875001 0.9481481484375 0.6197916671875 0.972222221875 0.6270833328125 0.9759259265625
7 0.9869791671874999 0.9990740734375001 0.984375 0.9083333328125001 0.9817708328125001 0.9009259265624999 0.9786458328125001 0.8740740734375001 0.9286458328125 0.8629629624999999 0.9161458328125001 0.8638888890624999 0.9119791671874999 0.8731481484374999 0.8958333328125001 0.8731481484374999 0.8932291671874999 0.8648148140625 0.8744791671875 0.8574074078124999 0.8171875 0.8509259265625 0.8088541671874999 0.852777778125 0.8067708328125001 0.8629629624999999 0.8072916671874999 0.9240740734375 0.8109375 0.9481481484375 0.8125 0.9990740734375001 0.9869791671874999 0.9990740734375001
7 0.875 0.8361111109375001 0.878125 0.840740740625 0.8864583328125001 0.8425925921875 0.8885416671874999 0.8416666671874999 0.8895833328125 0.834259259375 0.9036458328125001 0.834259259375 0.90625 0.847222221875 0.9229166671875 0.85648148125 0.93125 0.85 0.9416666671874999 0.8490740734375001 0.9510416671874999 0.8435185187500001 0.9536458328125 0.852777778125 0.9760416671875 0.852777778125 0.9729166671874999 0.7620370375000001 0.9697916671875 0.747222221875 0.9510416671874999 0.74351851875 0.8614583328125001 0.7416666671875001 0.8609375 0.7574074078125 0.8651041671874999 0.8083333328125001 0.8723958328125001 0.8379629625 0.875 0.8361111109375001
7 0.7260416671875001 0.809259259375 0.728125 0.8259259265625 0.7458333328125 0.83055555625 0.7640625 0.8296296296874999 0.76875 0.8370370375 0.7703125 0.853703703125 0.775 0.865740740625 0.7848958328125 0.8574074078124999 0.7848958328125 0.8398148140625 0.7927083328125 0.825 0.7994791671875 0.8259259265625 0.8067708328125001 0.8194444437499999 0.8140625 0.8370370375 0.8223958328125001 0.834259259375 0.8244791671874999 0.7824074078125001 0.8203125 0.7398148140624999 0.74375 0.734259259375 0.73125 0.734259259375 0.728125 0.7379629624999999 0.7302083328125 0.7740740734375 0.7270833328124999 0.79444444375 0.7286458328125 0.8 0.7260416671875001 0.809259259375
7 0.6651041671875 0.828703703125 0.6697916671875 0.828703703125 0.6765625 0.8203703703125 0.6822916671875 0.821296296875 0.6833333328125 0.8175925921875 0.7041666671875 0.8240740734375 0.7135416671875 0.8222222218749999 0.7026041671875001 0.734259259375 0.6552083328125 0.73055555625 0.625 0.7324074078125 0.6286458328125 0.8138888890624999 0.6302083328125 0.8175925921875 0.6572916671875 0.81851851875 0.6651041671875 0.828703703125
7 0.5369791671875 0.821296296875 0.5447916671875 0.8203703703125 0.5557291671875 0.8259259265625 0.56328125 0.8129629625 0.5890625 0.8129629625 0.5838541671875 0.7388888890625 0.5817708328125 0.73055555625 0.5177083328125 0.7296296296875 0.5177083328125 0.74444444375 0.525 0.8101851859375 0.5354166671875 0.815740740625 0.5369791671875 0.821296296875
8 0.471875 0.9490740734375 0.4661458328125 0.94351851875 0.45989583281249996 0.9472222218749999 0.4536458328125 0.9611111109375001 0.45520833281249995 0.9740740734375001 0.4671875 0.9703703703125001 0.4734375 0.9583333328125001 0.471875 0.9490740734375
8 0.6677083328125 0.984259259375 0.6572916671875 0.9759259265625 0.65 0.977777778125 0.6479166671875001 0.98148148125 0.6489583328124999 0.9990740734375001 0.6671875 0.9990740734375001 0.6677083328125 0.984259259375
1 0.446875 0.9768518515625001 0.428125 0.9611111109375001 0.41614583281249995 0.9620370375 0.409375 0.9666666671874999 0.4036458328125 0.9731481484375 0.3942708328125 0.99351851875 0.39375 0.9990740734375001 0.45729166718750003 0.9990740734375001 0.45520833281249995 0.990740740625 0.446875 0.9768518515625001