7 0.2947916671875 0.49351851875 0.29635416718749996 0.4861111109375 0.2932291671875 0.46296296249999996 0.2916666671875 0.41203703750000004 0.2958333328125 0.403703703125 0.303125 0.40648148125 0.3109375 0.42314814843750004 0.3135416671875 0.4361111109375 0.3182291671875 0.44351851875000003 0.31979166718749996 0.43518518593750005 0.31875 0.3990740734375 0.2755208328125 0.30740740781250003 0.2703125 0.30740740781250003 0.2708333328125 0.3759259265625 0.2765625 0.4583333328125 0.2822916671875 0.4879629625 0.2947916671875 0.49351851875
7 0.3234375 0.6231481484375 0.3302083328125 0.646296296875 0.3244791671875 0.5527777781250001 0.3317708328125 0.54351851875 0.3338541671875 0.54444444375 0.3494791671875 0.5833333328125 0.35104166718749996 0.5648148140625 0.3489583328125 0.5240740734375 0.3182291671875 0.44166666718750003 0.3135416671875 0.4370370375 0.3109375 0.415740740625 0.296875 0.40092592656250003 0.2947916671875 0.3925925921875 0.2921875 0.396296296875 0.2953125 0.49444444374999996 0.3020833328125 0.5601851859375 0.3104166671875 0.60555555625 0.3234375 0.6231481484375
7 0.375 0.8333333328125001 0.3802083328125 0.859259259375 0.390625 0.8898148140625001 0.39791666718749996 0.9268518515625 0.40416666718750005 0.9324074078125 0.4078125 0.946296296875 0.41614583281249995 0.9620370375 0.41822916718750003 0.9472222218749999 0.41770833281249997 0.9296296296875 0.409375 0.8101851859375 0.409375 0.797222221875 0.415625 0.79444444375 0.41197916718750005 0.790740740625 0.4125 0.7787037031249999 0.4078125 0.75648148125 0.3942708328125 0.725 0.3927083328125 0.7083333328125 0.390625 0.7083333328125 0.3359375 0.5481481484375 0.3302083328125 0.5370370375 0.325 0.5361111109375 0.3244791671875 0.5509259265625001 0.3317708328125 0.65 0.3604166671875 0.8138888890624999 0.375 0.8333333328125001
7 0.41302083281249996 0.877777778125 0.4171875 0.9324074078125 0.41614583281249995 0.959259259375 0.4223958328125 0.978703703125 0.4244791671875 0.9990740734375001 0.4927083328125 0.9990740734375001 0.490625 0.99351851875 0.49010416718750005 0.978703703125 0.41197916718750005 0.7583333328124999 0.4078125 0.7546296296875 0.40729166718750004 0.7870370375 0.4088541671875 0.790740740625 0.4109375 0.8731481484374999 0.41302083281249996 0.877777778125
7 0.6984375 0.4861111109375 0.784375 0.5796296296875 0.8046875 0.5935185187500001 0.8140625 0.6046296296875 0.8166666671874999 0.597222221875 0.8276041671875 0.48518518593750004 0.796875 0.4546296296875 0.725 0.3916666671875 0.7192708328124999 0.3898148140625 0.7078125 0.3768518515625 0.7046875 0.3759259265625 0.7026041671875001 0.3953703703125 0.7010416671875 0.43981481406249995 0.7041666671875 0.45555555625000005 0.6994791671875 0.47222222187499996 0.6984375 0.4861111109375
7 0.7630208328125 0.3953703703125 0.7671875 0.403703703125 0.8125 0.43981481406249995 0.8213541671875 0.4509259265625 0.8260416671874999 0.4509259265625 0.840625 0.46388888906250003 0.8453125 0.46944444374999994 0.8453125 0.47407407343749997 0.8489583328125001 0.4703703703125 0.8567708328125001 0.47592592656250005 0.8619791671874999 0.48425925937500003 0.8671875 0.4861111109375 0.8765625 0.48148148125 0.8817708328125 0.4509259265625 0.8776041671874999 0.4379629625 0.8489583328125001 0.42222222187499997 0.8046875 0.40555555625000006 0.7838541671875 0.3916666671875 0.74375 0.3731481484375 0.7411458328125 0.3759259265625 0.74375 0.38055555625 0.7630208328125 0.3953703703125
7 0.8588541671875 0.6240740734375 0.8640625 0.6009259265625 0.8703125 0.527777778125 0.8666666671875 0.51944444375 0.8572916671874999 0.5120370375000001 0.8510416671875 0.5129629625 0.8421875 0.5833333328125 0.8395833328125001 0.6111111109375 0.8421875 0.622222221875 0.8520833328125 0.6268518515625 0.8588541671875 0.6240740734375
1 0 0.9055555562500001 0.0270833328125 0.8953703703125001 0.0427083328125 0.89351851875 0.04375 0.85555555625 0.0479166671875 0.834259259375 0.0479166671875 0.8138888890624999 0.0705729171875 0.7814814812499999 0.0760416671875 0.7851851859375001 0.08072916718749999 0.7101851859375 0.07760416718749999 0.625 0.08125 0.6111111109375 0.071875 0.5870370375 0.059375 0.6018518515625 0.0557291671875 0.646296296875 0.0546875 0.7120370375 0.0411458328125 0.7203703703125 0 0.7324074078125 0 0.9055555562500001
1 0 0.9990740734375001 0.075 0.997222221875 0.0770833328125 0.9675925921875 0.08125 0.94351851875 0.08125 0.8925925921875001 0.07760416718749999 0.8027777781250001 0.07083333281250001 0.7824074078125001 0.0625 0.784259259375 0.060416667187499995 0.7925925921875 0.05208333281250001 0.8027777781250001 0.0494791671875 0.8296296296874999 0.0442708328125 0.8546296296874999 0.0427083328125 0.9481481484375 0.0401041671875 0.9574074078124999 0.028125 0.95648148125 0 0.965740740625 0 0.9990740734375001
1 0.4817708328125 0.5481481484375 0.48020833281249997 0.56851851875 0.47864583281249995 0.571296296875 0.4625 0.571296296875 0.4140625 0.5990740734375 0.42395833281249995 0.6268518515625 0.43072916718750004 0.6231481484375 0.43072916718750004 0.6175925921875 0.43541666718750005 0.6148148140624999 0.47447916718750005 0.6990740734374999 0.4817708328125 0.6879629625 0.49010416718750005 0.6851851859375 0.5135416671875 0.6675925921875 0.5208333328125 0.6666666671875 0.525 0.6731481484375 0.528125 0.671296296875 0.525 0.6555555562500001 0.5328125 0.6398148140625 0.5364583328125 0.625 0.54375 0.540740740625 0.54375 0.515740740625 0.5401041671875 0.4824074078125 0.5354166671875 0.4620370375 0.5291666671875 0.44629629687500005 0.525 0.4388888890625 0.5151041671875001 0.43055555625 0.5041666671875 0.43148148124999997 0.49375 0.4453703703125 0.48645833281249995 0.46666666718750005 0.48229166718750005 0.49351851875 0.4791666671875 0.54444444375 0.4817708328125 0.5481481484375
1 0.559375 0.64351851875 0.5588541671875 0.6620370375 0.55625 0.6731481484375 0.5484375 0.66944444375 0.5369791671875 0.6703703703125 0.5020833328125 0.6888888890625 0.49114583281249996 0.690740740625 0.4770833328125 0.7009259265625001 0.4817708328125 0.7203703703125 0.490625 0.7388888890625 0.49375 0.7509259265625 0.4921875 0.772222221875 0.4875 0.7787037031249999 0.496875 0.8027777781250001 0.5078125 0.81851851875 0.5260416671875 0.8231481484375 0.5307291671875001 0.8296296296874999 0.5244791671875 0.8620370375 0.525 0.8703703703125001 0.5291666671875 0.88148148125 0.5348958328125 0.86851851875 0.5453125 0.8611111109375 0.5447916671875 0.8574074078124999 0.5395833328124999 0.8583333328125 0.5338541671875 0.8481481484375 0.5375 0.834259259375 0.54375 0.8222222218749999 0.5505208328125 0.815740740625 0.5697916671875001 0.809259259375 0.5864583328124999 0.796296296875 0.5953125 0.79444444375 0.5958333328125 0.7888888890625 0.609375 0.7759259265625 0.6171875 0.746296296875 0.628125 0.646296296875 0.6276041671875 0.6175925921875 0.6192708328125 0.5768518515625 0.603125 0.5287037031249999 0.596875 0.525 0.5859375 0.527777778125 0.5723958328125 0.54444444375 0.5677083328125 0.5555555562500001 0.5619791671875001 0.58055555625 0.5578125 0.6379629625 0.559375 0.64351851875
1 0.5604166671875 0.8990740734375 0.5833333328125 0.9490740734375 0.5942708328124999 0.9675925921875 0.603125 0.9759259265625 0.6270833328125 0.9796296296874999 0.6338541671875 0.9703703703125001 0.6984375 0.9351851859375 0.6984375 0.925 0.7088541671875 0.9120370375 0.7166666671875 0.8925925921875001 0.7244791671875 0.852777778125 0.7348958328124999 0.7675925921875 0.7359375 0.7518518515625 0.7234375 0.6824074078125 0.7125 0.652777778125 0.6942708328125 0.6268518515625 0.6786458328125 0.622222221875 0.6661458328125 0.6296296296875 0.6578125 0.647222221875 0.65 0.6777777781250001 0.6432291671875 0.7324074078125 0.6421875 0.7638888890625 0.6401041671875001 0.7796296296875 0.6369791671875 0.7870370375 0.6171875 0.7851851859375001 0.5807291671875 0.8055555562500001 0.5760416671875 0.8120370375 0.5651041671875 0.8148148140625 0.5510416671875 0.827777778125 0.5484375 0.8398148140625 0.5479166671875 0.8620370375 0.5520833328125 0.902777778125 0.5557291671875 0.896296296875 0.5604166671875 0.8990740734375
1 0.8572916671874999 0.909259259375 0.8520833328125 0.88055555625 0.8473958328125001 0.872222221875 0.8416666671874999 0.8453703703125001 0.8213541671875 0.796296296875 0.8067708328125001 0.7759259265625 0.8067708328125001 0.771296296875 0.7875 0.7629629625 0.7723958328125 0.7629629625 0.7588541671875 0.7731481484375 0.746875 0.7981481484375 0.7375 0.8425925921875 0.73125 0.9009259265624999 0.7244791671875 0.9416666671874999 0.71875 0.94351851875 0.7109375 0.9379629625 0.696875 0.9351851859375 0.6869791671875001 0.9444444437499999 0.6609375 0.959259259375 0.6432291671875 0.9611111109375001 0.6348958328125 0.9675925921875 0.621875 0.99444444375 0.6213541671875 0.9990740734375001 0.8473958328125001 0.9990740734375001 0.8567708328125001 0.946296296875 0.8572916671874999 0.909259259375
1 0.9192708328125001 0.7259259265625 0.9276041671874999 0.7083333328125 0.9432291671874999 0.64444444375 0.95 0.6379629625 0.9479166671874999 0.634259259375 0.9479166671874999 0.6231481484375 0.9515625 0.6111111109375 0.9526041671875 0.5990740734375 0.9510416671874999 0.5953703703125 0.9390625 0.5870370375 0.9317708328125001 0.622222221875 0.9244791671874999 0.6259259265625 0.9197916671874999 0.6425925921875 0.9192708328125001 0.659259259375 0.9057291671875 0.7120370375 0.9145833328125 0.7240740734375 0.9192708328125001 0.7259259265625
1 0.9572916671874999 0.522222221875 0.9546875 0.49351851875 0.95 0.477777778125 0.946875 0.47407407343749997 0.9453125 0.4796296296875 0.9401041671874999 0.5481481484375 0.9552083328125001 0.5629629625 0.9572916671874999 0.5490740734374999 0.9572916671874999 0.522222221875
5 0.8765625 0.6296296296875 0.8822916671875 0.6240740734375 0.8848958328125001 0.6166666671875001 0.8838541671875 0.6101851859375 0.8651041671874999 0.5925925921874999 0.8583333328125 0.60555555625 0.85625 0.6268518515625 0.8572916671874999 0.634259259375 0.8609375 0.6361111109375 0.8765625 0.6296296296875