7 0 0.2175925921875 0.0036458328125000003 0.2203703703125 0.0036458328125000003 0.22870370312500002 0.017708332812499998 0.290740740625 0.10729166718750001 0.6574074078125001 0.11875 0.702777778125 0.12291666718750001 0.7111111109375 0.1302083328125 0.7120370375 0.1442708328125 0.7009259265625001 0.27291666718749996 0.5675925921875 0.2744791671875 0.5629629625 0.434375 0.3925925921875 0.3807291671875 0.0175925921875 0.375 0.002777778125 0.3604166671875 0.004629629687499999 0.25625 0.04444444375 0.2510416671875 0.0490740734375 0.0057291671875 0.140740740625 0 0.1453703703125 0 0.2175925921875
7 0.3791666671875 0 0.3796875 0.0129629625 0.3885416671875 0.0648148140625 0.390625 0.0953703703125 0.40416666718750005 0.172222221875 0.40520833281249996 0.1916666671875 0.4088541671875 0.20277777812500003 0.41041666718750003 0.22777777812500002 0.4270833328125 0.3379629625 0.4348958328125 0.3731481484375 0.43958333281249995 0.378703703125 0.4427083328125 0.3796296296875 0.4916666671875 0.33148148125 0.5958333328125 0.22407407343750002 0.5895833328125 0.1583333328125 0.584375 0.1379629625 0.5729166671875 0.0148148140625 0.56875 0 0.3791666671875 0
7 0.5807291671875 0 0.5807291671875 0.022222221875 0.5869791671875 0.0629629625 0.5854166671875001 0.06851851875000001 0.5989583328125 0.21574074062499998 0.6078125 0.2166666671875 0.6276041671875 0.19351851874999998 0.6692708328125 0.1611111109375 0.6739583328125 0.15092592656249998 0.7020833328125 0.1231481484375 0.7036458328124999 0.1175925921875 0.7104166671875001 0.1148148140625 0.7119791671875 0.09074074062500001 0.7078125 0.0490740734375 0.7078125 0 0.5807291671875 0
7 0.7104166671875001 0 0.7192708328124999 0.10648148125000001 0.7270833328124999 0.1046296296875 0.7958333328125 0.047222221875 0.8328125 0.00555555625 0.8348958328125 0 0.7104166671875001 0
8 0.5057291671875 0.43148148124999997 0.5083333328124999 0.4240740734375 0.5088541671875 0.41018518593750003 0.5057291671875 0.40277777812500004 0.49583333281249997 0.396296296875 0.47864583281249995 0.3981481484375 0.4583333328125 0.415740740625 0.44895833281249997 0.43240740781250003 0.44895833281249997 0.440740740625 0.4557291671875 0.45 0.4890625 0.44259259218749997 0.5057291671875 0.43148148124999997
8 0.6890625 0.2675925921875 0.690625 0.253703703125 0.684375 0.24351851875000002 0.66875 0.240740740625 0.6494791671875 0.253703703125 0.6416666671875 0.2648148140625 0.6401041671875001 0.272222221875 0.6432291671875 0.27870370312500004 0.6729166671875 0.2759259265625 0.6890625 0.2675925921875
8 0.740625 0.1611111109375 0.7671875 0.15277777812499999 0.7713541671875 0.1490740734375 0.7734375 0.1379629625 0.7645833328125 0.1268518515625 0.7552083328125 0.125 0.7333333328125 0.146296296875 0.73125 0.15 0.7317708328125 0.1574074078125 0.7348958328124999 0.1611111109375 0.740625 0.1611111109375
8 0.8677083328125 0.0175925921875 0.8572916671874999 0.0120370375 0.8484375 0.018518518749999997 0.8484375 0.028703703125 0.8541666671874999 0.0333333328125 0.865625 0.0296296296875 0.8677083328125 0.0175925921875
8 0.8307291671874999 0.078703703125 0.8338541671874999 0.075 0.834375 0.0675925921875 0.8260416671874999 0.058333332812500006 0.8161458328125001 0.058333332812500006 0.7979166671875 0.0759259265625 0.796875 0.07962962968750001 0.7994791671875 0.08518518593749999 0.809375 0.08518518593749999 0.8307291671874999 0.078703703125
5 0.8921875 0.24444444375000002 0.9052083328125 0.221296296875 0.9088541671874999 0.20833333281250002 0.9052083328125 0.2046296296875 0.8510416671875 0.20277777812500003 0.8026041671874999 0.28148148125 0.7953125 0.29722222187499997 0.7953125 0.303703703125 0.8005208328125001 0.3138888890625 0.8572916671874999 0.3203703703125 0.8921875 0.24444444375000002
5 0.9192708328125001 0.177777778125 0.9458333328125 0.13055555624999998 0.95 0.1166666671875 0.9432291671874999 0.1120370375 0.9 0.109259259375 0.8927083328125001 0.1166666671875 0.8604166671875 0.165740740625 0.8588541671875 0.1768518515625 0.8619791671874999 0.1861111109375 0.9125 0.1851851859375 0.9192708328125001 0.177777778125
2 0.4661458328125 0.9324074078125 0.46666666718750005 0.953703703125 0.46510416718750003 0.9546296296874999 0.46666666718750005 0.9694444437499999 0.4625 0.9824074078124999 0.46510416718750003 0.990740740625 0.4640625 0.99351851875 0.46979166718750004 0.9990740734375001 0.4859375 0.9990740734375001 0.4869791671875 0.996296296875 0.4994791671875 0.9990740734375001 0.5994791671875 0.9990740734375001 0.5776041671875001 0.7879629625 0.571875 0.7611111109375 0.5666666671875 0.7518518515625 0.5328125 0.7518518515625 0.4453125 0.9 0.44427083281249996 0.9055555562500001 0.44947916718750003 0.909259259375 0.453125 0.9074074078125 0.4661458328125 0.9324074078125
2 0.696875 0.809259259375 0.7171875 0.7675925921875 0.7234375 0.740740740625 0.7166666671875 0.5990740734375 0.7125 0.5370370375 0.709375 0.5166666671875 0.7026041671875001 0.5074074078125 0.6927083328125 0.5083333328124999 0.6895833328125 0.50555555625 0.6869791671875001 0.5138888890625 0.6776041671875 0.5120370375000001 0.6729166671875 0.5175925921875 0.66875 0.5296296296875 0.6645833328124999 0.5314814812499999 0.640625 0.5703703703125 0.6421875 0.6240740734375 0.6557291671875001 0.79444444375 0.6854166671875 0.809259259375 0.696875 0.809259259375
2 0.7828125 0.6009259265625 0.790625 0.5925925921874999 0.8036458328125 0.5527777781250001 0.7989583328125 0.41944444374999995 0.796875 0.4 0.7947916671875 0.396296296875 0.7947916671875 0.38333333281250004 0.7901041671875 0.375 0.7869791671875 0.3611111109375 0.784375 0.3611111109375 0.7833333328125 0.35648148125 0.7802083328125 0.3620370375 0.7744791671875 0.3611111109375 0.7671875 0.3481481484375 0.7666666671875 0.38055555625 0.7744791671875 0.5898148140624999 0.7765625 0.5990740734375 0.7828125 0.6009259265625
2 0.8822916671875 0.4240740734375 0.8786458328125001 0.40555555625000006 0.8802083328125001 0.396296296875 0.8791666671874999 0.3546296296875 0.8770833328125001 0.34722222187499996 0.8723958328125001 0.3601851859375 0.8666666671875 0.36759259218749996 0.8567708328125001 0.3611111109375 0.8536458328125001 0.353703703125 0.8510416671875 0.36296296250000004 0.8520833328125 0.45555555625000005 0.8651041671874999 0.4583333328125 0.871875 0.4509259265625 0.8822916671875 0.4240740734375
2 0.9291666671875 0.3231481484375 0.9286458328125 0.22407407343750002 0.9244791671874999 0.22407407343750002 0.925 0.23240740781250002 0.9223958328125 0.24259259218749998 0.9041666671874999 0.2851851859375 0.9041666671874999 0.34722222187499996 0.9072916671875 0.3509259265625 0.9166666671874999 0.35 0.9291666671875 0.3231481484375
1 0.940625 0.896296296875 0.9234375 0.89351851875 0.8942708328125001 0.896296296875 0.8723958328125001 0.9101851859375 0.8651041671874999 0.91944444375 0.8526041671875 0.952777778125 0.84375 0.9916666671875 0.8432291671875 0.9990740734375001 0.9994791671875 0.9990740734375001 0.9994791671875 0.91851851875 0.940625 0.896296296875
1 0.9791666671874999 0.8129629625 0.9791666671874999 0.8203703703125 0.9713541671874999 0.8259259265625 0.9625 0.8416666671874999 0.9552083328125001 0.8648148140625 0.953125 0.896296296875 0.9666666671874999 0.9018518515625 0.9682291671875 0.8925925921875001 0.9666666671874999 0.88148148125 0.9697916671875 0.865740740625 0.9760416671875 0.8509259265625 0.984375 0.8435185187500001 0.9994791671875 0.8388888890624999 0.9994791671875 0.546296296875 0.9765625 0.5546296296875 0.9630208328125001 0.56851851875 0.9458333328125 0.6120370375 0.9291666671875 0.671296296875 0.928125 0.7361111109375 0.9385416671875 0.771296296875 0.9536458328125 0.79444444375 0.9791666671874999 0.8129629625