7 0.6354166671875 0.9861111109375 0.6463541671875 0.996296296875 0.6578125 0.990740740625 0.6651041671875 0.9990740734375001 0.9994791671875 0.9990740734375001 0.9994791671875 0.775 0.6192708328125 0.5240740734375 0.6104166671875 0.5231481484375 0.609375 0.5268518515625 0.6078125 0.609259259375 0.6057291671875 0.6148148140624999 0.6067708328125 0.622222221875 0.6046875 0.63055555625 0.596875 0.7333333328125 0.5942708328124999 0.7379629624999999 0.5963541671875 0.8074074078125 0.5911458328125 0.834259259375 0.59375 0.8546296296874999 0.5921875 0.8583333328125 0.5901041671875 0.9231481484374999 0.6354166671875 0.9861111109375
7 0.4682291671875 0.7638888890625 0.471875 0.7879629625 0.43541666718750005 0.8120370375 0.43385416718750003 0.8138888890624999 0.43541666718750005 0.825 0.46666666718750005 0.872222221875 0.47864583281249995 0.8861111109375001 0.49010416718750005 0.8833333328125 0.5291666671875 0.853703703125 0.5333333328125 0.853703703125 0.5380208328125 0.85555555625 0.5645833328125 0.8953703703125001 0.5713541671875 0.9009259265624999 0.5760416671875 0.9 0.5802083328125 0.8768518515625001 0.5885416671875 0.7388888890625 0.5880208328125 0.7203703703125 0.5848958328125 0.70648148125 0.5880208328125 0.7009259265625001 0.584375 0.6833333328125 0.5848958328125 0.6620370375 0.5885416671875 0.6537037031249999 0.5895833328125 0.6379629625 0.5958333328125 0.63055555625 0.6005208328125 0.54351851875 0.6 0.5166666671875 0.5916666671875 0.50555555625 0.5286458328125 0.4620370375 0.4234375 0.397222221875 0.4203125 0.4 0.41822916718750003 0.41018518593750003 0.41302083281249996 0.5703703703125 0.41041666718750003 0.5953703703125 0.409375 0.6546296296875 0.40729166718750004 0.672222221875 0.40833333281249995 0.684259259375 0.4682291671875 0.7638888890625
7 0.3291666671875 0.6453703703125 0.3255208328125 0.65 0.3260416671875 0.652777778125 0.353125 0.6898148140625 0.40625 0.6666666671875 0.41302083281249996 0.56851851875 0.41875 0.396296296875 0.35989583281250004 0.3583333328125 0.3109375 0.3324074078125 0.30625 0.334259259375 0.3098958328125 0.5601851859375 0.35989583281250004 0.61944444375 0.3567708328125 0.6324074078125 0.3291666671875 0.6453703703125
7 0.275 0.5018518515625 0.2880208328125 0.5175925921875 0.2854166671875 0.5268518515625 0.26510416718749996 0.5361111109375 0.2619791671875 0.540740740625 0.2625 0.54444444375 0.278125 0.565740740625 0.30520833281250004 0.55648148125 0.3083333328125 0.5453703703125 0.30625 0.5361111109375 0.3078125 0.5287037031249999 0.3078125 0.44143518593750003 0.3057291671875 0.34219537031249997 0.30625 0.3351851859375 0.3098958328125 0.328703703125 0.30520833281250004 0.321296296875 0.2713541671875 0.3 0.2536458328125 0.2953703703125 0.2484375 0.2888888890625 0.24479166718749998 0.290740740625 0.2541666671875 0.47407407343749997 0.26510416718749996 0.48981481406249994 0.2697916671875 0.5046296296875 0.275 0.5018518515625
7 0.2388020828125 0.45370370312499997 0.2359375 0.45370370312499997 0.2338541671875 0.4611111109375 0.2260416671875 0.46481481406249997 0.22291666718749997 0.4703703703125 0.2364583328125 0.48703703750000005 0.2567708328125 0.4824074078125 0.2520833328125 0.45277777812500003 0.2526041671875 0.427777778125 0.2442708328125 0.29814814843750004 0.24739583281250002 0.2870370375 0.2604166671875 0.2953703703125 0.2677083328125 0.296296296875 0.2677083328125 0.284259259375 0.2286458328125 0.2648148140625 0.20625 0.25833333281250004 0.2046875 0.2638888890625 0.21458333281250003 0.4175925921875 0.23958333281250002 0.44166666718750003 0.2388020828125 0.45370370312499997
7 0.5401041671875 0.3768518515625 0.5411458328125 0.3879629625 0.5484375 0.3861111109375 0.553125 0.378703703125 0.5671875 0.3861111109375 0.5760416671875 0.3851851859375 0.5729166671875 0.23518518593749999 0.5104166671875 0.21851851875 0.490625 0.2175925921875 0.4953125 0.35 0.4994791671875 0.3546296296875 0.5369791671875 0.3703703703125 0.5401041671875 0.3768518515625
7 0.5994791671875 0.3990740734375 0.6098958328124999 0.40277777812500004 0.6114583328125 0.40833333281249995 0.6234375 0.4148148140625 0.6208333328125 0.4240740734375 0.6041666671875 0.43055555625 0.6020833328124999 0.43518518593750005 0.6276041671875 0.4509259265625 0.6557291671875001 0.44351851875000003 0.6619791671875 0.43333333281249997 0.6703125 0.43333333281249997 0.6723958328124999 0.4268518515625 0.6770833328125 0.340740740625 0.6770833328125 0.259259259375 0.5989583328125 0.23611111093749998 0.584375 0.23518518593749999 0.584375 0.3861111109375 0.5911458328125 0.3953703703125 0.5989583328125 0.3953703703125 0.5994791671875 0.3990740734375
7 0.75 0.5138888890625 0.7598958328125 0.5074074078125 0.7645833328125 0.509259259375 0.771875 0.5018518515625 0.7734375 0.4879629625 0.8208333328125 0.5129629625 0.8265625 0.5120370375000001 0.8317708328125001 0.4453703703125 0.83125 0.4370370375 0.8260416671874999 0.4361111109375 0.8239583328125001 0.42870370312499995 0.8302083328125001 0.32685185156249996 0.828125 0.3138888890625 0.8317708328125001 0.29444444375 0.8291666671875 0.2870370375 0.7354166671875 0.2629629625 0.6885416671875 0.2546296296875 0.6864583328125 0.26574074062499997 0.6838541671875 0.3333333328125 0.68125 0.44351851875000003 0.7447916671875 0.475 0.75 0.48425925937500003 0.75 0.5138888890625
7 0.8682291671875 0.5370370375 0.8744791671875 0.5361111109375 0.8895833328125 0.5481481484375 0.91875 0.5583333328125 0.9192708328125001 0.5703703703125 0.8880208328125001 0.5870370375 0.8864583328125001 0.5916666671875 0.8921875 0.5990740734375 0.9416666671874999 0.6268518515625 0.9604166671875 0.621296296875 0.9776041671875 0.6101851859375 0.9822916671874999 0.6111111109375 0.9890625 0.5981481484375 0.9994791671875 0.6018518515625 0.9994791671875 0.322222221875 0.9229166671875 0.302777778125 0.8536458328125001 0.290740740625 0.85 0.3129629625 0.8395833328125001 0.4546296296875 0.8369791671875 0.50648148125 0.8515625 0.515740740625 0.8526041671875 0.5287037031249999 0.8682291671875 0.5370370375
7 0.9994791671875 0.20740740781250003 0.9708333328125001 0.20277777812500003 0.9520833328125 0.2046296296875 0.9479166671874999 0.23148148124999998 0.9458333328125 0.2768518515625 0.9432291671874999 0.2898148140625 0.9432291671874999 0.3009259265625 0.9484375 0.30648148124999997 0.9994791671875 0.31851851875000003 0.9994791671875 0.20740740781250003
7 0.8453125 0.325 0.8494791671874999 0.29907407343750003 0.8552083328125001 0.28796296250000003 0.9317708328125001 0.303703703125 0.9411458328125001 0.302777778125 0.9432291671874999 0.29814814843750004 0.94375 0.2601851859375 0.9494791671874999 0.21203703749999997 0.9473958328125001 0.20370370312500002 0.9234375 0.1981481484375 0.8270833328125 0.1888888890625 0.8229166671874999 0.22870370312500002 0.8203125 0.2768518515625 0.8333333328125001 0.28796296250000003 0.8328125 0.322222221875 0.8453125 0.325
7 0.8197916671875 0.27870370312500004 0.8223958328125001 0.25648148125 0.8239583328125001 0.1888888890625 0.7348958328124999 0.18055555625 0.7286458328125 0.18148148125000002 0.7276041671875 0.190740740625 0.725 0.24351851875000002 0.7260416671875001 0.259259259375 0.8098958328125001 0.2796296296875 0.8197916671875 0.27870370312500004
7 0.971875 0.197222221875 0.9729166671874999 0.20370370312500002 0.9994791671875 0.20740740781250003 0.9994791671875 0.197222221875 0.971875 0.197222221875
8 0.9864583328125001 0.6611111109375 0.990625 0.640740740625 0.9895833328125001 0.6333333328124999 0.9755208328125 0.6240740734375 0.9625 0.6268518515625 0.9625 0.6518518515625 0.965625 0.6583333328125 0.9744791671874999 0.6638888890625 0.9864583328125001 0.6611111109375
8 0.7286458328125 0.5148148140625 0.73125 0.509259259375 0.7223958328125 0.4981481484375 0.7135416671875 0.49351851875 0.7041666671875 0.5 0.7015625 0.50555555625 0.7015625 0.5129629625 0.7057291671875 0.5203703703125 0.7223958328125 0.51851851875 0.7286458328125 0.5148148140625
8 0.6776041671875 0.44907407343749994 0.6723958328124999 0.45185185156249996 0.6598958328125 0.4481481484375 0.6536458328125 0.45370370312499997 0.6541666671875 0.4675925921875 0.6645833328124999 0.4703703703125 0.6708333328125 0.46666666718750005 0.6776041671875 0.44907407343749994
8 0.571875 0.4 0.5609375 0.3898148140625 0.5526041671875 0.3925925921875 0.5484375 0.3981481484375 0.5484375 0.40555555625000006 0.5510416671875 0.409259259375 0.5671875 0.4074074078125 0.571875 0.4
8 0.28177083281250004 0.5962962968750001 0.2854166671875 0.5870370375 0.2776041671875 0.577777778125 0.2619791671875 0.5768518515625 0.2520833328125 0.5833333328125 0.2484375 0.5898148140624999 0.24739583281250002 0.597222221875 0.2494791671875 0.6046296296875 0.2588541671875 0.6074074078125 0.28177083281250004 0.5962962968750001
8 0.4057291671875 0.7324074078125 0.42083333281249996 0.7212962968750001 0.42552083281249997 0.7129629625 0.4234375 0.70648148125 0.4114583328125 0.6925925921875 0.396875 0.6953703703125 0.3864583328125 0.7074074078125 0.3854166671875 0.7240740734375 0.3890625 0.7333333328125 0.3921875 0.7351851859375 0.4057291671875 0.7324074078125
8 0.471875 0.9861111109375 0.45416666718750004 0.9925925921875001 0.4515625 0.9990740734375001 0.48802083281249997 0.9990740734375001 0.48541666718750004 0.9916666671875 0.471875 0.9861111109375
5 0.196875 0.959259259375 0.1901041671875 0.9620370375 0.1838541671875 0.9583333328125001 0.1890625 0.9851851859374999 0.19479166718750002 0.9990740734375001 0.284375 0.9990740734375001 0.2791666671875 0.978703703125 0.2713541671875 0.9685185187500001 0.2723958328125 0.9620370375 0.2671875 0.9574074078124999 0.2557291671875 0.9148148140625001 0.2515625 0.909259259375 0.2416666671875 0.915740740625 0.21458333281250003 0.9416666671874999 0.1989583328125 0.9509259265625 0.1994791671875 0.95555555625 0.196875 0.959259259375
5 0.1921875 0.8768518515625001 0.2130208328125 0.8611111109375 0.2244791671875 0.8574074078124999 0.2479166671875 0.8388888890624999 0.2484375 0.8268518515625001 0.24114583281250002 0.8055555562500001 0.2010416671875 0.7101851859375 0.196875 0.7083333328125 0.190625 0.7120370375 0.1572916671875 0.7351851859375 0.14895833281249998 0.74444444375 0.1484375 0.75555555625 0.15625 0.784259259375 0.1859375 0.8768518515625001 0.1921875 0.8768518515625001
1 0 0.8731481484374999 0.00625 0.875 0.0078125 0.9 0.0182291671875 0.9351851859375 0.0223958328125 0.9583333328125001 0.0322916671875 0.978703703125 0.0421875 0.9833333328125 0.0484375 0.9916666671875 0.05989583281250001 0.99351851875 0.0661458328125 0.9990740734375001 0.1505208328125 0.9990740734375001 0.17135416718750002 0.9796296296874999 0.1697916671875 0.95648148125 0.17135416718750002 0.9490740734375 0.1755208328125 0.94351851875 0.17239583281249998 0.9111111109375001 0.1697916671875 0.8953703703125001 0.1536458328125 0.8462962968750001 0.15 0.8453703703125001 0.1369791671875 0.8574074078124999 0.1270833328125 0.8611111109375 0.1135416671875 0.8740740734375001 0.0828125 0.8879629625 0.0635416671875 0.902777778125 0.0614583328125 0.9111111109375001 0.050520832812500006 0.9018518515625 0.046875 0.89351851875 0.0442708328125 0.8768518515625001 0.0401041671875 0.871296296875 0.0161458328125 0.7759259265625 0.0166666671875 0.771296296875 0.0135416671875 0.765740740625 0.0083333328125 0.73148148125 0.0015625 0.715740740625 0 0.715740740625 0 0.8731481484374999
1 0.0645833328125 0.897222221875 0.0760416671875 0.8916666671875 0.09322916718749999 0.8768518515625001 0.1010416671875 0.8425925921875 0.1046875 0.7953703703125 0.1046875 0.7824074078125001 0.0984375 0.7583333328124999 0.0916666671875 0.752777778125 0.0802083328125 0.752777778125 0.0322916671875 0.7638888890625 0.0161458328125 0.7740740734375 0.0401041671875 0.8731481484374999 0.0494791671875 0.9009259265624999 0.058333332812500006 0.9064814812499999 0.0645833328125 0.897222221875
1 0 0.7148148140624999 0.0026041671875 0.715740740625 0.015625 0.7509259265625 0.015625 0.7629629625 0.021354167187500002 0.765740740625 0.0239583328125 0.759259259375 0.0421875 0.7620370375000001 0.0744791671875 0.752777778125 0.090625 0.7518518515625 0.1010416671875 0.7629629625 0.10260416718750001 0.7796296296875 0.1046875 0.7833333328125 0.10364583281249999 0.79444444375 0.10833333281249999 0.797222221875 0.1140625 0.840740740625 0.1203125 0.8425925921875 0.11614583281249999 0.797222221875 0.1171875 0.790740740625 0.1130208328125 0.7796296296875 0.1098958328125 0.7518518515625 0.1125 0.74351851875 0.11614583281249999 0.740740740625 0.13333333281249998 0.7361111109375 0.1364583328125 0.727777778125 0.1484375 0.7120370375 0.1494791671875 0.6898148140625 0.1442708328125 0.6666666671875 0.12395833281249999 0.640740740625 0.11041666718750001 0.6361111109375 0.0802083328125 0.647222221875 0.0203125 0.6796296296875 0.008854167187500001 0.6074074078125 0.0015625 0.58055555625 0 0.58055555625 0 0.7148148140624999
1 0 0.9990740734375001 0.051041667187499994 0.9990740734375001 0.050520832812500006 0.99351851875 0.040625 0.9824074078124999 0.0276041671875 0.9759259265625 0.021354167187500002 0.9620370375 0.0052083328125 0.9694444437499999 0 0.9740740734375001 0 0.9990740734375001
1 0.5994791671875 0.7203703703125 0.6041666671875 0.6537037031249999 0.6057291671875 0.61851851875 0.6041666671875 0.6101851859375 0.5973958328125 0.6138888890625 0.5958333328125 0.61851851875 0.5895833328125 0.6851851859375 0.5895833328125 0.70555555625 0.5859375 0.727777778125 0.584375 0.7824074078125001 0.5838541671875 0.8101851859375 0.59375 0.8120370375 0.5958333328125 0.7416666671875001 0.5994791671875 0.7203703703125